20   8
MD
  2  4  2  4  4  3  4  3
PT
 64  77   9  37  19  50  26  64  26  21  42  63  33   3  18  35  55  95  38  72 
 66  80  81  78  21  76  96  77  89  76  40  67   1  38  56  23  21  37  74  21 
 69  29  78  16  96  83  22  28  32   4  77  56  93  68  48  78  78  82  19  17 
 87  82  25  81  84  42  77  30  77   6  29  10  41  96  72  63  96  37  22  38 
 28  10   3  85  76  91  62  59  46  31  19  58  12  99  54  92  98  97  96  76 
 70  94  31   7  63  91  25  44  80  75  98   6  11  42   8  47  68  45  94  40 
 21  83  87  54  20  11   2  25  68  33  25  70  92  69  93  24  85  97  98  29 
 52  22  44  39  39  95  95  49  24  10  98   7  19  84  20  57  50  42  90  30 
SSD
M0
  0  22  48  27  26  17  27  40  47  38  15  30  42  30  22  35  43  49  19   5 
 22   0  41  14  44  49  45  42   7  18  38   4  12   6  19  48  36  32  23  28 
  3   8   0  23  47  40   6   6   4  13  21   4   8  35  10  21   3  29  20   1 
 47  23   9   0  34  24  14   5  25  14  29  19  49   2  30  45  11  21  30  43 
 23  30  33  13   0  31  11  14  38  31  40  29  41  45   4   9  12  28  23  35 
 27  10  22  17   4   0   3  34  39  15  17  45  25   9   3  37  37  28  49  25 
 48   8  38  26  18  44   0  38  43  36  34  16  14  19  32  11  13  18  32  24 
 19  33  46  49  24  36  19   0  43   5  21  12  27  20  10  21  30   2   6  22 
  1  24  16  45  15  36   9  34   0  45   5  25  43  46  24  47  22   9   2  23 
 33   2  20  15  28  14  31  30  24   0  25  14   2  27  11  17   3  32  25  13 
  6   1   9  15  21   5  17  31  42  23   0  41  41  43  21  35  42  37  16  41 
 45   2  45  28  10  26  21   8  10  24  20   0   8  27  15  27   7  12  11  18 
 44  49  46  34  12  46   2  17  30  25  15  10   0  15   5  27  21  16  10  27 
 26  13  12   8  28  46  20  39  25  24  23  30  48   0  25  31   5  27  26  10 
 38  34  35  10  39   7  10  43  10  40   6  14   7  21   0  41  30  29  37  16 
 36   4  27  19  35   2  21  25   9  41  20  37  16  20   6   0  38   4  30  46 
 39  42  49  31   9  38  18  22  41  29  35  28  34  35  17  14   0  13  13  41 
 33  41  45  35  39   8  14  24   9  44  19  12  45  49  11  32  21   0   6  20 
 42  25  45  36   5  23   1  48  48  35  39  18  10  14  38  30   1  46   0   4 
 22   7  11  22  13  46  28  41  40   1  29  44  17  41  35  15  49  45   5   0 
M1
  0  22  48  27  26  17  27  40  47  38  15  30  42  30  22  35  43  49  19   5 
 22   0  41  14  44  49  45  42   7  18  38   4  12   6  19  48  36  32  23  28 
  3   8   0  23  47  40   6   6   4  13  21   4   8  35  10  21   3  29  20   1 
 47  23   9   0  34  24  14   5  25  14  29  19  49   2  30  45  11  21  30  43 
 23  30  33  13   0  31  11  14  38  31  40  29  41  45   4   9  12  28  23  35 
 27  10  22  17   4   0   3  34  39  15  17  45  25   9   3  37  37  28  49  25 
 48   8  38  26  18  44   0  38  43  36  34  16  14  19  32  11  13  18  32  24 
 19  33  46  49  24  36  19   0  43   5  21  12  27  20  10  21  30   2   6  22 
  1  24  16  45  15  36   9  34   0  45   5  25  43  46  24  47  22   9   2  23 
 33   2  20  15  28  14  31  30  24   0  25  14   2  27  11  17   3  32  25  13 
  6   1   9  15  21   5  17  31  42  23   0  41  41  43  21  35  42  37  16  41 
 45   2  45  28  10  26  21   8  10  24  20   0   8  27  15  27   7  12  11  18 
 44  49  46  34  12  46   2  17  30  25  15  10   0  15   5  27  21  16  10  27 
 26  13  12   8  28  46  20  39  25  24  23  30  48   0  25  31   5  27  26  10 
 38  34  35  10  39   7  10  43  10  40   6  14   7  21   0  41  30  29  37  16 
 36   4  27  19  35   2  21  25   9  41  20  37  16  20   6   0  38   4  30  46 
 39  42  49  31   9  38  18  22  41  29  35  28  34  35  17  14   0  13  13  41 
 33  41  45  35  39   8  14  24   9  44  19  12  45  49  11  32  21   0   6  20 
 42  25  45  36   5  23   1  48  48  35  39  18  10  14  38  30   1  46   0   4 
 22   7  11  22  13  46  28  41  40   1  29  44  17  41  35  15  49  45   5   0 
M2
  0  22  48  27  26  17  27  40  47  38  15  30  42  30  22  35  43  49  19   5 
 22   0  41  14  44  49  45  42   7  18  38   4  12   6  19  48  36  32  23  28 
  3   8   0  23  47  40   6   6   4  13  21   4   8  35  10  21   3  29  20   1 
 47  23   9   0  34  24  14   5  25  14  29  19  49   2  30  45  11  21  30  43 
 23  30  33  13   0  31  11  14  38  31  40  29  41  45   4   9  12  28  23  35 
 27  10  22  17   4   0   3  34  39  15  17  45  25   9   3  37  37  28  49  25 
 48   8  38  26  18  44   0  38  43  36  34  16  14  19  32  11  13  18  32  24 
 19  33  46  49  24  36  19   0  43   5  21  12  27  20  10  21  30   2   6  22 
  1  24  16  45  15  36   9  34   0  45   5  25  43  46  24  47  22   9   2  23 
 33   2  20  15  28  14  31  30  24   0  25  14   2  27  11  17   3  32  25  13 
  6   1   9  15  21   5  17  31  42  23   0  41  41  43  21  35  42  37  16  41 
 45   2  45  28  10  26  21   8  10  24  20   0   8  27  15  27   7  12  11  18 
 44  49  46  34  12  46   2  17  30  25  15  10   0  15   5  27  21  16  10  27 
 26  13  12   8  28  46  20  39  25  24  23  30  48   0  25  31   5  27  26  10 
 38  34  35  10  39   7  10  43  10  40   6  14   7  21   0  41  30  29  37  16 
 36   4  27  19  35   2  21  25   9  41  20  37  16  20   6   0  38   4  30  46 
 39  42  49  31   9  38  18  22  41  29  35  28  34  35  17  14   0  13  13  41 
 33  41  45  35  39   8  14  24   9  44  19  12  45  49  11  32  21   0   6  20 
 42  25  45  36   5  23   1  48  48  35  39  18  10  14  38  30   1  46   0   4 
 22   7  11  22  13  46  28  41  40   1  29  44  17  41  35  15  49  45   5   0 
M3
  0  22  48  27  26  17  27  40  47  38  15  30  42  30  22  35  43  49  19   5 
 22   0  41  14  44  49  45  42   7  18  38   4  12   6  19  48  36  32  23  28 
  3   8   0  23  47  40   6   6   4  13  21   4   8  35  10  21   3  29  20   1 
 47  23   9   0  34  24  14   5  25  14  29  19  49   2  30  45  11  21  30  43 
 23  30  33  13   0  31  11  14  38  31  40  29  41  45   4   9  12  28  23  35 
 27  10  22  17   4   0   3  34  39  15  17  45  25   9   3  37  37  28  49  25 
 48   8  38  26  18  44   0  38  43  36  34  16  14  19  32  11  13  18  32  24 
 19  33  46  49  24  36  19   0  43   5  21  12  27  20  10  21  30   2   6  22 
  1  24  16  45  15  36   9  34   0  45   5  25  43  46  24  47  22   9   2  23 
 33   2  20  15  28  14  31  30  24   0  25  14   2  27  11  17   3  32  25  13 
  6   1   9  15  21   5  17  31  42  23   0  41  41  43  21  35  42  37  16  41 
 45   2  45  28  10  26  21   8  10  24  20   0   8  27  15  27   7  12  11  18 
 44  49  46  34  12  46   2  17  30  25  15  10   0  15   5  27  21  16  10  27 
 26  13  12   8  28  46  20  39  25  24  23  30  48   0  25  31   5  27  26  10 
 38  34  35  10  39   7  10  43  10  40   6  14   7  21   0  41  30  29  37  16 
 36   4  27  19  35   2  21  25   9  41  20  37  16  20   6   0  38   4  30  46 
 39  42  49  31   9  38  18  22  41  29  35  28  34  35  17  14   0  13  13  41 
 33  41  45  35  39   8  14  24   9  44  19  12  45  49  11  32  21   0   6  20 
 42  25  45  36   5  23   1  48  48  35  39  18  10  14  38  30   1  46   0   4 
 22   7  11  22  13  46  28  41  40   1  29  44  17  41  35  15  49  45   5   0 
M4
  0  22  48  27  26  17  27  40  47  38  15  30  42  30  22  35  43  49  19   5 
 22   0  41  14  44  49  45  42   7  18  38   4  12   6  19  48  36  32  23  28 
  3   8   0  23  47  40   6   6   4  13  21   4   8  35  10  21   3  29  20   1 
 47  23   9   0  34  24  14   5  25  14  29  19  49   2  30  45  11  21  30  43 
 23  30  33  13   0  31  11  14  38  31  40  29  41  45   4   9  12  28  23  35 
 27  10  22  17   4   0   3  34  39  15  17  45  25   9   3  37  37  28  49  25 
 48   8  38  26  18  44   0  38  43  36  34  16  14  19  32  11  13  18  32  24 
 19  33  46  49  24  36  19   0  43   5  21  12  27  20  10  21  30   2   6  22 
  1  24  16  45  15  36   9  34   0  45   5  25  43  46  24  47  22   9   2  23 
 33   2  20  15  28  14  31  30  24   0  25  14   2  27  11  17   3  32  25  13 
  6   1   9  15  21   5  17  31  42  23   0  41  41  43  21  35  42  37  16  41 
 45   2  45  28  10  26  21   8  10  24  20   0   8  27  15  27   7  12  11  18 
 44  49  46  34  12  46   2  17  30  25  15  10   0  15   5  27  21  16  10  27 
 26  13  12   8  28  46  20  39  25  24  23  30  48   0  25  31   5  27  26  10 
 38  34  35  10  39   7  10  43  10  40   6  14   7  21   0  41  30  29  37  16 
 36   4  27  19  35   2  21  25   9  41  20  37  16  20   6   0  38   4  30  46 
 39  42  49  31   9  38  18  22  41  29  35  28  34  35  17  14   0  13  13  41 
 33  41  45  35  39   8  14  24   9  44  19  12  45  49  11  32  21   0   6  20 
 42  25  45  36   5  23   1  48  48  35  39  18  10  14  38  30   1  46   0   4 
 22   7  11  22  13  46  28  41  40   1  29  44  17  41  35  15  49  45   5   0 
M5
  0  22  48  27  26  17  27  40  47  38  15  30  42  30  22  35  43  49  19   5 
 22   0  41  14  44  49  45  42   7  18  38   4  12   6  19  48  36  32  23  28 
  3   8   0  23  47  40   6   6   4  13  21   4   8  35  10  21   3  29  20   1 
 47  23   9   0  34  24  14   5  25  14  29  19  49   2  30  45  11  21  30  43 
 23  30  33  13   0  31  11  14  38  31  40  29  41  45   4   9  12  28  23  35 
 27  10  22  17   4   0   3  34  39  15  17  45  25   9   3  37  37  28  49  25 
 48   8  38  26  18  44   0  38  43  36  34  16  14  19  32  11  13  18  32  24 
 19  33  46  49  24  36  19   0  43   5  21  12  27  20  10  21  30   2   6  22 
  1  24  16  45  15  36   9  34   0  45   5  25  43  46  24  47  22   9   2  23 
 33   2  20  15  28  14  31  30  24   0  25  14   2  27  11  17   3  32  25  13 
  6   1   9  15  21   5  17  31  42  23   0  41  41  43  21  35  42  37  16  41 
 45   2  45  28  10  26  21   8  10  24  20   0   8  27  15  27   7  12  11  18 
 44  49  46  34  12  46   2  17  30  25  15  10   0  15   5  27  21  16  10  27 
 26  13  12   8  28  46  20  39  25  24  23  30  48   0  25  31   5  27  26  10 
 38  34  35  10  39   7  10  43  10  40   6  14   7  21   0  41  30  29  37  16 
 36   4  27  19  35   2  21  25   9  41  20  37  16  20   6   0  38   4  30  46 
 39  42  49  31   9  38  18  22  41  29  35  28  34  35  17  14   0  13  13  41 
 33  41  45  35  39   8  14  24   9  44  19  12  45  49  11  32  21   0   6  20 
 42  25  45  36   5  23   1  48  48  35  39  18  10  14  38  30   1  46   0   4 
 22   7  11  22  13  46  28  41  40   1  29  44  17  41  35  15  49  45   5   0 
M6
  0  22  48  27  26  17  27  40  47  38  15  30  42  30  22  35  43  49  19   5 
 22   0  41  14  44  49  45  42   7  18  38   4  12   6  19  48  36  32  23  28 
  3   8   0  23  47  40   6   6   4  13  21   4   8  35  10  21   3  29  20   1 
 47  23   9   0  34  24  14   5  25  14  29  19  49   2  30  45  11  21  30  43 
 23  30  33  13   0  31  11  14  38  31  40  29  41  45   4   9  12  28  23  35 
 27  10  22  17   4   0   3  34  39  15  17  45  25   9   3  37  37  28  49  25 
 48   8  38  26  18  44   0  38  43  36  34  16  14  19  32  11  13  18  32  24 
 19  33  46  49  24  36  19   0  43   5  21  12  27  20  10  21  30   2   6  22 
  1  24  16  45  15  36   9  34   0  45   5  25  43  46  24  47  22   9   2  23 
 33   2  20  15  28  14  31  30  24   0  25  14   2  27  11  17   3  32  25  13 
  6   1   9  15  21   5  17  31  42  23   0  41  41  43  21  35  42  37  16  41 
 45   2  45  28  10  26  21   8  10  24  20   0   8  27  15  27   7  12  11  18 
 44  49  46  34  12  46   2  17  30  25  15  10   0  15   5  27  21  16  10  27 
 26  13  12   8  28  46  20  39  25  24  23  30  48   0  25  31   5  27  26  10 
 38  34  35  10  39   7  10  43  10  40   6  14   7  21   0  41  30  29  37  16 
 36   4  27  19  35   2  21  25   9  41  20  37  16  20   6   0  38   4  30  46 
 39  42  49  31   9  38  18  22  41  29  35  28  34  35  17  14   0  13  13  41 
 33  41  45  35  39   8  14  24   9  44  19  12  45  49  11  32  21   0   6  20 
 42  25  45  36   5  23   1  48  48  35  39  18  10  14  38  30   1  46   0   4 
 22   7  11  22  13  46  28  41  40   1  29  44  17  41  35  15  49  45   5   0 
M7
  0  22  48  27  26  17  27  40  47  38  15  30  42  30  22  35  43  49  19   5 
 22   0  41  14  44  49  45  42   7  18  38   4  12   6  19  48  36  32  23  28 
  3   8   0  23  47  40   6   6   4  13  21   4   8  35  10  21   3  29  20   1 
 47  23   9   0  34  24  14   5  25  14  29  19  49   2  30  45  11  21  30  43 
 23  30  33  13   0  31  11  14  38  31  40  29  41  45   4   9  12  28  23  35 
 27  10  22  17   4   0   3  34  39  15  17  45  25   9   3  37  37  28  49  25 
 48   8  38  26  18  44   0  38  43  36  34  16  14  19  32  11  13  18  32  24 
 19  33  46  49  24  36  19   0  43   5  21  12  27  20  10  21  30   2   6  22 
  1  24  16  45  15  36   9  34   0  45   5  25  43  46  24  47  22   9   2  23 
 33   2  20  15  28  14  31  30  24   0  25  14   2  27  11  17   3  32  25  13 
  6   1   9  15  21   5  17  31  42  23   0  41  41  43  21  35  42  37  16  41 
 45   2  45  28  10  26  21   8  10  24  20   0   8  27  15  27   7  12  11  18 
 44  49  46  34  12  46   2  17  30  25  15  10   0  15   5  27  21  16  10  27 
 26  13  12   8  28  46  20  39  25  24  23  30  48   0  25  31   5  27  26  10 
 38  34  35  10  39   7  10  43  10  40   6  14   7  21   0  41  30  29  37  16 
 36   4  27  19  35   2  21  25   9  41  20  37  16  20   6   0  38   4  30  46 
 39  42  49  31   9  38  18  22  41  29  35  28  34  35  17  14   0  13  13  41 
 33  41  45  35  39   8  14  24   9  44  19  12  45  49  11  32  21   0   6  20 
 42  25  45  36   5  23   1  48  48  35  39  18  10  14  38  30   1  46   0   4 
 22   7  11  22  13  46  28  41  40   1  29  44  17  41  35  15  49  45   5   0 
Reldue
 1321    6    5
 1935    2    3
 1198    5    2
 1033    2    1
 1452    4    1
 1313    6    4
 2235    8    8
 2189    6    9
 1351    8    2
  797    9    8
  956    6    7
  585    5    5
  533    7    7
 2100    5    2
 1329    5    7
 1766    5    9
  957    6    7
 2672    2    1
 1519    4    4
 1851    4    4
DDW
 1214  1428
 1810  2061
 1134  1263
  947  1118
 1348  1556
 1240  1386
 2098  2372
 1998  2380
 1226  1477
  719   874
  896  1016
  537   634
  488   579
 1929  2270
 1229  1428
 1602  1930
  897  1018
 2469  2874
 1372  1666
 1676  2026
