50   5
MD
  4  5  4  3  2
PT
 53  12  77  78  79  24  95  15  15  18  60  73  19  30  17  58  59  36  56  74   5  74  90  11  93   4   2  42  92   6  36  74  33  58  66  98  31  31   7  14  34  56   6  44  63  73  58  80  57  89 
 46  30  53  20  62  89  56  68  60  43  85  90  27  78  15  23  90  97  35  19  67  20  68  91  57  47  31  17  98  14  72  31  50  52  94  95  99  76  82  20  37  56   4   7  12  80  10   7  98  24 
 89  89  64  29   6  79  31  72  61  40  41  58  39  16  21  98  15  29  43  48  75  61  41  64  66  79  46  77  62  77   7  50  40  43  78  25  32  89   5   5  48  57  77  47  26  86  68   2  21  44 
 49   7  68  92  27  86  61  11  76  31  50  98  52  53  76  52  79  72  44  67  49  88  66  61  17  42  68  85  43   8  53  91  34  97  29  86  13  23  15   6   1  12  65  27  99  28  67  37  60  30 
 28  17  27  26   9  12  26  16   2  51   8  94  23  49  28  31  48  17  88   2  73  67  54  61  44  77  95  50  80  26  12  64  46  23  34   6   4  55  80  93  56  66  64  43  94   7   2  99  15  23 
SSD
M0
  0  21  20  32  24  47   9   8  13  25  15  48   4  36  13  21  43  36  42  23  12   9   4  19  20   1  10  36  17  45   7  49  40  18  35  16  13  34  33  38  12  22  23  40  10  30  36  33  24  26 
 41   0  41  40  36  38  23  14  35  42  16  33  36   9  36  48  29  29  12  48  37  25   2  44  27  14  45  22  27  48  14  46  40  20   2  11  14  30  31  17  45  35  14   3  10  21  23  43  45  29 
  8  31   0  40  22   8  36  30  43  34  13  42   1  33  19  13  34   4  48   3  37  13   7  48   8  42  32   3  20  21  40  46  36  22  38  19  25   9  11  26  23  32  37  44  23  14   6  16  43  47 
 21  41  45   0  45  28  45  45  41  35  22  48  38  10  48  27  48  26  28  24  16  49  47  35  24  35   1  14   9  33  28  18  43  34  24  34  22  49   7  22   4   5  47  31  42  33  42  44  45   4 
 49  41  38  13   0  45   3  12  35   3  15  39   9  22  16  29  31  19  22  18  46  15  30  24  36  47  17  11   8   1  46   9  11   7   3  24  29   5   5   5  29  43  28  28  47  27  29  43  11  44 
 34  15  36  41  32   0  49  16  23  15  26  45  18  34  49  12   2  44   3  35  25  28   5   1  42  22   8  43  26  27  32  48  25  45  19  10  43  46  26  39   5  13   7  26  48  47  20  30  14   4 
 16  32   7  20  30   2   0  41  17  10  23   7  25  22   3  40  37  39  10  16  48  13  32  37  27  38  47   4  18  40  29  42   3   2   3  42  18  14  40  12   6   9  43  47  26   5   8  19  20  28 
 38  29  25   3  17  38  25   0  15  13  13  27  47   1  46  25  25   6  16  37  19  23  19  26  18  15  37   9   6  20   1  41  31   1  29  45  18   5  48   8  19  13  26  10  25  20  25  36  28   7 
 46  23  31  47   4  27  49  48   0  29  37  33  35   2   1  17  15  16  38  25  34   6  27   7  27  19  31   2  10   7  48  19  22   1  36  11   9  12  19  36  23  23  37  27  18  44  30  48  30  19 
 40  10  17  15  48  22  48  39  45   0  19  25  34  42   8  41  26  30  46  20  14  40  20  46  34  39  34  33  10   7  12  20  20   2  14   2  22  44   9  22  43  12  32  30   8  31  29  35  28  45 
  1   5   5  16  21  11  23  44  21  14   0  39  17   9  20  14  15  49   6   8   2  39  38  34  49  37  39  14  19  23  28  23  33  42  10  17  35  38   7  24  33  15  35  24  44  49  34  35  38  18 
 12   8  16  35   9  28   9  39  26  49  23   0  19  36   8  10  36  18  29   8  32   6  37  46  10  29  49  38   2  24  36  49  30  30  33  10  16  20  19  25  43  42   3   6  49  37  26  49  10   6 
 26  41  29  29  29   2  45  10  35  13  29  29   0  42  41  42   5  22  22  46  25   9   5  46  27  47  48  22  30   9  30  31  25  43   9   5   2  40   9  13  41  47  13   7   2   6  43  46  20   5 
 36  21  44  12   3  39  34  10  43  18  23  29  34   0   4   1  37   8  11  46  35  10  10  28  12   3  39  30  39  21  21  23   3  22  37   6   7  13  45  24  18  21  38  25  20  37  18  36  12  16 
 43  43  47  48  31  17  15  31  17  13  40  47  10  23   0  23  43  30  14  34  37  44   6  16  22   1  39  49  18  27  12  41  27  48   9  11  14   6  39  13  12  28  42  25  23   2  41  10  42  11 
 33  27  24  21   7  20  21  11   2   9  30  12   4  47  42   0  42   7  24  32  31   2  46  37  37  30  39   1  44  17  46  45  48  25  47  38  23  21   8  32   8  30  43  44  41  46  38  31  26  12 
 29   7  11  25  38  25  33  45  19  33  12  35  29  39  46  35   0  37  45  29   8  41   5  49  22   2  26  43  21  41  11  47   7   4  34  15  43  31  26  38  46  28   6  29  21  28  35  39   5   4 
 33  25  48  47  28  35  20  24  33   6  33  19  45  24   1   8  44   0   4  12   3  18  35  11  35  30  27  37   1  29  31   8  26  48  21  42   9  46  41  48  12  29  44  33  27  49  19   9  30  22 
  9  18  36  33   1  48  18  18   4  47  44  12  12  38  44  42  35  30   0   6  14  22  31  47  25   4  20  18  21  42  20  25  46  38  42   8  41  49  28   7  29  28  29   5  48  34   6   9  17  25 
 13  35  41  12  20  31  17  39  12  11  26  47   2  39  44  49  28  14  47   0  42   2   1   6  19  25  25  10   3  49  28  31  36   4  23  32  26   9  43  39  12  36   3  24  44  23  14   1   4   1 
 42  17  31  38  25  49  19  12  40  19  28   5  26  48  16  34  40   8  43   7   0   3  40  15  34  38  49  34  32  26  34  19  16  35  41  10   5  40  33  40   3  11  29  35  41  15  45  14  15  21 
 26  37  37  44  23  10  42  15  35   7  13   3  15   8   1  23   5  28  30   1  20   0  13  40  21  32  23   2  48  14  31  26   8  13  25  46  31  49   4  44  44  35  47  47  38  22   6  25  27  17 
  9  17   2  40  49   9   9   1  31  39   9  31  47  32  49  45  38  24   7  15  29  13   0  23  19  22  16   3  33   1  36  40  21  36   4  25  44   7  47  14  36  20  49  13   5  26  36  11  34  40 
 28  43  25  15   2  46   7  29  22   5  11   6  11  48  45   7   4  10  22  25  25  36  23   0  16  26   9  35  13  30  31  30  25   6  35  49  49   8   2  40  14  13   3   9  39   7  15  37  28   7 
 37  11  28  29  38  12  29  32   6  30  29  49   7  49  24  17  18  27  43   2  23  40  34   3   0   1  36  40  46  40  11  49  29   1   7  47  13  21  48  26  14  38  15  47  30  25  11  21  39  36 
 31   3  43  28  45  38  21  19  38  14  37  38  48  23  19  22  16  44   7  37  47  49  15  19  40   0  37  38  11  15  15  22  27  46  19   2  40  49   8  13   8  38   1  12  46  43   6  27  26  21 
 39  11   7  13  39  29  15  39   1  33   2  32  43   3  29  43  18  49  41  31  37  15   2  40  12  11   0  24  16  49  32   1  45  42  44  49  34  10  33  39  42  28  28  17  11  27  17  14   3  45 
 48  25  36  17  17  20  48  49   4   2   4  45  46  22  37   7  12  41  18   5   6   5  36  23  34  18  21   0  45  31  10   7   4  47   7  14  45   6  18   3  49  19  48  25  11  45   9  30   8  45 
 22   4  36  33   1  21  26  45  22  10  26   8  19  48  11   3  21  12   2  37  47  32  26  19  14  40   7  28   0  19  45  33  24  10  11  33  24  18   8   2  28  13  48   5  23  12   1  16   2  13 
 49  21  20  11   9  11  19  27  40  48  15  34   1  17  48  18  18  37  24   4  41  25  25  48  17  41  23  48  34   0  31  46  13  48  45  40  15  48  20  48  16  23  25  16  38  22  12  45  46   8 
 48  16   3  36  13  42  21   1  36  38  14  21   6  34  35  31  29  10   3  19  42   4   1  49  24  43  31  48  22  37   0  35  42  29  30   6  27  15  39  15  27  35  19  41  20  18  24  10  21  35 
 18  19  25  21   7  24   3  16  48  42  28   6  30  23  38  19  24  11   6  18  19  39  20  31  34  26  19  30  45  47   7   0  35  26  20  46  33  45  31  49  49  23   5  43  22  20  45  46  30  10 
 10  35  19  12   1  40  36  19  44  30   3  31  18  13   7  38  14  10  23  49  33   6  12   7  49  28   3  12  35  20  14  38   0  27  12  39  10  37   1  40   8  14  30  33  25  37  44  35   5   1 
 15  14   2  40  20  40   6  14  33  23   7  23  39  39  19  39  41  30  36  44  46  12  41  37  23  45  41   4  17  11  15  28  45   0   7   2  18  47   2  10  35   6  14  14   8  13   3  41  46  19 
 47  45  16   3  10  12  39  27   2  38  46  14  33  26  30   5   9  38  29  33  14  49  23   3  34  11   7  24  35  27  41   6  44  25   0  40  25  30  41  15  27  26  23  35   2  17  37  26  24   2 
 47  16  21  19  36  27  20  27  37   2   3  32  36  11  42  38  23  20   5  15  36  46  32  10  25  21  41  43  26  23  16  45  29  46  31   0  32  33  26  27  35  27  36  44  44  18  46  38  11  46 
 20  10   8  42  37  42   1  43  31  27  21  28  45  29  27   5  29   1  14   9  24  45  12  42  45  39  20  26  24  28  24  37  12  14  46  48   0  27  37  46  44  28  22  21  28  29  21  32  29  35 
  4  17  15  30  14  44  29  11  30  46   7   6  42  20   6  47  43  35  16  30  11  20  41  14  19  22  18  40  46  13  17  16   9  13   8  12  19   0   8  22  39  11   6  36  38  24  43  26  45  25 
 10   1  25  19  27  49  27  11  42  13   8  16  48  36  34  47  42  10   6  43   3  15  35  23  19  29  26  24  27  13   1  22  14   8  18   4  23  18   0  22  14  13  11   6  23  20  12   1  21  33 
 26   9  42  24  49  16  37  19  28   3  33  35  23  48  16  37  42  22  15  48   2   4   1  29  45  21  13  17  37  20  38  15  16   8  16   2  45  22  15   0  27   4  36  20  38  38  17  17  39  20 
 37  43  30  35  46   5   4  41  10  12  17   6  20  38  48  18  26  17  32  44  12  32  42  16  32  48  12  16   4  18  24  40  19  21   3  38  42   3  31  10   0  32  11  33  45  10  20  24   1  20 
 41  20  15  28   7  45  49  28  48  36   7  34  48  11   8  33   6  38  40   5  45  25  39  18  11  26  22  45  37  42  11   1  22   8   6  44  27   4   5  17  44   0   9  38  34  18   3  16  40  33 
 41  42  49  47  17  30  47  31   4  49  12  22  17   2  11  24  26   4  18  44  43  10  12  18  33  22  17  40  28  30  21  49  34  13  19  10  31  18  47  20   7   9   0   9  25   3   6  36  13  34 
 33  46  34  19  47   4   4  29  31  28   4  22  47  23   6   2   9  49  12   4  26  16  36  26  23  28   3  49  44   1  44  34  39  26  17  15  24  25   4  37  49  26  39   0  49  20  22  46  25  44 
  6  14  30  42   3   1  30  17  20  47  20  27  21  47  41  16  46   3  15  26  46  19  18   1  19  46  36   5  42   9   4  14  28   8  18  23  37  21  25  48  16  39  33   2   0  31  38  10  48   9 
 15  20  25   1   5  38  18  45  17  41  46  18  19  30  12  29  25  12   4  18  14  24   4  29  42  46   3   7  26  35  25  20  29  33   4   2  47  20   9  19   4  25  44  38   9   0  40  19  47  41 
  5  19  41   7  46  19  33  36  32  21  30  30  25  10  11  32  16  41  38  24  14  42  27  46  12   3  18  32  42  36  45  25  14  40  39  24  35  16  18  38  13   4  16   1  19  35   0  46  42   7 
 25  48  19  24  15  48  36  44  26  38  13  38  40  48  20  48   9   7  43  19  33  34  19  47   1  22  23  18  43  23  21  27  46  31  25  14  34  42   5  33   9  17  34  19  37  25   2   0  39  20 
 19  10  12  49  32  25   3  29  32  36  23  27   1  26  43  32  16  32  10  26  25   9   1  29  45   8  28  14   5  42  38   1  26  21   4  22  23  18  31  29  49  22  37  15  40  22   9   3   0  20 
 22  25  43   8  16   8  15   6  39  28   5   5  33  23  39  15  49   9  33  47  24  37  27   1  29  13  20  35  10  23  30  12  37  48  31   4  26  32  47  25   7   8  44  13  31  16  16  33  32   0 
M1
  0  21  20  32  24  47   9   8  13  25  15  48   4  36  13  21  43  36  42  23  12   9   4  19  20   1  10  36  17  45   7  49  40  18  35  16  13  34  33  38  12  22  23  40  10  30  36  33  24  26 
 41   0  41  40  36  38  23  14  35  42  16  33  36   9  36  48  29  29  12  48  37  25   2  44  27  14  45  22  27  48  14  46  40  20   2  11  14  30  31  17  45  35  14   3  10  21  23  43  45  29 
  8  31   0  40  22   8  36  30  43  34  13  42   1  33  19  13  34   4  48   3  37  13   7  48   8  42  32   3  20  21  40  46  36  22  38  19  25   9  11  26  23  32  37  44  23  14   6  16  43  47 
 21  41  45   0  45  28  45  45  41  35  22  48  38  10  48  27  48  26  28  24  16  49  47  35  24  35   1  14   9  33  28  18  43  34  24  34  22  49   7  22   4   5  47  31  42  33  42  44  45   4 
 49  41  38  13   0  45   3  12  35   3  15  39   9  22  16  29  31  19  22  18  46  15  30  24  36  47  17  11   8   1  46   9  11   7   3  24  29   5   5   5  29  43  28  28  47  27  29  43  11  44 
 34  15  36  41  32   0  49  16  23  15  26  45  18  34  49  12   2  44   3  35  25  28   5   1  42  22   8  43  26  27  32  48  25  45  19  10  43  46  26  39   5  13   7  26  48  47  20  30  14   4 
 16  32   7  20  30   2   0  41  17  10  23   7  25  22   3  40  37  39  10  16  48  13  32  37  27  38  47   4  18  40  29  42   3   2   3  42  18  14  40  12   6   9  43  47  26   5   8  19  20  28 
 38  29  25   3  17  38  25   0  15  13  13  27  47   1  46  25  25   6  16  37  19  23  19  26  18  15  37   9   6  20   1  41  31   1  29  45  18   5  48   8  19  13  26  10  25  20  25  36  28   7 
 46  23  31  47   4  27  49  48   0  29  37  33  35   2   1  17  15  16  38  25  34   6  27   7  27  19  31   2  10   7  48  19  22   1  36  11   9  12  19  36  23  23  37  27  18  44  30  48  30  19 
 40  10  17  15  48  22  48  39  45   0  19  25  34  42   8  41  26  30  46  20  14  40  20  46  34  39  34  33  10   7  12  20  20   2  14   2  22  44   9  22  43  12  32  30   8  31  29  35  28  45 
  1   5   5  16  21  11  23  44  21  14   0  39  17   9  20  14  15  49   6   8   2  39  38  34  49  37  39  14  19  23  28  23  33  42  10  17  35  38   7  24  33  15  35  24  44  49  34  35  38  18 
 12   8  16  35   9  28   9  39  26  49  23   0  19  36   8  10  36  18  29   8  32   6  37  46  10  29  49  38   2  24  36  49  30  30  33  10  16  20  19  25  43  42   3   6  49  37  26  49  10   6 
 26  41  29  29  29   2  45  10  35  13  29  29   0  42  41  42   5  22  22  46  25   9   5  46  27  47  48  22  30   9  30  31  25  43   9   5   2  40   9  13  41  47  13   7   2   6  43  46  20   5 
 36  21  44  12   3  39  34  10  43  18  23  29  34   0   4   1  37   8  11  46  35  10  10  28  12   3  39  30  39  21  21  23   3  22  37   6   7  13  45  24  18  21  38  25  20  37  18  36  12  16 
 43  43  47  48  31  17  15  31  17  13  40  47  10  23   0  23  43  30  14  34  37  44   6  16  22   1  39  49  18  27  12  41  27  48   9  11  14   6  39  13  12  28  42  25  23   2  41  10  42  11 
 33  27  24  21   7  20  21  11   2   9  30  12   4  47  42   0  42   7  24  32  31   2  46  37  37  30  39   1  44  17  46  45  48  25  47  38  23  21   8  32   8  30  43  44  41  46  38  31  26  12 
 29   7  11  25  38  25  33  45  19  33  12  35  29  39  46  35   0  37  45  29   8  41   5  49  22   2  26  43  21  41  11  47   7   4  34  15  43  31  26  38  46  28   6  29  21  28  35  39   5   4 
 33  25  48  47  28  35  20  24  33   6  33  19  45  24   1   8  44   0   4  12   3  18  35  11  35  30  27  37   1  29  31   8  26  48  21  42   9  46  41  48  12  29  44  33  27  49  19   9  30  22 
  9  18  36  33   1  48  18  18   4  47  44  12  12  38  44  42  35  30   0   6  14  22  31  47  25   4  20  18  21  42  20  25  46  38  42   8  41  49  28   7  29  28  29   5  48  34   6   9  17  25 
 13  35  41  12  20  31  17  39  12  11  26  47   2  39  44  49  28  14  47   0  42   2   1   6  19  25  25  10   3  49  28  31  36   4  23  32  26   9  43  39  12  36   3  24  44  23  14   1   4   1 
 42  17  31  38  25  49  19  12  40  19  28   5  26  48  16  34  40   8  43   7   0   3  40  15  34  38  49  34  32  26  34  19  16  35  41  10   5  40  33  40   3  11  29  35  41  15  45  14  15  21 
 26  37  37  44  23  10  42  15  35   7  13   3  15   8   1  23   5  28  30   1  20   0  13  40  21  32  23   2  48  14  31  26   8  13  25  46  31  49   4  44  44  35  47  47  38  22   6  25  27  17 
  9  17   2  40  49   9   9   1  31  39   9  31  47  32  49  45  38  24   7  15  29  13   0  23  19  22  16   3  33   1  36  40  21  36   4  25  44   7  47  14  36  20  49  13   5  26  36  11  34  40 
 28  43  25  15   2  46   7  29  22   5  11   6  11  48  45   7   4  10  22  25  25  36  23   0  16  26   9  35  13  30  31  30  25   6  35  49  49   8   2  40  14  13   3   9  39   7  15  37  28   7 
 37  11  28  29  38  12  29  32   6  30  29  49   7  49  24  17  18  27  43   2  23  40  34   3   0   1  36  40  46  40  11  49  29   1   7  47  13  21  48  26  14  38  15  47  30  25  11  21  39  36 
 31   3  43  28  45  38  21  19  38  14  37  38  48  23  19  22  16  44   7  37  47  49  15  19  40   0  37  38  11  15  15  22  27  46  19   2  40  49   8  13   8  38   1  12  46  43   6  27  26  21 
 39  11   7  13  39  29  15  39   1  33   2  32  43   3  29  43  18  49  41  31  37  15   2  40  12  11   0  24  16  49  32   1  45  42  44  49  34  10  33  39  42  28  28  17  11  27  17  14   3  45 
 48  25  36  17  17  20  48  49   4   2   4  45  46  22  37   7  12  41  18   5   6   5  36  23  34  18  21   0  45  31  10   7   4  47   7  14  45   6  18   3  49  19  48  25  11  45   9  30   8  45 
 22   4  36  33   1  21  26  45  22  10  26   8  19  48  11   3  21  12   2  37  47  32  26  19  14  40   7  28   0  19  45  33  24  10  11  33  24  18   8   2  28  13  48   5  23  12   1  16   2  13 
 49  21  20  11   9  11  19  27  40  48  15  34   1  17  48  18  18  37  24   4  41  25  25  48  17  41  23  48  34   0  31  46  13  48  45  40  15  48  20  48  16  23  25  16  38  22  12  45  46   8 
 48  16   3  36  13  42  21   1  36  38  14  21   6  34  35  31  29  10   3  19  42   4   1  49  24  43  31  48  22  37   0  35  42  29  30   6  27  15  39  15  27  35  19  41  20  18  24  10  21  35 
 18  19  25  21   7  24   3  16  48  42  28   6  30  23  38  19  24  11   6  18  19  39  20  31  34  26  19  30  45  47   7   0  35  26  20  46  33  45  31  49  49  23   5  43  22  20  45  46  30  10 
 10  35  19  12   1  40  36  19  44  30   3  31  18  13   7  38  14  10  23  49  33   6  12   7  49  28   3  12  35  20  14  38   0  27  12  39  10  37   1  40   8  14  30  33  25  37  44  35   5   1 
 15  14   2  40  20  40   6  14  33  23   7  23  39  39  19  39  41  30  36  44  46  12  41  37  23  45  41   4  17  11  15  28  45   0   7   2  18  47   2  10  35   6  14  14   8  13   3  41  46  19 
 47  45  16   3  10  12  39  27   2  38  46  14  33  26  30   5   9  38  29  33  14  49  23   3  34  11   7  24  35  27  41   6  44  25   0  40  25  30  41  15  27  26  23  35   2  17  37  26  24   2 
 47  16  21  19  36  27  20  27  37   2   3  32  36  11  42  38  23  20   5  15  36  46  32  10  25  21  41  43  26  23  16  45  29  46  31   0  32  33  26  27  35  27  36  44  44  18  46  38  11  46 
 20  10   8  42  37  42   1  43  31  27  21  28  45  29  27   5  29   1  14   9  24  45  12  42  45  39  20  26  24  28  24  37  12  14  46  48   0  27  37  46  44  28  22  21  28  29  21  32  29  35 
  4  17  15  30  14  44  29  11  30  46   7   6  42  20   6  47  43  35  16  30  11  20  41  14  19  22  18  40  46  13  17  16   9  13   8  12  19   0   8  22  39  11   6  36  38  24  43  26  45  25 
 10   1  25  19  27  49  27  11  42  13   8  16  48  36  34  47  42  10   6  43   3  15  35  23  19  29  26  24  27  13   1  22  14   8  18   4  23  18   0  22  14  13  11   6  23  20  12   1  21  33 
 26   9  42  24  49  16  37  19  28   3  33  35  23  48  16  37  42  22  15  48   2   4   1  29  45  21  13  17  37  20  38  15  16   8  16   2  45  22  15   0  27   4  36  20  38  38  17  17  39  20 
 37  43  30  35  46   5   4  41  10  12  17   6  20  38  48  18  26  17  32  44  12  32  42  16  32  48  12  16   4  18  24  40  19  21   3  38  42   3  31  10   0  32  11  33  45  10  20  24   1  20 
 41  20  15  28   7  45  49  28  48  36   7  34  48  11   8  33   6  38  40   5  45  25  39  18  11  26  22  45  37  42  11   1  22   8   6  44  27   4   5  17  44   0   9  38  34  18   3  16  40  33 
 41  42  49  47  17  30  47  31   4  49  12  22  17   2  11  24  26   4  18  44  43  10  12  18  33  22  17  40  28  30  21  49  34  13  19  10  31  18  47  20   7   9   0   9  25   3   6  36  13  34 
 33  46  34  19  47   4   4  29  31  28   4  22  47  23   6   2   9  49  12   4  26  16  36  26  23  28   3  49  44   1  44  34  39  26  17  15  24  25   4  37  49  26  39   0  49  20  22  46  25  44 
  6  14  30  42   3   1  30  17  20  47  20  27  21  47  41  16  46   3  15  26  46  19  18   1  19  46  36   5  42   9   4  14  28   8  18  23  37  21  25  48  16  39  33   2   0  31  38  10  48   9 
 15  20  25   1   5  38  18  45  17  41  46  18  19  30  12  29  25  12   4  18  14  24   4  29  42  46   3   7  26  35  25  20  29  33   4   2  47  20   9  19   4  25  44  38   9   0  40  19  47  41 
  5  19  41   7  46  19  33  36  32  21  30  30  25  10  11  32  16  41  38  24  14  42  27  46  12   3  18  32  42  36  45  25  14  40  39  24  35  16  18  38  13   4  16   1  19  35   0  46  42   7 
 25  48  19  24  15  48  36  44  26  38  13  38  40  48  20  48   9   7  43  19  33  34  19  47   1  22  23  18  43  23  21  27  46  31  25  14  34  42   5  33   9  17  34  19  37  25   2   0  39  20 
 19  10  12  49  32  25   3  29  32  36  23  27   1  26  43  32  16  32  10  26  25   9   1  29  45   8  28  14   5  42  38   1  26  21   4  22  23  18  31  29  49  22  37  15  40  22   9   3   0  20 
 22  25  43   8  16   8  15   6  39  28   5   5  33  23  39  15  49   9  33  47  24  37  27   1  29  13  20  35  10  23  30  12  37  48  31   4  26  32  47  25   7   8  44  13  31  16  16  33  32   0 
M2
  0  21  20  32  24  47   9   8  13  25  15  48   4  36  13  21  43  36  42  23  12   9   4  19  20   1  10  36  17  45   7  49  40  18  35  16  13  34  33  38  12  22  23  40  10  30  36  33  24  26 
 41   0  41  40  36  38  23  14  35  42  16  33  36   9  36  48  29  29  12  48  37  25   2  44  27  14  45  22  27  48  14  46  40  20   2  11  14  30  31  17  45  35  14   3  10  21  23  43  45  29 
  8  31   0  40  22   8  36  30  43  34  13  42   1  33  19  13  34   4  48   3  37  13   7  48   8  42  32   3  20  21  40  46  36  22  38  19  25   9  11  26  23  32  37  44  23  14   6  16  43  47 
 21  41  45   0  45  28  45  45  41  35  22  48  38  10  48  27  48  26  28  24  16  49  47  35  24  35   1  14   9  33  28  18  43  34  24  34  22  49   7  22   4   5  47  31  42  33  42  44  45   4 
 49  41  38  13   0  45   3  12  35   3  15  39   9  22  16  29  31  19  22  18  46  15  30  24  36  47  17  11   8   1  46   9  11   7   3  24  29   5   5   5  29  43  28  28  47  27  29  43  11  44 
 34  15  36  41  32   0  49  16  23  15  26  45  18  34  49  12   2  44   3  35  25  28   5   1  42  22   8  43  26  27  32  48  25  45  19  10  43  46  26  39   5  13   7  26  48  47  20  30  14   4 
 16  32   7  20  30   2   0  41  17  10  23   7  25  22   3  40  37  39  10  16  48  13  32  37  27  38  47   4  18  40  29  42   3   2   3  42  18  14  40  12   6   9  43  47  26   5   8  19  20  28 
 38  29  25   3  17  38  25   0  15  13  13  27  47   1  46  25  25   6  16  37  19  23  19  26  18  15  37   9   6  20   1  41  31   1  29  45  18   5  48   8  19  13  26  10  25  20  25  36  28   7 
 46  23  31  47   4  27  49  48   0  29  37  33  35   2   1  17  15  16  38  25  34   6  27   7  27  19  31   2  10   7  48  19  22   1  36  11   9  12  19  36  23  23  37  27  18  44  30  48  30  19 
 40  10  17  15  48  22  48  39  45   0  19  25  34  42   8  41  26  30  46  20  14  40  20  46  34  39  34  33  10   7  12  20  20   2  14   2  22  44   9  22  43  12  32  30   8  31  29  35  28  45 
  1   5   5  16  21  11  23  44  21  14   0  39  17   9  20  14  15  49   6   8   2  39  38  34  49  37  39  14  19  23  28  23  33  42  10  17  35  38   7  24  33  15  35  24  44  49  34  35  38  18 
 12   8  16  35   9  28   9  39  26  49  23   0  19  36   8  10  36  18  29   8  32   6  37  46  10  29  49  38   2  24  36  49  30  30  33  10  16  20  19  25  43  42   3   6  49  37  26  49  10   6 
 26  41  29  29  29   2  45  10  35  13  29  29   0  42  41  42   5  22  22  46  25   9   5  46  27  47  48  22  30   9  30  31  25  43   9   5   2  40   9  13  41  47  13   7   2   6  43  46  20   5 
 36  21  44  12   3  39  34  10  43  18  23  29  34   0   4   1  37   8  11  46  35  10  10  28  12   3  39  30  39  21  21  23   3  22  37   6   7  13  45  24  18  21  38  25  20  37  18  36  12  16 
 43  43  47  48  31  17  15  31  17  13  40  47  10  23   0  23  43  30  14  34  37  44   6  16  22   1  39  49  18  27  12  41  27  48   9  11  14   6  39  13  12  28  42  25  23   2  41  10  42  11 
 33  27  24  21   7  20  21  11   2   9  30  12   4  47  42   0  42   7  24  32  31   2  46  37  37  30  39   1  44  17  46  45  48  25  47  38  23  21   8  32   8  30  43  44  41  46  38  31  26  12 
 29   7  11  25  38  25  33  45  19  33  12  35  29  39  46  35   0  37  45  29   8  41   5  49  22   2  26  43  21  41  11  47   7   4  34  15  43  31  26  38  46  28   6  29  21  28  35  39   5   4 
 33  25  48  47  28  35  20  24  33   6  33  19  45  24   1   8  44   0   4  12   3  18  35  11  35  30  27  37   1  29  31   8  26  48  21  42   9  46  41  48  12  29  44  33  27  49  19   9  30  22 
  9  18  36  33   1  48  18  18   4  47  44  12  12  38  44  42  35  30   0   6  14  22  31  47  25   4  20  18  21  42  20  25  46  38  42   8  41  49  28   7  29  28  29   5  48  34   6   9  17  25 
 13  35  41  12  20  31  17  39  12  11  26  47   2  39  44  49  28  14  47   0  42   2   1   6  19  25  25  10   3  49  28  31  36   4  23  32  26   9  43  39  12  36   3  24  44  23  14   1   4   1 
 42  17  31  38  25  49  19  12  40  19  28   5  26  48  16  34  40   8  43   7   0   3  40  15  34  38  49  34  32  26  34  19  16  35  41  10   5  40  33  40   3  11  29  35  41  15  45  14  15  21 
 26  37  37  44  23  10  42  15  35   7  13   3  15   8   1  23   5  28  30   1  20   0  13  40  21  32  23   2  48  14  31  26   8  13  25  46  31  49   4  44  44  35  47  47  38  22   6  25  27  17 
  9  17   2  40  49   9   9   1  31  39   9  31  47  32  49  45  38  24   7  15  29  13   0  23  19  22  16   3  33   1  36  40  21  36   4  25  44   7  47  14  36  20  49  13   5  26  36  11  34  40 
 28  43  25  15   2  46   7  29  22   5  11   6  11  48  45   7   4  10  22  25  25  36  23   0  16  26   9  35  13  30  31  30  25   6  35  49  49   8   2  40  14  13   3   9  39   7  15  37  28   7 
 37  11  28  29  38  12  29  32   6  30  29  49   7  49  24  17  18  27  43   2  23  40  34   3   0   1  36  40  46  40  11  49  29   1   7  47  13  21  48  26  14  38  15  47  30  25  11  21  39  36 
 31   3  43  28  45  38  21  19  38  14  37  38  48  23  19  22  16  44   7  37  47  49  15  19  40   0  37  38  11  15  15  22  27  46  19   2  40  49   8  13   8  38   1  12  46  43   6  27  26  21 
 39  11   7  13  39  29  15  39   1  33   2  32  43   3  29  43  18  49  41  31  37  15   2  40  12  11   0  24  16  49  32   1  45  42  44  49  34  10  33  39  42  28  28  17  11  27  17  14   3  45 
 48  25  36  17  17  20  48  49   4   2   4  45  46  22  37   7  12  41  18   5   6   5  36  23  34  18  21   0  45  31  10   7   4  47   7  14  45   6  18   3  49  19  48  25  11  45   9  30   8  45 
 22   4  36  33   1  21  26  45  22  10  26   8  19  48  11   3  21  12   2  37  47  32  26  19  14  40   7  28   0  19  45  33  24  10  11  33  24  18   8   2  28  13  48   5  23  12   1  16   2  13 
 49  21  20  11   9  11  19  27  40  48  15  34   1  17  48  18  18  37  24   4  41  25  25  48  17  41  23  48  34   0  31  46  13  48  45  40  15  48  20  48  16  23  25  16  38  22  12  45  46   8 
 48  16   3  36  13  42  21   1  36  38  14  21   6  34  35  31  29  10   3  19  42   4   1  49  24  43  31  48  22  37   0  35  42  29  30   6  27  15  39  15  27  35  19  41  20  18  24  10  21  35 
 18  19  25  21   7  24   3  16  48  42  28   6  30  23  38  19  24  11   6  18  19  39  20  31  34  26  19  30  45  47   7   0  35  26  20  46  33  45  31  49  49  23   5  43  22  20  45  46  30  10 
 10  35  19  12   1  40  36  19  44  30   3  31  18  13   7  38  14  10  23  49  33   6  12   7  49  28   3  12  35  20  14  38   0  27  12  39  10  37   1  40   8  14  30  33  25  37  44  35   5   1 
 15  14   2  40  20  40   6  14  33  23   7  23  39  39  19  39  41  30  36  44  46  12  41  37  23  45  41   4  17  11  15  28  45   0   7   2  18  47   2  10  35   6  14  14   8  13   3  41  46  19 
 47  45  16   3  10  12  39  27   2  38  46  14  33  26  30   5   9  38  29  33  14  49  23   3  34  11   7  24  35  27  41   6  44  25   0  40  25  30  41  15  27  26  23  35   2  17  37  26  24   2 
 47  16  21  19  36  27  20  27  37   2   3  32  36  11  42  38  23  20   5  15  36  46  32  10  25  21  41  43  26  23  16  45  29  46  31   0  32  33  26  27  35  27  36  44  44  18  46  38  11  46 
 20  10   8  42  37  42   1  43  31  27  21  28  45  29  27   5  29   1  14   9  24  45  12  42  45  39  20  26  24  28  24  37  12  14  46  48   0  27  37  46  44  28  22  21  28  29  21  32  29  35 
  4  17  15  30  14  44  29  11  30  46   7   6  42  20   6  47  43  35  16  30  11  20  41  14  19  22  18  40  46  13  17  16   9  13   8  12  19   0   8  22  39  11   6  36  38  24  43  26  45  25 
 10   1  25  19  27  49  27  11  42  13   8  16  48  36  34  47  42  10   6  43   3  15  35  23  19  29  26  24  27  13   1  22  14   8  18   4  23  18   0  22  14  13  11   6  23  20  12   1  21  33 
 26   9  42  24  49  16  37  19  28   3  33  35  23  48  16  37  42  22  15  48   2   4   1  29  45  21  13  17  37  20  38  15  16   8  16   2  45  22  15   0  27   4  36  20  38  38  17  17  39  20 
 37  43  30  35  46   5   4  41  10  12  17   6  20  38  48  18  26  17  32  44  12  32  42  16  32  48  12  16   4  18  24  40  19  21   3  38  42   3  31  10   0  32  11  33  45  10  20  24   1  20 
 41  20  15  28   7  45  49  28  48  36   7  34  48  11   8  33   6  38  40   5  45  25  39  18  11  26  22  45  37  42  11   1  22   8   6  44  27   4   5  17  44   0   9  38  34  18   3  16  40  33 
 41  42  49  47  17  30  47  31   4  49  12  22  17   2  11  24  26   4  18  44  43  10  12  18  33  22  17  40  28  30  21  49  34  13  19  10  31  18  47  20   7   9   0   9  25   3   6  36  13  34 
 33  46  34  19  47   4   4  29  31  28   4  22  47  23   6   2   9  49  12   4  26  16  36  26  23  28   3  49  44   1  44  34  39  26  17  15  24  25   4  37  49  26  39   0  49  20  22  46  25  44 
  6  14  30  42   3   1  30  17  20  47  20  27  21  47  41  16  46   3  15  26  46  19  18   1  19  46  36   5  42   9   4  14  28   8  18  23  37  21  25  48  16  39  33   2   0  31  38  10  48   9 
 15  20  25   1   5  38  18  45  17  41  46  18  19  30  12  29  25  12   4  18  14  24   4  29  42  46   3   7  26  35  25  20  29  33   4   2  47  20   9  19   4  25  44  38   9   0  40  19  47  41 
  5  19  41   7  46  19  33  36  32  21  30  30  25  10  11  32  16  41  38  24  14  42  27  46  12   3  18  32  42  36  45  25  14  40  39  24  35  16  18  38  13   4  16   1  19  35   0  46  42   7 
 25  48  19  24  15  48  36  44  26  38  13  38  40  48  20  48   9   7  43  19  33  34  19  47   1  22  23  18  43  23  21  27  46  31  25  14  34  42   5  33   9  17  34  19  37  25   2   0  39  20 
 19  10  12  49  32  25   3  29  32  36  23  27   1  26  43  32  16  32  10  26  25   9   1  29  45   8  28  14   5  42  38   1  26  21   4  22  23  18  31  29  49  22  37  15  40  22   9   3   0  20 
 22  25  43   8  16   8  15   6  39  28   5   5  33  23  39  15  49   9  33  47  24  37  27   1  29  13  20  35  10  23  30  12  37  48  31   4  26  32  47  25   7   8  44  13  31  16  16  33  32   0 
M3
  0  21  20  32  24  47   9   8  13  25  15  48   4  36  13  21  43  36  42  23  12   9   4  19  20   1  10  36  17  45   7  49  40  18  35  16  13  34  33  38  12  22  23  40  10  30  36  33  24  26 
 41   0  41  40  36  38  23  14  35  42  16  33  36   9  36  48  29  29  12  48  37  25   2  44  27  14  45  22  27  48  14  46  40  20   2  11  14  30  31  17  45  35  14   3  10  21  23  43  45  29 
  8  31   0  40  22   8  36  30  43  34  13  42   1  33  19  13  34   4  48   3  37  13   7  48   8  42  32   3  20  21  40  46  36  22  38  19  25   9  11  26  23  32  37  44  23  14   6  16  43  47 
 21  41  45   0  45  28  45  45  41  35  22  48  38  10  48  27  48  26  28  24  16  49  47  35  24  35   1  14   9  33  28  18  43  34  24  34  22  49   7  22   4   5  47  31  42  33  42  44  45   4 
 49  41  38  13   0  45   3  12  35   3  15  39   9  22  16  29  31  19  22  18  46  15  30  24  36  47  17  11   8   1  46   9  11   7   3  24  29   5   5   5  29  43  28  28  47  27  29  43  11  44 
 34  15  36  41  32   0  49  16  23  15  26  45  18  34  49  12   2  44   3  35  25  28   5   1  42  22   8  43  26  27  32  48  25  45  19  10  43  46  26  39   5  13   7  26  48  47  20  30  14   4 
 16  32   7  20  30   2   0  41  17  10  23   7  25  22   3  40  37  39  10  16  48  13  32  37  27  38  47   4  18  40  29  42   3   2   3  42  18  14  40  12   6   9  43  47  26   5   8  19  20  28 
 38  29  25   3  17  38  25   0  15  13  13  27  47   1  46  25  25   6  16  37  19  23  19  26  18  15  37   9   6  20   1  41  31   1  29  45  18   5  48   8  19  13  26  10  25  20  25  36  28   7 
 46  23  31  47   4  27  49  48   0  29  37  33  35   2   1  17  15  16  38  25  34   6  27   7  27  19  31   2  10   7  48  19  22   1  36  11   9  12  19  36  23  23  37  27  18  44  30  48  30  19 
 40  10  17  15  48  22  48  39  45   0  19  25  34  42   8  41  26  30  46  20  14  40  20  46  34  39  34  33  10   7  12  20  20   2  14   2  22  44   9  22  43  12  32  30   8  31  29  35  28  45 
  1   5   5  16  21  11  23  44  21  14   0  39  17   9  20  14  15  49   6   8   2  39  38  34  49  37  39  14  19  23  28  23  33  42  10  17  35  38   7  24  33  15  35  24  44  49  34  35  38  18 
 12   8  16  35   9  28   9  39  26  49  23   0  19  36   8  10  36  18  29   8  32   6  37  46  10  29  49  38   2  24  36  49  30  30  33  10  16  20  19  25  43  42   3   6  49  37  26  49  10   6 
 26  41  29  29  29   2  45  10  35  13  29  29   0  42  41  42   5  22  22  46  25   9   5  46  27  47  48  22  30   9  30  31  25  43   9   5   2  40   9  13  41  47  13   7   2   6  43  46  20   5 
 36  21  44  12   3  39  34  10  43  18  23  29  34   0   4   1  37   8  11  46  35  10  10  28  12   3  39  30  39  21  21  23   3  22  37   6   7  13  45  24  18  21  38  25  20  37  18  36  12  16 
 43  43  47  48  31  17  15  31  17  13  40  47  10  23   0  23  43  30  14  34  37  44   6  16  22   1  39  49  18  27  12  41  27  48   9  11  14   6  39  13  12  28  42  25  23   2  41  10  42  11 
 33  27  24  21   7  20  21  11   2   9  30  12   4  47  42   0  42   7  24  32  31   2  46  37  37  30  39   1  44  17  46  45  48  25  47  38  23  21   8  32   8  30  43  44  41  46  38  31  26  12 
 29   7  11  25  38  25  33  45  19  33  12  35  29  39  46  35   0  37  45  29   8  41   5  49  22   2  26  43  21  41  11  47   7   4  34  15  43  31  26  38  46  28   6  29  21  28  35  39   5   4 
 33  25  48  47  28  35  20  24  33   6  33  19  45  24   1   8  44   0   4  12   3  18  35  11  35  30  27  37   1  29  31   8  26  48  21  42   9  46  41  48  12  29  44  33  27  49  19   9  30  22 
  9  18  36  33   1  48  18  18   4  47  44  12  12  38  44  42  35  30   0   6  14  22  31  47  25   4  20  18  21  42  20  25  46  38  42   8  41  49  28   7  29  28  29   5  48  34   6   9  17  25 
 13  35  41  12  20  31  17  39  12  11  26  47   2  39  44  49  28  14  47   0  42   2   1   6  19  25  25  10   3  49  28  31  36   4  23  32  26   9  43  39  12  36   3  24  44  23  14   1   4   1 
 42  17  31  38  25  49  19  12  40  19  28   5  26  48  16  34  40   8  43   7   0   3  40  15  34  38  49  34  32  26  34  19  16  35  41  10   5  40  33  40   3  11  29  35  41  15  45  14  15  21 
 26  37  37  44  23  10  42  15  35   7  13   3  15   8   1  23   5  28  30   1  20   0  13  40  21  32  23   2  48  14  31  26   8  13  25  46  31  49   4  44  44  35  47  47  38  22   6  25  27  17 
  9  17   2  40  49   9   9   1  31  39   9  31  47  32  49  45  38  24   7  15  29  13   0  23  19  22  16   3  33   1  36  40  21  36   4  25  44   7  47  14  36  20  49  13   5  26  36  11  34  40 
 28  43  25  15   2  46   7  29  22   5  11   6  11  48  45   7   4  10  22  25  25  36  23   0  16  26   9  35  13  30  31  30  25   6  35  49  49   8   2  40  14  13   3   9  39   7  15  37  28   7 
 37  11  28  29  38  12  29  32   6  30  29  49   7  49  24  17  18  27  43   2  23  40  34   3   0   1  36  40  46  40  11  49  29   1   7  47  13  21  48  26  14  38  15  47  30  25  11  21  39  36 
 31   3  43  28  45  38  21  19  38  14  37  38  48  23  19  22  16  44   7  37  47  49  15  19  40   0  37  38  11  15  15  22  27  46  19   2  40  49   8  13   8  38   1  12  46  43   6  27  26  21 
 39  11   7  13  39  29  15  39   1  33   2  32  43   3  29  43  18  49  41  31  37  15   2  40  12  11   0  24  16  49  32   1  45  42  44  49  34  10  33  39  42  28  28  17  11  27  17  14   3  45 
 48  25  36  17  17  20  48  49   4   2   4  45  46  22  37   7  12  41  18   5   6   5  36  23  34  18  21   0  45  31  10   7   4  47   7  14  45   6  18   3  49  19  48  25  11  45   9  30   8  45 
 22   4  36  33   1  21  26  45  22  10  26   8  19  48  11   3  21  12   2  37  47  32  26  19  14  40   7  28   0  19  45  33  24  10  11  33  24  18   8   2  28  13  48   5  23  12   1  16   2  13 
 49  21  20  11   9  11  19  27  40  48  15  34   1  17  48  18  18  37  24   4  41  25  25  48  17  41  23  48  34   0  31  46  13  48  45  40  15  48  20  48  16  23  25  16  38  22  12  45  46   8 
 48  16   3  36  13  42  21   1  36  38  14  21   6  34  35  31  29  10   3  19  42   4   1  49  24  43  31  48  22  37   0  35  42  29  30   6  27  15  39  15  27  35  19  41  20  18  24  10  21  35 
 18  19  25  21   7  24   3  16  48  42  28   6  30  23  38  19  24  11   6  18  19  39  20  31  34  26  19  30  45  47   7   0  35  26  20  46  33  45  31  49  49  23   5  43  22  20  45  46  30  10 
 10  35  19  12   1  40  36  19  44  30   3  31  18  13   7  38  14  10  23  49  33   6  12   7  49  28   3  12  35  20  14  38   0  27  12  39  10  37   1  40   8  14  30  33  25  37  44  35   5   1 
 15  14   2  40  20  40   6  14  33  23   7  23  39  39  19  39  41  30  36  44  46  12  41  37  23  45  41   4  17  11  15  28  45   0   7   2  18  47   2  10  35   6  14  14   8  13   3  41  46  19 
 47  45  16   3  10  12  39  27   2  38  46  14  33  26  30   5   9  38  29  33  14  49  23   3  34  11   7  24  35  27  41   6  44  25   0  40  25  30  41  15  27  26  23  35   2  17  37  26  24   2 
 47  16  21  19  36  27  20  27  37   2   3  32  36  11  42  38  23  20   5  15  36  46  32  10  25  21  41  43  26  23  16  45  29  46  31   0  32  33  26  27  35  27  36  44  44  18  46  38  11  46 
 20  10   8  42  37  42   1  43  31  27  21  28  45  29  27   5  29   1  14   9  24  45  12  42  45  39  20  26  24  28  24  37  12  14  46  48   0  27  37  46  44  28  22  21  28  29  21  32  29  35 
  4  17  15  30  14  44  29  11  30  46   7   6  42  20   6  47  43  35  16  30  11  20  41  14  19  22  18  40  46  13  17  16   9  13   8  12  19   0   8  22  39  11   6  36  38  24  43  26  45  25 
 10   1  25  19  27  49  27  11  42  13   8  16  48  36  34  47  42  10   6  43   3  15  35  23  19  29  26  24  27  13   1  22  14   8  18   4  23  18   0  22  14  13  11   6  23  20  12   1  21  33 
 26   9  42  24  49  16  37  19  28   3  33  35  23  48  16  37  42  22  15  48   2   4   1  29  45  21  13  17  37  20  38  15  16   8  16   2  45  22  15   0  27   4  36  20  38  38  17  17  39  20 
 37  43  30  35  46   5   4  41  10  12  17   6  20  38  48  18  26  17  32  44  12  32  42  16  32  48  12  16   4  18  24  40  19  21   3  38  42   3  31  10   0  32  11  33  45  10  20  24   1  20 
 41  20  15  28   7  45  49  28  48  36   7  34  48  11   8  33   6  38  40   5  45  25  39  18  11  26  22  45  37  42  11   1  22   8   6  44  27   4   5  17  44   0   9  38  34  18   3  16  40  33 
 41  42  49  47  17  30  47  31   4  49  12  22  17   2  11  24  26   4  18  44  43  10  12  18  33  22  17  40  28  30  21  49  34  13  19  10  31  18  47  20   7   9   0   9  25   3   6  36  13  34 
 33  46  34  19  47   4   4  29  31  28   4  22  47  23   6   2   9  49  12   4  26  16  36  26  23  28   3  49  44   1  44  34  39  26  17  15  24  25   4  37  49  26  39   0  49  20  22  46  25  44 
  6  14  30  42   3   1  30  17  20  47  20  27  21  47  41  16  46   3  15  26  46  19  18   1  19  46  36   5  42   9   4  14  28   8  18  23  37  21  25  48  16  39  33   2   0  31  38  10  48   9 
 15  20  25   1   5  38  18  45  17  41  46  18  19  30  12  29  25  12   4  18  14  24   4  29  42  46   3   7  26  35  25  20  29  33   4   2  47  20   9  19   4  25  44  38   9   0  40  19  47  41 
  5  19  41   7  46  19  33  36  32  21  30  30  25  10  11  32  16  41  38  24  14  42  27  46  12   3  18  32  42  36  45  25  14  40  39  24  35  16  18  38  13   4  16   1  19  35   0  46  42   7 
 25  48  19  24  15  48  36  44  26  38  13  38  40  48  20  48   9   7  43  19  33  34  19  47   1  22  23  18  43  23  21  27  46  31  25  14  34  42   5  33   9  17  34  19  37  25   2   0  39  20 
 19  10  12  49  32  25   3  29  32  36  23  27   1  26  43  32  16  32  10  26  25   9   1  29  45   8  28  14   5  42  38   1  26  21   4  22  23  18  31  29  49  22  37  15  40  22   9   3   0  20 
 22  25  43   8  16   8  15   6  39  28   5   5  33  23  39  15  49   9  33  47  24  37  27   1  29  13  20  35  10  23  30  12  37  48  31   4  26  32  47  25   7   8  44  13  31  16  16  33  32   0 
M4
  0  21  20  32  24  47   9   8  13  25  15  48   4  36  13  21  43  36  42  23  12   9   4  19  20   1  10  36  17  45   7  49  40  18  35  16  13  34  33  38  12  22  23  40  10  30  36  33  24  26 
 41   0  41  40  36  38  23  14  35  42  16  33  36   9  36  48  29  29  12  48  37  25   2  44  27  14  45  22  27  48  14  46  40  20   2  11  14  30  31  17  45  35  14   3  10  21  23  43  45  29 
  8  31   0  40  22   8  36  30  43  34  13  42   1  33  19  13  34   4  48   3  37  13   7  48   8  42  32   3  20  21  40  46  36  22  38  19  25   9  11  26  23  32  37  44  23  14   6  16  43  47 
 21  41  45   0  45  28  45  45  41  35  22  48  38  10  48  27  48  26  28  24  16  49  47  35  24  35   1  14   9  33  28  18  43  34  24  34  22  49   7  22   4   5  47  31  42  33  42  44  45   4 
 49  41  38  13   0  45   3  12  35   3  15  39   9  22  16  29  31  19  22  18  46  15  30  24  36  47  17  11   8   1  46   9  11   7   3  24  29   5   5   5  29  43  28  28  47  27  29  43  11  44 
 34  15  36  41  32   0  49  16  23  15  26  45  18  34  49  12   2  44   3  35  25  28   5   1  42  22   8  43  26  27  32  48  25  45  19  10  43  46  26  39   5  13   7  26  48  47  20  30  14   4 
 16  32   7  20  30   2   0  41  17  10  23   7  25  22   3  40  37  39  10  16  48  13  32  37  27  38  47   4  18  40  29  42   3   2   3  42  18  14  40  12   6   9  43  47  26   5   8  19  20  28 
 38  29  25   3  17  38  25   0  15  13  13  27  47   1  46  25  25   6  16  37  19  23  19  26  18  15  37   9   6  20   1  41  31   1  29  45  18   5  48   8  19  13  26  10  25  20  25  36  28   7 
 46  23  31  47   4  27  49  48   0  29  37  33  35   2   1  17  15  16  38  25  34   6  27   7  27  19  31   2  10   7  48  19  22   1  36  11   9  12  19  36  23  23  37  27  18  44  30  48  30  19 
 40  10  17  15  48  22  48  39  45   0  19  25  34  42   8  41  26  30  46  20  14  40  20  46  34  39  34  33  10   7  12  20  20   2  14   2  22  44   9  22  43  12  32  30   8  31  29  35  28  45 
  1   5   5  16  21  11  23  44  21  14   0  39  17   9  20  14  15  49   6   8   2  39  38  34  49  37  39  14  19  23  28  23  33  42  10  17  35  38   7  24  33  15  35  24  44  49  34  35  38  18 
 12   8  16  35   9  28   9  39  26  49  23   0  19  36   8  10  36  18  29   8  32   6  37  46  10  29  49  38   2  24  36  49  30  30  33  10  16  20  19  25  43  42   3   6  49  37  26  49  10   6 
 26  41  29  29  29   2  45  10  35  13  29  29   0  42  41  42   5  22  22  46  25   9   5  46  27  47  48  22  30   9  30  31  25  43   9   5   2  40   9  13  41  47  13   7   2   6  43  46  20   5 
 36  21  44  12   3  39  34  10  43  18  23  29  34   0   4   1  37   8  11  46  35  10  10  28  12   3  39  30  39  21  21  23   3  22  37   6   7  13  45  24  18  21  38  25  20  37  18  36  12  16 
 43  43  47  48  31  17  15  31  17  13  40  47  10  23   0  23  43  30  14  34  37  44   6  16  22   1  39  49  18  27  12  41  27  48   9  11  14   6  39  13  12  28  42  25  23   2  41  10  42  11 
 33  27  24  21   7  20  21  11   2   9  30  12   4  47  42   0  42   7  24  32  31   2  46  37  37  30  39   1  44  17  46  45  48  25  47  38  23  21   8  32   8  30  43  44  41  46  38  31  26  12 
 29   7  11  25  38  25  33  45  19  33  12  35  29  39  46  35   0  37  45  29   8  41   5  49  22   2  26  43  21  41  11  47   7   4  34  15  43  31  26  38  46  28   6  29  21  28  35  39   5   4 
 33  25  48  47  28  35  20  24  33   6  33  19  45  24   1   8  44   0   4  12   3  18  35  11  35  30  27  37   1  29  31   8  26  48  21  42   9  46  41  48  12  29  44  33  27  49  19   9  30  22 
  9  18  36  33   1  48  18  18   4  47  44  12  12  38  44  42  35  30   0   6  14  22  31  47  25   4  20  18  21  42  20  25  46  38  42   8  41  49  28   7  29  28  29   5  48  34   6   9  17  25 
 13  35  41  12  20  31  17  39  12  11  26  47   2  39  44  49  28  14  47   0  42   2   1   6  19  25  25  10   3  49  28  31  36   4  23  32  26   9  43  39  12  36   3  24  44  23  14   1   4   1 
 42  17  31  38  25  49  19  12  40  19  28   5  26  48  16  34  40   8  43   7   0   3  40  15  34  38  49  34  32  26  34  19  16  35  41  10   5  40  33  40   3  11  29  35  41  15  45  14  15  21 
 26  37  37  44  23  10  42  15  35   7  13   3  15   8   1  23   5  28  30   1  20   0  13  40  21  32  23   2  48  14  31  26   8  13  25  46  31  49   4  44  44  35  47  47  38  22   6  25  27  17 
  9  17   2  40  49   9   9   1  31  39   9  31  47  32  49  45  38  24   7  15  29  13   0  23  19  22  16   3  33   1  36  40  21  36   4  25  44   7  47  14  36  20  49  13   5  26  36  11  34  40 
 28  43  25  15   2  46   7  29  22   5  11   6  11  48  45   7   4  10  22  25  25  36  23   0  16  26   9  35  13  30  31  30  25   6  35  49  49   8   2  40  14  13   3   9  39   7  15  37  28   7 
 37  11  28  29  38  12  29  32   6  30  29  49   7  49  24  17  18  27  43   2  23  40  34   3   0   1  36  40  46  40  11  49  29   1   7  47  13  21  48  26  14  38  15  47  30  25  11  21  39  36 
 31   3  43  28  45  38  21  19  38  14  37  38  48  23  19  22  16  44   7  37  47  49  15  19  40   0  37  38  11  15  15  22  27  46  19   2  40  49   8  13   8  38   1  12  46  43   6  27  26  21 
 39  11   7  13  39  29  15  39   1  33   2  32  43   3  29  43  18  49  41  31  37  15   2  40  12  11   0  24  16  49  32   1  45  42  44  49  34  10  33  39  42  28  28  17  11  27  17  14   3  45 
 48  25  36  17  17  20  48  49   4   2   4  45  46  22  37   7  12  41  18   5   6   5  36  23  34  18  21   0  45  31  10   7   4  47   7  14  45   6  18   3  49  19  48  25  11  45   9  30   8  45 
 22   4  36  33   1  21  26  45  22  10  26   8  19  48  11   3  21  12   2  37  47  32  26  19  14  40   7  28   0  19  45  33  24  10  11  33  24  18   8   2  28  13  48   5  23  12   1  16   2  13 
 49  21  20  11   9  11  19  27  40  48  15  34   1  17  48  18  18  37  24   4  41  25  25  48  17  41  23  48  34   0  31  46  13  48  45  40  15  48  20  48  16  23  25  16  38  22  12  45  46   8 
 48  16   3  36  13  42  21   1  36  38  14  21   6  34  35  31  29  10   3  19  42   4   1  49  24  43  31  48  22  37   0  35  42  29  30   6  27  15  39  15  27  35  19  41  20  18  24  10  21  35 
 18  19  25  21   7  24   3  16  48  42  28   6  30  23  38  19  24  11   6  18  19  39  20  31  34  26  19  30  45  47   7   0  35  26  20  46  33  45  31  49  49  23   5  43  22  20  45  46  30  10 
 10  35  19  12   1  40  36  19  44  30   3  31  18  13   7  38  14  10  23  49  33   6  12   7  49  28   3  12  35  20  14  38   0  27  12  39  10  37   1  40   8  14  30  33  25  37  44  35   5   1 
 15  14   2  40  20  40   6  14  33  23   7  23  39  39  19  39  41  30  36  44  46  12  41  37  23  45  41   4  17  11  15  28  45   0   7   2  18  47   2  10  35   6  14  14   8  13   3  41  46  19 
 47  45  16   3  10  12  39  27   2  38  46  14  33  26  30   5   9  38  29  33  14  49  23   3  34  11   7  24  35  27  41   6  44  25   0  40  25  30  41  15  27  26  23  35   2  17  37  26  24   2 
 47  16  21  19  36  27  20  27  37   2   3  32  36  11  42  38  23  20   5  15  36  46  32  10  25  21  41  43  26  23  16  45  29  46  31   0  32  33  26  27  35  27  36  44  44  18  46  38  11  46 
 20  10   8  42  37  42   1  43  31  27  21  28  45  29  27   5  29   1  14   9  24  45  12  42  45  39  20  26  24  28  24  37  12  14  46  48   0  27  37  46  44  28  22  21  28  29  21  32  29  35 
  4  17  15  30  14  44  29  11  30  46   7   6  42  20   6  47  43  35  16  30  11  20  41  14  19  22  18  40  46  13  17  16   9  13   8  12  19   0   8  22  39  11   6  36  38  24  43  26  45  25 
 10   1  25  19  27  49  27  11  42  13   8  16  48  36  34  47  42  10   6  43   3  15  35  23  19  29  26  24  27  13   1  22  14   8  18   4  23  18   0  22  14  13  11   6  23  20  12   1  21  33 
 26   9  42  24  49  16  37  19  28   3  33  35  23  48  16  37  42  22  15  48   2   4   1  29  45  21  13  17  37  20  38  15  16   8  16   2  45  22  15   0  27   4  36  20  38  38  17  17  39  20 
 37  43  30  35  46   5   4  41  10  12  17   6  20  38  48  18  26  17  32  44  12  32  42  16  32  48  12  16   4  18  24  40  19  21   3  38  42   3  31  10   0  32  11  33  45  10  20  24   1  20 
 41  20  15  28   7  45  49  28  48  36   7  34  48  11   8  33   6  38  40   5  45  25  39  18  11  26  22  45  37  42  11   1  22   8   6  44  27   4   5  17  44   0   9  38  34  18   3  16  40  33 
 41  42  49  47  17  30  47  31   4  49  12  22  17   2  11  24  26   4  18  44  43  10  12  18  33  22  17  40  28  30  21  49  34  13  19  10  31  18  47  20   7   9   0   9  25   3   6  36  13  34 
 33  46  34  19  47   4   4  29  31  28   4  22  47  23   6   2   9  49  12   4  26  16  36  26  23  28   3  49  44   1  44  34  39  26  17  15  24  25   4  37  49  26  39   0  49  20  22  46  25  44 
  6  14  30  42   3   1  30  17  20  47  20  27  21  47  41  16  46   3  15  26  46  19  18   1  19  46  36   5  42   9   4  14  28   8  18  23  37  21  25  48  16  39  33   2   0  31  38  10  48   9 
 15  20  25   1   5  38  18  45  17  41  46  18  19  30  12  29  25  12   4  18  14  24   4  29  42  46   3   7  26  35  25  20  29  33   4   2  47  20   9  19   4  25  44  38   9   0  40  19  47  41 
  5  19  41   7  46  19  33  36  32  21  30  30  25  10  11  32  16  41  38  24  14  42  27  46  12   3  18  32  42  36  45  25  14  40  39  24  35  16  18  38  13   4  16   1  19  35   0  46  42   7 
 25  48  19  24  15  48  36  44  26  38  13  38  40  48  20  48   9   7  43  19  33  34  19  47   1  22  23  18  43  23  21  27  46  31  25  14  34  42   5  33   9  17  34  19  37  25   2   0  39  20 
 19  10  12  49  32  25   3  29  32  36  23  27   1  26  43  32  16  32  10  26  25   9   1  29  45   8  28  14   5  42  38   1  26  21   4  22  23  18  31  29  49  22  37  15  40  22   9   3   0  20 
 22  25  43   8  16   8  15   6  39  28   5   5  33  23  39  15  49   9  33  47  24  37  27   1  29  13  20  35  10  23  30  12  37  48  31   4  26  32  47  25   7   8  44  13  31  16  16  33  32   0 
Reldue
  583    2    2
  462    1    2
 1285    1    5
  491    7    7
  459    5    2
 1658    8    5
 1547    3    3
  774    3    1
 1181    5    3
  982    7    7
  664    4    8
 1907    3    9
  381    3    8
 1039    1    9
  980    3    6
  518    4    7
 1379    7    3
 1249    9    7
  760    4    4
  692    7    3
 1009    9    7
 1194    9    9
 1437    4    5
 1428    4    7
 1265    7    2
 1426    3    8
  873    9    7
  630    3    1
  597    3    5
  362    4    5
  703    4    6
  652    8    9
  809    9    8
 1436    1    8
  843    1    5
  901    4    8
  470    7    4
  487    7    8
  526    7    3
  676    7    9
 1097    2    6
 1325    6    2
  519    7    2
  747    3    9
  878    8    4
  775    4    7
  809    3    8
  797    6    2
  423    3    4
 1081    9    2
DDW
  542   624
  418   505
 1213  1358
  465   517
  430   487
 1531  1784
 1446  1647
  699   849
 1069  1293
  884  1080
  604   723
 1807  2007
  347   415
  949  1129
  918  1042
  484   552
 1283  1475
 1156  1341
  686   833
  648   736
  914  1104
 1096  1292
 1348  1526
 1355  1501
 1170  1361
 1328  1523
  816   931
  571   689
  538   656
  344   380
  653   753
  617   687
  744   873
 1328  1544
  790   896
  830   972
  427   513
  454   519
  488   563
  625   728
 1018  1175
 1222  1428
  476   562
  696   797
  806   951
  716   834
  765   854
  731   864
  397   448
 1025  1137
