20   5
MD
  3  4  3  3  2
PT
 74  87  50  44   4  46  92  48  47  56  84  64  73  67  70  21  84  28  77   7 
 29  11  40  85  86  24  64  34  18  95  70  27   6  14   2  74  53  75  79  18 
 39  24  47  26  70  59  44  52  54  79  85  10  48  30  90  12  30  81  93  66 
  5  77  69   9  38  19  44  59  77  33   3  26  15  79  43  74  96  62  42  68 
 39  21  28  47   4  58   1  24  68  76  34  77  65  68  31  83  56  72  62  74 
SSD
M0
  0  29  13   4  20  23   2  19  20  39  25  14  21  44  10  16  35  14  14  47 
  5   0  16  41  49  13  27  19  37  39  10  22  23   1  20  24   9  23  13  45 
 43   5   0  17  26  41  46  45  14   1  41  30  14  15  22  49  40  35  21  40 
 10  32  38   0  32  28   3  23  35  10  36  20  27  17  32   4  43  13   3  34 
 47  33  28  38   0  23  33  23  39   9  13  14  27  49  44  49  13   9  19  37 
  9  27  33  20  11   0  28  41   6  14  13  23  12  16  29  21  47  38   9  43 
 31  29  47  31  45  25   0  43  20  26  16  13  28  12  18   7  47  24  33  24 
 30  41  43  44  49  13  40   0  22   6  11  46  47   4  42  32  18  14   6  32 
 27  16  28  13  20   5  25  21   0  37  42  26  12   7  29  15   9  23  13  11 
 38   4  43  29  25  35  21  22  37   0  43  25  36   8  39  26  19   2  22  15 
 18  30  26  19  40  10  32   3  22  16   0   8  27   6  33  47  40  10   9  24 
 44  21  26  13  43  41  19  18  27   9  41   0  20  16  29  47   3  43  17  48 
 28  37  43  43  22  41  22  38  43  27  14  25   0  45  49  40   3  12   9  11 
 22  33  16  29  13  24  43  10  18  30  42   5  17   0   2  22  42  21   9  41 
 41  47  15  23  13  11  22  29  49  39   4  48  16  45   0  39  23  31  49  42 
 36  36  48  15  11  19  10  44  45  42  42   7  12   7  49   0  12  22  20  11 
 47  49  26   7  39  19  16  36  15  16  34  40  38  33   1   2   0  41  19   7 
 42  39  21  32   3  15   8  41  27  30  39  41  40  41  48  24  17   0  33  11 
  8  39  27  27  21   7  48  43  40   1   4  42  24  36  17   2  49  46   0  29 
 31  28  20  43  24  29  40  12  29   8  31   3  40  14   6  48  46  21  40   0 
M1
  0  29  13   4  20  23   2  19  20  39  25  14  21  44  10  16  35  14  14  47 
  5   0  16  41  49  13  27  19  37  39  10  22  23   1  20  24   9  23  13  45 
 43   5   0  17  26  41  46  45  14   1  41  30  14  15  22  49  40  35  21  40 
 10  32  38   0  32  28   3  23  35  10  36  20  27  17  32   4  43  13   3  34 
 47  33  28  38   0  23  33  23  39   9  13  14  27  49  44  49  13   9  19  37 
  9  27  33  20  11   0  28  41   6  14  13  23  12  16  29  21  47  38   9  43 
 31  29  47  31  45  25   0  43  20  26  16  13  28  12  18   7  47  24  33  24 
 30  41  43  44  49  13  40   0  22   6  11  46  47   4  42  32  18  14   6  32 
 27  16  28  13  20   5  25  21   0  37  42  26  12   7  29  15   9  23  13  11 
 38   4  43  29  25  35  21  22  37   0  43  25  36   8  39  26  19   2  22  15 
 18  30  26  19  40  10  32   3  22  16   0   8  27   6  33  47  40  10   9  24 
 44  21  26  13  43  41  19  18  27   9  41   0  20  16  29  47   3  43  17  48 
 28  37  43  43  22  41  22  38  43  27  14  25   0  45  49  40   3  12   9  11 
 22  33  16  29  13  24  43  10  18  30  42   5  17   0   2  22  42  21   9  41 
 41  47  15  23  13  11  22  29  49  39   4  48  16  45   0  39  23  31  49  42 
 36  36  48  15  11  19  10  44  45  42  42   7  12   7  49   0  12  22  20  11 
 47  49  26   7  39  19  16  36  15  16  34  40  38  33   1   2   0  41  19   7 
 42  39  21  32   3  15   8  41  27  30  39  41  40  41  48  24  17   0  33  11 
  8  39  27  27  21   7  48  43  40   1   4  42  24  36  17   2  49  46   0  29 
 31  28  20  43  24  29  40  12  29   8  31   3  40  14   6  48  46  21  40   0 
M2
  0  29  13   4  20  23   2  19  20  39  25  14  21  44  10  16  35  14  14  47 
  5   0  16  41  49  13  27  19  37  39  10  22  23   1  20  24   9  23  13  45 
 43   5   0  17  26  41  46  45  14   1  41  30  14  15  22  49  40  35  21  40 
 10  32  38   0  32  28   3  23  35  10  36  20  27  17  32   4  43  13   3  34 
 47  33  28  38   0  23  33  23  39   9  13  14  27  49  44  49  13   9  19  37 
  9  27  33  20  11   0  28  41   6  14  13  23  12  16  29  21  47  38   9  43 
 31  29  47  31  45  25   0  43  20  26  16  13  28  12  18   7  47  24  33  24 
 30  41  43  44  49  13  40   0  22   6  11  46  47   4  42  32  18  14   6  32 
 27  16  28  13  20   5  25  21   0  37  42  26  12   7  29  15   9  23  13  11 
 38   4  43  29  25  35  21  22  37   0  43  25  36   8  39  26  19   2  22  15 
 18  30  26  19  40  10  32   3  22  16   0   8  27   6  33  47  40  10   9  24 
 44  21  26  13  43  41  19  18  27   9  41   0  20  16  29  47   3  43  17  48 
 28  37  43  43  22  41  22  38  43  27  14  25   0  45  49  40   3  12   9  11 
 22  33  16  29  13  24  43  10  18  30  42   5  17   0   2  22  42  21   9  41 
 41  47  15  23  13  11  22  29  49  39   4  48  16  45   0  39  23  31  49  42 
 36  36  48  15  11  19  10  44  45  42  42   7  12   7  49   0  12  22  20  11 
 47  49  26   7  39  19  16  36  15  16  34  40  38  33   1   2   0  41  19   7 
 42  39  21  32   3  15   8  41  27  30  39  41  40  41  48  24  17   0  33  11 
  8  39  27  27  21   7  48  43  40   1   4  42  24  36  17   2  49  46   0  29 
 31  28  20  43  24  29  40  12  29   8  31   3  40  14   6  48  46  21  40   0 
M3
  0  29  13   4  20  23   2  19  20  39  25  14  21  44  10  16  35  14  14  47 
  5   0  16  41  49  13  27  19  37  39  10  22  23   1  20  24   9  23  13  45 
 43   5   0  17  26  41  46  45  14   1  41  30  14  15  22  49  40  35  21  40 
 10  32  38   0  32  28   3  23  35  10  36  20  27  17  32   4  43  13   3  34 
 47  33  28  38   0  23  33  23  39   9  13  14  27  49  44  49  13   9  19  37 
  9  27  33  20  11   0  28  41   6  14  13  23  12  16  29  21  47  38   9  43 
 31  29  47  31  45  25   0  43  20  26  16  13  28  12  18   7  47  24  33  24 
 30  41  43  44  49  13  40   0  22   6  11  46  47   4  42  32  18  14   6  32 
 27  16  28  13  20   5  25  21   0  37  42  26  12   7  29  15   9  23  13  11 
 38   4  43  29  25  35  21  22  37   0  43  25  36   8  39  26  19   2  22  15 
 18  30  26  19  40  10  32   3  22  16   0   8  27   6  33  47  40  10   9  24 
 44  21  26  13  43  41  19  18  27   9  41   0  20  16  29  47   3  43  17  48 
 28  37  43  43  22  41  22  38  43  27  14  25   0  45  49  40   3  12   9  11 
 22  33  16  29  13  24  43  10  18  30  42   5  17   0   2  22  42  21   9  41 
 41  47  15  23  13  11  22  29  49  39   4  48  16  45   0  39  23  31  49  42 
 36  36  48  15  11  19  10  44  45  42  42   7  12   7  49   0  12  22  20  11 
 47  49  26   7  39  19  16  36  15  16  34  40  38  33   1   2   0  41  19   7 
 42  39  21  32   3  15   8  41  27  30  39  41  40  41  48  24  17   0  33  11 
  8  39  27  27  21   7  48  43  40   1   4  42  24  36  17   2  49  46   0  29 
 31  28  20  43  24  29  40  12  29   8  31   3  40  14   6  48  46  21  40   0 
M4
  0  29  13   4  20  23   2  19  20  39  25  14  21  44  10  16  35  14  14  47 
  5   0  16  41  49  13  27  19  37  39  10  22  23   1  20  24   9  23  13  45 
 43   5   0  17  26  41  46  45  14   1  41  30  14  15  22  49  40  35  21  40 
 10  32  38   0  32  28   3  23  35  10  36  20  27  17  32   4  43  13   3  34 
 47  33  28  38   0  23  33  23  39   9  13  14  27  49  44  49  13   9  19  37 
  9  27  33  20  11   0  28  41   6  14  13  23  12  16  29  21  47  38   9  43 
 31  29  47  31  45  25   0  43  20  26  16  13  28  12  18   7  47  24  33  24 
 30  41  43  44  49  13  40   0  22   6  11  46  47   4  42  32  18  14   6  32 
 27  16  28  13  20   5  25  21   0  37  42  26  12   7  29  15   9  23  13  11 
 38   4  43  29  25  35  21  22  37   0  43  25  36   8  39  26  19   2  22  15 
 18  30  26  19  40  10  32   3  22  16   0   8  27   6  33  47  40  10   9  24 
 44  21  26  13  43  41  19  18  27   9  41   0  20  16  29  47   3  43  17  48 
 28  37  43  43  22  41  22  38  43  27  14  25   0  45  49  40   3  12   9  11 
 22  33  16  29  13  24  43  10  18  30  42   5  17   0   2  22  42  21   9  41 
 41  47  15  23  13  11  22  29  49  39   4  48  16  45   0  39  23  31  49  42 
 36  36  48  15  11  19  10  44  45  42  42   7  12   7  49   0  12  22  20  11 
 47  49  26   7  39  19  16  36  15  16  34  40  38  33   1   2   0  41  19   7 
 42  39  21  32   3  15   8  41  27  30  39  41  40  41  48  24  17   0  33  11 
  8  39  27  27  21   7  48  43  40   1   4  42  24  36  17   2  49  46   0  29 
 31  28  20  43  24  29  40  12  29   8  31   3  40  14   6  48  46  21  40   0 
Reldue
  607    6    9
 1323    1    4
  619    3    7
  897    3    2
 1144    2    1
 1053    1    5
 1395    9    1
  957    2    7
 1411    6    5
 1518    7    7
  592    9    1
  548    7    2
 1230    9    2
  411    7    7
 1366    9    4
  960    6    7
 1617    4    5
  819    8    9
 1339    2    7
 1157    8    3
DDW
  552   661
 1234  1411
  561   676
  825   970
 1083  1205
  952  1153
 1267  1524
  898  1015
 1333  1488
 1371  1664
  552   633
  518   578
 1135  1326
  371   451
 1275  1458
  885  1036
 1514  1721
  765   873
 1233  1446
 1042  1271
