20  10
MD
  3  3  5  4  3  2  2  3  5  2
PT
 14  56  57  54   6  89  28  50  33  35  27  78   8  40  51   9   8  48  14  60 
 21  46  41  21   9  69  93  91  51   4  28  68  99  89  36  81  36  58  61  63 
 57  40  21  59  73  11  37  91  31  48  27  83  77  31  89  22  86  99  59  38 
 41  48  45  32  26  41  77  36  27   2  39  22  67  31  55  86   5   1  31  30 
 20   7  57  85  33  63  96  75  51  76  70  71  65  63  10  57  76  14   5  57 
 64  67  89  45   3  41  33   5  83  73  98  19   2  79  94  34   5  67  49  74 
  6  18  37  61  99  43  97  16  58  21  54  97  89  21  16  36  40  60  82  25 
 24   4  14  52  44  11  88  14   2  96  94  82  76  29  28   4   7  61  50  15 
 70  77  55  77  25  28  46  88  97  15  40  16  42  25  79  16   1  58  37  47 
 50  55  28  11  51  15  21  29  18  36  45  34  60  51  51  14  68  94  91   1 
SSD
M0
  0  18  35  31  23   3  43  17  38   6  39  14  23  36  24   8  20  10  10  19 
 49   0  37  41   1  27  29  35  45  44  21  36   3  44   1   4  37  37  40  31 
  2  19   0   9  21  32   6  27   7  47   6  15  35  44   8  10  21  41   2  28 
 29  35  20   0   4  37   9  32   5  40  17  45   6   1  26  47  23   4  29  26 
 36  10  43  42   0  29  33  16  26  38  27  24  47   2  35  14  14  10   2  20 
 40  31   3  42  49   0  35  29  38  26  15  49   1  24   7  10  43   6  29  12 
 17  12  23  31   9  23   0  43  30  21  48   2  12  44  33   1  39  31  41  17 
 35  13   2  12  36   9  49   0  34  11  11  26  43  32  48  25  32   3  23  35 
 43  27  10  47  31  18   8  27   0  29   8  29   8  39  34  39  19  25  33  13 
 38  30  12  39  49  45   5  36   6   0  11  23  21  20  32  28   7   2  36  21 
 13  18   9  22  47  28  16  27  12   7   0  19  28  40  22  10  45   2  47   4 
 37  11  36   1   9  20  22  33  14  14  18   0  35  20  38  19  17  26  40  15 
 33  15   6   5  19  46  37  41  19   3  12  36   0  33  37  47  12  29  22  19 
 41  12  45  39   6   7   5  25  41  33  22  44  41   0  31  10  37  44  27  15 
 38  47   6  17  15  17  40  19  12  12  35  28  19   3   0  28  47  24  18  33 
 31   9  16  24  11   7  32  17  27  45  48  26  22   5  12   0  46  13   5  34 
 21   4  45  47  18  13  39  48  28  29  40  41  18  11   8  15   0   2  38  36 
 40  27  17  23  24  31  23  17  35  29  16  29   4  44  45  33  26   0  44  23 
 20   8  21  36  12  49   1   5  13  37   8  30  39  21  20  18   9  14   0  48 
 27   4  23   8  31   3  22  28   9  48   6   4   6  36  10  23  38  22  23   0 
M1
  0  18  35  31  23   3  43  17  38   6  39  14  23  36  24   8  20  10  10  19 
 49   0  37  41   1  27  29  35  45  44  21  36   3  44   1   4  37  37  40  31 
  2  19   0   9  21  32   6  27   7  47   6  15  35  44   8  10  21  41   2  28 
 29  35  20   0   4  37   9  32   5  40  17  45   6   1  26  47  23   4  29  26 
 36  10  43  42   0  29  33  16  26  38  27  24  47   2  35  14  14  10   2  20 
 40  31   3  42  49   0  35  29  38  26  15  49   1  24   7  10  43   6  29  12 
 17  12  23  31   9  23   0  43  30  21  48   2  12  44  33   1  39  31  41  17 
 35  13   2  12  36   9  49   0  34  11  11  26  43  32  48  25  32   3  23  35 
 43  27  10  47  31  18   8  27   0  29   8  29   8  39  34  39  19  25  33  13 
 38  30  12  39  49  45   5  36   6   0  11  23  21  20  32  28   7   2  36  21 
 13  18   9  22  47  28  16  27  12   7   0  19  28  40  22  10  45   2  47   4 
 37  11  36   1   9  20  22  33  14  14  18   0  35  20  38  19  17  26  40  15 
 33  15   6   5  19  46  37  41  19   3  12  36   0  33  37  47  12  29  22  19 
 41  12  45  39   6   7   5  25  41  33  22  44  41   0  31  10  37  44  27  15 
 38  47   6  17  15  17  40  19  12  12  35  28  19   3   0  28  47  24  18  33 
 31   9  16  24  11   7  32  17  27  45  48  26  22   5  12   0  46  13   5  34 
 21   4  45  47  18  13  39  48  28  29  40  41  18  11   8  15   0   2  38  36 
 40  27  17  23  24  31  23  17  35  29  16  29   4  44  45  33  26   0  44  23 
 20   8  21  36  12  49   1   5  13  37   8  30  39  21  20  18   9  14   0  48 
 27   4  23   8  31   3  22  28   9  48   6   4   6  36  10  23  38  22  23   0 
M2
  0  18  35  31  23   3  43  17  38   6  39  14  23  36  24   8  20  10  10  19 
 49   0  37  41   1  27  29  35  45  44  21  36   3  44   1   4  37  37  40  31 
  2  19   0   9  21  32   6  27   7  47   6  15  35  44   8  10  21  41   2  28 
 29  35  20   0   4  37   9  32   5  40  17  45   6   1  26  47  23   4  29  26 
 36  10  43  42   0  29  33  16  26  38  27  24  47   2  35  14  14  10   2  20 
 40  31   3  42  49   0  35  29  38  26  15  49   1  24   7  10  43   6  29  12 
 17  12  23  31   9  23   0  43  30  21  48   2  12  44  33   1  39  31  41  17 
 35  13   2  12  36   9  49   0  34  11  11  26  43  32  48  25  32   3  23  35 
 43  27  10  47  31  18   8  27   0  29   8  29   8  39  34  39  19  25  33  13 
 38  30  12  39  49  45   5  36   6   0  11  23  21  20  32  28   7   2  36  21 
 13  18   9  22  47  28  16  27  12   7   0  19  28  40  22  10  45   2  47   4 
 37  11  36   1   9  20  22  33  14  14  18   0  35  20  38  19  17  26  40  15 
 33  15   6   5  19  46  37  41  19   3  12  36   0  33  37  47  12  29  22  19 
 41  12  45  39   6   7   5  25  41  33  22  44  41   0  31  10  37  44  27  15 
 38  47   6  17  15  17  40  19  12  12  35  28  19   3   0  28  47  24  18  33 
 31   9  16  24  11   7  32  17  27  45  48  26  22   5  12   0  46  13   5  34 
 21   4  45  47  18  13  39  48  28  29  40  41  18  11   8  15   0   2  38  36 
 40  27  17  23  24  31  23  17  35  29  16  29   4  44  45  33  26   0  44  23 
 20   8  21  36  12  49   1   5  13  37   8  30  39  21  20  18   9  14   0  48 
 27   4  23   8  31   3  22  28   9  48   6   4   6  36  10  23  38  22  23   0 
M3
  0  18  35  31  23   3  43  17  38   6  39  14  23  36  24   8  20  10  10  19 
 49   0  37  41   1  27  29  35  45  44  21  36   3  44   1   4  37  37  40  31 
  2  19   0   9  21  32   6  27   7  47   6  15  35  44   8  10  21  41   2  28 
 29  35  20   0   4  37   9  32   5  40  17  45   6   1  26  47  23   4  29  26 
 36  10  43  42   0  29  33  16  26  38  27  24  47   2  35  14  14  10   2  20 
 40  31   3  42  49   0  35  29  38  26  15  49   1  24   7  10  43   6  29  12 
 17  12  23  31   9  23   0  43  30  21  48   2  12  44  33   1  39  31  41  17 
 35  13   2  12  36   9  49   0  34  11  11  26  43  32  48  25  32   3  23  35 
 43  27  10  47  31  18   8  27   0  29   8  29   8  39  34  39  19  25  33  13 
 38  30  12  39  49  45   5  36   6   0  11  23  21  20  32  28   7   2  36  21 
 13  18   9  22  47  28  16  27  12   7   0  19  28  40  22  10  45   2  47   4 
 37  11  36   1   9  20  22  33  14  14  18   0  35  20  38  19  17  26  40  15 
 33  15   6   5  19  46  37  41  19   3  12  36   0  33  37  47  12  29  22  19 
 41  12  45  39   6   7   5  25  41  33  22  44  41   0  31  10  37  44  27  15 
 38  47   6  17  15  17  40  19  12  12  35  28  19   3   0  28  47  24  18  33 
 31   9  16  24  11   7  32  17  27  45  48  26  22   5  12   0  46  13   5  34 
 21   4  45  47  18  13  39  48  28  29  40  41  18  11   8  15   0   2  38  36 
 40  27  17  23  24  31  23  17  35  29  16  29   4  44  45  33  26   0  44  23 
 20   8  21  36  12  49   1   5  13  37   8  30  39  21  20  18   9  14   0  48 
 27   4  23   8  31   3  22  28   9  48   6   4   6  36  10  23  38  22  23   0 
M4
  0  18  35  31  23   3  43  17  38   6  39  14  23  36  24   8  20  10  10  19 
 49   0  37  41   1  27  29  35  45  44  21  36   3  44   1   4  37  37  40  31 
  2  19   0   9  21  32   6  27   7  47   6  15  35  44   8  10  21  41   2  28 
 29  35  20   0   4  37   9  32   5  40  17  45   6   1  26  47  23   4  29  26 
 36  10  43  42   0  29  33  16  26  38  27  24  47   2  35  14  14  10   2  20 
 40  31   3  42  49   0  35  29  38  26  15  49   1  24   7  10  43   6  29  12 
 17  12  23  31   9  23   0  43  30  21  48   2  12  44  33   1  39  31  41  17 
 35  13   2  12  36   9  49   0  34  11  11  26  43  32  48  25  32   3  23  35 
 43  27  10  47  31  18   8  27   0  29   8  29   8  39  34  39  19  25  33  13 
 38  30  12  39  49  45   5  36   6   0  11  23  21  20  32  28   7   2  36  21 
 13  18   9  22  47  28  16  27  12   7   0  19  28  40  22  10  45   2  47   4 
 37  11  36   1   9  20  22  33  14  14  18   0  35  20  38  19  17  26  40  15 
 33  15   6   5  19  46  37  41  19   3  12  36   0  33  37  47  12  29  22  19 
 41  12  45  39   6   7   5  25  41  33  22  44  41   0  31  10  37  44  27  15 
 38  47   6  17  15  17  40  19  12  12  35  28  19   3   0  28  47  24  18  33 
 31   9  16  24  11   7  32  17  27  45  48  26  22   5  12   0  46  13   5  34 
 21   4  45  47  18  13  39  48  28  29  40  41  18  11   8  15   0   2  38  36 
 40  27  17  23  24  31  23  17  35  29  16  29   4  44  45  33  26   0  44  23 
 20   8  21  36  12  49   1   5  13  37   8  30  39  21  20  18   9  14   0  48 
 27   4  23   8  31   3  22  28   9  48   6   4   6  36  10  23  38  22  23   0 
M5
  0  18  35  31  23   3  43  17  38   6  39  14  23  36  24   8  20  10  10  19 
 49   0  37  41   1  27  29  35  45  44  21  36   3  44   1   4  37  37  40  31 
  2  19   0   9  21  32   6  27   7  47   6  15  35  44   8  10  21  41   2  28 
 29  35  20   0   4  37   9  32   5  40  17  45   6   1  26  47  23   4  29  26 
 36  10  43  42   0  29  33  16  26  38  27  24  47   2  35  14  14  10   2  20 
 40  31   3  42  49   0  35  29  38  26  15  49   1  24   7  10  43   6  29  12 
 17  12  23  31   9  23   0  43  30  21  48   2  12  44  33   1  39  31  41  17 
 35  13   2  12  36   9  49   0  34  11  11  26  43  32  48  25  32   3  23  35 
 43  27  10  47  31  18   8  27   0  29   8  29   8  39  34  39  19  25  33  13 
 38  30  12  39  49  45   5  36   6   0  11  23  21  20  32  28   7   2  36  21 
 13  18   9  22  47  28  16  27  12   7   0  19  28  40  22  10  45   2  47   4 
 37  11  36   1   9  20  22  33  14  14  18   0  35  20  38  19  17  26  40  15 
 33  15   6   5  19  46  37  41  19   3  12  36   0  33  37  47  12  29  22  19 
 41  12  45  39   6   7   5  25  41  33  22  44  41   0  31  10  37  44  27  15 
 38  47   6  17  15  17  40  19  12  12  35  28  19   3   0  28  47  24  18  33 
 31   9  16  24  11   7  32  17  27  45  48  26  22   5  12   0  46  13   5  34 
 21   4  45  47  18  13  39  48  28  29  40  41  18  11   8  15   0   2  38  36 
 40  27  17  23  24  31  23  17  35  29  16  29   4  44  45  33  26   0  44  23 
 20   8  21  36  12  49   1   5  13  37   8  30  39  21  20  18   9  14   0  48 
 27   4  23   8  31   3  22  28   9  48   6   4   6  36  10  23  38  22  23   0 
M6
  0  18  35  31  23   3  43  17  38   6  39  14  23  36  24   8  20  10  10  19 
 49   0  37  41   1  27  29  35  45  44  21  36   3  44   1   4  37  37  40  31 
  2  19   0   9  21  32   6  27   7  47   6  15  35  44   8  10  21  41   2  28 
 29  35  20   0   4  37   9  32   5  40  17  45   6   1  26  47  23   4  29  26 
 36  10  43  42   0  29  33  16  26  38  27  24  47   2  35  14  14  10   2  20 
 40  31   3  42  49   0  35  29  38  26  15  49   1  24   7  10  43   6  29  12 
 17  12  23  31   9  23   0  43  30  21  48   2  12  44  33   1  39  31  41  17 
 35  13   2  12  36   9  49   0  34  11  11  26  43  32  48  25  32   3  23  35 
 43  27  10  47  31  18   8  27   0  29   8  29   8  39  34  39  19  25  33  13 
 38  30  12  39  49  45   5  36   6   0  11  23  21  20  32  28   7   2  36  21 
 13  18   9  22  47  28  16  27  12   7   0  19  28  40  22  10  45   2  47   4 
 37  11  36   1   9  20  22  33  14  14  18   0  35  20  38  19  17  26  40  15 
 33  15   6   5  19  46  37  41  19   3  12  36   0  33  37  47  12  29  22  19 
 41  12  45  39   6   7   5  25  41  33  22  44  41   0  31  10  37  44  27  15 
 38  47   6  17  15  17  40  19  12  12  35  28  19   3   0  28  47  24  18  33 
 31   9  16  24  11   7  32  17  27  45  48  26  22   5  12   0  46  13   5  34 
 21   4  45  47  18  13  39  48  28  29  40  41  18  11   8  15   0   2  38  36 
 40  27  17  23  24  31  23  17  35  29  16  29   4  44  45  33  26   0  44  23 
 20   8  21  36  12  49   1   5  13  37   8  30  39  21  20  18   9  14   0  48 
 27   4  23   8  31   3  22  28   9  48   6   4   6  36  10  23  38  22  23   0 
M7
  0  18  35  31  23   3  43  17  38   6  39  14  23  36  24   8  20  10  10  19 
 49   0  37  41   1  27  29  35  45  44  21  36   3  44   1   4  37  37  40  31 
  2  19   0   9  21  32   6  27   7  47   6  15  35  44   8  10  21  41   2  28 
 29  35  20   0   4  37   9  32   5  40  17  45   6   1  26  47  23   4  29  26 
 36  10  43  42   0  29  33  16  26  38  27  24  47   2  35  14  14  10   2  20 
 40  31   3  42  49   0  35  29  38  26  15  49   1  24   7  10  43   6  29  12 
 17  12  23  31   9  23   0  43  30  21  48   2  12  44  33   1  39  31  41  17 
 35  13   2  12  36   9  49   0  34  11  11  26  43  32  48  25  32   3  23  35 
 43  27  10  47  31  18   8  27   0  29   8  29   8  39  34  39  19  25  33  13 
 38  30  12  39  49  45   5  36   6   0  11  23  21  20  32  28   7   2  36  21 
 13  18   9  22  47  28  16  27  12   7   0  19  28  40  22  10  45   2  47   4 
 37  11  36   1   9  20  22  33  14  14  18   0  35  20  38  19  17  26  40  15 
 33  15   6   5  19  46  37  41  19   3  12  36   0  33  37  47  12  29  22  19 
 41  12  45  39   6   7   5  25  41  33  22  44  41   0  31  10  37  44  27  15 
 38  47   6  17  15  17  40  19  12  12  35  28  19   3   0  28  47  24  18  33 
 31   9  16  24  11   7  32  17  27  45  48  26  22   5  12   0  46  13   5  34 
 21   4  45  47  18  13  39  48  28  29  40  41  18  11   8  15   0   2  38  36 
 40  27  17  23  24  31  23  17  35  29  16  29   4  44  45  33  26   0  44  23 
 20   8  21  36  12  49   1   5  13  37   8  30  39  21  20  18   9  14   0  48 
 27   4  23   8  31   3  22  28   9  48   6   4   6  36  10  23  38  22  23   0 
M8
  0  18  35  31  23   3  43  17  38   6  39  14  23  36  24   8  20  10  10  19 
 49   0  37  41   1  27  29  35  45  44  21  36   3  44   1   4  37  37  40  31 
  2  19   0   9  21  32   6  27   7  47   6  15  35  44   8  10  21  41   2  28 
 29  35  20   0   4  37   9  32   5  40  17  45   6   1  26  47  23   4  29  26 
 36  10  43  42   0  29  33  16  26  38  27  24  47   2  35  14  14  10   2  20 
 40  31   3  42  49   0  35  29  38  26  15  49   1  24   7  10  43   6  29  12 
 17  12  23  31   9  23   0  43  30  21  48   2  12  44  33   1  39  31  41  17 
 35  13   2  12  36   9  49   0  34  11  11  26  43  32  48  25  32   3  23  35 
 43  27  10  47  31  18   8  27   0  29   8  29   8  39  34  39  19  25  33  13 
 38  30  12  39  49  45   5  36   6   0  11  23  21  20  32  28   7   2  36  21 
 13  18   9  22  47  28  16  27  12   7   0  19  28  40  22  10  45   2  47   4 
 37  11  36   1   9  20  22  33  14  14  18   0  35  20  38  19  17  26  40  15 
 33  15   6   5  19  46  37  41  19   3  12  36   0  33  37  47  12  29  22  19 
 41  12  45  39   6   7   5  25  41  33  22  44  41   0  31  10  37  44  27  15 
 38  47   6  17  15  17  40  19  12  12  35  28  19   3   0  28  47  24  18  33 
 31   9  16  24  11   7  32  17  27  45  48  26  22   5  12   0  46  13   5  34 
 21   4  45  47  18  13  39  48  28  29  40  41  18  11   8  15   0   2  38  36 
 40  27  17  23  24  31  23  17  35  29  16  29   4  44  45  33  26   0  44  23 
 20   8  21  36  12  49   1   5  13  37   8  30  39  21  20  18   9  14   0  48 
 27   4  23   8  31   3  22  28   9  48   6   4   6  36  10  23  38  22  23   0 
M9
  0  18  35  31  23   3  43  17  38   6  39  14  23  36  24   8  20  10  10  19 
 49   0  37  41   1  27  29  35  45  44  21  36   3  44   1   4  37  37  40  31 
  2  19   0   9  21  32   6  27   7  47   6  15  35  44   8  10  21  41   2  28 
 29  35  20   0   4  37   9  32   5  40  17  45   6   1  26  47  23   4  29  26 
 36  10  43  42   0  29  33  16  26  38  27  24  47   2  35  14  14  10   2  20 
 40  31   3  42  49   0  35  29  38  26  15  49   1  24   7  10  43   6  29  12 
 17  12  23  31   9  23   0  43  30  21  48   2  12  44  33   1  39  31  41  17 
 35  13   2  12  36   9  49   0  34  11  11  26  43  32  48  25  32   3  23  35 
 43  27  10  47  31  18   8  27   0  29   8  29   8  39  34  39  19  25  33  13 
 38  30  12  39  49  45   5  36   6   0  11  23  21  20  32  28   7   2  36  21 
 13  18   9  22  47  28  16  27  12   7   0  19  28  40  22  10  45   2  47   4 
 37  11  36   1   9  20  22  33  14  14  18   0  35  20  38  19  17  26  40  15 
 33  15   6   5  19  46  37  41  19   3  12  36   0  33  37  47  12  29  22  19 
 41  12  45  39   6   7   5  25  41  33  22  44  41   0  31  10  37  44  27  15 
 38  47   6  17  15  17  40  19  12  12  35  28  19   3   0  28  47  24  18  33 
 31   9  16  24  11   7  32  17  27  45  48  26  22   5  12   0  46  13   5  34 
 21   4  45  47  18  13  39  48  28  29  40  41  18  11   8  15   0   2  38  36 
 40  27  17  23  24  31  23  17  35  29  16  29   4  44  45  33  26   0  44  23 
 20   8  21  36  12  49   1   5  13  37   8  30  39  21  20  18   9  14   0  48 
 27   4  23   8  31   3  22  28   9  48   6   4   6  36  10  23  38  22  23   0 
Reldue
 2189    8    7
  759    5    7
 1825    6    3
 2409    8    4
  888    9    1
 1265    3    7
 2037    2    8
 1186    5    3
 1187    5    3
 2467    7    6
 1324    5    7
 2516    9    9
  997    9    5
 2213    1    7
 1862    5    1
 1136    6    3
 1082    9    7
 2255    8    7
 2201    8    8
 1526    3    5
DDW
 2003  2374
  720   798
 1688  1961
 2275  2543
  820   957
 1181  1348
 1921  2153
 1121  1251
 1113  1262
 2271  2662
 1251  1397
 2341  2690
  909  1084
 1998  2427
 1677  2046
 1034  1238
 1023  1141
 2056  2454
 1984  2418
 1408  1643
