50   8
MD
  2  4  5  2  2  2  2  2
PT
 58  82  17  82  64  60  11   1  69  12  95  13  16  87  76  27  72   3   9  14   6   6  96  19  58  74  68   7  98  76  17  34  22  16  98  39  64  35  21  16   9  43  96  34  98  50  53  73  22  43 
 92  47  88  45  34  10  61  45  37  37  84  98  87  54  36  59  34  82  67  84  30  62  26  26  54  40  42  25  65  69   9  10  85  26  23   6  47  34  28  57  89  55  66  35  14  54  12  23  42  13 
 78  41  19   4  13  63  64  37  98  38  34  27  39  93  82  53  36  99  82  95   3  96  53  10  21  48  23  70  90  33  57  98   9  80  96  29  94  31  50  58  91  93  51  67  73   5  68  39  44  31 
 13  58  10  71  38  17  37  59  32  26  46  68  92  60  75  59  22  52  46  95   4  97  46  25  89  50   1  91  73   8  54   9  44  88  56  67  91  25  16  81  27   4  87  99  21  53  96  43  11  76 
 81  41  73  39  25  23  36  39  40  19  91  69  41  31  98  33  64  29  65   7  70  81  41   1   6  52  16  54  43  81  93  21  18   3  25  56  23  35  84  32  37  79  92  35  65  18  15  57  32  48 
 72  53  13  93  35  49  67  44  55  43  52   7  30  41  94  94  98  24  34  82   9  98  45  30  87  62  25  33  18  84  95  23  77  24  36  47  68  70  54  56  74  16  48  59  52  79  29   7  20  86 
 80  10  64  92   7  20  83  97  76  91  52  45   2  89  38   5  24  84  91  78  90  60  28   3  75  80  35  73  61  58  74  82  79  33  99  73  60  90  66  71  36  95  39  95  25  89  92  24  12  21 
 72  45  77  18  67  45  60  30  62  55  45  96  34  20  11  84  23  52   2  52   2  27   5  76   6  67  60  98  81  55   1  14  69   5  16  38   6  98  89  94  23  41   9  45  66  65  90  15  38  73 
SSD
M0
  0  14   6   6  27  24  34  31  30   7  36  20  24  41  43   4  11  45  37   8  34  40  35  22  31  15  49  29  34  16  20  37  35   2   2  40  34  35  20  35  45  48  32  38  26  22  22  49  44  28 
 44   0  30   5  34   1  15  19  36   5  36  45  11  18  47   5  37  32  49  20  35   6  37   9  27  44  29  46  10  30  27  35  26  44  28  44  49  30  36  15  21  25  34  21  31  31   9   5  16  38 
 23  37   0   7  28  33  48   4   7  15  44  36  46  11  47  42  42  23   3  11  31  26  33   8  34  46  47  11   3  12  20  48  33  21  35  17  26  32  24  13   5   3  30   3  34  14  31   2  49  11 
 24   6  27   0  19  45  37  12  21  40  20  12  33  20  36  44  32  30  18  28   9  42  39  12   3   3  26  30  12  46  36  12  23  37  38  13  37   2  34  15  24  31  18  13  34  23  45  12   4  41 
  2   6  32  41   0  11  33   4  21  32  37  41  15   8  41  44  20  41   3  12  39  38  22  20  14  31  18  47  45  28   6   4  32   7  46  19  49  47  26  49  31  16  38  10   9  38  15  26  14  39 
 40  34  27   2  43   0  24   4  37  34   3  13   3  29  23  23  10  10  11  42  22  46  43   1  10  25  38  25  31  41  19  46  37  12  25  27  13  24  43  38  47  36  15  15  28  12  22  25  38  36 
 36   9  48  23  25  41   0  44  33  44  39  29  44  40  14  42  13  25  23  34  48   5  15   5  36  15  17  33  44   1  47  24  29  33   2  25  30  46  16  41  33  29  30  17  49  14  41  13  20   9 
 30  19   7  38  25  17  21   0  47   7  24  15  49  42  12  18  31  13  46  45   5  39   7   7   1  40  23   2  29  19  28  14  45  13  19  32  25  29  33  36  23   2  26  16  21   5  33  32   8  33 
 44  10  39  36  45  36  44  11   0  37  16  18  13  33  29  21   8  29  43  11  12  13  20  37  44   3   7  32  22  49  12  27  41  40  35   9  48  33  44   8  28  29  24   5   9  15   5  32   8  36 
 38  46  42  21  28  44  25  48  22   0  21  31  40  28   7  14   7  33  36  38  31  26  42   5  25  28   6  44  15   4   9  17   5  19  48  26  14  37  28  49  19  32  43  38  44  39  37  37  22  39 
 34   6  47  12  49  18  31  12  27  42   0  35  25  37  26  44  12  23   5  26  24  14  45  40  32   5  22   2  42   6  14  30  32  29  27   7  37  46   6  42  48  16  38  38  14  36  45  39   1  27 
 28  26   3  49  29  33  44  11   1  12  22   0  18  18  23  27  34  43  25  30  25  23  41  20  48   9  27  19  11   5  30  29  37  19  38  18  13  38  25  33  19  39  30  21  28  42  46  24  43  24 
 15  35   6  22  48  12  40  46   9  24  12  18   0  10   8   7  49  21   8  35  38  33   7   9   7  23  20  34  27  42  41  36   6  43  29  45  40  40   4  16  34  11  43  16   9   8   6  47  17   2 
 40  18  26  12  24  45  37  26  33  14  44  18   5   0   9  34  33  33  43  35  20   3  44  27  33  14  21  45  41  27  46  42   5  31  47   8  21  40   9   5  26   8  26   2  34  33   5   8   7  11 
 39  42   1  23  16  12  18  18  15   4  37  18  18  20   0  27  36   1  36  13  44  18  49  38  45  23  24  12  43  19   4  39  27   2  38   1  11  35  41  35  45  16  29  44  32  30  47   7   2  40 
  8   6   8  15  16  15  12  39  25  34  44  26   7  42  40   0  25  24  35  39  12  36  24  24   8  20  42  30  25   5  35  24  40  32  39   6  45  16  19  12  33  49   7  19  13  10  39   4  14  26 
 26  26  19  49  38  44  34  31  22  26   7  41  19  13  33  37   0  10   8   3  28  28  46   6  10  12  31   5  41  27  42  46  15  22  11  15  37   7  40  44  33   6  41   9  26  21  11  12  20  45 
 42  22  38  22  30  16  21  36  32  10   1  23  13  37  39   2  10   0   2  29  12  42   4  11  40  31  20  47  28  21  48  47  10  29  18   3  39  29   5  32  48   8   7  22  30   2   5   1  17  18 
 11  12  13  44  42  24  45   4  26  31  20   4  23  31   2   5  23  41   0   8  40  47  36  33  43  11   8   5  33  20  15  40  25   7  43  26   5  39  13   4  40   7  29   8  33   1  41  27   2   6 
 42  34  27  44  41  41  38  33  32  30  37   5  48  42  31  45  26  17  33   0  39  32  32  13  36  31  42  35  37  48  27  35  18  26  40  26  47  31  13  14  44  30   4  36  47  23  47   2   9  29 
 34  11  29  15  17  43  32  36  18  14  18  16  48  21   6  20   6  20   5  22   0  35  13  24  43  45  28  36  24  36   1  27  19  22  10  27  43  43  25  10  38  38  12  48  33  18  44  41  44  37 
 17  24   9  23  32   4  17   4   4  49   8  29  25  31  17   4  27  32  26  12  18   0  34  33  32  48  22  40  18  36  36  23  18  45  22  32  29  46  48   9  20  28  14  13  43  40  47  35  39  13 
  7   6  18  34  18   9  12  28  22  29  39  47  39  40  46  22  23  45  49  20  39  14   0  12   5  13   1  13   5  37  28   1  13  16  25  32   9   9  16  42  18  34   8  33  41  44  15  39  20   6 
 13  38  11  12  10  34   7  35  35   4  24  24  40  22  45   6  11   6   3   8  19   9   4   0  11  44  41  38  42  27  31  40  31  12  11   5  32  39  29  43  45  12  18  17   5  18  47  24  41  36 
 47  48  10  16   3  10  36  29   4   8  30  35  46   8  13   2  33  21  31  20  11  19  42   4   0  28   2  18  38  37  46  17   1  13  15  23  45   7  15  22   3  39   5   7  47  18   2   8   4  37 
 40  45   9  35  11  30  41  47  46  11  12  28  29  33  35   7  30   8   9  21  21  16   1  36  15   0  20  29  21   9  32  13  48  42  11   4  16  43   5  22  38  30  45  30  21  35  13  34  13  28 
 24   5  36  49  46  26  48  32  37   2  31  48  22  21  45  16  37  29   7  26  20  15  42  17  26  46   0   7  44  23  47  42   8  34  40  22  40  19   1  30  22   7  48  20   8  45  31  21  43  40 
 49  12   4   2  27   8  19   6   7  40  17   3  46   3  33  42  18  42   1  47  13  45  16  36  47  19  45   0  25  41   3  45  31   8  28  30   7  24  38  16  13  42   7  14  23  34  31  40  46  39 
  3  20  38  18   7  37  27  42  11  27  35  19   1  18  46  14   5  31   8   6  42  32  16  38  26   4  13  19   0  49  31  17  21  29  41  48  24  45  41  39  29  14   1  48  34  23  37  34  28  10 
 45  42  16  48  32  28  35  20  27  36  14   2  39  40  36  11  49  26  41  26  41  44  27   9  49   5  34   5  31   0  39  48  10  32  28  44  48  17  49   4  38  47  27  23  40  38  14   9  37  39 
 29  40  29  25  23  37  28  49  22   4  45   2  23  41  24  20   4  15  44  30  14  29  44  17   4  33  43  44   5  28   0  21  11   7  27   1  21  17  33  17  17  32  26   9  24  46  47  36  14  45 
 14  13  35  34   3  26   3  15  33   1   5  38  10   4  36  36  30  40  49   3   8  37  45  18  32   1   2  37   3  49  20   0  28  36  34  37   3  39  41  15  15  48  38  13   4   1  29  22  25   6 
 48  22   9  28  44  28  11  17  26  38  26  28   6   6  31  35  23  44   2   3   4   2   5  38   2  20  20  24   8  40  48  14   0  44   6   5  29  26   1   1  48  28  37  44  19  21   2  49  42   3 
 40  33  20   3  15   8  18  40  17  21   3  31   7   7   7  40   1  20  30  43  33  46  17  37   9  27  36  49  47  23  14  39  12   0  33  31  17  12  16  23  13  10  30  40  14  41  31  24  24  23 
 38  40  30  10  11  41  15  42  46   8  19   4  41  45  12   2  13  42  42  20   4   3  37  42   5  10  18  16  23   9   5  14  14   4   0  45  14  34  20   7  33  21  34  16  12  15  16  40  26  49 
 20   1   7  48   6  39  46  19  39  36  34  46  43  40  29   5   9  34  37  49  22  44  37  22  23  24  24  12  12  39  12  21  37   1  32   0  28   7  21  12  22  12  19  26  42   1   1  33  23  36 
 39  40  35  48  40   5  38   4  10  14  11  45  48  44  42  14  34  15   9  48  47  36   7  45  43  45  18  20   7  13  21  41   4  41   5  20   0  15  18  35  26  20  44  12  31  34   8  32  10  33 
  7  26  44  21  27   1  11  35  39  29   1   7  47  17  38  19  17  18  35  12  23  41   8   4  27  44  39   5  36   9   2  40  12  37  28  46  42   0  19  41  32  42   1  31  32  11  18  35  12  38 
 42  15   6  31  16   6  39  30  45  24  20  27   8  15  31   2  39   4   3  45   7  32  12  15  11  11  44  31   6  49  36  11  49   2  18   5  33  15   0   4  37  25  40  38   8  22  34  42  42  21 
 29  44  22  27  39  39  41  44  28  45  29  30   5  12  46  19  36  49  34  12  12  45   1  12  48  14  35  25  30  12  41   6  28   7  24  14  27  14  18   0  44  17  26  24   7  45  32  31  18   1 
 44  28  40  25  42  30   4   9  27  28   2  29  48  43  47  47  17  19  33   4  13  32  15  43  43  38  31  30  22  21  31  16   7  36  31  46  12  44   7  45   0  40  24  27   2   3   1  12  10  14 
 19  41  25  46  19  14  25  11  37  28  46   3  48  33  23   3  31  29  12  44  39   3  25  20  13   1   3  36   1  48  16   7  41  22  24  20   7  11  34  35  20   0  45  12  25  45  40  45   2  25 
 18  36  32  15  33  33  17   9  48  10  33   8   6  29  18  32  45  39   3  31  22   4  48  24  29  20   1  41  23  14  19  24  31  34  27  29   3  11  15  36  11  27   0  35   9  33  18  36  16  42 
 29  25  23  44  18  45  46  43  21   9  44  38  28   2   1  32  12  20  22  17   8   2  20  10  25   2  14  35  14   7  15   3  26  23  42   7  29  29  16   5  14  24  41   0  13  45  27  21  11  43 
 46  31   1  32   8  20  28   1  41  25   5  43  31  19  19  48  31  37  22  35  49  26  34  34   3  33  37  49  36  45  32  38  48  12  36  49  34  23  46  18  27  25  40  13   0   7  36  12  16  41 
 42  39  16  26  48   5  22  12   7  36  34   4  13  25   1  20  37  42  17   4  23  11  38  12  32  32  38  24   1  27  30   3  39   9  40  38   2  11   4  11   8  46  26  25  44   0   8  45   7  35 
 29  37  47   8   1  15  41  22  12  14  39  22  16  23  46   3  29  48  33   3  34  10   7  47  28  22   6  26  38  34   6   2   9  14  44  28   3  18  35  21  19  12  43  25  38   9   0  20  21  30 
 30  17  14  39   5  47  44  23  46  36  25  41  28  12  17  44   4  47   4  41   2  22  27  25  24  10  29  38  14   8  14  38   7  44  35  19  22  31  29  20  13   6   8  14  32  24   2   0   6  48 
  7  40  33  25   4  19  31   2   9   5   8  46  14  15  35   1  26   5  22  16  10  37  21   7  12  30  40   5  22   1  12  22  16  33   3  35  30  35  39  44   2  12  45  17  29  49  10  47   0  49 
 31  22  37  25  22  48  25  29  35  17  12  39  44  45  23   3   3   4  20  36  13  13  19  37   4  39  26  18  45  32  12  39  46  32  44  36  41  39  43  43  40  20  38   9  10   7  49  49   2   0 
M1
  0  14   6   6  27  24  34  31  30   7  36  20  24  41  43   4  11  45  37   8  34  40  35  22  31  15  49  29  34  16  20  37  35   2   2  40  34  35  20  35  45  48  32  38  26  22  22  49  44  28 
 44   0  30   5  34   1  15  19  36   5  36  45  11  18  47   5  37  32  49  20  35   6  37   9  27  44  29  46  10  30  27  35  26  44  28  44  49  30  36  15  21  25  34  21  31  31   9   5  16  38 
 23  37   0   7  28  33  48   4   7  15  44  36  46  11  47  42  42  23   3  11  31  26  33   8  34  46  47  11   3  12  20  48  33  21  35  17  26  32  24  13   5   3  30   3  34  14  31   2  49  11 
 24   6  27   0  19  45  37  12  21  40  20  12  33  20  36  44  32  30  18  28   9  42  39  12   3   3  26  30  12  46  36  12  23  37  38  13  37   2  34  15  24  31  18  13  34  23  45  12   4  41 
  2   6  32  41   0  11  33   4  21  32  37  41  15   8  41  44  20  41   3  12  39  38  22  20  14  31  18  47  45  28   6   4  32   7  46  19  49  47  26  49  31  16  38  10   9  38  15  26  14  39 
 40  34  27   2  43   0  24   4  37  34   3  13   3  29  23  23  10  10  11  42  22  46  43   1  10  25  38  25  31  41  19  46  37  12  25  27  13  24  43  38  47  36  15  15  28  12  22  25  38  36 
 36   9  48  23  25  41   0  44  33  44  39  29  44  40  14  42  13  25  23  34  48   5  15   5  36  15  17  33  44   1  47  24  29  33   2  25  30  46  16  41  33  29  30  17  49  14  41  13  20   9 
 30  19   7  38  25  17  21   0  47   7  24  15  49  42  12  18  31  13  46  45   5  39   7   7   1  40  23   2  29  19  28  14  45  13  19  32  25  29  33  36  23   2  26  16  21   5  33  32   8  33 
 44  10  39  36  45  36  44  11   0  37  16  18  13  33  29  21   8  29  43  11  12  13  20  37  44   3   7  32  22  49  12  27  41  40  35   9  48  33  44   8  28  29  24   5   9  15   5  32   8  36 
 38  46  42  21  28  44  25  48  22   0  21  31  40  28   7  14   7  33  36  38  31  26  42   5  25  28   6  44  15   4   9  17   5  19  48  26  14  37  28  49  19  32  43  38  44  39  37  37  22  39 
 34   6  47  12  49  18  31  12  27  42   0  35  25  37  26  44  12  23   5  26  24  14  45  40  32   5  22   2  42   6  14  30  32  29  27   7  37  46   6  42  48  16  38  38  14  36  45  39   1  27 
 28  26   3  49  29  33  44  11   1  12  22   0  18  18  23  27  34  43  25  30  25  23  41  20  48   9  27  19  11   5  30  29  37  19  38  18  13  38  25  33  19  39  30  21  28  42  46  24  43  24 
 15  35   6  22  48  12  40  46   9  24  12  18   0  10   8   7  49  21   8  35  38  33   7   9   7  23  20  34  27  42  41  36   6  43  29  45  40  40   4  16  34  11  43  16   9   8   6  47  17   2 
 40  18  26  12  24  45  37  26  33  14  44  18   5   0   9  34  33  33  43  35  20   3  44  27  33  14  21  45  41  27  46  42   5  31  47   8  21  40   9   5  26   8  26   2  34  33   5   8   7  11 
 39  42   1  23  16  12  18  18  15   4  37  18  18  20   0  27  36   1  36  13  44  18  49  38  45  23  24  12  43  19   4  39  27   2  38   1  11  35  41  35  45  16  29  44  32  30  47   7   2  40 
  8   6   8  15  16  15  12  39  25  34  44  26   7  42  40   0  25  24  35  39  12  36  24  24   8  20  42  30  25   5  35  24  40  32  39   6  45  16  19  12  33  49   7  19  13  10  39   4  14  26 
 26  26  19  49  38  44  34  31  22  26   7  41  19  13  33  37   0  10   8   3  28  28  46   6  10  12  31   5  41  27  42  46  15  22  11  15  37   7  40  44  33   6  41   9  26  21  11  12  20  45 
 42  22  38  22  30  16  21  36  32  10   1  23  13  37  39   2  10   0   2  29  12  42   4  11  40  31  20  47  28  21  48  47  10  29  18   3  39  29   5  32  48   8   7  22  30   2   5   1  17  18 
 11  12  13  44  42  24  45   4  26  31  20   4  23  31   2   5  23  41   0   8  40  47  36  33  43  11   8   5  33  20  15  40  25   7  43  26   5  39  13   4  40   7  29   8  33   1  41  27   2   6 
 42  34  27  44  41  41  38  33  32  30  37   5  48  42  31  45  26  17  33   0  39  32  32  13  36  31  42  35  37  48  27  35  18  26  40  26  47  31  13  14  44  30   4  36  47  23  47   2   9  29 
 34  11  29  15  17  43  32  36  18  14  18  16  48  21   6  20   6  20   5  22   0  35  13  24  43  45  28  36  24  36   1  27  19  22  10  27  43  43  25  10  38  38  12  48  33  18  44  41  44  37 
 17  24   9  23  32   4  17   4   4  49   8  29  25  31  17   4  27  32  26  12  18   0  34  33  32  48  22  40  18  36  36  23  18  45  22  32  29  46  48   9  20  28  14  13  43  40  47  35  39  13 
  7   6  18  34  18   9  12  28  22  29  39  47  39  40  46  22  23  45  49  20  39  14   0  12   5  13   1  13   5  37  28   1  13  16  25  32   9   9  16  42  18  34   8  33  41  44  15  39  20   6 
 13  38  11  12  10  34   7  35  35   4  24  24  40  22  45   6  11   6   3   8  19   9   4   0  11  44  41  38  42  27  31  40  31  12  11   5  32  39  29  43  45  12  18  17   5  18  47  24  41  36 
 47  48  10  16   3  10  36  29   4   8  30  35  46   8  13   2  33  21  31  20  11  19  42   4   0  28   2  18  38  37  46  17   1  13  15  23  45   7  15  22   3  39   5   7  47  18   2   8   4  37 
 40  45   9  35  11  30  41  47  46  11  12  28  29  33  35   7  30   8   9  21  21  16   1  36  15   0  20  29  21   9  32  13  48  42  11   4  16  43   5  22  38  30  45  30  21  35  13  34  13  28 
 24   5  36  49  46  26  48  32  37   2  31  48  22  21  45  16  37  29   7  26  20  15  42  17  26  46   0   7  44  23  47  42   8  34  40  22  40  19   1  30  22   7  48  20   8  45  31  21  43  40 
 49  12   4   2  27   8  19   6   7  40  17   3  46   3  33  42  18  42   1  47  13  45  16  36  47  19  45   0  25  41   3  45  31   8  28  30   7  24  38  16  13  42   7  14  23  34  31  40  46  39 
  3  20  38  18   7  37  27  42  11  27  35  19   1  18  46  14   5  31   8   6  42  32  16  38  26   4  13  19   0  49  31  17  21  29  41  48  24  45  41  39  29  14   1  48  34  23  37  34  28  10 
 45  42  16  48  32  28  35  20  27  36  14   2  39  40  36  11  49  26  41  26  41  44  27   9  49   5  34   5  31   0  39  48  10  32  28  44  48  17  49   4  38  47  27  23  40  38  14   9  37  39 
 29  40  29  25  23  37  28  49  22   4  45   2  23  41  24  20   4  15  44  30  14  29  44  17   4  33  43  44   5  28   0  21  11   7  27   1  21  17  33  17  17  32  26   9  24  46  47  36  14  45 
 14  13  35  34   3  26   3  15  33   1   5  38  10   4  36  36  30  40  49   3   8  37  45  18  32   1   2  37   3  49  20   0  28  36  34  37   3  39  41  15  15  48  38  13   4   1  29  22  25   6 
 48  22   9  28  44  28  11  17  26  38  26  28   6   6  31  35  23  44   2   3   4   2   5  38   2  20  20  24   8  40  48  14   0  44   6   5  29  26   1   1  48  28  37  44  19  21   2  49  42   3 
 40  33  20   3  15   8  18  40  17  21   3  31   7   7   7  40   1  20  30  43  33  46  17  37   9  27  36  49  47  23  14  39  12   0  33  31  17  12  16  23  13  10  30  40  14  41  31  24  24  23 
 38  40  30  10  11  41  15  42  46   8  19   4  41  45  12   2  13  42  42  20   4   3  37  42   5  10  18  16  23   9   5  14  14   4   0  45  14  34  20   7  33  21  34  16  12  15  16  40  26  49 
 20   1   7  48   6  39  46  19  39  36  34  46  43  40  29   5   9  34  37  49  22  44  37  22  23  24  24  12  12  39  12  21  37   1  32   0  28   7  21  12  22  12  19  26  42   1   1  33  23  36 
 39  40  35  48  40   5  38   4  10  14  11  45  48  44  42  14  34  15   9  48  47  36   7  45  43  45  18  20   7  13  21  41   4  41   5  20   0  15  18  35  26  20  44  12  31  34   8  32  10  33 
  7  26  44  21  27   1  11  35  39  29   1   7  47  17  38  19  17  18  35  12  23  41   8   4  27  44  39   5  36   9   2  40  12  37  28  46  42   0  19  41  32  42   1  31  32  11  18  35  12  38 
 42  15   6  31  16   6  39  30  45  24  20  27   8  15  31   2  39   4   3  45   7  32  12  15  11  11  44  31   6  49  36  11  49   2  18   5  33  15   0   4  37  25  40  38   8  22  34  42  42  21 
 29  44  22  27  39  39  41  44  28  45  29  30   5  12  46  19  36  49  34  12  12  45   1  12  48  14  35  25  30  12  41   6  28   7  24  14  27  14  18   0  44  17  26  24   7  45  32  31  18   1 
 44  28  40  25  42  30   4   9  27  28   2  29  48  43  47  47  17  19  33   4  13  32  15  43  43  38  31  30  22  21  31  16   7  36  31  46  12  44   7  45   0  40  24  27   2   3   1  12  10  14 
 19  41  25  46  19  14  25  11  37  28  46   3  48  33  23   3  31  29  12  44  39   3  25  20  13   1   3  36   1  48  16   7  41  22  24  20   7  11  34  35  20   0  45  12  25  45  40  45   2  25 
 18  36  32  15  33  33  17   9  48  10  33   8   6  29  18  32  45  39   3  31  22   4  48  24  29  20   1  41  23  14  19  24  31  34  27  29   3  11  15  36  11  27   0  35   9  33  18  36  16  42 
 29  25  23  44  18  45  46  43  21   9  44  38  28   2   1  32  12  20  22  17   8   2  20  10  25   2  14  35  14   7  15   3  26  23  42   7  29  29  16   5  14  24  41   0  13  45  27  21  11  43 
 46  31   1  32   8  20  28   1  41  25   5  43  31  19  19  48  31  37  22  35  49  26  34  34   3  33  37  49  36  45  32  38  48  12  36  49  34  23  46  18  27  25  40  13   0   7  36  12  16  41 
 42  39  16  26  48   5  22  12   7  36  34   4  13  25   1  20  37  42  17   4  23  11  38  12  32  32  38  24   1  27  30   3  39   9  40  38   2  11   4  11   8  46  26  25  44   0   8  45   7  35 
 29  37  47   8   1  15  41  22  12  14  39  22  16  23  46   3  29  48  33   3  34  10   7  47  28  22   6  26  38  34   6   2   9  14  44  28   3  18  35  21  19  12  43  25  38   9   0  20  21  30 
 30  17  14  39   5  47  44  23  46  36  25  41  28  12  17  44   4  47   4  41   2  22  27  25  24  10  29  38  14   8  14  38   7  44  35  19  22  31  29  20  13   6   8  14  32  24   2   0   6  48 
  7  40  33  25   4  19  31   2   9   5   8  46  14  15  35   1  26   5  22  16  10  37  21   7  12  30  40   5  22   1  12  22  16  33   3  35  30  35  39  44   2  12  45  17  29  49  10  47   0  49 
 31  22  37  25  22  48  25  29  35  17  12  39  44  45  23   3   3   4  20  36  13  13  19  37   4  39  26  18  45  32  12  39  46  32  44  36  41  39  43  43  40  20  38   9  10   7  49  49   2   0 
M2
  0  14   6   6  27  24  34  31  30   7  36  20  24  41  43   4  11  45  37   8  34  40  35  22  31  15  49  29  34  16  20  37  35   2   2  40  34  35  20  35  45  48  32  38  26  22  22  49  44  28 
 44   0  30   5  34   1  15  19  36   5  36  45  11  18  47   5  37  32  49  20  35   6  37   9  27  44  29  46  10  30  27  35  26  44  28  44  49  30  36  15  21  25  34  21  31  31   9   5  16  38 
 23  37   0   7  28  33  48   4   7  15  44  36  46  11  47  42  42  23   3  11  31  26  33   8  34  46  47  11   3  12  20  48  33  21  35  17  26  32  24  13   5   3  30   3  34  14  31   2  49  11 
 24   6  27   0  19  45  37  12  21  40  20  12  33  20  36  44  32  30  18  28   9  42  39  12   3   3  26  30  12  46  36  12  23  37  38  13  37   2  34  15  24  31  18  13  34  23  45  12   4  41 
  2   6  32  41   0  11  33   4  21  32  37  41  15   8  41  44  20  41   3  12  39  38  22  20  14  31  18  47  45  28   6   4  32   7  46  19  49  47  26  49  31  16  38  10   9  38  15  26  14  39 
 40  34  27   2  43   0  24   4  37  34   3  13   3  29  23  23  10  10  11  42  22  46  43   1  10  25  38  25  31  41  19  46  37  12  25  27  13  24  43  38  47  36  15  15  28  12  22  25  38  36 
 36   9  48  23  25  41   0  44  33  44  39  29  44  40  14  42  13  25  23  34  48   5  15   5  36  15  17  33  44   1  47  24  29  33   2  25  30  46  16  41  33  29  30  17  49  14  41  13  20   9 
 30  19   7  38  25  17  21   0  47   7  24  15  49  42  12  18  31  13  46  45   5  39   7   7   1  40  23   2  29  19  28  14  45  13  19  32  25  29  33  36  23   2  26  16  21   5  33  32   8  33 
 44  10  39  36  45  36  44  11   0  37  16  18  13  33  29  21   8  29  43  11  12  13  20  37  44   3   7  32  22  49  12  27  41  40  35   9  48  33  44   8  28  29  24   5   9  15   5  32   8  36 
 38  46  42  21  28  44  25  48  22   0  21  31  40  28   7  14   7  33  36  38  31  26  42   5  25  28   6  44  15   4   9  17   5  19  48  26  14  37  28  49  19  32  43  38  44  39  37  37  22  39 
 34   6  47  12  49  18  31  12  27  42   0  35  25  37  26  44  12  23   5  26  24  14  45  40  32   5  22   2  42   6  14  30  32  29  27   7  37  46   6  42  48  16  38  38  14  36  45  39   1  27 
 28  26   3  49  29  33  44  11   1  12  22   0  18  18  23  27  34  43  25  30  25  23  41  20  48   9  27  19  11   5  30  29  37  19  38  18  13  38  25  33  19  39  30  21  28  42  46  24  43  24 
 15  35   6  22  48  12  40  46   9  24  12  18   0  10   8   7  49  21   8  35  38  33   7   9   7  23  20  34  27  42  41  36   6  43  29  45  40  40   4  16  34  11  43  16   9   8   6  47  17   2 
 40  18  26  12  24  45  37  26  33  14  44  18   5   0   9  34  33  33  43  35  20   3  44  27  33  14  21  45  41  27  46  42   5  31  47   8  21  40   9   5  26   8  26   2  34  33   5   8   7  11 
 39  42   1  23  16  12  18  18  15   4  37  18  18  20   0  27  36   1  36  13  44  18  49  38  45  23  24  12  43  19   4  39  27   2  38   1  11  35  41  35  45  16  29  44  32  30  47   7   2  40 
  8   6   8  15  16  15  12  39  25  34  44  26   7  42  40   0  25  24  35  39  12  36  24  24   8  20  42  30  25   5  35  24  40  32  39   6  45  16  19  12  33  49   7  19  13  10  39   4  14  26 
 26  26  19  49  38  44  34  31  22  26   7  41  19  13  33  37   0  10   8   3  28  28  46   6  10  12  31   5  41  27  42  46  15  22  11  15  37   7  40  44  33   6  41   9  26  21  11  12  20  45 
 42  22  38  22  30  16  21  36  32  10   1  23  13  37  39   2  10   0   2  29  12  42   4  11  40  31  20  47  28  21  48  47  10  29  18   3  39  29   5  32  48   8   7  22  30   2   5   1  17  18 
 11  12  13  44  42  24  45   4  26  31  20   4  23  31   2   5  23  41   0   8  40  47  36  33  43  11   8   5  33  20  15  40  25   7  43  26   5  39  13   4  40   7  29   8  33   1  41  27   2   6 
 42  34  27  44  41  41  38  33  32  30  37   5  48  42  31  45  26  17  33   0  39  32  32  13  36  31  42  35  37  48  27  35  18  26  40  26  47  31  13  14  44  30   4  36  47  23  47   2   9  29 
 34  11  29  15  17  43  32  36  18  14  18  16  48  21   6  20   6  20   5  22   0  35  13  24  43  45  28  36  24  36   1  27  19  22  10  27  43  43  25  10  38  38  12  48  33  18  44  41  44  37 
 17  24   9  23  32   4  17   4   4  49   8  29  25  31  17   4  27  32  26  12  18   0  34  33  32  48  22  40  18  36  36  23  18  45  22  32  29  46  48   9  20  28  14  13  43  40  47  35  39  13 
  7   6  18  34  18   9  12  28  22  29  39  47  39  40  46  22  23  45  49  20  39  14   0  12   5  13   1  13   5  37  28   1  13  16  25  32   9   9  16  42  18  34   8  33  41  44  15  39  20   6 
 13  38  11  12  10  34   7  35  35   4  24  24  40  22  45   6  11   6   3   8  19   9   4   0  11  44  41  38  42  27  31  40  31  12  11   5  32  39  29  43  45  12  18  17   5  18  47  24  41  36 
 47  48  10  16   3  10  36  29   4   8  30  35  46   8  13   2  33  21  31  20  11  19  42   4   0  28   2  18  38  37  46  17   1  13  15  23  45   7  15  22   3  39   5   7  47  18   2   8   4  37 
 40  45   9  35  11  30  41  47  46  11  12  28  29  33  35   7  30   8   9  21  21  16   1  36  15   0  20  29  21   9  32  13  48  42  11   4  16  43   5  22  38  30  45  30  21  35  13  34  13  28 
 24   5  36  49  46  26  48  32  37   2  31  48  22  21  45  16  37  29   7  26  20  15  42  17  26  46   0   7  44  23  47  42   8  34  40  22  40  19   1  30  22   7  48  20   8  45  31  21  43  40 
 49  12   4   2  27   8  19   6   7  40  17   3  46   3  33  42  18  42   1  47  13  45  16  36  47  19  45   0  25  41   3  45  31   8  28  30   7  24  38  16  13  42   7  14  23  34  31  40  46  39 
  3  20  38  18   7  37  27  42  11  27  35  19   1  18  46  14   5  31   8   6  42  32  16  38  26   4  13  19   0  49  31  17  21  29  41  48  24  45  41  39  29  14   1  48  34  23  37  34  28  10 
 45  42  16  48  32  28  35  20  27  36  14   2  39  40  36  11  49  26  41  26  41  44  27   9  49   5  34   5  31   0  39  48  10  32  28  44  48  17  49   4  38  47  27  23  40  38  14   9  37  39 
 29  40  29  25  23  37  28  49  22   4  45   2  23  41  24  20   4  15  44  30  14  29  44  17   4  33  43  44   5  28   0  21  11   7  27   1  21  17  33  17  17  32  26   9  24  46  47  36  14  45 
 14  13  35  34   3  26   3  15  33   1   5  38  10   4  36  36  30  40  49   3   8  37  45  18  32   1   2  37   3  49  20   0  28  36  34  37   3  39  41  15  15  48  38  13   4   1  29  22  25   6 
 48  22   9  28  44  28  11  17  26  38  26  28   6   6  31  35  23  44   2   3   4   2   5  38   2  20  20  24   8  40  48  14   0  44   6   5  29  26   1   1  48  28  37  44  19  21   2  49  42   3 
 40  33  20   3  15   8  18  40  17  21   3  31   7   7   7  40   1  20  30  43  33  46  17  37   9  27  36  49  47  23  14  39  12   0  33  31  17  12  16  23  13  10  30  40  14  41  31  24  24  23 
 38  40  30  10  11  41  15  42  46   8  19   4  41  45  12   2  13  42  42  20   4   3  37  42   5  10  18  16  23   9   5  14  14   4   0  45  14  34  20   7  33  21  34  16  12  15  16  40  26  49 
 20   1   7  48   6  39  46  19  39  36  34  46  43  40  29   5   9  34  37  49  22  44  37  22  23  24  24  12  12  39  12  21  37   1  32   0  28   7  21  12  22  12  19  26  42   1   1  33  23  36 
 39  40  35  48  40   5  38   4  10  14  11  45  48  44  42  14  34  15   9  48  47  36   7  45  43  45  18  20   7  13  21  41   4  41   5  20   0  15  18  35  26  20  44  12  31  34   8  32  10  33 
  7  26  44  21  27   1  11  35  39  29   1   7  47  17  38  19  17  18  35  12  23  41   8   4  27  44  39   5  36   9   2  40  12  37  28  46  42   0  19  41  32  42   1  31  32  11  18  35  12  38 
 42  15   6  31  16   6  39  30  45  24  20  27   8  15  31   2  39   4   3  45   7  32  12  15  11  11  44  31   6  49  36  11  49   2  18   5  33  15   0   4  37  25  40  38   8  22  34  42  42  21 
 29  44  22  27  39  39  41  44  28  45  29  30   5  12  46  19  36  49  34  12  12  45   1  12  48  14  35  25  30  12  41   6  28   7  24  14  27  14  18   0  44  17  26  24   7  45  32  31  18   1 
 44  28  40  25  42  30   4   9  27  28   2  29  48  43  47  47  17  19  33   4  13  32  15  43  43  38  31  30  22  21  31  16   7  36  31  46  12  44   7  45   0  40  24  27   2   3   1  12  10  14 
 19  41  25  46  19  14  25  11  37  28  46   3  48  33  23   3  31  29  12  44  39   3  25  20  13   1   3  36   1  48  16   7  41  22  24  20   7  11  34  35  20   0  45  12  25  45  40  45   2  25 
 18  36  32  15  33  33  17   9  48  10  33   8   6  29  18  32  45  39   3  31  22   4  48  24  29  20   1  41  23  14  19  24  31  34  27  29   3  11  15  36  11  27   0  35   9  33  18  36  16  42 
 29  25  23  44  18  45  46  43  21   9  44  38  28   2   1  32  12  20  22  17   8   2  20  10  25   2  14  35  14   7  15   3  26  23  42   7  29  29  16   5  14  24  41   0  13  45  27  21  11  43 
 46  31   1  32   8  20  28   1  41  25   5  43  31  19  19  48  31  37  22  35  49  26  34  34   3  33  37  49  36  45  32  38  48  12  36  49  34  23  46  18  27  25  40  13   0   7  36  12  16  41 
 42  39  16  26  48   5  22  12   7  36  34   4  13  25   1  20  37  42  17   4  23  11  38  12  32  32  38  24   1  27  30   3  39   9  40  38   2  11   4  11   8  46  26  25  44   0   8  45   7  35 
 29  37  47   8   1  15  41  22  12  14  39  22  16  23  46   3  29  48  33   3  34  10   7  47  28  22   6  26  38  34   6   2   9  14  44  28   3  18  35  21  19  12  43  25  38   9   0  20  21  30 
 30  17  14  39   5  47  44  23  46  36  25  41  28  12  17  44   4  47   4  41   2  22  27  25  24  10  29  38  14   8  14  38   7  44  35  19  22  31  29  20  13   6   8  14  32  24   2   0   6  48 
  7  40  33  25   4  19  31   2   9   5   8  46  14  15  35   1  26   5  22  16  10  37  21   7  12  30  40   5  22   1  12  22  16  33   3  35  30  35  39  44   2  12  45  17  29  49  10  47   0  49 
 31  22  37  25  22  48  25  29  35  17  12  39  44  45  23   3   3   4  20  36  13  13  19  37   4  39  26  18  45  32  12  39  46  32  44  36  41  39  43  43  40  20  38   9  10   7  49  49   2   0 
M3
  0  14   6   6  27  24  34  31  30   7  36  20  24  41  43   4  11  45  37   8  34  40  35  22  31  15  49  29  34  16  20  37  35   2   2  40  34  35  20  35  45  48  32  38  26  22  22  49  44  28 
 44   0  30   5  34   1  15  19  36   5  36  45  11  18  47   5  37  32  49  20  35   6  37   9  27  44  29  46  10  30  27  35  26  44  28  44  49  30  36  15  21  25  34  21  31  31   9   5  16  38 
 23  37   0   7  28  33  48   4   7  15  44  36  46  11  47  42  42  23   3  11  31  26  33   8  34  46  47  11   3  12  20  48  33  21  35  17  26  32  24  13   5   3  30   3  34  14  31   2  49  11 
 24   6  27   0  19  45  37  12  21  40  20  12  33  20  36  44  32  30  18  28   9  42  39  12   3   3  26  30  12  46  36  12  23  37  38  13  37   2  34  15  24  31  18  13  34  23  45  12   4  41 
  2   6  32  41   0  11  33   4  21  32  37  41  15   8  41  44  20  41   3  12  39  38  22  20  14  31  18  47  45  28   6   4  32   7  46  19  49  47  26  49  31  16  38  10   9  38  15  26  14  39 
 40  34  27   2  43   0  24   4  37  34   3  13   3  29  23  23  10  10  11  42  22  46  43   1  10  25  38  25  31  41  19  46  37  12  25  27  13  24  43  38  47  36  15  15  28  12  22  25  38  36 
 36   9  48  23  25  41   0  44  33  44  39  29  44  40  14  42  13  25  23  34  48   5  15   5  36  15  17  33  44   1  47  24  29  33   2  25  30  46  16  41  33  29  30  17  49  14  41  13  20   9 
 30  19   7  38  25  17  21   0  47   7  24  15  49  42  12  18  31  13  46  45   5  39   7   7   1  40  23   2  29  19  28  14  45  13  19  32  25  29  33  36  23   2  26  16  21   5  33  32   8  33 
 44  10  39  36  45  36  44  11   0  37  16  18  13  33  29  21   8  29  43  11  12  13  20  37  44   3   7  32  22  49  12  27  41  40  35   9  48  33  44   8  28  29  24   5   9  15   5  32   8  36 
 38  46  42  21  28  44  25  48  22   0  21  31  40  28   7  14   7  33  36  38  31  26  42   5  25  28   6  44  15   4   9  17   5  19  48  26  14  37  28  49  19  32  43  38  44  39  37  37  22  39 
 34   6  47  12  49  18  31  12  27  42   0  35  25  37  26  44  12  23   5  26  24  14  45  40  32   5  22   2  42   6  14  30  32  29  27   7  37  46   6  42  48  16  38  38  14  36  45  39   1  27 
 28  26   3  49  29  33  44  11   1  12  22   0  18  18  23  27  34  43  25  30  25  23  41  20  48   9  27  19  11   5  30  29  37  19  38  18  13  38  25  33  19  39  30  21  28  42  46  24  43  24 
 15  35   6  22  48  12  40  46   9  24  12  18   0  10   8   7  49  21   8  35  38  33   7   9   7  23  20  34  27  42  41  36   6  43  29  45  40  40   4  16  34  11  43  16   9   8   6  47  17   2 
 40  18  26  12  24  45  37  26  33  14  44  18   5   0   9  34  33  33  43  35  20   3  44  27  33  14  21  45  41  27  46  42   5  31  47   8  21  40   9   5  26   8  26   2  34  33   5   8   7  11 
 39  42   1  23  16  12  18  18  15   4  37  18  18  20   0  27  36   1  36  13  44  18  49  38  45  23  24  12  43  19   4  39  27   2  38   1  11  35  41  35  45  16  29  44  32  30  47   7   2  40 
  8   6   8  15  16  15  12  39  25  34  44  26   7  42  40   0  25  24  35  39  12  36  24  24   8  20  42  30  25   5  35  24  40  32  39   6  45  16  19  12  33  49   7  19  13  10  39   4  14  26 
 26  26  19  49  38  44  34  31  22  26   7  41  19  13  33  37   0  10   8   3  28  28  46   6  10  12  31   5  41  27  42  46  15  22  11  15  37   7  40  44  33   6  41   9  26  21  11  12  20  45 
 42  22  38  22  30  16  21  36  32  10   1  23  13  37  39   2  10   0   2  29  12  42   4  11  40  31  20  47  28  21  48  47  10  29  18   3  39  29   5  32  48   8   7  22  30   2   5   1  17  18 
 11  12  13  44  42  24  45   4  26  31  20   4  23  31   2   5  23  41   0   8  40  47  36  33  43  11   8   5  33  20  15  40  25   7  43  26   5  39  13   4  40   7  29   8  33   1  41  27   2   6 
 42  34  27  44  41  41  38  33  32  30  37   5  48  42  31  45  26  17  33   0  39  32  32  13  36  31  42  35  37  48  27  35  18  26  40  26  47  31  13  14  44  30   4  36  47  23  47   2   9  29 
 34  11  29  15  17  43  32  36  18  14  18  16  48  21   6  20   6  20   5  22   0  35  13  24  43  45  28  36  24  36   1  27  19  22  10  27  43  43  25  10  38  38  12  48  33  18  44  41  44  37 
 17  24   9  23  32   4  17   4   4  49   8  29  25  31  17   4  27  32  26  12  18   0  34  33  32  48  22  40  18  36  36  23  18  45  22  32  29  46  48   9  20  28  14  13  43  40  47  35  39  13 
  7   6  18  34  18   9  12  28  22  29  39  47  39  40  46  22  23  45  49  20  39  14   0  12   5  13   1  13   5  37  28   1  13  16  25  32   9   9  16  42  18  34   8  33  41  44  15  39  20   6 
 13  38  11  12  10  34   7  35  35   4  24  24  40  22  45   6  11   6   3   8  19   9   4   0  11  44  41  38  42  27  31  40  31  12  11   5  32  39  29  43  45  12  18  17   5  18  47  24  41  36 
 47  48  10  16   3  10  36  29   4   8  30  35  46   8  13   2  33  21  31  20  11  19  42   4   0  28   2  18  38  37  46  17   1  13  15  23  45   7  15  22   3  39   5   7  47  18   2   8   4  37 
 40  45   9  35  11  30  41  47  46  11  12  28  29  33  35   7  30   8   9  21  21  16   1  36  15   0  20  29  21   9  32  13  48  42  11   4  16  43   5  22  38  30  45  30  21  35  13  34  13  28 
 24   5  36  49  46  26  48  32  37   2  31  48  22  21  45  16  37  29   7  26  20  15  42  17  26  46   0   7  44  23  47  42   8  34  40  22  40  19   1  30  22   7  48  20   8  45  31  21  43  40 
 49  12   4   2  27   8  19   6   7  40  17   3  46   3  33  42  18  42   1  47  13  45  16  36  47  19  45   0  25  41   3  45  31   8  28  30   7  24  38  16  13  42   7  14  23  34  31  40  46  39 
  3  20  38  18   7  37  27  42  11  27  35  19   1  18  46  14   5  31   8   6  42  32  16  38  26   4  13  19   0  49  31  17  21  29  41  48  24  45  41  39  29  14   1  48  34  23  37  34  28  10 
 45  42  16  48  32  28  35  20  27  36  14   2  39  40  36  11  49  26  41  26  41  44  27   9  49   5  34   5  31   0  39  48  10  32  28  44  48  17  49   4  38  47  27  23  40  38  14   9  37  39 
 29  40  29  25  23  37  28  49  22   4  45   2  23  41  24  20   4  15  44  30  14  29  44  17   4  33  43  44   5  28   0  21  11   7  27   1  21  17  33  17  17  32  26   9  24  46  47  36  14  45 
 14  13  35  34   3  26   3  15  33   1   5  38  10   4  36  36  30  40  49   3   8  37  45  18  32   1   2  37   3  49  20   0  28  36  34  37   3  39  41  15  15  48  38  13   4   1  29  22  25   6 
 48  22   9  28  44  28  11  17  26  38  26  28   6   6  31  35  23  44   2   3   4   2   5  38   2  20  20  24   8  40  48  14   0  44   6   5  29  26   1   1  48  28  37  44  19  21   2  49  42   3 
 40  33  20   3  15   8  18  40  17  21   3  31   7   7   7  40   1  20  30  43  33  46  17  37   9  27  36  49  47  23  14  39  12   0  33  31  17  12  16  23  13  10  30  40  14  41  31  24  24  23 
 38  40  30  10  11  41  15  42  46   8  19   4  41  45  12   2  13  42  42  20   4   3  37  42   5  10  18  16  23   9   5  14  14   4   0  45  14  34  20   7  33  21  34  16  12  15  16  40  26  49 
 20   1   7  48   6  39  46  19  39  36  34  46  43  40  29   5   9  34  37  49  22  44  37  22  23  24  24  12  12  39  12  21  37   1  32   0  28   7  21  12  22  12  19  26  42   1   1  33  23  36 
 39  40  35  48  40   5  38   4  10  14  11  45  48  44  42  14  34  15   9  48  47  36   7  45  43  45  18  20   7  13  21  41   4  41   5  20   0  15  18  35  26  20  44  12  31  34   8  32  10  33 
  7  26  44  21  27   1  11  35  39  29   1   7  47  17  38  19  17  18  35  12  23  41   8   4  27  44  39   5  36   9   2  40  12  37  28  46  42   0  19  41  32  42   1  31  32  11  18  35  12  38 
 42  15   6  31  16   6  39  30  45  24  20  27   8  15  31   2  39   4   3  45   7  32  12  15  11  11  44  31   6  49  36  11  49   2  18   5  33  15   0   4  37  25  40  38   8  22  34  42  42  21 
 29  44  22  27  39  39  41  44  28  45  29  30   5  12  46  19  36  49  34  12  12  45   1  12  48  14  35  25  30  12  41   6  28   7  24  14  27  14  18   0  44  17  26  24   7  45  32  31  18   1 
 44  28  40  25  42  30   4   9  27  28   2  29  48  43  47  47  17  19  33   4  13  32  15  43  43  38  31  30  22  21  31  16   7  36  31  46  12  44   7  45   0  40  24  27   2   3   1  12  10  14 
 19  41  25  46  19  14  25  11  37  28  46   3  48  33  23   3  31  29  12  44  39   3  25  20  13   1   3  36   1  48  16   7  41  22  24  20   7  11  34  35  20   0  45  12  25  45  40  45   2  25 
 18  36  32  15  33  33  17   9  48  10  33   8   6  29  18  32  45  39   3  31  22   4  48  24  29  20   1  41  23  14  19  24  31  34  27  29   3  11  15  36  11  27   0  35   9  33  18  36  16  42 
 29  25  23  44  18  45  46  43  21   9  44  38  28   2   1  32  12  20  22  17   8   2  20  10  25   2  14  35  14   7  15   3  26  23  42   7  29  29  16   5  14  24  41   0  13  45  27  21  11  43 
 46  31   1  32   8  20  28   1  41  25   5  43  31  19  19  48  31  37  22  35  49  26  34  34   3  33  37  49  36  45  32  38  48  12  36  49  34  23  46  18  27  25  40  13   0   7  36  12  16  41 
 42  39  16  26  48   5  22  12   7  36  34   4  13  25   1  20  37  42  17   4  23  11  38  12  32  32  38  24   1  27  30   3  39   9  40  38   2  11   4  11   8  46  26  25  44   0   8  45   7  35 
 29  37  47   8   1  15  41  22  12  14  39  22  16  23  46   3  29  48  33   3  34  10   7  47  28  22   6  26  38  34   6   2   9  14  44  28   3  18  35  21  19  12  43  25  38   9   0  20  21  30 
 30  17  14  39   5  47  44  23  46  36  25  41  28  12  17  44   4  47   4  41   2  22  27  25  24  10  29  38  14   8  14  38   7  44  35  19  22  31  29  20  13   6   8  14  32  24   2   0   6  48 
  7  40  33  25   4  19  31   2   9   5   8  46  14  15  35   1  26   5  22  16  10  37  21   7  12  30  40   5  22   1  12  22  16  33   3  35  30  35  39  44   2  12  45  17  29  49  10  47   0  49 
 31  22  37  25  22  48  25  29  35  17  12  39  44  45  23   3   3   4  20  36  13  13  19  37   4  39  26  18  45  32  12  39  46  32  44  36  41  39  43  43  40  20  38   9  10   7  49  49   2   0 
M4
  0  14   6   6  27  24  34  31  30   7  36  20  24  41  43   4  11  45  37   8  34  40  35  22  31  15  49  29  34  16  20  37  35   2   2  40  34  35  20  35  45  48  32  38  26  22  22  49  44  28 
 44   0  30   5  34   1  15  19  36   5  36  45  11  18  47   5  37  32  49  20  35   6  37   9  27  44  29  46  10  30  27  35  26  44  28  44  49  30  36  15  21  25  34  21  31  31   9   5  16  38 
 23  37   0   7  28  33  48   4   7  15  44  36  46  11  47  42  42  23   3  11  31  26  33   8  34  46  47  11   3  12  20  48  33  21  35  17  26  32  24  13   5   3  30   3  34  14  31   2  49  11 
 24   6  27   0  19  45  37  12  21  40  20  12  33  20  36  44  32  30  18  28   9  42  39  12   3   3  26  30  12  46  36  12  23  37  38  13  37   2  34  15  24  31  18  13  34  23  45  12   4  41 
  2   6  32  41   0  11  33   4  21  32  37  41  15   8  41  44  20  41   3  12  39  38  22  20  14  31  18  47  45  28   6   4  32   7  46  19  49  47  26  49  31  16  38  10   9  38  15  26  14  39 
 40  34  27   2  43   0  24   4  37  34   3  13   3  29  23  23  10  10  11  42  22  46  43   1  10  25  38  25  31  41  19  46  37  12  25  27  13  24  43  38  47  36  15  15  28  12  22  25  38  36 
 36   9  48  23  25  41   0  44  33  44  39  29  44  40  14  42  13  25  23  34  48   5  15   5  36  15  17  33  44   1  47  24  29  33   2  25  30  46  16  41  33  29  30  17  49  14  41  13  20   9 
 30  19   7  38  25  17  21   0  47   7  24  15  49  42  12  18  31  13  46  45   5  39   7   7   1  40  23   2  29  19  28  14  45  13  19  32  25  29  33  36  23   2  26  16  21   5  33  32   8  33 
 44  10  39  36  45  36  44  11   0  37  16  18  13  33  29  21   8  29  43  11  12  13  20  37  44   3   7  32  22  49  12  27  41  40  35   9  48  33  44   8  28  29  24   5   9  15   5  32   8  36 
 38  46  42  21  28  44  25  48  22   0  21  31  40  28   7  14   7  33  36  38  31  26  42   5  25  28   6  44  15   4   9  17   5  19  48  26  14  37  28  49  19  32  43  38  44  39  37  37  22  39 
 34   6  47  12  49  18  31  12  27  42   0  35  25  37  26  44  12  23   5  26  24  14  45  40  32   5  22   2  42   6  14  30  32  29  27   7  37  46   6  42  48  16  38  38  14  36  45  39   1  27 
 28  26   3  49  29  33  44  11   1  12  22   0  18  18  23  27  34  43  25  30  25  23  41  20  48   9  27  19  11   5  30  29  37  19  38  18  13  38  25  33  19  39  30  21  28  42  46  24  43  24 
 15  35   6  22  48  12  40  46   9  24  12  18   0  10   8   7  49  21   8  35  38  33   7   9   7  23  20  34  27  42  41  36   6  43  29  45  40  40   4  16  34  11  43  16   9   8   6  47  17   2 
 40  18  26  12  24  45  37  26  33  14  44  18   5   0   9  34  33  33  43  35  20   3  44  27  33  14  21  45  41  27  46  42   5  31  47   8  21  40   9   5  26   8  26   2  34  33   5   8   7  11 
 39  42   1  23  16  12  18  18  15   4  37  18  18  20   0  27  36   1  36  13  44  18  49  38  45  23  24  12  43  19   4  39  27   2  38   1  11  35  41  35  45  16  29  44  32  30  47   7   2  40 
  8   6   8  15  16  15  12  39  25  34  44  26   7  42  40   0  25  24  35  39  12  36  24  24   8  20  42  30  25   5  35  24  40  32  39   6  45  16  19  12  33  49   7  19  13  10  39   4  14  26 
 26  26  19  49  38  44  34  31  22  26   7  41  19  13  33  37   0  10   8   3  28  28  46   6  10  12  31   5  41  27  42  46  15  22  11  15  37   7  40  44  33   6  41   9  26  21  11  12  20  45 
 42  22  38  22  30  16  21  36  32  10   1  23  13  37  39   2  10   0   2  29  12  42   4  11  40  31  20  47  28  21  48  47  10  29  18   3  39  29   5  32  48   8   7  22  30   2   5   1  17  18 
 11  12  13  44  42  24  45   4  26  31  20   4  23  31   2   5  23  41   0   8  40  47  36  33  43  11   8   5  33  20  15  40  25   7  43  26   5  39  13   4  40   7  29   8  33   1  41  27   2   6 
 42  34  27  44  41  41  38  33  32  30  37   5  48  42  31  45  26  17  33   0  39  32  32  13  36  31  42  35  37  48  27  35  18  26  40  26  47  31  13  14  44  30   4  36  47  23  47   2   9  29 
 34  11  29  15  17  43  32  36  18  14  18  16  48  21   6  20   6  20   5  22   0  35  13  24  43  45  28  36  24  36   1  27  19  22  10  27  43  43  25  10  38  38  12  48  33  18  44  41  44  37 
 17  24   9  23  32   4  17   4   4  49   8  29  25  31  17   4  27  32  26  12  18   0  34  33  32  48  22  40  18  36  36  23  18  45  22  32  29  46  48   9  20  28  14  13  43  40  47  35  39  13 
  7   6  18  34  18   9  12  28  22  29  39  47  39  40  46  22  23  45  49  20  39  14   0  12   5  13   1  13   5  37  28   1  13  16  25  32   9   9  16  42  18  34   8  33  41  44  15  39  20   6 
 13  38  11  12  10  34   7  35  35   4  24  24  40  22  45   6  11   6   3   8  19   9   4   0  11  44  41  38  42  27  31  40  31  12  11   5  32  39  29  43  45  12  18  17   5  18  47  24  41  36 
 47  48  10  16   3  10  36  29   4   8  30  35  46   8  13   2  33  21  31  20  11  19  42   4   0  28   2  18  38  37  46  17   1  13  15  23  45   7  15  22   3  39   5   7  47  18   2   8   4  37 
 40  45   9  35  11  30  41  47  46  11  12  28  29  33  35   7  30   8   9  21  21  16   1  36  15   0  20  29  21   9  32  13  48  42  11   4  16  43   5  22  38  30  45  30  21  35  13  34  13  28 
 24   5  36  49  46  26  48  32  37   2  31  48  22  21  45  16  37  29   7  26  20  15  42  17  26  46   0   7  44  23  47  42   8  34  40  22  40  19   1  30  22   7  48  20   8  45  31  21  43  40 
 49  12   4   2  27   8  19   6   7  40  17   3  46   3  33  42  18  42   1  47  13  45  16  36  47  19  45   0  25  41   3  45  31   8  28  30   7  24  38  16  13  42   7  14  23  34  31  40  46  39 
  3  20  38  18   7  37  27  42  11  27  35  19   1  18  46  14   5  31   8   6  42  32  16  38  26   4  13  19   0  49  31  17  21  29  41  48  24  45  41  39  29  14   1  48  34  23  37  34  28  10 
 45  42  16  48  32  28  35  20  27  36  14   2  39  40  36  11  49  26  41  26  41  44  27   9  49   5  34   5  31   0  39  48  10  32  28  44  48  17  49   4  38  47  27  23  40  38  14   9  37  39 
 29  40  29  25  23  37  28  49  22   4  45   2  23  41  24  20   4  15  44  30  14  29  44  17   4  33  43  44   5  28   0  21  11   7  27   1  21  17  33  17  17  32  26   9  24  46  47  36  14  45 
 14  13  35  34   3  26   3  15  33   1   5  38  10   4  36  36  30  40  49   3   8  37  45  18  32   1   2  37   3  49  20   0  28  36  34  37   3  39  41  15  15  48  38  13   4   1  29  22  25   6 
 48  22   9  28  44  28  11  17  26  38  26  28   6   6  31  35  23  44   2   3   4   2   5  38   2  20  20  24   8  40  48  14   0  44   6   5  29  26   1   1  48  28  37  44  19  21   2  49  42   3 
 40  33  20   3  15   8  18  40  17  21   3  31   7   7   7  40   1  20  30  43  33  46  17  37   9  27  36  49  47  23  14  39  12   0  33  31  17  12  16  23  13  10  30  40  14  41  31  24  24  23 
 38  40  30  10  11  41  15  42  46   8  19   4  41  45  12   2  13  42  42  20   4   3  37  42   5  10  18  16  23   9   5  14  14   4   0  45  14  34  20   7  33  21  34  16  12  15  16  40  26  49 
 20   1   7  48   6  39  46  19  39  36  34  46  43  40  29   5   9  34  37  49  22  44  37  22  23  24  24  12  12  39  12  21  37   1  32   0  28   7  21  12  22  12  19  26  42   1   1  33  23  36 
 39  40  35  48  40   5  38   4  10  14  11  45  48  44  42  14  34  15   9  48  47  36   7  45  43  45  18  20   7  13  21  41   4  41   5  20   0  15  18  35  26  20  44  12  31  34   8  32  10  33 
  7  26  44  21  27   1  11  35  39  29   1   7  47  17  38  19  17  18  35  12  23  41   8   4  27  44  39   5  36   9   2  40  12  37  28  46  42   0  19  41  32  42   1  31  32  11  18  35  12  38 
 42  15   6  31  16   6  39  30  45  24  20  27   8  15  31   2  39   4   3  45   7  32  12  15  11  11  44  31   6  49  36  11  49   2  18   5  33  15   0   4  37  25  40  38   8  22  34  42  42  21 
 29  44  22  27  39  39  41  44  28  45  29  30   5  12  46  19  36  49  34  12  12  45   1  12  48  14  35  25  30  12  41   6  28   7  24  14  27  14  18   0  44  17  26  24   7  45  32  31  18   1 
 44  28  40  25  42  30   4   9  27  28   2  29  48  43  47  47  17  19  33   4  13  32  15  43  43  38  31  30  22  21  31  16   7  36  31  46  12  44   7  45   0  40  24  27   2   3   1  12  10  14 
 19  41  25  46  19  14  25  11  37  28  46   3  48  33  23   3  31  29  12  44  39   3  25  20  13   1   3  36   1  48  16   7  41  22  24  20   7  11  34  35  20   0  45  12  25  45  40  45   2  25 
 18  36  32  15  33  33  17   9  48  10  33   8   6  29  18  32  45  39   3  31  22   4  48  24  29  20   1  41  23  14  19  24  31  34  27  29   3  11  15  36  11  27   0  35   9  33  18  36  16  42 
 29  25  23  44  18  45  46  43  21   9  44  38  28   2   1  32  12  20  22  17   8   2  20  10  25   2  14  35  14   7  15   3  26  23  42   7  29  29  16   5  14  24  41   0  13  45  27  21  11  43 
 46  31   1  32   8  20  28   1  41  25   5  43  31  19  19  48  31  37  22  35  49  26  34  34   3  33  37  49  36  45  32  38  48  12  36  49  34  23  46  18  27  25  40  13   0   7  36  12  16  41 
 42  39  16  26  48   5  22  12   7  36  34   4  13  25   1  20  37  42  17   4  23  11  38  12  32  32  38  24   1  27  30   3  39   9  40  38   2  11   4  11   8  46  26  25  44   0   8  45   7  35 
 29  37  47   8   1  15  41  22  12  14  39  22  16  23  46   3  29  48  33   3  34  10   7  47  28  22   6  26  38  34   6   2   9  14  44  28   3  18  35  21  19  12  43  25  38   9   0  20  21  30 
 30  17  14  39   5  47  44  23  46  36  25  41  28  12  17  44   4  47   4  41   2  22  27  25  24  10  29  38  14   8  14  38   7  44  35  19  22  31  29  20  13   6   8  14  32  24   2   0   6  48 
  7  40  33  25   4  19  31   2   9   5   8  46  14  15  35   1  26   5  22  16  10  37  21   7  12  30  40   5  22   1  12  22  16  33   3  35  30  35  39  44   2  12  45  17  29  49  10  47   0  49 
 31  22  37  25  22  48  25  29  35  17  12  39  44  45  23   3   3   4  20  36  13  13  19  37   4  39  26  18  45  32  12  39  46  32  44  36  41  39  43  43  40  20  38   9  10   7  49  49   2   0 
M5
  0  14   6   6  27  24  34  31  30   7  36  20  24  41  43   4  11  45  37   8  34  40  35  22  31  15  49  29  34  16  20  37  35   2   2  40  34  35  20  35  45  48  32  38  26  22  22  49  44  28 
 44   0  30   5  34   1  15  19  36   5  36  45  11  18  47   5  37  32  49  20  35   6  37   9  27  44  29  46  10  30  27  35  26  44  28  44  49  30  36  15  21  25  34  21  31  31   9   5  16  38 
 23  37   0   7  28  33  48   4   7  15  44  36  46  11  47  42  42  23   3  11  31  26  33   8  34  46  47  11   3  12  20  48  33  21  35  17  26  32  24  13   5   3  30   3  34  14  31   2  49  11 
 24   6  27   0  19  45  37  12  21  40  20  12  33  20  36  44  32  30  18  28   9  42  39  12   3   3  26  30  12  46  36  12  23  37  38  13  37   2  34  15  24  31  18  13  34  23  45  12   4  41 
  2   6  32  41   0  11  33   4  21  32  37  41  15   8  41  44  20  41   3  12  39  38  22  20  14  31  18  47  45  28   6   4  32   7  46  19  49  47  26  49  31  16  38  10   9  38  15  26  14  39 
 40  34  27   2  43   0  24   4  37  34   3  13   3  29  23  23  10  10  11  42  22  46  43   1  10  25  38  25  31  41  19  46  37  12  25  27  13  24  43  38  47  36  15  15  28  12  22  25  38  36 
 36   9  48  23  25  41   0  44  33  44  39  29  44  40  14  42  13  25  23  34  48   5  15   5  36  15  17  33  44   1  47  24  29  33   2  25  30  46  16  41  33  29  30  17  49  14  41  13  20   9 
 30  19   7  38  25  17  21   0  47   7  24  15  49  42  12  18  31  13  46  45   5  39   7   7   1  40  23   2  29  19  28  14  45  13  19  32  25  29  33  36  23   2  26  16  21   5  33  32   8  33 
 44  10  39  36  45  36  44  11   0  37  16  18  13  33  29  21   8  29  43  11  12  13  20  37  44   3   7  32  22  49  12  27  41  40  35   9  48  33  44   8  28  29  24   5   9  15   5  32   8  36 
 38  46  42  21  28  44  25  48  22   0  21  31  40  28   7  14   7  33  36  38  31  26  42   5  25  28   6  44  15   4   9  17   5  19  48  26  14  37  28  49  19  32  43  38  44  39  37  37  22  39 
 34   6  47  12  49  18  31  12  27  42   0  35  25  37  26  44  12  23   5  26  24  14  45  40  32   5  22   2  42   6  14  30  32  29  27   7  37  46   6  42  48  16  38  38  14  36  45  39   1  27 
 28  26   3  49  29  33  44  11   1  12  22   0  18  18  23  27  34  43  25  30  25  23  41  20  48   9  27  19  11   5  30  29  37  19  38  18  13  38  25  33  19  39  30  21  28  42  46  24  43  24 
 15  35   6  22  48  12  40  46   9  24  12  18   0  10   8   7  49  21   8  35  38  33   7   9   7  23  20  34  27  42  41  36   6  43  29  45  40  40   4  16  34  11  43  16   9   8   6  47  17   2 
 40  18  26  12  24  45  37  26  33  14  44  18   5   0   9  34  33  33  43  35  20   3  44  27  33  14  21  45  41  27  46  42   5  31  47   8  21  40   9   5  26   8  26   2  34  33   5   8   7  11 
 39  42   1  23  16  12  18  18  15   4  37  18  18  20   0  27  36   1  36  13  44  18  49  38  45  23  24  12  43  19   4  39  27   2  38   1  11  35  41  35  45  16  29  44  32  30  47   7   2  40 
  8   6   8  15  16  15  12  39  25  34  44  26   7  42  40   0  25  24  35  39  12  36  24  24   8  20  42  30  25   5  35  24  40  32  39   6  45  16  19  12  33  49   7  19  13  10  39   4  14  26 
 26  26  19  49  38  44  34  31  22  26   7  41  19  13  33  37   0  10   8   3  28  28  46   6  10  12  31   5  41  27  42  46  15  22  11  15  37   7  40  44  33   6  41   9  26  21  11  12  20  45 
 42  22  38  22  30  16  21  36  32  10   1  23  13  37  39   2  10   0   2  29  12  42   4  11  40  31  20  47  28  21  48  47  10  29  18   3  39  29   5  32  48   8   7  22  30   2   5   1  17  18 
 11  12  13  44  42  24  45   4  26  31  20   4  23  31   2   5  23  41   0   8  40  47  36  33  43  11   8   5  33  20  15  40  25   7  43  26   5  39  13   4  40   7  29   8  33   1  41  27   2   6 
 42  34  27  44  41  41  38  33  32  30  37   5  48  42  31  45  26  17  33   0  39  32  32  13  36  31  42  35  37  48  27  35  18  26  40  26  47  31  13  14  44  30   4  36  47  23  47   2   9  29 
 34  11  29  15  17  43  32  36  18  14  18  16  48  21   6  20   6  20   5  22   0  35  13  24  43  45  28  36  24  36   1  27  19  22  10  27  43  43  25  10  38  38  12  48  33  18  44  41  44  37 
 17  24   9  23  32   4  17   4   4  49   8  29  25  31  17   4  27  32  26  12  18   0  34  33  32  48  22  40  18  36  36  23  18  45  22  32  29  46  48   9  20  28  14  13  43  40  47  35  39  13 
  7   6  18  34  18   9  12  28  22  29  39  47  39  40  46  22  23  45  49  20  39  14   0  12   5  13   1  13   5  37  28   1  13  16  25  32   9   9  16  42  18  34   8  33  41  44  15  39  20   6 
 13  38  11  12  10  34   7  35  35   4  24  24  40  22  45   6  11   6   3   8  19   9   4   0  11  44  41  38  42  27  31  40  31  12  11   5  32  39  29  43  45  12  18  17   5  18  47  24  41  36 
 47  48  10  16   3  10  36  29   4   8  30  35  46   8  13   2  33  21  31  20  11  19  42   4   0  28   2  18  38  37  46  17   1  13  15  23  45   7  15  22   3  39   5   7  47  18   2   8   4  37 
 40  45   9  35  11  30  41  47  46  11  12  28  29  33  35   7  30   8   9  21  21  16   1  36  15   0  20  29  21   9  32  13  48  42  11   4  16  43   5  22  38  30  45  30  21  35  13  34  13  28 
 24   5  36  49  46  26  48  32  37   2  31  48  22  21  45  16  37  29   7  26  20  15  42  17  26  46   0   7  44  23  47  42   8  34  40  22  40  19   1  30  22   7  48  20   8  45  31  21  43  40 
 49  12   4   2  27   8  19   6   7  40  17   3  46   3  33  42  18  42   1  47  13  45  16  36  47  19  45   0  25  41   3  45  31   8  28  30   7  24  38  16  13  42   7  14  23  34  31  40  46  39 
  3  20  38  18   7  37  27  42  11  27  35  19   1  18  46  14   5  31   8   6  42  32  16  38  26   4  13  19   0  49  31  17  21  29  41  48  24  45  41  39  29  14   1  48  34  23  37  34  28  10 
 45  42  16  48  32  28  35  20  27  36  14   2  39  40  36  11  49  26  41  26  41  44  27   9  49   5  34   5  31   0  39  48  10  32  28  44  48  17  49   4  38  47  27  23  40  38  14   9  37  39 
 29  40  29  25  23  37  28  49  22   4  45   2  23  41  24  20   4  15  44  30  14  29  44  17   4  33  43  44   5  28   0  21  11   7  27   1  21  17  33  17  17  32  26   9  24  46  47  36  14  45 
 14  13  35  34   3  26   3  15  33   1   5  38  10   4  36  36  30  40  49   3   8  37  45  18  32   1   2  37   3  49  20   0  28  36  34  37   3  39  41  15  15  48  38  13   4   1  29  22  25   6 
 48  22   9  28  44  28  11  17  26  38  26  28   6   6  31  35  23  44   2   3   4   2   5  38   2  20  20  24   8  40  48  14   0  44   6   5  29  26   1   1  48  28  37  44  19  21   2  49  42   3 
 40  33  20   3  15   8  18  40  17  21   3  31   7   7   7  40   1  20  30  43  33  46  17  37   9  27  36  49  47  23  14  39  12   0  33  31  17  12  16  23  13  10  30  40  14  41  31  24  24  23 
 38  40  30  10  11  41  15  42  46   8  19   4  41  45  12   2  13  42  42  20   4   3  37  42   5  10  18  16  23   9   5  14  14   4   0  45  14  34  20   7  33  21  34  16  12  15  16  40  26  49 
 20   1   7  48   6  39  46  19  39  36  34  46  43  40  29   5   9  34  37  49  22  44  37  22  23  24  24  12  12  39  12  21  37   1  32   0  28   7  21  12  22  12  19  26  42   1   1  33  23  36 
 39  40  35  48  40   5  38   4  10  14  11  45  48  44  42  14  34  15   9  48  47  36   7  45  43  45  18  20   7  13  21  41   4  41   5  20   0  15  18  35  26  20  44  12  31  34   8  32  10  33 
  7  26  44  21  27   1  11  35  39  29   1   7  47  17  38  19  17  18  35  12  23  41   8   4  27  44  39   5  36   9   2  40  12  37  28  46  42   0  19  41  32  42   1  31  32  11  18  35  12  38 
 42  15   6  31  16   6  39  30  45  24  20  27   8  15  31   2  39   4   3  45   7  32  12  15  11  11  44  31   6  49  36  11  49   2  18   5  33  15   0   4  37  25  40  38   8  22  34  42  42  21 
 29  44  22  27  39  39  41  44  28  45  29  30   5  12  46  19  36  49  34  12  12  45   1  12  48  14  35  25  30  12  41   6  28   7  24  14  27  14  18   0  44  17  26  24   7  45  32  31  18   1 
 44  28  40  25  42  30   4   9  27  28   2  29  48  43  47  47  17  19  33   4  13  32  15  43  43  38  31  30  22  21  31  16   7  36  31  46  12  44   7  45   0  40  24  27   2   3   1  12  10  14 
 19  41  25  46  19  14  25  11  37  28  46   3  48  33  23   3  31  29  12  44  39   3  25  20  13   1   3  36   1  48  16   7  41  22  24  20   7  11  34  35  20   0  45  12  25  45  40  45   2  25 
 18  36  32  15  33  33  17   9  48  10  33   8   6  29  18  32  45  39   3  31  22   4  48  24  29  20   1  41  23  14  19  24  31  34  27  29   3  11  15  36  11  27   0  35   9  33  18  36  16  42 
 29  25  23  44  18  45  46  43  21   9  44  38  28   2   1  32  12  20  22  17   8   2  20  10  25   2  14  35  14   7  15   3  26  23  42   7  29  29  16   5  14  24  41   0  13  45  27  21  11  43 
 46  31   1  32   8  20  28   1  41  25   5  43  31  19  19  48  31  37  22  35  49  26  34  34   3  33  37  49  36  45  32  38  48  12  36  49  34  23  46  18  27  25  40  13   0   7  36  12  16  41 
 42  39  16  26  48   5  22  12   7  36  34   4  13  25   1  20  37  42  17   4  23  11  38  12  32  32  38  24   1  27  30   3  39   9  40  38   2  11   4  11   8  46  26  25  44   0   8  45   7  35 
 29  37  47   8   1  15  41  22  12  14  39  22  16  23  46   3  29  48  33   3  34  10   7  47  28  22   6  26  38  34   6   2   9  14  44  28   3  18  35  21  19  12  43  25  38   9   0  20  21  30 
 30  17  14  39   5  47  44  23  46  36  25  41  28  12  17  44   4  47   4  41   2  22  27  25  24  10  29  38  14   8  14  38   7  44  35  19  22  31  29  20  13   6   8  14  32  24   2   0   6  48 
  7  40  33  25   4  19  31   2   9   5   8  46  14  15  35   1  26   5  22  16  10  37  21   7  12  30  40   5  22   1  12  22  16  33   3  35  30  35  39  44   2  12  45  17  29  49  10  47   0  49 
 31  22  37  25  22  48  25  29  35  17  12  39  44  45  23   3   3   4  20  36  13  13  19  37   4  39  26  18  45  32  12  39  46  32  44  36  41  39  43  43  40  20  38   9  10   7  49  49   2   0 
M6
  0  14   6   6  27  24  34  31  30   7  36  20  24  41  43   4  11  45  37   8  34  40  35  22  31  15  49  29  34  16  20  37  35   2   2  40  34  35  20  35  45  48  32  38  26  22  22  49  44  28 
 44   0  30   5  34   1  15  19  36   5  36  45  11  18  47   5  37  32  49  20  35   6  37   9  27  44  29  46  10  30  27  35  26  44  28  44  49  30  36  15  21  25  34  21  31  31   9   5  16  38 
 23  37   0   7  28  33  48   4   7  15  44  36  46  11  47  42  42  23   3  11  31  26  33   8  34  46  47  11   3  12  20  48  33  21  35  17  26  32  24  13   5   3  30   3  34  14  31   2  49  11 
 24   6  27   0  19  45  37  12  21  40  20  12  33  20  36  44  32  30  18  28   9  42  39  12   3   3  26  30  12  46  36  12  23  37  38  13  37   2  34  15  24  31  18  13  34  23  45  12   4  41 
  2   6  32  41   0  11  33   4  21  32  37  41  15   8  41  44  20  41   3  12  39  38  22  20  14  31  18  47  45  28   6   4  32   7  46  19  49  47  26  49  31  16  38  10   9  38  15  26  14  39 
 40  34  27   2  43   0  24   4  37  34   3  13   3  29  23  23  10  10  11  42  22  46  43   1  10  25  38  25  31  41  19  46  37  12  25  27  13  24  43  38  47  36  15  15  28  12  22  25  38  36 
 36   9  48  23  25  41   0  44  33  44  39  29  44  40  14  42  13  25  23  34  48   5  15   5  36  15  17  33  44   1  47  24  29  33   2  25  30  46  16  41  33  29  30  17  49  14  41  13  20   9 
 30  19   7  38  25  17  21   0  47   7  24  15  49  42  12  18  31  13  46  45   5  39   7   7   1  40  23   2  29  19  28  14  45  13  19  32  25  29  33  36  23   2  26  16  21   5  33  32   8  33 
 44  10  39  36  45  36  44  11   0  37  16  18  13  33  29  21   8  29  43  11  12  13  20  37  44   3   7  32  22  49  12  27  41  40  35   9  48  33  44   8  28  29  24   5   9  15   5  32   8  36 
 38  46  42  21  28  44  25  48  22   0  21  31  40  28   7  14   7  33  36  38  31  26  42   5  25  28   6  44  15   4   9  17   5  19  48  26  14  37  28  49  19  32  43  38  44  39  37  37  22  39 
 34   6  47  12  49  18  31  12  27  42   0  35  25  37  26  44  12  23   5  26  24  14  45  40  32   5  22   2  42   6  14  30  32  29  27   7  37  46   6  42  48  16  38  38  14  36  45  39   1  27 
 28  26   3  49  29  33  44  11   1  12  22   0  18  18  23  27  34  43  25  30  25  23  41  20  48   9  27  19  11   5  30  29  37  19  38  18  13  38  25  33  19  39  30  21  28  42  46  24  43  24 
 15  35   6  22  48  12  40  46   9  24  12  18   0  10   8   7  49  21   8  35  38  33   7   9   7  23  20  34  27  42  41  36   6  43  29  45  40  40   4  16  34  11  43  16   9   8   6  47  17   2 
 40  18  26  12  24  45  37  26  33  14  44  18   5   0   9  34  33  33  43  35  20   3  44  27  33  14  21  45  41  27  46  42   5  31  47   8  21  40   9   5  26   8  26   2  34  33   5   8   7  11 
 39  42   1  23  16  12  18  18  15   4  37  18  18  20   0  27  36   1  36  13  44  18  49  38  45  23  24  12  43  19   4  39  27   2  38   1  11  35  41  35  45  16  29  44  32  30  47   7   2  40 
  8   6   8  15  16  15  12  39  25  34  44  26   7  42  40   0  25  24  35  39  12  36  24  24   8  20  42  30  25   5  35  24  40  32  39   6  45  16  19  12  33  49   7  19  13  10  39   4  14  26 
 26  26  19  49  38  44  34  31  22  26   7  41  19  13  33  37   0  10   8   3  28  28  46   6  10  12  31   5  41  27  42  46  15  22  11  15  37   7  40  44  33   6  41   9  26  21  11  12  20  45 
 42  22  38  22  30  16  21  36  32  10   1  23  13  37  39   2  10   0   2  29  12  42   4  11  40  31  20  47  28  21  48  47  10  29  18   3  39  29   5  32  48   8   7  22  30   2   5   1  17  18 
 11  12  13  44  42  24  45   4  26  31  20   4  23  31   2   5  23  41   0   8  40  47  36  33  43  11   8   5  33  20  15  40  25   7  43  26   5  39  13   4  40   7  29   8  33   1  41  27   2   6 
 42  34  27  44  41  41  38  33  32  30  37   5  48  42  31  45  26  17  33   0  39  32  32  13  36  31  42  35  37  48  27  35  18  26  40  26  47  31  13  14  44  30   4  36  47  23  47   2   9  29 
 34  11  29  15  17  43  32  36  18  14  18  16  48  21   6  20   6  20   5  22   0  35  13  24  43  45  28  36  24  36   1  27  19  22  10  27  43  43  25  10  38  38  12  48  33  18  44  41  44  37 
 17  24   9  23  32   4  17   4   4  49   8  29  25  31  17   4  27  32  26  12  18   0  34  33  32  48  22  40  18  36  36  23  18  45  22  32  29  46  48   9  20  28  14  13  43  40  47  35  39  13 
  7   6  18  34  18   9  12  28  22  29  39  47  39  40  46  22  23  45  49  20  39  14   0  12   5  13   1  13   5  37  28   1  13  16  25  32   9   9  16  42  18  34   8  33  41  44  15  39  20   6 
 13  38  11  12  10  34   7  35  35   4  24  24  40  22  45   6  11   6   3   8  19   9   4   0  11  44  41  38  42  27  31  40  31  12  11   5  32  39  29  43  45  12  18  17   5  18  47  24  41  36 
 47  48  10  16   3  10  36  29   4   8  30  35  46   8  13   2  33  21  31  20  11  19  42   4   0  28   2  18  38  37  46  17   1  13  15  23  45   7  15  22   3  39   5   7  47  18   2   8   4  37 
 40  45   9  35  11  30  41  47  46  11  12  28  29  33  35   7  30   8   9  21  21  16   1  36  15   0  20  29  21   9  32  13  48  42  11   4  16  43   5  22  38  30  45  30  21  35  13  34  13  28 
 24   5  36  49  46  26  48  32  37   2  31  48  22  21  45  16  37  29   7  26  20  15  42  17  26  46   0   7  44  23  47  42   8  34  40  22  40  19   1  30  22   7  48  20   8  45  31  21  43  40 
 49  12   4   2  27   8  19   6   7  40  17   3  46   3  33  42  18  42   1  47  13  45  16  36  47  19  45   0  25  41   3  45  31   8  28  30   7  24  38  16  13  42   7  14  23  34  31  40  46  39 
  3  20  38  18   7  37  27  42  11  27  35  19   1  18  46  14   5  31   8   6  42  32  16  38  26   4  13  19   0  49  31  17  21  29  41  48  24  45  41  39  29  14   1  48  34  23  37  34  28  10 
 45  42  16  48  32  28  35  20  27  36  14   2  39  40  36  11  49  26  41  26  41  44  27   9  49   5  34   5  31   0  39  48  10  32  28  44  48  17  49   4  38  47  27  23  40  38  14   9  37  39 
 29  40  29  25  23  37  28  49  22   4  45   2  23  41  24  20   4  15  44  30  14  29  44  17   4  33  43  44   5  28   0  21  11   7  27   1  21  17  33  17  17  32  26   9  24  46  47  36  14  45 
 14  13  35  34   3  26   3  15  33   1   5  38  10   4  36  36  30  40  49   3   8  37  45  18  32   1   2  37   3  49  20   0  28  36  34  37   3  39  41  15  15  48  38  13   4   1  29  22  25   6 
 48  22   9  28  44  28  11  17  26  38  26  28   6   6  31  35  23  44   2   3   4   2   5  38   2  20  20  24   8  40  48  14   0  44   6   5  29  26   1   1  48  28  37  44  19  21   2  49  42   3 
 40  33  20   3  15   8  18  40  17  21   3  31   7   7   7  40   1  20  30  43  33  46  17  37   9  27  36  49  47  23  14  39  12   0  33  31  17  12  16  23  13  10  30  40  14  41  31  24  24  23 
 38  40  30  10  11  41  15  42  46   8  19   4  41  45  12   2  13  42  42  20   4   3  37  42   5  10  18  16  23   9   5  14  14   4   0  45  14  34  20   7  33  21  34  16  12  15  16  40  26  49 
 20   1   7  48   6  39  46  19  39  36  34  46  43  40  29   5   9  34  37  49  22  44  37  22  23  24  24  12  12  39  12  21  37   1  32   0  28   7  21  12  22  12  19  26  42   1   1  33  23  36 
 39  40  35  48  40   5  38   4  10  14  11  45  48  44  42  14  34  15   9  48  47  36   7  45  43  45  18  20   7  13  21  41   4  41   5  20   0  15  18  35  26  20  44  12  31  34   8  32  10  33 
  7  26  44  21  27   1  11  35  39  29   1   7  47  17  38  19  17  18  35  12  23  41   8   4  27  44  39   5  36   9   2  40  12  37  28  46  42   0  19  41  32  42   1  31  32  11  18  35  12  38 
 42  15   6  31  16   6  39  30  45  24  20  27   8  15  31   2  39   4   3  45   7  32  12  15  11  11  44  31   6  49  36  11  49   2  18   5  33  15   0   4  37  25  40  38   8  22  34  42  42  21 
 29  44  22  27  39  39  41  44  28  45  29  30   5  12  46  19  36  49  34  12  12  45   1  12  48  14  35  25  30  12  41   6  28   7  24  14  27  14  18   0  44  17  26  24   7  45  32  31  18   1 
 44  28  40  25  42  30   4   9  27  28   2  29  48  43  47  47  17  19  33   4  13  32  15  43  43  38  31  30  22  21  31  16   7  36  31  46  12  44   7  45   0  40  24  27   2   3   1  12  10  14 
 19  41  25  46  19  14  25  11  37  28  46   3  48  33  23   3  31  29  12  44  39   3  25  20  13   1   3  36   1  48  16   7  41  22  24  20   7  11  34  35  20   0  45  12  25  45  40  45   2  25 
 18  36  32  15  33  33  17   9  48  10  33   8   6  29  18  32  45  39   3  31  22   4  48  24  29  20   1  41  23  14  19  24  31  34  27  29   3  11  15  36  11  27   0  35   9  33  18  36  16  42 
 29  25  23  44  18  45  46  43  21   9  44  38  28   2   1  32  12  20  22  17   8   2  20  10  25   2  14  35  14   7  15   3  26  23  42   7  29  29  16   5  14  24  41   0  13  45  27  21  11  43 
 46  31   1  32   8  20  28   1  41  25   5  43  31  19  19  48  31  37  22  35  49  26  34  34   3  33  37  49  36  45  32  38  48  12  36  49  34  23  46  18  27  25  40  13   0   7  36  12  16  41 
 42  39  16  26  48   5  22  12   7  36  34   4  13  25   1  20  37  42  17   4  23  11  38  12  32  32  38  24   1  27  30   3  39   9  40  38   2  11   4  11   8  46  26  25  44   0   8  45   7  35 
 29  37  47   8   1  15  41  22  12  14  39  22  16  23  46   3  29  48  33   3  34  10   7  47  28  22   6  26  38  34   6   2   9  14  44  28   3  18  35  21  19  12  43  25  38   9   0  20  21  30 
 30  17  14  39   5  47  44  23  46  36  25  41  28  12  17  44   4  47   4  41   2  22  27  25  24  10  29  38  14   8  14  38   7  44  35  19  22  31  29  20  13   6   8  14  32  24   2   0   6  48 
  7  40  33  25   4  19  31   2   9   5   8  46  14  15  35   1  26   5  22  16  10  37  21   7  12  30  40   5  22   1  12  22  16  33   3  35  30  35  39  44   2  12  45  17  29  49  10  47   0  49 
 31  22  37  25  22  48  25  29  35  17  12  39  44  45  23   3   3   4  20  36  13  13  19  37   4  39  26  18  45  32  12  39  46  32  44  36  41  39  43  43  40  20  38   9  10   7  49  49   2   0 
M7
  0  14   6   6  27  24  34  31  30   7  36  20  24  41  43   4  11  45  37   8  34  40  35  22  31  15  49  29  34  16  20  37  35   2   2  40  34  35  20  35  45  48  32  38  26  22  22  49  44  28 
 44   0  30   5  34   1  15  19  36   5  36  45  11  18  47   5  37  32  49  20  35   6  37   9  27  44  29  46  10  30  27  35  26  44  28  44  49  30  36  15  21  25  34  21  31  31   9   5  16  38 
 23  37   0   7  28  33  48   4   7  15  44  36  46  11  47  42  42  23   3  11  31  26  33   8  34  46  47  11   3  12  20  48  33  21  35  17  26  32  24  13   5   3  30   3  34  14  31   2  49  11 
 24   6  27   0  19  45  37  12  21  40  20  12  33  20  36  44  32  30  18  28   9  42  39  12   3   3  26  30  12  46  36  12  23  37  38  13  37   2  34  15  24  31  18  13  34  23  45  12   4  41 
  2   6  32  41   0  11  33   4  21  32  37  41  15   8  41  44  20  41   3  12  39  38  22  20  14  31  18  47  45  28   6   4  32   7  46  19  49  47  26  49  31  16  38  10   9  38  15  26  14  39 
 40  34  27   2  43   0  24   4  37  34   3  13   3  29  23  23  10  10  11  42  22  46  43   1  10  25  38  25  31  41  19  46  37  12  25  27  13  24  43  38  47  36  15  15  28  12  22  25  38  36 
 36   9  48  23  25  41   0  44  33  44  39  29  44  40  14  42  13  25  23  34  48   5  15   5  36  15  17  33  44   1  47  24  29  33   2  25  30  46  16  41  33  29  30  17  49  14  41  13  20   9 
 30  19   7  38  25  17  21   0  47   7  24  15  49  42  12  18  31  13  46  45   5  39   7   7   1  40  23   2  29  19  28  14  45  13  19  32  25  29  33  36  23   2  26  16  21   5  33  32   8  33 
 44  10  39  36  45  36  44  11   0  37  16  18  13  33  29  21   8  29  43  11  12  13  20  37  44   3   7  32  22  49  12  27  41  40  35   9  48  33  44   8  28  29  24   5   9  15   5  32   8  36 
 38  46  42  21  28  44  25  48  22   0  21  31  40  28   7  14   7  33  36  38  31  26  42   5  25  28   6  44  15   4   9  17   5  19  48  26  14  37  28  49  19  32  43  38  44  39  37  37  22  39 
 34   6  47  12  49  18  31  12  27  42   0  35  25  37  26  44  12  23   5  26  24  14  45  40  32   5  22   2  42   6  14  30  32  29  27   7  37  46   6  42  48  16  38  38  14  36  45  39   1  27 
 28  26   3  49  29  33  44  11   1  12  22   0  18  18  23  27  34  43  25  30  25  23  41  20  48   9  27  19  11   5  30  29  37  19  38  18  13  38  25  33  19  39  30  21  28  42  46  24  43  24 
 15  35   6  22  48  12  40  46   9  24  12  18   0  10   8   7  49  21   8  35  38  33   7   9   7  23  20  34  27  42  41  36   6  43  29  45  40  40   4  16  34  11  43  16   9   8   6  47  17   2 
 40  18  26  12  24  45  37  26  33  14  44  18   5   0   9  34  33  33  43  35  20   3  44  27  33  14  21  45  41  27  46  42   5  31  47   8  21  40   9   5  26   8  26   2  34  33   5   8   7  11 
 39  42   1  23  16  12  18  18  15   4  37  18  18  20   0  27  36   1  36  13  44  18  49  38  45  23  24  12  43  19   4  39  27   2  38   1  11  35  41  35  45  16  29  44  32  30  47   7   2  40 
  8   6   8  15  16  15  12  39  25  34  44  26   7  42  40   0  25  24  35  39  12  36  24  24   8  20  42  30  25   5  35  24  40  32  39   6  45  16  19  12  33  49   7  19  13  10  39   4  14  26 
 26  26  19  49  38  44  34  31  22  26   7  41  19  13  33  37   0  10   8   3  28  28  46   6  10  12  31   5  41  27  42  46  15  22  11  15  37   7  40  44  33   6  41   9  26  21  11  12  20  45 
 42  22  38  22  30  16  21  36  32  10   1  23  13  37  39   2  10   0   2  29  12  42   4  11  40  31  20  47  28  21  48  47  10  29  18   3  39  29   5  32  48   8   7  22  30   2   5   1  17  18 
 11  12  13  44  42  24  45   4  26  31  20   4  23  31   2   5  23  41   0   8  40  47  36  33  43  11   8   5  33  20  15  40  25   7  43  26   5  39  13   4  40   7  29   8  33   1  41  27   2   6 
 42  34  27  44  41  41  38  33  32  30  37   5  48  42  31  45  26  17  33   0  39  32  32  13  36  31  42  35  37  48  27  35  18  26  40  26  47  31  13  14  44  30   4  36  47  23  47   2   9  29 
 34  11  29  15  17  43  32  36  18  14  18  16  48  21   6  20   6  20   5  22   0  35  13  24  43  45  28  36  24  36   1  27  19  22  10  27  43  43  25  10  38  38  12  48  33  18  44  41  44  37 
 17  24   9  23  32   4  17   4   4  49   8  29  25  31  17   4  27  32  26  12  18   0  34  33  32  48  22  40  18  36  36  23  18  45  22  32  29  46  48   9  20  28  14  13  43  40  47  35  39  13 
  7   6  18  34  18   9  12  28  22  29  39  47  39  40  46  22  23  45  49  20  39  14   0  12   5  13   1  13   5  37  28   1  13  16  25  32   9   9  16  42  18  34   8  33  41  44  15  39  20   6 
 13  38  11  12  10  34   7  35  35   4  24  24  40  22  45   6  11   6   3   8  19   9   4   0  11  44  41  38  42  27  31  40  31  12  11   5  32  39  29  43  45  12  18  17   5  18  47  24  41  36 
 47  48  10  16   3  10  36  29   4   8  30  35  46   8  13   2  33  21  31  20  11  19  42   4   0  28   2  18  38  37  46  17   1  13  15  23  45   7  15  22   3  39   5   7  47  18   2   8   4  37 
 40  45   9  35  11  30  41  47  46  11  12  28  29  33  35   7  30   8   9  21  21  16   1  36  15   0  20  29  21   9  32  13  48  42  11   4  16  43   5  22  38  30  45  30  21  35  13  34  13  28 
 24   5  36  49  46  26  48  32  37   2  31  48  22  21  45  16  37  29   7  26  20  15  42  17  26  46   0   7  44  23  47  42   8  34  40  22  40  19   1  30  22   7  48  20   8  45  31  21  43  40 
 49  12   4   2  27   8  19   6   7  40  17   3  46   3  33  42  18  42   1  47  13  45  16  36  47  19  45   0  25  41   3  45  31   8  28  30   7  24  38  16  13  42   7  14  23  34  31  40  46  39 
  3  20  38  18   7  37  27  42  11  27  35  19   1  18  46  14   5  31   8   6  42  32  16  38  26   4  13  19   0  49  31  17  21  29  41  48  24  45  41  39  29  14   1  48  34  23  37  34  28  10 
 45  42  16  48  32  28  35  20  27  36  14   2  39  40  36  11  49  26  41  26  41  44  27   9  49   5  34   5  31   0  39  48  10  32  28  44  48  17  49   4  38  47  27  23  40  38  14   9  37  39 
 29  40  29  25  23  37  28  49  22   4  45   2  23  41  24  20   4  15  44  30  14  29  44  17   4  33  43  44   5  28   0  21  11   7  27   1  21  17  33  17  17  32  26   9  24  46  47  36  14  45 
 14  13  35  34   3  26   3  15  33   1   5  38  10   4  36  36  30  40  49   3   8  37  45  18  32   1   2  37   3  49  20   0  28  36  34  37   3  39  41  15  15  48  38  13   4   1  29  22  25   6 
 48  22   9  28  44  28  11  17  26  38  26  28   6   6  31  35  23  44   2   3   4   2   5  38   2  20  20  24   8  40  48  14   0  44   6   5  29  26   1   1  48  28  37  44  19  21   2  49  42   3 
 40  33  20   3  15   8  18  40  17  21   3  31   7   7   7  40   1  20  30  43  33  46  17  37   9  27  36  49  47  23  14  39  12   0  33  31  17  12  16  23  13  10  30  40  14  41  31  24  24  23 
 38  40  30  10  11  41  15  42  46   8  19   4  41  45  12   2  13  42  42  20   4   3  37  42   5  10  18  16  23   9   5  14  14   4   0  45  14  34  20   7  33  21  34  16  12  15  16  40  26  49 
 20   1   7  48   6  39  46  19  39  36  34  46  43  40  29   5   9  34  37  49  22  44  37  22  23  24  24  12  12  39  12  21  37   1  32   0  28   7  21  12  22  12  19  26  42   1   1  33  23  36 
 39  40  35  48  40   5  38   4  10  14  11  45  48  44  42  14  34  15   9  48  47  36   7  45  43  45  18  20   7  13  21  41   4  41   5  20   0  15  18  35  26  20  44  12  31  34   8  32  10  33 
  7  26  44  21  27   1  11  35  39  29   1   7  47  17  38  19  17  18  35  12  23  41   8   4  27  44  39   5  36   9   2  40  12  37  28  46  42   0  19  41  32  42   1  31  32  11  18  35  12  38 
 42  15   6  31  16   6  39  30  45  24  20  27   8  15  31   2  39   4   3  45   7  32  12  15  11  11  44  31   6  49  36  11  49   2  18   5  33  15   0   4  37  25  40  38   8  22  34  42  42  21 
 29  44  22  27  39  39  41  44  28  45  29  30   5  12  46  19  36  49  34  12  12  45   1  12  48  14  35  25  30  12  41   6  28   7  24  14  27  14  18   0  44  17  26  24   7  45  32  31  18   1 
 44  28  40  25  42  30   4   9  27  28   2  29  48  43  47  47  17  19  33   4  13  32  15  43  43  38  31  30  22  21  31  16   7  36  31  46  12  44   7  45   0  40  24  27   2   3   1  12  10  14 
 19  41  25  46  19  14  25  11  37  28  46   3  48  33  23   3  31  29  12  44  39   3  25  20  13   1   3  36   1  48  16   7  41  22  24  20   7  11  34  35  20   0  45  12  25  45  40  45   2  25 
 18  36  32  15  33  33  17   9  48  10  33   8   6  29  18  32  45  39   3  31  22   4  48  24  29  20   1  41  23  14  19  24  31  34  27  29   3  11  15  36  11  27   0  35   9  33  18  36  16  42 
 29  25  23  44  18  45  46  43  21   9  44  38  28   2   1  32  12  20  22  17   8   2  20  10  25   2  14  35  14   7  15   3  26  23  42   7  29  29  16   5  14  24  41   0  13  45  27  21  11  43 
 46  31   1  32   8  20  28   1  41  25   5  43  31  19  19  48  31  37  22  35  49  26  34  34   3  33  37  49  36  45  32  38  48  12  36  49  34  23  46  18  27  25  40  13   0   7  36  12  16  41 
 42  39  16  26  48   5  22  12   7  36  34   4  13  25   1  20  37  42  17   4  23  11  38  12  32  32  38  24   1  27  30   3  39   9  40  38   2  11   4  11   8  46  26  25  44   0   8  45   7  35 
 29  37  47   8   1  15  41  22  12  14  39  22  16  23  46   3  29  48  33   3  34  10   7  47  28  22   6  26  38  34   6   2   9  14  44  28   3  18  35  21  19  12  43  25  38   9   0  20  21  30 
 30  17  14  39   5  47  44  23  46  36  25  41  28  12  17  44   4  47   4  41   2  22  27  25  24  10  29  38  14   8  14  38   7  44  35  19  22  31  29  20  13   6   8  14  32  24   2   0   6  48 
  7  40  33  25   4  19  31   2   9   5   8  46  14  15  35   1  26   5  22  16  10  37  21   7  12  30  40   5  22   1  12  22  16  33   3  35  30  35  39  44   2  12  45  17  29  49  10  47   0  49 
 31  22  37  25  22  48  25  29  35  17  12  39  44  45  23   3   3   4  20  36  13  13  19  37   4  39  26  18  45  32  12  39  46  32  44  36  41  39  43  43  40  20  38   9  10   7  49  49   2   0 
Reldue
  970    6    3
 1760    5    2
 1371    1    9
 2398    9    8
 1617    8    3
 1232    2    5
 1375    3    9
 1222    5    3
 1686    6    9
 1048    5    8
 1195    5    2
 2286    1    6
  773    2    4
 2477    8    6
 1775    6    8
 1181    2    5
 1825    9    3
 1305    1    2
  932    2    9
 2553    1    8
  423    9    3
  805    8    7
 1553    5    6
 1014    8    1
 1717    9    3
 1285    7    7
 1097    4    9
 1838    7    5
 1022    2    1
 1405    2    6
 1461    1    7
  514    8    8
 1390    9    1
 1641    9    4
 2342    7    8
 2038    6    5
 2388    1    1
 1623    4    5
 1358    7    3
 1208    9    8
  620    6    3
 2133    6    5
 2060    1    1
 2555    5    5
  681    3    7
  879    7    8
  861    4    6
 1852    9    1
 1475    5    9
 1055    8    5
DDW
  875  1066
 1671  1849
 1294  1447
 2265  2531
 1458  1776
 1144  1320
 1277  1473
 1137  1308
 1597  1776
  981  1115
 1108  1282
 2109  2462
  697   850
 2307  2647
 1642  1909
 1104  1258
 1652  1998
 1176  1435
  861  1004
 2354  2752
  384   462
  757   853
 1428  1678
  956  1072
 1610  1823
 1160  1410
 1012  1182
 1716  1959
  956  1089
 1306  1503
 1375  1548
  483   545
 1261  1518
 1477  1804
 2166  2518
 1898  2178
 2219  2556
 1515  1731
 1246  1469
 1094  1323
  583   657
 1947  2320
 1912  2208
 2330  2781
  646   716
  804   954
  807   916
 1721  1982
 1379  1570
  962  1149
