20   8
MD
  3  2  3  5  4  3  5  2
PT
 19   9  53   8  42  52  54  42  40  17  73  33  43  45  11  10  87  25  23  56 
 70  60  60  88  97  83  39  47   9   6  72  86  87  47  51  58  97  17  55  97 
 27   7  69  41  55  30   8  44  34  67  58   5   6  31  74   9  16  44  93  86 
 22  91   5  84  77  18  55  62  90  73  32  40  18   7  15   7  23   9  56   8 
 41  40  30  87  60  38  33  62  92  57  31  81  75  20   2  51  22  13  84  77 
 90  73  19  76  68  90  51   9  19  73  11  46  76  50  91  81  26  71  20  30 
 21   4  70  99  97   7  65  91  62  80   5  41  64   4  44   9  37  67  80  70 
 62  36  10  66  47   2  28  32  80  20  14  72  68  46   5  12  79  77  18  46 
SSD
M0
  0  15  47  20  39  44  21  33  11   2  42  23  39  47  27  43  30   6  25  45 
 23   0  46  38   1  25  38  13  42   9  35   5   3  47  41  29  11  41  26   4 
 21  49   0   2  39  23  38  19  24  43   3   4   4   8  29  43  47  31  28   5 
 21   9  39   0  13  40  41  21   1  33  14  41  23  34  43   9   5  10  29  12 
 23  14  20  23   0  39  29  21  33   7  41  44  44  43  16  29   7  46  21  15 
 29   3   9   3   3   0   8  27  16  32  38   4  19  44  38  43  36  15  44  43 
  4  12  41  39  45  19   0   3  12  47  20  31  30  38  13  20  24  25  29  22 
 14  42  45   6  38  22  28   0  49   7  49  33  35  48  36  18  47   2  48  24 
 19  12  11  40  41  39  36  45   0  26  43  11  49   7  18  26  31  47   1  25 
 36  11  40   2  43   9   5  25   1   0   1   2   9  10   9  49  41  41   3  13 
 18   5  16  20  37   2  48   3  38  22   0  44  19  32  32   6  10   6   8  34 
 46  25  42   6  10  33  20  12  36  12  22   0  15  10  11  40  49  36  45  12 
 18  46  18   7  39  35  23  18  38  21  25  32   0   8  23  47  10  47   9  41 
 26  37  27  16  19  35  45  47  11  49  31   3  22   0  16  21   3  27   8   4 
  7  45  35   4  48  26  26  12   5  28  43  16  28  46   0   3  25   3  22   8 
 21   5  38  46  13   8   9   6  24  18   7  45  29   6  40   0  10  46   5  22 
  6  41  45  30  46  16  46  43  43  33  35   4  12   9  31  38   0  16  27  41 
 25  46  26  32  47  30  48  47   3  19  39  39  45  14  35  12  46   0  32   2 
  9   5  30  41  37  36  11  42  27  34  25  47   7  46  32  45  21  41   0  15 
  9   3  35   3  27  21  10  24  13  41  42  33  29  40  18  32  45  10  20   0 
M1
  0  15  47  20  39  44  21  33  11   2  42  23  39  47  27  43  30   6  25  45 
 23   0  46  38   1  25  38  13  42   9  35   5   3  47  41  29  11  41  26   4 
 21  49   0   2  39  23  38  19  24  43   3   4   4   8  29  43  47  31  28   5 
 21   9  39   0  13  40  41  21   1  33  14  41  23  34  43   9   5  10  29  12 
 23  14  20  23   0  39  29  21  33   7  41  44  44  43  16  29   7  46  21  15 
 29   3   9   3   3   0   8  27  16  32  38   4  19  44  38  43  36  15  44  43 
  4  12  41  39  45  19   0   3  12  47  20  31  30  38  13  20  24  25  29  22 
 14  42  45   6  38  22  28   0  49   7  49  33  35  48  36  18  47   2  48  24 
 19  12  11  40  41  39  36  45   0  26  43  11  49   7  18  26  31  47   1  25 
 36  11  40   2  43   9   5  25   1   0   1   2   9  10   9  49  41  41   3  13 
 18   5  16  20  37   2  48   3  38  22   0  44  19  32  32   6  10   6   8  34 
 46  25  42   6  10  33  20  12  36  12  22   0  15  10  11  40  49  36  45  12 
 18  46  18   7  39  35  23  18  38  21  25  32   0   8  23  47  10  47   9  41 
 26  37  27  16  19  35  45  47  11  49  31   3  22   0  16  21   3  27   8   4 
  7  45  35   4  48  26  26  12   5  28  43  16  28  46   0   3  25   3  22   8 
 21   5  38  46  13   8   9   6  24  18   7  45  29   6  40   0  10  46   5  22 
  6  41  45  30  46  16  46  43  43  33  35   4  12   9  31  38   0  16  27  41 
 25  46  26  32  47  30  48  47   3  19  39  39  45  14  35  12  46   0  32   2 
  9   5  30  41  37  36  11  42  27  34  25  47   7  46  32  45  21  41   0  15 
  9   3  35   3  27  21  10  24  13  41  42  33  29  40  18  32  45  10  20   0 
M2
  0  15  47  20  39  44  21  33  11   2  42  23  39  47  27  43  30   6  25  45 
 23   0  46  38   1  25  38  13  42   9  35   5   3  47  41  29  11  41  26   4 
 21  49   0   2  39  23  38  19  24  43   3   4   4   8  29  43  47  31  28   5 
 21   9  39   0  13  40  41  21   1  33  14  41  23  34  43   9   5  10  29  12 
 23  14  20  23   0  39  29  21  33   7  41  44  44  43  16  29   7  46  21  15 
 29   3   9   3   3   0   8  27  16  32  38   4  19  44  38  43  36  15  44  43 
  4  12  41  39  45  19   0   3  12  47  20  31  30  38  13  20  24  25  29  22 
 14  42  45   6  38  22  28   0  49   7  49  33  35  48  36  18  47   2  48  24 
 19  12  11  40  41  39  36  45   0  26  43  11  49   7  18  26  31  47   1  25 
 36  11  40   2  43   9   5  25   1   0   1   2   9  10   9  49  41  41   3  13 
 18   5  16  20  37   2  48   3  38  22   0  44  19  32  32   6  10   6   8  34 
 46  25  42   6  10  33  20  12  36  12  22   0  15  10  11  40  49  36  45  12 
 18  46  18   7  39  35  23  18  38  21  25  32   0   8  23  47  10  47   9  41 
 26  37  27  16  19  35  45  47  11  49  31   3  22   0  16  21   3  27   8   4 
  7  45  35   4  48  26  26  12   5  28  43  16  28  46   0   3  25   3  22   8 
 21   5  38  46  13   8   9   6  24  18   7  45  29   6  40   0  10  46   5  22 
  6  41  45  30  46  16  46  43  43  33  35   4  12   9  31  38   0  16  27  41 
 25  46  26  32  47  30  48  47   3  19  39  39  45  14  35  12  46   0  32   2 
  9   5  30  41  37  36  11  42  27  34  25  47   7  46  32  45  21  41   0  15 
  9   3  35   3  27  21  10  24  13  41  42  33  29  40  18  32  45  10  20   0 
M3
  0  15  47  20  39  44  21  33  11   2  42  23  39  47  27  43  30   6  25  45 
 23   0  46  38   1  25  38  13  42   9  35   5   3  47  41  29  11  41  26   4 
 21  49   0   2  39  23  38  19  24  43   3   4   4   8  29  43  47  31  28   5 
 21   9  39   0  13  40  41  21   1  33  14  41  23  34  43   9   5  10  29  12 
 23  14  20  23   0  39  29  21  33   7  41  44  44  43  16  29   7  46  21  15 
 29   3   9   3   3   0   8  27  16  32  38   4  19  44  38  43  36  15  44  43 
  4  12  41  39  45  19   0   3  12  47  20  31  30  38  13  20  24  25  29  22 
 14  42  45   6  38  22  28   0  49   7  49  33  35  48  36  18  47   2  48  24 
 19  12  11  40  41  39  36  45   0  26  43  11  49   7  18  26  31  47   1  25 
 36  11  40   2  43   9   5  25   1   0   1   2   9  10   9  49  41  41   3  13 
 18   5  16  20  37   2  48   3  38  22   0  44  19  32  32   6  10   6   8  34 
 46  25  42   6  10  33  20  12  36  12  22   0  15  10  11  40  49  36  45  12 
 18  46  18   7  39  35  23  18  38  21  25  32   0   8  23  47  10  47   9  41 
 26  37  27  16  19  35  45  47  11  49  31   3  22   0  16  21   3  27   8   4 
  7  45  35   4  48  26  26  12   5  28  43  16  28  46   0   3  25   3  22   8 
 21   5  38  46  13   8   9   6  24  18   7  45  29   6  40   0  10  46   5  22 
  6  41  45  30  46  16  46  43  43  33  35   4  12   9  31  38   0  16  27  41 
 25  46  26  32  47  30  48  47   3  19  39  39  45  14  35  12  46   0  32   2 
  9   5  30  41  37  36  11  42  27  34  25  47   7  46  32  45  21  41   0  15 
  9   3  35   3  27  21  10  24  13  41  42  33  29  40  18  32  45  10  20   0 
M4
  0  15  47  20  39  44  21  33  11   2  42  23  39  47  27  43  30   6  25  45 
 23   0  46  38   1  25  38  13  42   9  35   5   3  47  41  29  11  41  26   4 
 21  49   0   2  39  23  38  19  24  43   3   4   4   8  29  43  47  31  28   5 
 21   9  39   0  13  40  41  21   1  33  14  41  23  34  43   9   5  10  29  12 
 23  14  20  23   0  39  29  21  33   7  41  44  44  43  16  29   7  46  21  15 
 29   3   9   3   3   0   8  27  16  32  38   4  19  44  38  43  36  15  44  43 
  4  12  41  39  45  19   0   3  12  47  20  31  30  38  13  20  24  25  29  22 
 14  42  45   6  38  22  28   0  49   7  49  33  35  48  36  18  47   2  48  24 
 19  12  11  40  41  39  36  45   0  26  43  11  49   7  18  26  31  47   1  25 
 36  11  40   2  43   9   5  25   1   0   1   2   9  10   9  49  41  41   3  13 
 18   5  16  20  37   2  48   3  38  22   0  44  19  32  32   6  10   6   8  34 
 46  25  42   6  10  33  20  12  36  12  22   0  15  10  11  40  49  36  45  12 
 18  46  18   7  39  35  23  18  38  21  25  32   0   8  23  47  10  47   9  41 
 26  37  27  16  19  35  45  47  11  49  31   3  22   0  16  21   3  27   8   4 
  7  45  35   4  48  26  26  12   5  28  43  16  28  46   0   3  25   3  22   8 
 21   5  38  46  13   8   9   6  24  18   7  45  29   6  40   0  10  46   5  22 
  6  41  45  30  46  16  46  43  43  33  35   4  12   9  31  38   0  16  27  41 
 25  46  26  32  47  30  48  47   3  19  39  39  45  14  35  12  46   0  32   2 
  9   5  30  41  37  36  11  42  27  34  25  47   7  46  32  45  21  41   0  15 
  9   3  35   3  27  21  10  24  13  41  42  33  29  40  18  32  45  10  20   0 
M5
  0  15  47  20  39  44  21  33  11   2  42  23  39  47  27  43  30   6  25  45 
 23   0  46  38   1  25  38  13  42   9  35   5   3  47  41  29  11  41  26   4 
 21  49   0   2  39  23  38  19  24  43   3   4   4   8  29  43  47  31  28   5 
 21   9  39   0  13  40  41  21   1  33  14  41  23  34  43   9   5  10  29  12 
 23  14  20  23   0  39  29  21  33   7  41  44  44  43  16  29   7  46  21  15 
 29   3   9   3   3   0   8  27  16  32  38   4  19  44  38  43  36  15  44  43 
  4  12  41  39  45  19   0   3  12  47  20  31  30  38  13  20  24  25  29  22 
 14  42  45   6  38  22  28   0  49   7  49  33  35  48  36  18  47   2  48  24 
 19  12  11  40  41  39  36  45   0  26  43  11  49   7  18  26  31  47   1  25 
 36  11  40   2  43   9   5  25   1   0   1   2   9  10   9  49  41  41   3  13 
 18   5  16  20  37   2  48   3  38  22   0  44  19  32  32   6  10   6   8  34 
 46  25  42   6  10  33  20  12  36  12  22   0  15  10  11  40  49  36  45  12 
 18  46  18   7  39  35  23  18  38  21  25  32   0   8  23  47  10  47   9  41 
 26  37  27  16  19  35  45  47  11  49  31   3  22   0  16  21   3  27   8   4 
  7  45  35   4  48  26  26  12   5  28  43  16  28  46   0   3  25   3  22   8 
 21   5  38  46  13   8   9   6  24  18   7  45  29   6  40   0  10  46   5  22 
  6  41  45  30  46  16  46  43  43  33  35   4  12   9  31  38   0  16  27  41 
 25  46  26  32  47  30  48  47   3  19  39  39  45  14  35  12  46   0  32   2 
  9   5  30  41  37  36  11  42  27  34  25  47   7  46  32  45  21  41   0  15 
  9   3  35   3  27  21  10  24  13  41  42  33  29  40  18  32  45  10  20   0 
M6
  0  15  47  20  39  44  21  33  11   2  42  23  39  47  27  43  30   6  25  45 
 23   0  46  38   1  25  38  13  42   9  35   5   3  47  41  29  11  41  26   4 
 21  49   0   2  39  23  38  19  24  43   3   4   4   8  29  43  47  31  28   5 
 21   9  39   0  13  40  41  21   1  33  14  41  23  34  43   9   5  10  29  12 
 23  14  20  23   0  39  29  21  33   7  41  44  44  43  16  29   7  46  21  15 
 29   3   9   3   3   0   8  27  16  32  38   4  19  44  38  43  36  15  44  43 
  4  12  41  39  45  19   0   3  12  47  20  31  30  38  13  20  24  25  29  22 
 14  42  45   6  38  22  28   0  49   7  49  33  35  48  36  18  47   2  48  24 
 19  12  11  40  41  39  36  45   0  26  43  11  49   7  18  26  31  47   1  25 
 36  11  40   2  43   9   5  25   1   0   1   2   9  10   9  49  41  41   3  13 
 18   5  16  20  37   2  48   3  38  22   0  44  19  32  32   6  10   6   8  34 
 46  25  42   6  10  33  20  12  36  12  22   0  15  10  11  40  49  36  45  12 
 18  46  18   7  39  35  23  18  38  21  25  32   0   8  23  47  10  47   9  41 
 26  37  27  16  19  35  45  47  11  49  31   3  22   0  16  21   3  27   8   4 
  7  45  35   4  48  26  26  12   5  28  43  16  28  46   0   3  25   3  22   8 
 21   5  38  46  13   8   9   6  24  18   7  45  29   6  40   0  10  46   5  22 
  6  41  45  30  46  16  46  43  43  33  35   4  12   9  31  38   0  16  27  41 
 25  46  26  32  47  30  48  47   3  19  39  39  45  14  35  12  46   0  32   2 
  9   5  30  41  37  36  11  42  27  34  25  47   7  46  32  45  21  41   0  15 
  9   3  35   3  27  21  10  24  13  41  42  33  29  40  18  32  45  10  20   0 
M7
  0  15  47  20  39  44  21  33  11   2  42  23  39  47  27  43  30   6  25  45 
 23   0  46  38   1  25  38  13  42   9  35   5   3  47  41  29  11  41  26   4 
 21  49   0   2  39  23  38  19  24  43   3   4   4   8  29  43  47  31  28   5 
 21   9  39   0  13  40  41  21   1  33  14  41  23  34  43   9   5  10  29  12 
 23  14  20  23   0  39  29  21  33   7  41  44  44  43  16  29   7  46  21  15 
 29   3   9   3   3   0   8  27  16  32  38   4  19  44  38  43  36  15  44  43 
  4  12  41  39  45  19   0   3  12  47  20  31  30  38  13  20  24  25  29  22 
 14  42  45   6  38  22  28   0  49   7  49  33  35  48  36  18  47   2  48  24 
 19  12  11  40  41  39  36  45   0  26  43  11  49   7  18  26  31  47   1  25 
 36  11  40   2  43   9   5  25   1   0   1   2   9  10   9  49  41  41   3  13 
 18   5  16  20  37   2  48   3  38  22   0  44  19  32  32   6  10   6   8  34 
 46  25  42   6  10  33  20  12  36  12  22   0  15  10  11  40  49  36  45  12 
 18  46  18   7  39  35  23  18  38  21  25  32   0   8  23  47  10  47   9  41 
 26  37  27  16  19  35  45  47  11  49  31   3  22   0  16  21   3  27   8   4 
  7  45  35   4  48  26  26  12   5  28  43  16  28  46   0   3  25   3  22   8 
 21   5  38  46  13   8   9   6  24  18   7  45  29   6  40   0  10  46   5  22 
  6  41  45  30  46  16  46  43  43  33  35   4  12   9  31  38   0  16  27  41 
 25  46  26  32  47  30  48  47   3  19  39  39  45  14  35  12  46   0  32   2 
  9   5  30  41  37  36  11  42  27  34  25  47   7  46  32  45  21  41   0  15 
  9   3  35   3  27  21  10  24  13  41  42  33  29  40  18  32  45  10  20   0 
Reldue
 2120    2    1
  916    4    7
 1631    7    6
 2161    9    7
 1314    9    6
 1278    8    7
  870    1    8
 1020    8    9
  655    5    7
 1326    9    2
 1378    5    7
 2319    3    3
 2316    6    5
 1172    5    2
 1853    8    5
 1432    5    5
 2007    9    5
  675    1    3
  966    8    6
 1647    1    8
DDW
 1944  2295
  863   969
 1538  1724
 2039  2283
 1202  1427
 1187  1370
  826   915
  934  1106
  592   718
 1194  1458
 1276  1480
 2162  2476
 2117  2515
 1107  1237
 1680  2026
 1307  1557
 1813  2201
  623   727
  890  1042
 1513  1781
