50   5
MD
  3  4  4  3  4
PT
 35  13  29   6  47  33  25  65  68   9  74  46  81  64  58  49  47  13  98  85  59  45  45  94  96  83  88  28  40  30   2  10  23  39  34  81   5  10  40  58  56  80  57   4  48  49  82  76  57  26 
 70  81  73   4  20   8  31  21  61  15  91  78  50  80  86  46  23   4   6  47  69  50   2   1   6  45  82  98  46  88  91  21  70  39  31  25  94  53  81  64  83  29  25  80  63  19  57  37  23  81 
 11  55   7  28  14  59  31   3  71   3  85  92  28  77  20  44   9  45  10  16  54  91  52  95  98  62   6  93  83  52  62  36  88  78  30  73  71  26  32  21  30  15  79  91  73  52   4  22  57  45 
  3  45  39  66  59  96  42  67  28  29  34  90  95  77   9  67  88  60  72  28  81  72  91  32  67   3  66  16  55  64  82  61  23  10  42  43  19  20  53  57  66  83  79  61  58   4  77  86  88  66 
 85  25  35  95  90  49  56  33  88  46  60  88  91   6  41  55  89   2  15  36  67  50  80  98  85  89  73  54  24  38  78  48  34  47   9  30  77  10  41  23  13   5  73  34  27  36  26  13  98  17 
SSD
M0
  0  27   4  45  16  46  46  46  42  23  37  35  45  25  32  32  12  15  48  23   7   7  34  28  35  29  10  26  13  44  49   9  35  17  45  35  14  36  33  23  31  10   6  21  20  26  23  22   5  12 
 44   0  41  12  19  47  12   7  16  33  49  48  20  10  17   3  16  27  11  18  40  18  39  14  10   8  46  47  25   8  46  17   7  32  13   7  27   6  35  26  45   8  13  18  48  24  26  21   1  18 
 16   1   0  11  34  29   8  34  35  30  34  36  28  43   5  28  34  29  41  16  22  13  30  24  38  35   2  17  31  47  46  15   8  23  35   7  16  39   9  40   4  16  47  33  24  42  40  16  45  48 
 31  28  16   0  11  40  41  39  34  20  42  48  11  21  19  15  28  32   5  21  37  48  49  46   7  20  23  44   3  24  13  12  41  26  45  28   5   9  13  47  23  12  49  11  31  17  48  37  38  41 
 22  17  31  10   0   2  14  13  22  45  14   3  13  16  30   6  45  35   7   9  42   9  39  48  10  46  21  10  41  10  32  22  49  21  16  18  18   1  42  44  22   7  34  20  48  33   5  40  35  28 
 43  10   7  38  20   0   7   5  31  45   1   4  41  46  44  24  35  17  18  38  20  35  28   5  18  18  49   1  22  43  14  42  21  30  20  48  10  31  18  20  10  28  43  17  33   8  35   6  16   6 
  9  47  30  24  12  18   0  10  16  38  12  33   2  24  30  41  34  49  26  17  46  22  25  26  43   2   2  12  22  16   8  49  41  21  19  47  30   7   4  18  47  11   2   6  14  34   8  44   3  11 
 14  19  40  14  31  43  30   0  15  27  40  27  16  33  11  40  44  43  22   6  12  31  28  21  23  28  23  45  35  41  24  43   4  33  26  23  21  20   5  30  40  34  12  38  43  35  30  23  12  32 
 25  36  45   2   1   1  32  17   0   1  18  11  12  14  14  18  35  37  11  39  16  39  14  13  25  45  10   5  19  20  41  43  27  32  14  34  41  27  18  28  47  13  22  28  33  46  43  40  34  37 
 24  26  36  45  27  38  33  22  46   0  12  10  34  12  29  29  26  30  48  23   9  37   9  41  13  47  29  44  29  27   7  14  42  28  14  23   8  48   6  36   1  23  42  41  29  39  11  10  16  23 
  6  47  41   5  12  33  29  30   8  30   0  11  27  42  42   6  12  21  43  35  13  34  49  33  46  25   3  32  14  21  17  16  46  10  43  13  22  47  43  44  27   4  24   6  45  25  10  13  46  34 
 37   1  23   5  17  14   6   6  34  22  27   0  24  30  20  40   6  48  46  39  41  20  18   7  13  39  13  28  41  38  26  15  38  45  22  40  15   3  43  25   7  42  39  28  37  49  42  48  46  35 
 25  33  31  30   5  20   4  14  22   7  36  39   0  11  21  17  20  21  15   5   4  26  39  39  13  19   3   2  17  38   8  22  34  46  48   3  44  39  44  20  46  46   4  42  30  40  10   3  34  26 
 25  27  28  45  46  20  16  28  30   6  33  25   9   0  26  20  38  29  37  10   1  21  14  29   3  33  39  44  43   4  39  21  46  23  21  41   1  49  29   2  27   2  30  40  36  40  30  25  25  20 
 34  17  28  30  22  15  45  45  35  15   6  41  18  26   0  12  32  10  21  17  43  31  26  17  44  14  27   4   1  44  43  28   5  29  44  11  40  28  19  27   5  35  11  22  37  46   4  35  24  21 
 36  20  33  20  36   1  13  48  26  21   1  29  45   7  43   0   8  27  20  36  31  23   3  46  46   3  26  42  31  43  43  33   2   1  17   5  43  49  28  37  45   4  47  29  16  36   9  45  42  25 
 21  39  26   5   2   3  34  32  38   2   8  45  36   1  38  26   0  35  22  11  12  10  30  14  32  26  33  42  47  27  39  42  20  19   8  17   3  28  42   3  23  24   6  20   5  34  28  25  11  10 
 36  43  30  13  44  42  21  41  48  24  35  15  32   9   7  19  22   0  29  32  35  40  34  22  11  16  10  34  45  13  38  26  38  14  10  21  10  36  24  27  22  47  20  32  40  41  23  21   9   6 
 10  13  22   9  38  14  17  33  34   4  12  17  48  32  46  35  37  18   0  26  11  15  17  48  45   9  10  22  39  43   6  34  31  37   1  12  16  29  44  15   1  34   2  30  20  15  34  15   6  24 
  6  22  30  13  23  25   6  43  11  33  13   5   6  19   5  26   8   9  12   0  13   2  40  39  42  43  28   1  41  24  37  44  28   7  25  15  35  18  30   9  25  44  40  42   5  35  40  27  49  29 
 34   8  16  31  34  11   5  20  40  46  40  14  12  28  21  18  29  20  17  40   0  32  34  16  30   6  48   5  18  46  42  21  24  17  38  20  20  29  16  31   6  13   8  35   7  42  42  36  16   8 
  7  32   3  33  22  29  16  11  14  17  45  30  49   5  40  46  22   4   3  42  42   0  49  49  17  18  15  37  28  13  19  24  42  20  14  20  39  38  45  20   2  17  34  48  31  36  30  32  29  14 
 30   6  18  26  10  44  21  45   5  42  19   3  48  20  24  22  12  37  17  37  41  11   0   2  43  39  11  41  44  31  18  36  33  46  32  47  28  41   9  18  26  42  15  48  39  15  49  39  33  39 
 39  30  49  31  17  40  48  29  17   6   9  47  12   4  35  47  24  19   2  37  49  41   4   0  17  15  34  46  42  33  14  35   6  29  10  41  14  25  49  23  16  14   6   4  44  36  30  41   3  18 
 44  24  42   6  17  17  31   6  17  23   8  47   2  45   4  42  39  16  41  48   1  38   1  19   0  46  36   3  40  39  34   5  34   5  33   8   7  12  24  38  36  32  45  44   1   7  13  23  14  16 
 43  19  37  36   2  23  19  48  37   9  15  23  13  44  12  48  32  33  37  16  46  10   3  45   7   0  40  15  18  43  15   2  11  13  43  15  38  30  34  19  13  32  45  40  21  25  44  10  11  36 
 47  11   5   2   9  24   1   1   9   3  29   8  32   9  31  12  13   1  18   3  41  27  18  38  38  24   0  31   8   8  16  43  49  12  18  17  42  48   4   8  44  35  23  39  30  42  35  44  41  10 
 33  28  47  23  46  39   7  32  44   4  41   1   8  13  12  16  46  40  29  25  28  48  21  40  13  15  25   0   8  16  18  22  44   9   5   9  22  30   6   3  29  26  13  44  49  35   6  10   5  34 
 13  11   7   3  16  36  15   8  13   6  14  40  42  39  42  13  32  37  20  39   6  28  22  31  22  33  26  17   0  42  35  17   4  41  18   3  30   6  40   5   8   7  32   7  44  25  20  32   5  41 
  2   7  13  48   6  23  34  43  14   7  16  23  41  36   3  29   9  31  48  26  19  29   8  37  30  45  46   2   8   0  43   1  21  39   5  41  48  34  11  18  26  20  44  23  25  15  47  44  16   1 
 14  49  40   3  45  25  22   8  49   8  31  26  30  23  12  10   1  33  12  37  42  10   5  33  45  37   7  27  19  27   0   5  41  14  21  35  10  16  43  29  10  18  22  29   2  34  40  38   9  31 
 47  45  26  41  43   2  47  35  16  11  26  36  44  42  15  42  10  16  22  38  21  48  19  35   9   6   4   6  11   5   6   0  20  31  40  45  11  30  46  47   2  27  19  44  26  20  45  16   8  33 
 45  31  34  43  15  47  20  14  31   1  27  24  10  36  49  36   6  33   7  12  40  38   1  29  35  45   8  16  13  18   4   9   0  49  10  46  16  20  33  45  12  31  42  27  12   1   9  15  42  11 
 43  28  14  23   3  33  25   1  18   2  22   9  41  30  29  18  29  43  18  18  29  38  40  46   9  49  36  23   8  43   7  19  12   0  23   5  31  34  39   4  15  47  46   3  25  22  21  13  17  45 
 42  14   5  25  49  36   3  41  27  24  44  32  37   2  21   5  42  37  22  42  32   8  36  10  35  19  21  25  39  43   8  33  44  15   0  17   5  37  29  16  36  32  38  27  19  10  17  17  30  35 
 24  20  24  15   5  19  31  28  27  14   5  32  34  23  16   9  10  28  26  40   6   2  48  20   4   3  13  27  48  13  48  46  31   9  16   0  20  35  25   9  41   5   8  39  46  23  34   8  29  36 
 10  38  30  14  16   1  13   4  13  24  33  10  36  40  39   4  23   1  26  35  17  19  18  15  24  27  11  49   5  39  46  17  38  14   1  29   0  10  43  21  12  28   7  19  14  15  29   5   1  28 
  4  37   7  25  25  47  48  45  39  30  36  22  14  20   2  33  11  24  17  44  38  10  16  44  44  33  33  18  32  48  33   6   7  47  47  48  15   0  32  42  28  46  31  29  45   1  21  22   3   6 
 25  32  22  35  30  46  38  37  24  32   5  49  19  10  13  20  47  17  16  24   4  24  49  43   2  29   4   4   5  49  33  39   1  12  13  15  42  11   0  34   3  34   2  48   6   6   3  35  49  26 
 39  14  24  47   1  46  36  11  19  41  30  26   2   4  32  46  36   1  45  41  45  26  24  24  42  40  25  19  24  35  18  42  35   6  46  48  19  21  41   0   9  37  22  22  28  40  49  38  15  39 
  1  11  41   1  19  16  27  38  11  46  34  40  14   5   8  16  36   9  12  47  18   2  25  22  36   8  37  29  26   8  21  18  17  49  42  23  46   4  45  36   0  21  48  30  32  46  18  43  28   6 
 15  45  41  46   2  17   6   2  40  28  46   7  44  39  22   1   4   6  17  41  25  33   2  30   1  49  27  36  18  22  29  20   4  10  34  10  32   8  32  30  43   0  16  24  38  34  37   8   3  22 
  1   1  32  48  39  45  45  24  34  12   2  33  28  42   3  22  23  39   9  22  14  46  37   4  17  20   8  46  17  39  46  25  11   9   1   1  36  27   8  31  32  37   0  24  43  34  45  19  28  46 
  7  44   3   2   1   2  33  14  29  16  33  14  38  31  32  42   9  16  13  14  13   1  33  32  11  38   4  42  12  32   6  36  34  21  15  37  28  26  38   8   4  28  27   0  23  10  28  33   3  12 
  3  20   3  16  19   7  10  30  13  27  18  26   7  45  38  30  24  47  46  26   4  20   2  29  41  48  26  41  10  31   1  21  22  40  20  49  46  28   9  23   5  17  12  42   0   9  49  42  38  32 
 23  24  11  19  35  11  21  28  37  11  44  12  20  22  45  16  30  34   5  38  23  34   1  16  34  36  48  45  48  23  29  13  46   5  10  46  11  11  19  35  48  21  37   2  18   0  34  21  32  34 
 36  40   4  11  12   9   8  20  37  29  25   1   1   2  11   1  17  21   2  44  31  17  35  30  29   9  37  15  37  35  32   2  16  21  11  17  11  47  35  20  49   9  11  20  10  34   0  38  45   6 
 28  25  16  34  11  35   2  36  49   5  47  25   6  35  12  41  38  13  31  34  21  18  14  31  37   4  14  25  37   4  12  18   7  36   6  26  47  23  40  20  34  15  30  20  32  34  45   0  24  49 
 29  33  17  12  42  13  40   1   8  43  36   6   7   8   6  25  21   8   5   8  15  19  17  11  30   9  25  39  46  30  25  14  21  27  26  28  12  42  21  25  44  49  39   2   7  13  29  36   0  43 
 49  41   6  43  24  31  41  10   6  31  32  45   9  11  24   9  14  25  21  41  42  32   5  31  34  21  12  47  14  41  27  28  44  31  17  49  26  16  35  42  44  38   2  17  33   4  30   4  48   0 
M1
  0  27   4  45  16  46  46  46  42  23  37  35  45  25  32  32  12  15  48  23   7   7  34  28  35  29  10  26  13  44  49   9  35  17  45  35  14  36  33  23  31  10   6  21  20  26  23  22   5  12 
 44   0  41  12  19  47  12   7  16  33  49  48  20  10  17   3  16  27  11  18  40  18  39  14  10   8  46  47  25   8  46  17   7  32  13   7  27   6  35  26  45   8  13  18  48  24  26  21   1  18 
 16   1   0  11  34  29   8  34  35  30  34  36  28  43   5  28  34  29  41  16  22  13  30  24  38  35   2  17  31  47  46  15   8  23  35   7  16  39   9  40   4  16  47  33  24  42  40  16  45  48 
 31  28  16   0  11  40  41  39  34  20  42  48  11  21  19  15  28  32   5  21  37  48  49  46   7  20  23  44   3  24  13  12  41  26  45  28   5   9  13  47  23  12  49  11  31  17  48  37  38  41 
 22  17  31  10   0   2  14  13  22  45  14   3  13  16  30   6  45  35   7   9  42   9  39  48  10  46  21  10  41  10  32  22  49  21  16  18  18   1  42  44  22   7  34  20  48  33   5  40  35  28 
 43  10   7  38  20   0   7   5  31  45   1   4  41  46  44  24  35  17  18  38  20  35  28   5  18  18  49   1  22  43  14  42  21  30  20  48  10  31  18  20  10  28  43  17  33   8  35   6  16   6 
  9  47  30  24  12  18   0  10  16  38  12  33   2  24  30  41  34  49  26  17  46  22  25  26  43   2   2  12  22  16   8  49  41  21  19  47  30   7   4  18  47  11   2   6  14  34   8  44   3  11 
 14  19  40  14  31  43  30   0  15  27  40  27  16  33  11  40  44  43  22   6  12  31  28  21  23  28  23  45  35  41  24  43   4  33  26  23  21  20   5  30  40  34  12  38  43  35  30  23  12  32 
 25  36  45   2   1   1  32  17   0   1  18  11  12  14  14  18  35  37  11  39  16  39  14  13  25  45  10   5  19  20  41  43  27  32  14  34  41  27  18  28  47  13  22  28  33  46  43  40  34  37 
 24  26  36  45  27  38  33  22  46   0  12  10  34  12  29  29  26  30  48  23   9  37   9  41  13  47  29  44  29  27   7  14  42  28  14  23   8  48   6  36   1  23  42  41  29  39  11  10  16  23 
  6  47  41   5  12  33  29  30   8  30   0  11  27  42  42   6  12  21  43  35  13  34  49  33  46  25   3  32  14  21  17  16  46  10  43  13  22  47  43  44  27   4  24   6  45  25  10  13  46  34 
 37   1  23   5  17  14   6   6  34  22  27   0  24  30  20  40   6  48  46  39  41  20  18   7  13  39  13  28  41  38  26  15  38  45  22  40  15   3  43  25   7  42  39  28  37  49  42  48  46  35 
 25  33  31  30   5  20   4  14  22   7  36  39   0  11  21  17  20  21  15   5   4  26  39  39  13  19   3   2  17  38   8  22  34  46  48   3  44  39  44  20  46  46   4  42  30  40  10   3  34  26 
 25  27  28  45  46  20  16  28  30   6  33  25   9   0  26  20  38  29  37  10   1  21  14  29   3  33  39  44  43   4  39  21  46  23  21  41   1  49  29   2  27   2  30  40  36  40  30  25  25  20 
 34  17  28  30  22  15  45  45  35  15   6  41  18  26   0  12  32  10  21  17  43  31  26  17  44  14  27   4   1  44  43  28   5  29  44  11  40  28  19  27   5  35  11  22  37  46   4  35  24  21 
 36  20  33  20  36   1  13  48  26  21   1  29  45   7  43   0   8  27  20  36  31  23   3  46  46   3  26  42  31  43  43  33   2   1  17   5  43  49  28  37  45   4  47  29  16  36   9  45  42  25 
 21  39  26   5   2   3  34  32  38   2   8  45  36   1  38  26   0  35  22  11  12  10  30  14  32  26  33  42  47  27  39  42  20  19   8  17   3  28  42   3  23  24   6  20   5  34  28  25  11  10 
 36  43  30  13  44  42  21  41  48  24  35  15  32   9   7  19  22   0  29  32  35  40  34  22  11  16  10  34  45  13  38  26  38  14  10  21  10  36  24  27  22  47  20  32  40  41  23  21   9   6 
 10  13  22   9  38  14  17  33  34   4  12  17  48  32  46  35  37  18   0  26  11  15  17  48  45   9  10  22  39  43   6  34  31  37   1  12  16  29  44  15   1  34   2  30  20  15  34  15   6  24 
  6  22  30  13  23  25   6  43  11  33  13   5   6  19   5  26   8   9  12   0  13   2  40  39  42  43  28   1  41  24  37  44  28   7  25  15  35  18  30   9  25  44  40  42   5  35  40  27  49  29 
 34   8  16  31  34  11   5  20  40  46  40  14  12  28  21  18  29  20  17  40   0  32  34  16  30   6  48   5  18  46  42  21  24  17  38  20  20  29  16  31   6  13   8  35   7  42  42  36  16   8 
  7  32   3  33  22  29  16  11  14  17  45  30  49   5  40  46  22   4   3  42  42   0  49  49  17  18  15  37  28  13  19  24  42  20  14  20  39  38  45  20   2  17  34  48  31  36  30  32  29  14 
 30   6  18  26  10  44  21  45   5  42  19   3  48  20  24  22  12  37  17  37  41  11   0   2  43  39  11  41  44  31  18  36  33  46  32  47  28  41   9  18  26  42  15  48  39  15  49  39  33  39 
 39  30  49  31  17  40  48  29  17   6   9  47  12   4  35  47  24  19   2  37  49  41   4   0  17  15  34  46  42  33  14  35   6  29  10  41  14  25  49  23  16  14   6   4  44  36  30  41   3  18 
 44  24  42   6  17  17  31   6  17  23   8  47   2  45   4  42  39  16  41  48   1  38   1  19   0  46  36   3  40  39  34   5  34   5  33   8   7  12  24  38  36  32  45  44   1   7  13  23  14  16 
 43  19  37  36   2  23  19  48  37   9  15  23  13  44  12  48  32  33  37  16  46  10   3  45   7   0  40  15  18  43  15   2  11  13  43  15  38  30  34  19  13  32  45  40  21  25  44  10  11  36 
 47  11   5   2   9  24   1   1   9   3  29   8  32   9  31  12  13   1  18   3  41  27  18  38  38  24   0  31   8   8  16  43  49  12  18  17  42  48   4   8  44  35  23  39  30  42  35  44  41  10 
 33  28  47  23  46  39   7  32  44   4  41   1   8  13  12  16  46  40  29  25  28  48  21  40  13  15  25   0   8  16  18  22  44   9   5   9  22  30   6   3  29  26  13  44  49  35   6  10   5  34 
 13  11   7   3  16  36  15   8  13   6  14  40  42  39  42  13  32  37  20  39   6  28  22  31  22  33  26  17   0  42  35  17   4  41  18   3  30   6  40   5   8   7  32   7  44  25  20  32   5  41 
  2   7  13  48   6  23  34  43  14   7  16  23  41  36   3  29   9  31  48  26  19  29   8  37  30  45  46   2   8   0  43   1  21  39   5  41  48  34  11  18  26  20  44  23  25  15  47  44  16   1 
 14  49  40   3  45  25  22   8  49   8  31  26  30  23  12  10   1  33  12  37  42  10   5  33  45  37   7  27  19  27   0   5  41  14  21  35  10  16  43  29  10  18  22  29   2  34  40  38   9  31 
 47  45  26  41  43   2  47  35  16  11  26  36  44  42  15  42  10  16  22  38  21  48  19  35   9   6   4   6  11   5   6   0  20  31  40  45  11  30  46  47   2  27  19  44  26  20  45  16   8  33 
 45  31  34  43  15  47  20  14  31   1  27  24  10  36  49  36   6  33   7  12  40  38   1  29  35  45   8  16  13  18   4   9   0  49  10  46  16  20  33  45  12  31  42  27  12   1   9  15  42  11 
 43  28  14  23   3  33  25   1  18   2  22   9  41  30  29  18  29  43  18  18  29  38  40  46   9  49  36  23   8  43   7  19  12   0  23   5  31  34  39   4  15  47  46   3  25  22  21  13  17  45 
 42  14   5  25  49  36   3  41  27  24  44  32  37   2  21   5  42  37  22  42  32   8  36  10  35  19  21  25  39  43   8  33  44  15   0  17   5  37  29  16  36  32  38  27  19  10  17  17  30  35 
 24  20  24  15   5  19  31  28  27  14   5  32  34  23  16   9  10  28  26  40   6   2  48  20   4   3  13  27  48  13  48  46  31   9  16   0  20  35  25   9  41   5   8  39  46  23  34   8  29  36 
 10  38  30  14  16   1  13   4  13  24  33  10  36  40  39   4  23   1  26  35  17  19  18  15  24  27  11  49   5  39  46  17  38  14   1  29   0  10  43  21  12  28   7  19  14  15  29   5   1  28 
  4  37   7  25  25  47  48  45  39  30  36  22  14  20   2  33  11  24  17  44  38  10  16  44  44  33  33  18  32  48  33   6   7  47  47  48  15   0  32  42  28  46  31  29  45   1  21  22   3   6 
 25  32  22  35  30  46  38  37  24  32   5  49  19  10  13  20  47  17  16  24   4  24  49  43   2  29   4   4   5  49  33  39   1  12  13  15  42  11   0  34   3  34   2  48   6   6   3  35  49  26 
 39  14  24  47   1  46  36  11  19  41  30  26   2   4  32  46  36   1  45  41  45  26  24  24  42  40  25  19  24  35  18  42  35   6  46  48  19  21  41   0   9  37  22  22  28  40  49  38  15  39 
  1  11  41   1  19  16  27  38  11  46  34  40  14   5   8  16  36   9  12  47  18   2  25  22  36   8  37  29  26   8  21  18  17  49  42  23  46   4  45  36   0  21  48  30  32  46  18  43  28   6 
 15  45  41  46   2  17   6   2  40  28  46   7  44  39  22   1   4   6  17  41  25  33   2  30   1  49  27  36  18  22  29  20   4  10  34  10  32   8  32  30  43   0  16  24  38  34  37   8   3  22 
  1   1  32  48  39  45  45  24  34  12   2  33  28  42   3  22  23  39   9  22  14  46  37   4  17  20   8  46  17  39  46  25  11   9   1   1  36  27   8  31  32  37   0  24  43  34  45  19  28  46 
  7  44   3   2   1   2  33  14  29  16  33  14  38  31  32  42   9  16  13  14  13   1  33  32  11  38   4  42  12  32   6  36  34  21  15  37  28  26  38   8   4  28  27   0  23  10  28  33   3  12 
  3  20   3  16  19   7  10  30  13  27  18  26   7  45  38  30  24  47  46  26   4  20   2  29  41  48  26  41  10  31   1  21  22  40  20  49  46  28   9  23   5  17  12  42   0   9  49  42  38  32 
 23  24  11  19  35  11  21  28  37  11  44  12  20  22  45  16  30  34   5  38  23  34   1  16  34  36  48  45  48  23  29  13  46   5  10  46  11  11  19  35  48  21  37   2  18   0  34  21  32  34 
 36  40   4  11  12   9   8  20  37  29  25   1   1   2  11   1  17  21   2  44  31  17  35  30  29   9  37  15  37  35  32   2  16  21  11  17  11  47  35  20  49   9  11  20  10  34   0  38  45   6 
 28  25  16  34  11  35   2  36  49   5  47  25   6  35  12  41  38  13  31  34  21  18  14  31  37   4  14  25  37   4  12  18   7  36   6  26  47  23  40  20  34  15  30  20  32  34  45   0  24  49 
 29  33  17  12  42  13  40   1   8  43  36   6   7   8   6  25  21   8   5   8  15  19  17  11  30   9  25  39  46  30  25  14  21  27  26  28  12  42  21  25  44  49  39   2   7  13  29  36   0  43 
 49  41   6  43  24  31  41  10   6  31  32  45   9  11  24   9  14  25  21  41  42  32   5  31  34  21  12  47  14  41  27  28  44  31  17  49  26  16  35  42  44  38   2  17  33   4  30   4  48   0 
M2
  0  27   4  45  16  46  46  46  42  23  37  35  45  25  32  32  12  15  48  23   7   7  34  28  35  29  10  26  13  44  49   9  35  17  45  35  14  36  33  23  31  10   6  21  20  26  23  22   5  12 
 44   0  41  12  19  47  12   7  16  33  49  48  20  10  17   3  16  27  11  18  40  18  39  14  10   8  46  47  25   8  46  17   7  32  13   7  27   6  35  26  45   8  13  18  48  24  26  21   1  18 
 16   1   0  11  34  29   8  34  35  30  34  36  28  43   5  28  34  29  41  16  22  13  30  24  38  35   2  17  31  47  46  15   8  23  35   7  16  39   9  40   4  16  47  33  24  42  40  16  45  48 
 31  28  16   0  11  40  41  39  34  20  42  48  11  21  19  15  28  32   5  21  37  48  49  46   7  20  23  44   3  24  13  12  41  26  45  28   5   9  13  47  23  12  49  11  31  17  48  37  38  41 
 22  17  31  10   0   2  14  13  22  45  14   3  13  16  30   6  45  35   7   9  42   9  39  48  10  46  21  10  41  10  32  22  49  21  16  18  18   1  42  44  22   7  34  20  48  33   5  40  35  28 
 43  10   7  38  20   0   7   5  31  45   1   4  41  46  44  24  35  17  18  38  20  35  28   5  18  18  49   1  22  43  14  42  21  30  20  48  10  31  18  20  10  28  43  17  33   8  35   6  16   6 
  9  47  30  24  12  18   0  10  16  38  12  33   2  24  30  41  34  49  26  17  46  22  25  26  43   2   2  12  22  16   8  49  41  21  19  47  30   7   4  18  47  11   2   6  14  34   8  44   3  11 
 14  19  40  14  31  43  30   0  15  27  40  27  16  33  11  40  44  43  22   6  12  31  28  21  23  28  23  45  35  41  24  43   4  33  26  23  21  20   5  30  40  34  12  38  43  35  30  23  12  32 
 25  36  45   2   1   1  32  17   0   1  18  11  12  14  14  18  35  37  11  39  16  39  14  13  25  45  10   5  19  20  41  43  27  32  14  34  41  27  18  28  47  13  22  28  33  46  43  40  34  37 
 24  26  36  45  27  38  33  22  46   0  12  10  34  12  29  29  26  30  48  23   9  37   9  41  13  47  29  44  29  27   7  14  42  28  14  23   8  48   6  36   1  23  42  41  29  39  11  10  16  23 
  6  47  41   5  12  33  29  30   8  30   0  11  27  42  42   6  12  21  43  35  13  34  49  33  46  25   3  32  14  21  17  16  46  10  43  13  22  47  43  44  27   4  24   6  45  25  10  13  46  34 
 37   1  23   5  17  14   6   6  34  22  27   0  24  30  20  40   6  48  46  39  41  20  18   7  13  39  13  28  41  38  26  15  38  45  22  40  15   3  43  25   7  42  39  28  37  49  42  48  46  35 
 25  33  31  30   5  20   4  14  22   7  36  39   0  11  21  17  20  21  15   5   4  26  39  39  13  19   3   2  17  38   8  22  34  46  48   3  44  39  44  20  46  46   4  42  30  40  10   3  34  26 
 25  27  28  45  46  20  16  28  30   6  33  25   9   0  26  20  38  29  37  10   1  21  14  29   3  33  39  44  43   4  39  21  46  23  21  41   1  49  29   2  27   2  30  40  36  40  30  25  25  20 
 34  17  28  30  22  15  45  45  35  15   6  41  18  26   0  12  32  10  21  17  43  31  26  17  44  14  27   4   1  44  43  28   5  29  44  11  40  28  19  27   5  35  11  22  37  46   4  35  24  21 
 36  20  33  20  36   1  13  48  26  21   1  29  45   7  43   0   8  27  20  36  31  23   3  46  46   3  26  42  31  43  43  33   2   1  17   5  43  49  28  37  45   4  47  29  16  36   9  45  42  25 
 21  39  26   5   2   3  34  32  38   2   8  45  36   1  38  26   0  35  22  11  12  10  30  14  32  26  33  42  47  27  39  42  20  19   8  17   3  28  42   3  23  24   6  20   5  34  28  25  11  10 
 36  43  30  13  44  42  21  41  48  24  35  15  32   9   7  19  22   0  29  32  35  40  34  22  11  16  10  34  45  13  38  26  38  14  10  21  10  36  24  27  22  47  20  32  40  41  23  21   9   6 
 10  13  22   9  38  14  17  33  34   4  12  17  48  32  46  35  37  18   0  26  11  15  17  48  45   9  10  22  39  43   6  34  31  37   1  12  16  29  44  15   1  34   2  30  20  15  34  15   6  24 
  6  22  30  13  23  25   6  43  11  33  13   5   6  19   5  26   8   9  12   0  13   2  40  39  42  43  28   1  41  24  37  44  28   7  25  15  35  18  30   9  25  44  40  42   5  35  40  27  49  29 
 34   8  16  31  34  11   5  20  40  46  40  14  12  28  21  18  29  20  17  40   0  32  34  16  30   6  48   5  18  46  42  21  24  17  38  20  20  29  16  31   6  13   8  35   7  42  42  36  16   8 
  7  32   3  33  22  29  16  11  14  17  45  30  49   5  40  46  22   4   3  42  42   0  49  49  17  18  15  37  28  13  19  24  42  20  14  20  39  38  45  20   2  17  34  48  31  36  30  32  29  14 
 30   6  18  26  10  44  21  45   5  42  19   3  48  20  24  22  12  37  17  37  41  11   0   2  43  39  11  41  44  31  18  36  33  46  32  47  28  41   9  18  26  42  15  48  39  15  49  39  33  39 
 39  30  49  31  17  40  48  29  17   6   9  47  12   4  35  47  24  19   2  37  49  41   4   0  17  15  34  46  42  33  14  35   6  29  10  41  14  25  49  23  16  14   6   4  44  36  30  41   3  18 
 44  24  42   6  17  17  31   6  17  23   8  47   2  45   4  42  39  16  41  48   1  38   1  19   0  46  36   3  40  39  34   5  34   5  33   8   7  12  24  38  36  32  45  44   1   7  13  23  14  16 
 43  19  37  36   2  23  19  48  37   9  15  23  13  44  12  48  32  33  37  16  46  10   3  45   7   0  40  15  18  43  15   2  11  13  43  15  38  30  34  19  13  32  45  40  21  25  44  10  11  36 
 47  11   5   2   9  24   1   1   9   3  29   8  32   9  31  12  13   1  18   3  41  27  18  38  38  24   0  31   8   8  16  43  49  12  18  17  42  48   4   8  44  35  23  39  30  42  35  44  41  10 
 33  28  47  23  46  39   7  32  44   4  41   1   8  13  12  16  46  40  29  25  28  48  21  40  13  15  25   0   8  16  18  22  44   9   5   9  22  30   6   3  29  26  13  44  49  35   6  10   5  34 
 13  11   7   3  16  36  15   8  13   6  14  40  42  39  42  13  32  37  20  39   6  28  22  31  22  33  26  17   0  42  35  17   4  41  18   3  30   6  40   5   8   7  32   7  44  25  20  32   5  41 
  2   7  13  48   6  23  34  43  14   7  16  23  41  36   3  29   9  31  48  26  19  29   8  37  30  45  46   2   8   0  43   1  21  39   5  41  48  34  11  18  26  20  44  23  25  15  47  44  16   1 
 14  49  40   3  45  25  22   8  49   8  31  26  30  23  12  10   1  33  12  37  42  10   5  33  45  37   7  27  19  27   0   5  41  14  21  35  10  16  43  29  10  18  22  29   2  34  40  38   9  31 
 47  45  26  41  43   2  47  35  16  11  26  36  44  42  15  42  10  16  22  38  21  48  19  35   9   6   4   6  11   5   6   0  20  31  40  45  11  30  46  47   2  27  19  44  26  20  45  16   8  33 
 45  31  34  43  15  47  20  14  31   1  27  24  10  36  49  36   6  33   7  12  40  38   1  29  35  45   8  16  13  18   4   9   0  49  10  46  16  20  33  45  12  31  42  27  12   1   9  15  42  11 
 43  28  14  23   3  33  25   1  18   2  22   9  41  30  29  18  29  43  18  18  29  38  40  46   9  49  36  23   8  43   7  19  12   0  23   5  31  34  39   4  15  47  46   3  25  22  21  13  17  45 
 42  14   5  25  49  36   3  41  27  24  44  32  37   2  21   5  42  37  22  42  32   8  36  10  35  19  21  25  39  43   8  33  44  15   0  17   5  37  29  16  36  32  38  27  19  10  17  17  30  35 
 24  20  24  15   5  19  31  28  27  14   5  32  34  23  16   9  10  28  26  40   6   2  48  20   4   3  13  27  48  13  48  46  31   9  16   0  20  35  25   9  41   5   8  39  46  23  34   8  29  36 
 10  38  30  14  16   1  13   4  13  24  33  10  36  40  39   4  23   1  26  35  17  19  18  15  24  27  11  49   5  39  46  17  38  14   1  29   0  10  43  21  12  28   7  19  14  15  29   5   1  28 
  4  37   7  25  25  47  48  45  39  30  36  22  14  20   2  33  11  24  17  44  38  10  16  44  44  33  33  18  32  48  33   6   7  47  47  48  15   0  32  42  28  46  31  29  45   1  21  22   3   6 
 25  32  22  35  30  46  38  37  24  32   5  49  19  10  13  20  47  17  16  24   4  24  49  43   2  29   4   4   5  49  33  39   1  12  13  15  42  11   0  34   3  34   2  48   6   6   3  35  49  26 
 39  14  24  47   1  46  36  11  19  41  30  26   2   4  32  46  36   1  45  41  45  26  24  24  42  40  25  19  24  35  18  42  35   6  46  48  19  21  41   0   9  37  22  22  28  40  49  38  15  39 
  1  11  41   1  19  16  27  38  11  46  34  40  14   5   8  16  36   9  12  47  18   2  25  22  36   8  37  29  26   8  21  18  17  49  42  23  46   4  45  36   0  21  48  30  32  46  18  43  28   6 
 15  45  41  46   2  17   6   2  40  28  46   7  44  39  22   1   4   6  17  41  25  33   2  30   1  49  27  36  18  22  29  20   4  10  34  10  32   8  32  30  43   0  16  24  38  34  37   8   3  22 
  1   1  32  48  39  45  45  24  34  12   2  33  28  42   3  22  23  39   9  22  14  46  37   4  17  20   8  46  17  39  46  25  11   9   1   1  36  27   8  31  32  37   0  24  43  34  45  19  28  46 
  7  44   3   2   1   2  33  14  29  16  33  14  38  31  32  42   9  16  13  14  13   1  33  32  11  38   4  42  12  32   6  36  34  21  15  37  28  26  38   8   4  28  27   0  23  10  28  33   3  12 
  3  20   3  16  19   7  10  30  13  27  18  26   7  45  38  30  24  47  46  26   4  20   2  29  41  48  26  41  10  31   1  21  22  40  20  49  46  28   9  23   5  17  12  42   0   9  49  42  38  32 
 23  24  11  19  35  11  21  28  37  11  44  12  20  22  45  16  30  34   5  38  23  34   1  16  34  36  48  45  48  23  29  13  46   5  10  46  11  11  19  35  48  21  37   2  18   0  34  21  32  34 
 36  40   4  11  12   9   8  20  37  29  25   1   1   2  11   1  17  21   2  44  31  17  35  30  29   9  37  15  37  35  32   2  16  21  11  17  11  47  35  20  49   9  11  20  10  34   0  38  45   6 
 28  25  16  34  11  35   2  36  49   5  47  25   6  35  12  41  38  13  31  34  21  18  14  31  37   4  14  25  37   4  12  18   7  36   6  26  47  23  40  20  34  15  30  20  32  34  45   0  24  49 
 29  33  17  12  42  13  40   1   8  43  36   6   7   8   6  25  21   8   5   8  15  19  17  11  30   9  25  39  46  30  25  14  21  27  26  28  12  42  21  25  44  49  39   2   7  13  29  36   0  43 
 49  41   6  43  24  31  41  10   6  31  32  45   9  11  24   9  14  25  21  41  42  32   5  31  34  21  12  47  14  41  27  28  44  31  17  49  26  16  35  42  44  38   2  17  33   4  30   4  48   0 
M3
  0  27   4  45  16  46  46  46  42  23  37  35  45  25  32  32  12  15  48  23   7   7  34  28  35  29  10  26  13  44  49   9  35  17  45  35  14  36  33  23  31  10   6  21  20  26  23  22   5  12 
 44   0  41  12  19  47  12   7  16  33  49  48  20  10  17   3  16  27  11  18  40  18  39  14  10   8  46  47  25   8  46  17   7  32  13   7  27   6  35  26  45   8  13  18  48  24  26  21   1  18 
 16   1   0  11  34  29   8  34  35  30  34  36  28  43   5  28  34  29  41  16  22  13  30  24  38  35   2  17  31  47  46  15   8  23  35   7  16  39   9  40   4  16  47  33  24  42  40  16  45  48 
 31  28  16   0  11  40  41  39  34  20  42  48  11  21  19  15  28  32   5  21  37  48  49  46   7  20  23  44   3  24  13  12  41  26  45  28   5   9  13  47  23  12  49  11  31  17  48  37  38  41 
 22  17  31  10   0   2  14  13  22  45  14   3  13  16  30   6  45  35   7   9  42   9  39  48  10  46  21  10  41  10  32  22  49  21  16  18  18   1  42  44  22   7  34  20  48  33   5  40  35  28 
 43  10   7  38  20   0   7   5  31  45   1   4  41  46  44  24  35  17  18  38  20  35  28   5  18  18  49   1  22  43  14  42  21  30  20  48  10  31  18  20  10  28  43  17  33   8  35   6  16   6 
  9  47  30  24  12  18   0  10  16  38  12  33   2  24  30  41  34  49  26  17  46  22  25  26  43   2   2  12  22  16   8  49  41  21  19  47  30   7   4  18  47  11   2   6  14  34   8  44   3  11 
 14  19  40  14  31  43  30   0  15  27  40  27  16  33  11  40  44  43  22   6  12  31  28  21  23  28  23  45  35  41  24  43   4  33  26  23  21  20   5  30  40  34  12  38  43  35  30  23  12  32 
 25  36  45   2   1   1  32  17   0   1  18  11  12  14  14  18  35  37  11  39  16  39  14  13  25  45  10   5  19  20  41  43  27  32  14  34  41  27  18  28  47  13  22  28  33  46  43  40  34  37 
 24  26  36  45  27  38  33  22  46   0  12  10  34  12  29  29  26  30  48  23   9  37   9  41  13  47  29  44  29  27   7  14  42  28  14  23   8  48   6  36   1  23  42  41  29  39  11  10  16  23 
  6  47  41   5  12  33  29  30   8  30   0  11  27  42  42   6  12  21  43  35  13  34  49  33  46  25   3  32  14  21  17  16  46  10  43  13  22  47  43  44  27   4  24   6  45  25  10  13  46  34 
 37   1  23   5  17  14   6   6  34  22  27   0  24  30  20  40   6  48  46  39  41  20  18   7  13  39  13  28  41  38  26  15  38  45  22  40  15   3  43  25   7  42  39  28  37  49  42  48  46  35 
 25  33  31  30   5  20   4  14  22   7  36  39   0  11  21  17  20  21  15   5   4  26  39  39  13  19   3   2  17  38   8  22  34  46  48   3  44  39  44  20  46  46   4  42  30  40  10   3  34  26 
 25  27  28  45  46  20  16  28  30   6  33  25   9   0  26  20  38  29  37  10   1  21  14  29   3  33  39  44  43   4  39  21  46  23  21  41   1  49  29   2  27   2  30  40  36  40  30  25  25  20 
 34  17  28  30  22  15  45  45  35  15   6  41  18  26   0  12  32  10  21  17  43  31  26  17  44  14  27   4   1  44  43  28   5  29  44  11  40  28  19  27   5  35  11  22  37  46   4  35  24  21 
 36  20  33  20  36   1  13  48  26  21   1  29  45   7  43   0   8  27  20  36  31  23   3  46  46   3  26  42  31  43  43  33   2   1  17   5  43  49  28  37  45   4  47  29  16  36   9  45  42  25 
 21  39  26   5   2   3  34  32  38   2   8  45  36   1  38  26   0  35  22  11  12  10  30  14  32  26  33  42  47  27  39  42  20  19   8  17   3  28  42   3  23  24   6  20   5  34  28  25  11  10 
 36  43  30  13  44  42  21  41  48  24  35  15  32   9   7  19  22   0  29  32  35  40  34  22  11  16  10  34  45  13  38  26  38  14  10  21  10  36  24  27  22  47  20  32  40  41  23  21   9   6 
 10  13  22   9  38  14  17  33  34   4  12  17  48  32  46  35  37  18   0  26  11  15  17  48  45   9  10  22  39  43   6  34  31  37   1  12  16  29  44  15   1  34   2  30  20  15  34  15   6  24 
  6  22  30  13  23  25   6  43  11  33  13   5   6  19   5  26   8   9  12   0  13   2  40  39  42  43  28   1  41  24  37  44  28   7  25  15  35  18  30   9  25  44  40  42   5  35  40  27  49  29 
 34   8  16  31  34  11   5  20  40  46  40  14  12  28  21  18  29  20  17  40   0  32  34  16  30   6  48   5  18  46  42  21  24  17  38  20  20  29  16  31   6  13   8  35   7  42  42  36  16   8 
  7  32   3  33  22  29  16  11  14  17  45  30  49   5  40  46  22   4   3  42  42   0  49  49  17  18  15  37  28  13  19  24  42  20  14  20  39  38  45  20   2  17  34  48  31  36  30  32  29  14 
 30   6  18  26  10  44  21  45   5  42  19   3  48  20  24  22  12  37  17  37  41  11   0   2  43  39  11  41  44  31  18  36  33  46  32  47  28  41   9  18  26  42  15  48  39  15  49  39  33  39 
 39  30  49  31  17  40  48  29  17   6   9  47  12   4  35  47  24  19   2  37  49  41   4   0  17  15  34  46  42  33  14  35   6  29  10  41  14  25  49  23  16  14   6   4  44  36  30  41   3  18 
 44  24  42   6  17  17  31   6  17  23   8  47   2  45   4  42  39  16  41  48   1  38   1  19   0  46  36   3  40  39  34   5  34   5  33   8   7  12  24  38  36  32  45  44   1   7  13  23  14  16 
 43  19  37  36   2  23  19  48  37   9  15  23  13  44  12  48  32  33  37  16  46  10   3  45   7   0  40  15  18  43  15   2  11  13  43  15  38  30  34  19  13  32  45  40  21  25  44  10  11  36 
 47  11   5   2   9  24   1   1   9   3  29   8  32   9  31  12  13   1  18   3  41  27  18  38  38  24   0  31   8   8  16  43  49  12  18  17  42  48   4   8  44  35  23  39  30  42  35  44  41  10 
 33  28  47  23  46  39   7  32  44   4  41   1   8  13  12  16  46  40  29  25  28  48  21  40  13  15  25   0   8  16  18  22  44   9   5   9  22  30   6   3  29  26  13  44  49  35   6  10   5  34 
 13  11   7   3  16  36  15   8  13   6  14  40  42  39  42  13  32  37  20  39   6  28  22  31  22  33  26  17   0  42  35  17   4  41  18   3  30   6  40   5   8   7  32   7  44  25  20  32   5  41 
  2   7  13  48   6  23  34  43  14   7  16  23  41  36   3  29   9  31  48  26  19  29   8  37  30  45  46   2   8   0  43   1  21  39   5  41  48  34  11  18  26  20  44  23  25  15  47  44  16   1 
 14  49  40   3  45  25  22   8  49   8  31  26  30  23  12  10   1  33  12  37  42  10   5  33  45  37   7  27  19  27   0   5  41  14  21  35  10  16  43  29  10  18  22  29   2  34  40  38   9  31 
 47  45  26  41  43   2  47  35  16  11  26  36  44  42  15  42  10  16  22  38  21  48  19  35   9   6   4   6  11   5   6   0  20  31  40  45  11  30  46  47   2  27  19  44  26  20  45  16   8  33 
 45  31  34  43  15  47  20  14  31   1  27  24  10  36  49  36   6  33   7  12  40  38   1  29  35  45   8  16  13  18   4   9   0  49  10  46  16  20  33  45  12  31  42  27  12   1   9  15  42  11 
 43  28  14  23   3  33  25   1  18   2  22   9  41  30  29  18  29  43  18  18  29  38  40  46   9  49  36  23   8  43   7  19  12   0  23   5  31  34  39   4  15  47  46   3  25  22  21  13  17  45 
 42  14   5  25  49  36   3  41  27  24  44  32  37   2  21   5  42  37  22  42  32   8  36  10  35  19  21  25  39  43   8  33  44  15   0  17   5  37  29  16  36  32  38  27  19  10  17  17  30  35 
 24  20  24  15   5  19  31  28  27  14   5  32  34  23  16   9  10  28  26  40   6   2  48  20   4   3  13  27  48  13  48  46  31   9  16   0  20  35  25   9  41   5   8  39  46  23  34   8  29  36 
 10  38  30  14  16   1  13   4  13  24  33  10  36  40  39   4  23   1  26  35  17  19  18  15  24  27  11  49   5  39  46  17  38  14   1  29   0  10  43  21  12  28   7  19  14  15  29   5   1  28 
  4  37   7  25  25  47  48  45  39  30  36  22  14  20   2  33  11  24  17  44  38  10  16  44  44  33  33  18  32  48  33   6   7  47  47  48  15   0  32  42  28  46  31  29  45   1  21  22   3   6 
 25  32  22  35  30  46  38  37  24  32   5  49  19  10  13  20  47  17  16  24   4  24  49  43   2  29   4   4   5  49  33  39   1  12  13  15  42  11   0  34   3  34   2  48   6   6   3  35  49  26 
 39  14  24  47   1  46  36  11  19  41  30  26   2   4  32  46  36   1  45  41  45  26  24  24  42  40  25  19  24  35  18  42  35   6  46  48  19  21  41   0   9  37  22  22  28  40  49  38  15  39 
  1  11  41   1  19  16  27  38  11  46  34  40  14   5   8  16  36   9  12  47  18   2  25  22  36   8  37  29  26   8  21  18  17  49  42  23  46   4  45  36   0  21  48  30  32  46  18  43  28   6 
 15  45  41  46   2  17   6   2  40  28  46   7  44  39  22   1   4   6  17  41  25  33   2  30   1  49  27  36  18  22  29  20   4  10  34  10  32   8  32  30  43   0  16  24  38  34  37   8   3  22 
  1   1  32  48  39  45  45  24  34  12   2  33  28  42   3  22  23  39   9  22  14  46  37   4  17  20   8  46  17  39  46  25  11   9   1   1  36  27   8  31  32  37   0  24  43  34  45  19  28  46 
  7  44   3   2   1   2  33  14  29  16  33  14  38  31  32  42   9  16  13  14  13   1  33  32  11  38   4  42  12  32   6  36  34  21  15  37  28  26  38   8   4  28  27   0  23  10  28  33   3  12 
  3  20   3  16  19   7  10  30  13  27  18  26   7  45  38  30  24  47  46  26   4  20   2  29  41  48  26  41  10  31   1  21  22  40  20  49  46  28   9  23   5  17  12  42   0   9  49  42  38  32 
 23  24  11  19  35  11  21  28  37  11  44  12  20  22  45  16  30  34   5  38  23  34   1  16  34  36  48  45  48  23  29  13  46   5  10  46  11  11  19  35  48  21  37   2  18   0  34  21  32  34 
 36  40   4  11  12   9   8  20  37  29  25   1   1   2  11   1  17  21   2  44  31  17  35  30  29   9  37  15  37  35  32   2  16  21  11  17  11  47  35  20  49   9  11  20  10  34   0  38  45   6 
 28  25  16  34  11  35   2  36  49   5  47  25   6  35  12  41  38  13  31  34  21  18  14  31  37   4  14  25  37   4  12  18   7  36   6  26  47  23  40  20  34  15  30  20  32  34  45   0  24  49 
 29  33  17  12  42  13  40   1   8  43  36   6   7   8   6  25  21   8   5   8  15  19  17  11  30   9  25  39  46  30  25  14  21  27  26  28  12  42  21  25  44  49  39   2   7  13  29  36   0  43 
 49  41   6  43  24  31  41  10   6  31  32  45   9  11  24   9  14  25  21  41  42  32   5  31  34  21  12  47  14  41  27  28  44  31  17  49  26  16  35  42  44  38   2  17  33   4  30   4  48   0 
M4
  0  27   4  45  16  46  46  46  42  23  37  35  45  25  32  32  12  15  48  23   7   7  34  28  35  29  10  26  13  44  49   9  35  17  45  35  14  36  33  23  31  10   6  21  20  26  23  22   5  12 
 44   0  41  12  19  47  12   7  16  33  49  48  20  10  17   3  16  27  11  18  40  18  39  14  10   8  46  47  25   8  46  17   7  32  13   7  27   6  35  26  45   8  13  18  48  24  26  21   1  18 
 16   1   0  11  34  29   8  34  35  30  34  36  28  43   5  28  34  29  41  16  22  13  30  24  38  35   2  17  31  47  46  15   8  23  35   7  16  39   9  40   4  16  47  33  24  42  40  16  45  48 
 31  28  16   0  11  40  41  39  34  20  42  48  11  21  19  15  28  32   5  21  37  48  49  46   7  20  23  44   3  24  13  12  41  26  45  28   5   9  13  47  23  12  49  11  31  17  48  37  38  41 
 22  17  31  10   0   2  14  13  22  45  14   3  13  16  30   6  45  35   7   9  42   9  39  48  10  46  21  10  41  10  32  22  49  21  16  18  18   1  42  44  22   7  34  20  48  33   5  40  35  28 
 43  10   7  38  20   0   7   5  31  45   1   4  41  46  44  24  35  17  18  38  20  35  28   5  18  18  49   1  22  43  14  42  21  30  20  48  10  31  18  20  10  28  43  17  33   8  35   6  16   6 
  9  47  30  24  12  18   0  10  16  38  12  33   2  24  30  41  34  49  26  17  46  22  25  26  43   2   2  12  22  16   8  49  41  21  19  47  30   7   4  18  47  11   2   6  14  34   8  44   3  11 
 14  19  40  14  31  43  30   0  15  27  40  27  16  33  11  40  44  43  22   6  12  31  28  21  23  28  23  45  35  41  24  43   4  33  26  23  21  20   5  30  40  34  12  38  43  35  30  23  12  32 
 25  36  45   2   1   1  32  17   0   1  18  11  12  14  14  18  35  37  11  39  16  39  14  13  25  45  10   5  19  20  41  43  27  32  14  34  41  27  18  28  47  13  22  28  33  46  43  40  34  37 
 24  26  36  45  27  38  33  22  46   0  12  10  34  12  29  29  26  30  48  23   9  37   9  41  13  47  29  44  29  27   7  14  42  28  14  23   8  48   6  36   1  23  42  41  29  39  11  10  16  23 
  6  47  41   5  12  33  29  30   8  30   0  11  27  42  42   6  12  21  43  35  13  34  49  33  46  25   3  32  14  21  17  16  46  10  43  13  22  47  43  44  27   4  24   6  45  25  10  13  46  34 
 37   1  23   5  17  14   6   6  34  22  27   0  24  30  20  40   6  48  46  39  41  20  18   7  13  39  13  28  41  38  26  15  38  45  22  40  15   3  43  25   7  42  39  28  37  49  42  48  46  35 
 25  33  31  30   5  20   4  14  22   7  36  39   0  11  21  17  20  21  15   5   4  26  39  39  13  19   3   2  17  38   8  22  34  46  48   3  44  39  44  20  46  46   4  42  30  40  10   3  34  26 
 25  27  28  45  46  20  16  28  30   6  33  25   9   0  26  20  38  29  37  10   1  21  14  29   3  33  39  44  43   4  39  21  46  23  21  41   1  49  29   2  27   2  30  40  36  40  30  25  25  20 
 34  17  28  30  22  15  45  45  35  15   6  41  18  26   0  12  32  10  21  17  43  31  26  17  44  14  27   4   1  44  43  28   5  29  44  11  40  28  19  27   5  35  11  22  37  46   4  35  24  21 
 36  20  33  20  36   1  13  48  26  21   1  29  45   7  43   0   8  27  20  36  31  23   3  46  46   3  26  42  31  43  43  33   2   1  17   5  43  49  28  37  45   4  47  29  16  36   9  45  42  25 
 21  39  26   5   2   3  34  32  38   2   8  45  36   1  38  26   0  35  22  11  12  10  30  14  32  26  33  42  47  27  39  42  20  19   8  17   3  28  42   3  23  24   6  20   5  34  28  25  11  10 
 36  43  30  13  44  42  21  41  48  24  35  15  32   9   7  19  22   0  29  32  35  40  34  22  11  16  10  34  45  13  38  26  38  14  10  21  10  36  24  27  22  47  20  32  40  41  23  21   9   6 
 10  13  22   9  38  14  17  33  34   4  12  17  48  32  46  35  37  18   0  26  11  15  17  48  45   9  10  22  39  43   6  34  31  37   1  12  16  29  44  15   1  34   2  30  20  15  34  15   6  24 
  6  22  30  13  23  25   6  43  11  33  13   5   6  19   5  26   8   9  12   0  13   2  40  39  42  43  28   1  41  24  37  44  28   7  25  15  35  18  30   9  25  44  40  42   5  35  40  27  49  29 
 34   8  16  31  34  11   5  20  40  46  40  14  12  28  21  18  29  20  17  40   0  32  34  16  30   6  48   5  18  46  42  21  24  17  38  20  20  29  16  31   6  13   8  35   7  42  42  36  16   8 
  7  32   3  33  22  29  16  11  14  17  45  30  49   5  40  46  22   4   3  42  42   0  49  49  17  18  15  37  28  13  19  24  42  20  14  20  39  38  45  20   2  17  34  48  31  36  30  32  29  14 
 30   6  18  26  10  44  21  45   5  42  19   3  48  20  24  22  12  37  17  37  41  11   0   2  43  39  11  41  44  31  18  36  33  46  32  47  28  41   9  18  26  42  15  48  39  15  49  39  33  39 
 39  30  49  31  17  40  48  29  17   6   9  47  12   4  35  47  24  19   2  37  49  41   4   0  17  15  34  46  42  33  14  35   6  29  10  41  14  25  49  23  16  14   6   4  44  36  30  41   3  18 
 44  24  42   6  17  17  31   6  17  23   8  47   2  45   4  42  39  16  41  48   1  38   1  19   0  46  36   3  40  39  34   5  34   5  33   8   7  12  24  38  36  32  45  44   1   7  13  23  14  16 
 43  19  37  36   2  23  19  48  37   9  15  23  13  44  12  48  32  33  37  16  46  10   3  45   7   0  40  15  18  43  15   2  11  13  43  15  38  30  34  19  13  32  45  40  21  25  44  10  11  36 
 47  11   5   2   9  24   1   1   9   3  29   8  32   9  31  12  13   1  18   3  41  27  18  38  38  24   0  31   8   8  16  43  49  12  18  17  42  48   4   8  44  35  23  39  30  42  35  44  41  10 
 33  28  47  23  46  39   7  32  44   4  41   1   8  13  12  16  46  40  29  25  28  48  21  40  13  15  25   0   8  16  18  22  44   9   5   9  22  30   6   3  29  26  13  44  49  35   6  10   5  34 
 13  11   7   3  16  36  15   8  13   6  14  40  42  39  42  13  32  37  20  39   6  28  22  31  22  33  26  17   0  42  35  17   4  41  18   3  30   6  40   5   8   7  32   7  44  25  20  32   5  41 
  2   7  13  48   6  23  34  43  14   7  16  23  41  36   3  29   9  31  48  26  19  29   8  37  30  45  46   2   8   0  43   1  21  39   5  41  48  34  11  18  26  20  44  23  25  15  47  44  16   1 
 14  49  40   3  45  25  22   8  49   8  31  26  30  23  12  10   1  33  12  37  42  10   5  33  45  37   7  27  19  27   0   5  41  14  21  35  10  16  43  29  10  18  22  29   2  34  40  38   9  31 
 47  45  26  41  43   2  47  35  16  11  26  36  44  42  15  42  10  16  22  38  21  48  19  35   9   6   4   6  11   5   6   0  20  31  40  45  11  30  46  47   2  27  19  44  26  20  45  16   8  33 
 45  31  34  43  15  47  20  14  31   1  27  24  10  36  49  36   6  33   7  12  40  38   1  29  35  45   8  16  13  18   4   9   0  49  10  46  16  20  33  45  12  31  42  27  12   1   9  15  42  11 
 43  28  14  23   3  33  25   1  18   2  22   9  41  30  29  18  29  43  18  18  29  38  40  46   9  49  36  23   8  43   7  19  12   0  23   5  31  34  39   4  15  47  46   3  25  22  21  13  17  45 
 42  14   5  25  49  36   3  41  27  24  44  32  37   2  21   5  42  37  22  42  32   8  36  10  35  19  21  25  39  43   8  33  44  15   0  17   5  37  29  16  36  32  38  27  19  10  17  17  30  35 
 24  20  24  15   5  19  31  28  27  14   5  32  34  23  16   9  10  28  26  40   6   2  48  20   4   3  13  27  48  13  48  46  31   9  16   0  20  35  25   9  41   5   8  39  46  23  34   8  29  36 
 10  38  30  14  16   1  13   4  13  24  33  10  36  40  39   4  23   1  26  35  17  19  18  15  24  27  11  49   5  39  46  17  38  14   1  29   0  10  43  21  12  28   7  19  14  15  29   5   1  28 
  4  37   7  25  25  47  48  45  39  30  36  22  14  20   2  33  11  24  17  44  38  10  16  44  44  33  33  18  32  48  33   6   7  47  47  48  15   0  32  42  28  46  31  29  45   1  21  22   3   6 
 25  32  22  35  30  46  38  37  24  32   5  49  19  10  13  20  47  17  16  24   4  24  49  43   2  29   4   4   5  49  33  39   1  12  13  15  42  11   0  34   3  34   2  48   6   6   3  35  49  26 
 39  14  24  47   1  46  36  11  19  41  30  26   2   4  32  46  36   1  45  41  45  26  24  24  42  40  25  19  24  35  18  42  35   6  46  48  19  21  41   0   9  37  22  22  28  40  49  38  15  39 
  1  11  41   1  19  16  27  38  11  46  34  40  14   5   8  16  36   9  12  47  18   2  25  22  36   8  37  29  26   8  21  18  17  49  42  23  46   4  45  36   0  21  48  30  32  46  18  43  28   6 
 15  45  41  46   2  17   6   2  40  28  46   7  44  39  22   1   4   6  17  41  25  33   2  30   1  49  27  36  18  22  29  20   4  10  34  10  32   8  32  30  43   0  16  24  38  34  37   8   3  22 
  1   1  32  48  39  45  45  24  34  12   2  33  28  42   3  22  23  39   9  22  14  46  37   4  17  20   8  46  17  39  46  25  11   9   1   1  36  27   8  31  32  37   0  24  43  34  45  19  28  46 
  7  44   3   2   1   2  33  14  29  16  33  14  38  31  32  42   9  16  13  14  13   1  33  32  11  38   4  42  12  32   6  36  34  21  15  37  28  26  38   8   4  28  27   0  23  10  28  33   3  12 
  3  20   3  16  19   7  10  30  13  27  18  26   7  45  38  30  24  47  46  26   4  20   2  29  41  48  26  41  10  31   1  21  22  40  20  49  46  28   9  23   5  17  12  42   0   9  49  42  38  32 
 23  24  11  19  35  11  21  28  37  11  44  12  20  22  45  16  30  34   5  38  23  34   1  16  34  36  48  45  48  23  29  13  46   5  10  46  11  11  19  35  48  21  37   2  18   0  34  21  32  34 
 36  40   4  11  12   9   8  20  37  29  25   1   1   2  11   1  17  21   2  44  31  17  35  30  29   9  37  15  37  35  32   2  16  21  11  17  11  47  35  20  49   9  11  20  10  34   0  38  45   6 
 28  25  16  34  11  35   2  36  49   5  47  25   6  35  12  41  38  13  31  34  21  18  14  31  37   4  14  25  37   4  12  18   7  36   6  26  47  23  40  20  34  15  30  20  32  34  45   0  24  49 
 29  33  17  12  42  13  40   1   8  43  36   6   7   8   6  25  21   8   5   8  15  19  17  11  30   9  25  39  46  30  25  14  21  27  26  28  12  42  21  25  44  49  39   2   7  13  29  36   0  43 
 49  41   6  43  24  31  41  10   6  31  32  45   9  11  24   9  14  25  21  41  42  32   5  31  34  21  12  47  14  41  27  28  44  31  17  49  26  16  35  42  44  38   2  17  33   4  30   4  48   0 
Reldue
  587    1    9
  467    3    5
 1190    3    2
  791    6    7
  497    8    8
  511    4    9
 1057    4    4
  748    4    6
 1659    2    3
  533    2    8
  475    6    1
 1493    9    2
 1077    3    8
  525    1    8
 1228    5    5
 1542    7    7
  884    5    2
  761    9    5
  693    8    5
 1289    1    8
 1497    5    1
 1712    4    8
 1050    1    1
  451    9    4
  938    9    1
 1155    9    4
  808    3    9
 1092    6    2
  713    8    5
 1213    7    3
 1237    2    1
  863    1    2
  963    5    1
  605    4    9
  507    3    3
  700    4    2
 1380    5    8
  532    2    2
 1439    4    6
  777    8    6
  847    6    9
  540    4    3
 1056    2    1
 1417    8    9
  833    1    7
  330    6    1
  564    6    2
  568    4    9
 1434    7    2
 1340    2    8
DDW
  535   638
  443   491
 1119  1262
  734   848
  459   534
  474   549
  960  1154
  707   789
 1513  1804
  499   567
  432   519
 1394  1593
 1000  1154
  496   554
 1134  1323
 1413  1671
  812   957
  687   836
  655   731
 1224  1354
 1390  1605
 1552  1871
  971  1128
  413   489
  854  1022
 1047  1264
  743   873
 1035  1149
  674   752
 1109  1318
 1122  1352
  799   928
  870  1055
  549   660
  464   550
  661   739
 1259  1501
  505   559
 1297  1581
  725   828
  786   907
  486   593
  992  1121
 1287  1547
  761   904
  313   347
  510   618
  518   619
 1334  1534
 1263  1416
