20   5
MD
  4  4  2  2  4
PT
 16  65  77  91  58  47  48  29  35  10  43  75  48  21  12  93  14  82  69  29 
 34  90  75  61  57  97   8  17  90  48  55   2  14  74  90  14  86  30  18  28 
 64  33  16  69  42  59  84  95   5  16  90  37  71  60  29  78  21  68  63  94 
 42  22   2  46  89  23  29  51  97   3  34  79  47  63  77  86  18  66  37  39 
 75  86  24  98  28  59  30  67  91  78  20  12  34  93  33  53  41  45  92  70 
SSD
M0
  0  24  15  44  17  40   5  24  40  12  33  37  15  27  20  44  10  17   2  26 
 30   0  19  39  36  44  48  40  22   6  16  18  45  45  48  15  15  42  31  33 
 11  10   0   7  29  40  26  41   7  15  41  41  36  12  27  45  21   5  35  49 
  8   4  23   0  22  30  49  41  43  44  23  25  22  23  22  41  37   8  21   4 
 31  46   1  32   0  11  33   9  12  29  14  20  15  29  11  32  16  21  16  26 
 21  34   9   5   7   0  38   3  24   4   9   1  20  49  10  12  40  20  40  41 
  1   7  40  24  20  44   0  33  44   8   1   5  49  45  11  43  16  25  37  47 
 23   9  49  30  31  42  11   0   2  38  23  41   6  23  26  23  31  14  26  29 
 14  19  35  12  29  36  18  32   0  22  14  38  30   5  32  11   6  18  26  35 
 35  12  38  46  20  38  47   7  41   0  36   6  21  49  49  38  24   6   4  14 
 38  23  49  39   9  27  22  18  17  15   0  39  23  43  20  49  44  41  48  14 
 47  34  44  16  27  30  18  17   2  46   5   0  30  27   2  33  38  25  17  21 
 21  31  10  47  26  37  48  15  28   6   7  11   0  13  44  15  12  42  10  31 
 20  15  34  15  31  40  48  16  26   9  29  15  24   0  25  40  43   7  45  19 
 34   8   7  16  26  21  25  42  37  49  13   6  35  12   0  29  35  36  28  32 
 15  31  40  32   7  34  28  16  12   2  42  25  10  32  44   0  40   9   5   3 
 41   7  23   6   2  29  13  35  13  26  47  27  16  37  19  16   0  20   2  38 
 26   6  48  11   9  19  31  47  17  27  30  27  11  38  35   8  30   0  36  12 
 38  33   1  43  46  12  48  31  19   7  38  46   5  13  22  40   6  11   0  19 
 41  47  41  19   6   1  12   2   7   3  10  31  21   6  46  43  47  37   8   0 
M1
  0  24  15  44  17  40   5  24  40  12  33  37  15  27  20  44  10  17   2  26 
 30   0  19  39  36  44  48  40  22   6  16  18  45  45  48  15  15  42  31  33 
 11  10   0   7  29  40  26  41   7  15  41  41  36  12  27  45  21   5  35  49 
  8   4  23   0  22  30  49  41  43  44  23  25  22  23  22  41  37   8  21   4 
 31  46   1  32   0  11  33   9  12  29  14  20  15  29  11  32  16  21  16  26 
 21  34   9   5   7   0  38   3  24   4   9   1  20  49  10  12  40  20  40  41 
  1   7  40  24  20  44   0  33  44   8   1   5  49  45  11  43  16  25  37  47 
 23   9  49  30  31  42  11   0   2  38  23  41   6  23  26  23  31  14  26  29 
 14  19  35  12  29  36  18  32   0  22  14  38  30   5  32  11   6  18  26  35 
 35  12  38  46  20  38  47   7  41   0  36   6  21  49  49  38  24   6   4  14 
 38  23  49  39   9  27  22  18  17  15   0  39  23  43  20  49  44  41  48  14 
 47  34  44  16  27  30  18  17   2  46   5   0  30  27   2  33  38  25  17  21 
 21  31  10  47  26  37  48  15  28   6   7  11   0  13  44  15  12  42  10  31 
 20  15  34  15  31  40  48  16  26   9  29  15  24   0  25  40  43   7  45  19 
 34   8   7  16  26  21  25  42  37  49  13   6  35  12   0  29  35  36  28  32 
 15  31  40  32   7  34  28  16  12   2  42  25  10  32  44   0  40   9   5   3 
 41   7  23   6   2  29  13  35  13  26  47  27  16  37  19  16   0  20   2  38 
 26   6  48  11   9  19  31  47  17  27  30  27  11  38  35   8  30   0  36  12 
 38  33   1  43  46  12  48  31  19   7  38  46   5  13  22  40   6  11   0  19 
 41  47  41  19   6   1  12   2   7   3  10  31  21   6  46  43  47  37   8   0 
M2
  0  24  15  44  17  40   5  24  40  12  33  37  15  27  20  44  10  17   2  26 
 30   0  19  39  36  44  48  40  22   6  16  18  45  45  48  15  15  42  31  33 
 11  10   0   7  29  40  26  41   7  15  41  41  36  12  27  45  21   5  35  49 
  8   4  23   0  22  30  49  41  43  44  23  25  22  23  22  41  37   8  21   4 
 31  46   1  32   0  11  33   9  12  29  14  20  15  29  11  32  16  21  16  26 
 21  34   9   5   7   0  38   3  24   4   9   1  20  49  10  12  40  20  40  41 
  1   7  40  24  20  44   0  33  44   8   1   5  49  45  11  43  16  25  37  47 
 23   9  49  30  31  42  11   0   2  38  23  41   6  23  26  23  31  14  26  29 
 14  19  35  12  29  36  18  32   0  22  14  38  30   5  32  11   6  18  26  35 
 35  12  38  46  20  38  47   7  41   0  36   6  21  49  49  38  24   6   4  14 
 38  23  49  39   9  27  22  18  17  15   0  39  23  43  20  49  44  41  48  14 
 47  34  44  16  27  30  18  17   2  46   5   0  30  27   2  33  38  25  17  21 
 21  31  10  47  26  37  48  15  28   6   7  11   0  13  44  15  12  42  10  31 
 20  15  34  15  31  40  48  16  26   9  29  15  24   0  25  40  43   7  45  19 
 34   8   7  16  26  21  25  42  37  49  13   6  35  12   0  29  35  36  28  32 
 15  31  40  32   7  34  28  16  12   2  42  25  10  32  44   0  40   9   5   3 
 41   7  23   6   2  29  13  35  13  26  47  27  16  37  19  16   0  20   2  38 
 26   6  48  11   9  19  31  47  17  27  30  27  11  38  35   8  30   0  36  12 
 38  33   1  43  46  12  48  31  19   7  38  46   5  13  22  40   6  11   0  19 
 41  47  41  19   6   1  12   2   7   3  10  31  21   6  46  43  47  37   8   0 
M3
  0  24  15  44  17  40   5  24  40  12  33  37  15  27  20  44  10  17   2  26 
 30   0  19  39  36  44  48  40  22   6  16  18  45  45  48  15  15  42  31  33 
 11  10   0   7  29  40  26  41   7  15  41  41  36  12  27  45  21   5  35  49 
  8   4  23   0  22  30  49  41  43  44  23  25  22  23  22  41  37   8  21   4 
 31  46   1  32   0  11  33   9  12  29  14  20  15  29  11  32  16  21  16  26 
 21  34   9   5   7   0  38   3  24   4   9   1  20  49  10  12  40  20  40  41 
  1   7  40  24  20  44   0  33  44   8   1   5  49  45  11  43  16  25  37  47 
 23   9  49  30  31  42  11   0   2  38  23  41   6  23  26  23  31  14  26  29 
 14  19  35  12  29  36  18  32   0  22  14  38  30   5  32  11   6  18  26  35 
 35  12  38  46  20  38  47   7  41   0  36   6  21  49  49  38  24   6   4  14 
 38  23  49  39   9  27  22  18  17  15   0  39  23  43  20  49  44  41  48  14 
 47  34  44  16  27  30  18  17   2  46   5   0  30  27   2  33  38  25  17  21 
 21  31  10  47  26  37  48  15  28   6   7  11   0  13  44  15  12  42  10  31 
 20  15  34  15  31  40  48  16  26   9  29  15  24   0  25  40  43   7  45  19 
 34   8   7  16  26  21  25  42  37  49  13   6  35  12   0  29  35  36  28  32 
 15  31  40  32   7  34  28  16  12   2  42  25  10  32  44   0  40   9   5   3 
 41   7  23   6   2  29  13  35  13  26  47  27  16  37  19  16   0  20   2  38 
 26   6  48  11   9  19  31  47  17  27  30  27  11  38  35   8  30   0  36  12 
 38  33   1  43  46  12  48  31  19   7  38  46   5  13  22  40   6  11   0  19 
 41  47  41  19   6   1  12   2   7   3  10  31  21   6  46  43  47  37   8   0 
M4
  0  24  15  44  17  40   5  24  40  12  33  37  15  27  20  44  10  17   2  26 
 30   0  19  39  36  44  48  40  22   6  16  18  45  45  48  15  15  42  31  33 
 11  10   0   7  29  40  26  41   7  15  41  41  36  12  27  45  21   5  35  49 
  8   4  23   0  22  30  49  41  43  44  23  25  22  23  22  41  37   8  21   4 
 31  46   1  32   0  11  33   9  12  29  14  20  15  29  11  32  16  21  16  26 
 21  34   9   5   7   0  38   3  24   4   9   1  20  49  10  12  40  20  40  41 
  1   7  40  24  20  44   0  33  44   8   1   5  49  45  11  43  16  25  37  47 
 23   9  49  30  31  42  11   0   2  38  23  41   6  23  26  23  31  14  26  29 
 14  19  35  12  29  36  18  32   0  22  14  38  30   5  32  11   6  18  26  35 
 35  12  38  46  20  38  47   7  41   0  36   6  21  49  49  38  24   6   4  14 
 38  23  49  39   9  27  22  18  17  15   0  39  23  43  20  49  44  41  48  14 
 47  34  44  16  27  30  18  17   2  46   5   0  30  27   2  33  38  25  17  21 
 21  31  10  47  26  37  48  15  28   6   7  11   0  13  44  15  12  42  10  31 
 20  15  34  15  31  40  48  16  26   9  29  15  24   0  25  40  43   7  45  19 
 34   8   7  16  26  21  25  42  37  49  13   6  35  12   0  29  35  36  28  32 
 15  31  40  32   7  34  28  16  12   2  42  25  10  32  44   0  40   9   5   3 
 41   7  23   6   2  29  13  35  13  26  47  27  16  37  19  16   0  20   2  38 
 26   6  48  11   9  19  31  47  17  27  30  27  11  38  35   8  30   0  36  12 
 38  33   1  43  46  12  48  31  19   7  38  46   5  13  22  40   6  11   0  19 
 41  47  41  19   6   1  12   2   7   3  10  31  21   6  46  43  47  37   8   0 
Reldue
  690    7    5
  949    1    5
  906    7    8
  744    5    3
  485    9    1
 1536    4    9
  403    9    1
 1244    7    1
  465    3    9
  381    5    4
  802    8    3
 1114    6    4
  744    8    1
  821    2    7
 1221    4    1
 1771    3    5
  540    5    9
 1392    6    6
 1322    4    5
  884    5    5
DDW
  641   739
  857  1042
  821   992
  670   819
  453   516
 1438  1634
  375   431
 1158  1330
  430   500
  348   413
  750   854
 1010  1217
  702   786
  759   884
 1127  1316
 1603  1940
  505   575
 1310  1474
 1211  1432
  833   935
