50   8
MD
  2  3  2  5  4  4  5  2
PT
 93   1  63   7  97  17  67  77   8  58   8  80  62  91  45  49  20  71  66  54   6  52  40  55  85  48  51  41  63  30  68   1  15  24  54  80  71  90  19  60  22  58  74  81  85  59  36  14  24  31 
 21  60  53  22   5  97  99  79  26  70  12  45  80  43  54  60  24  48  47  32   1  24  79  45   8  13  56  43  65  49  97  11  58  26   5  72  38  95  45  68  60  27   8  19  80  90  62  11  33  74 
 63  19  50  38  65  44  10  27  83  19  77  31  60  56  36   7  47  23  55  91  24   7  59  95  88  73   5  63  79  60  96  86  51  84  49  77  11  11  52  29  36   9  98  46   5  39  90  80  77  15 
 12  44  69  71  37  95  68  69  87  63  91  36  94  91  74  82  10  79  61  48  71  82  10  90  13  13   9  47  88  68  61  76  52  75  12  21  46  21   5   4   9  40   3  79  55  39  96  82  70  63 
 57  64  91  60  10  99  31  86   9  63  90  48  30  20  79  28  29  31  56  62  88  56  34  55  94  16  70  55  52  20  90  99  29  99  29  84  22  33   1  65  50  31  42  22  87  16  52  55  59   7 
 61  29  61  88  95  19  52  73  78  64  57  26  28  99  69  42  69  78  28  99   1  23  84   8  77  27   6   5  87  34  42  51  90   7  86  73  95   6  71   4  94  14  41  11  70  57   5  49   2  49 
 68   2   3  27  12  58  59  79  28   5   5  55  95  84  89  84  68  31  46  20  25  95  31  56   6  65  77  64  34  84  48  18  53  67   6  45  23  82  36  88  12  10  25  68  85  47  29  56  96   3 
 60  16  35  34  85  52  14  67  21  34  53  38  91  80  12  29  18   8  32  25  64  18  92  72  64  88  86  11  84  28  60  32  84  15  51  14  14  58  14  60  12  11  24  35  54  52  79  94   5  70 
SSD
M0
  0  15  33   8   4  33   9  26  17  17  31  41   2  26  31   8  24  25  29  27  22  49  30  36  36  34   2  43  10  15   9   4  33  11  26   9  28  33  32  10   4  45  22  13  26  20  24  10  27  16 
 15   0  42  47  27  36  23   7  48  12  36   2  44   8  43  13  33  31   5  42  19  10  35   8  40   6  16  29  14  37   1  39  42  13  41  42  22  32   4  21  20  35  19  24  21   9  14  34   8  11 
 37  39   0  29   8  40   6  25  41  20   6  16  11  37  44  14   4  43  13  43  45  35  47   5  24  35   8  48   4   7  25  16  10  42  10   8  44  13   4  19  27  21   4  26  24  33   2  27  18  25 
 24  24   4   0  23  48  40  20  16  15  13  13  40  30  28  11  28  10  20  23   4  19   5  26  24  12  19  11   3  21   3  25   6  19   7  20  14  45  26   7   2   3  32  49   8  33  22  41  46  43 
 19  47  21  20   0  13  40  28  20  17  32  10  10  25  23   9  37  26   4  13  38  47  12  30  15  32  48   6  29  49  19  16  34  27  38  12  37  18   4  45  33  11  25   8  35  21  33  23  14  36 
 31   4  47  27  17   0  40  22  44  16  13  14   1  43  31   1  17  24  29  45   3   8   2  15  41   5   9   1  37  48  28  48   5  10  48  21   1  10  11  26  42  37  43  48  28  25  15   8  17   5 
 47   7   6  27  25  32   0  12  48  12   4  47   6   5  40  45  35  47  34   9  44  35  15  35  36  40  42  31  27  24  34  37  25  21  28  38  11   3  25  47  21  43  38  32  38  15  16   7   8  32 
  5  21  21  37   6  35  14   0  16  30  33   2  40  30  13   5  36  44   2  49   7  44  44  34  48  32  42  44  31  37  43   1  38  36  21  49  21  41  18  17  32   5  11  49   3   8  12  46   4  14 
  6   6  16  44  38  47  32  44   0   8  39  46  28  38  25  49   1   6  40  37  40  13  23  34  32  24  47  30  14  15  36  38   4   1  18  42  31  16  29  26  32   9  49  20  14  26  44  38   5  22 
 19   9  17  40  29  26  33   2  31   0   4  34  14  43   3  34  45  19  26  35  24  40  48  20  29  11  31   1   3  47  10  45  43  33  36  17  27  25  33  19   8  45  45  39  14  37   3  15  42  35 
 27  15  48   7  48  44  47   7  46   7   0  19  39  29   1  42  30  26   6  30  33   5  36   2  20  20  32  32  45  21  39  28  33  10  37   5  25  20  31  37  48  12  34   6  24   7  33  40  40   9 
 37  25   8   7  43   7  33   2  39  44  35   0   2  16  23  24  12   4  18  24  27  20  33  23   6  26  23  25  47  38  23  17  39   9  44  30  39   5  19   9   4  26  47  49  37  49  43   5  17   8 
 29  10  31  40  43  47  34  36  45  34  16  16   0  29  10  37  22  20  38  10  27  27  42  45  33   9  23  10  21  34   9   1  41  23  48   7   8  13  47   8   1  45  20  35  24  27   4  12  12  29 
  3  18  29  10  12   8  17  35  34  13  20  12  15   0  30  20   6  28   7  18   4  11  27  42  32  37  17  45  41  41  44  26  33  37  29  49  28  27  43  29  28  42  28  33  22   7  30  22  31  12 
  8  20  44  25  30  47  13  19  10  21  30  41  30  37   0  29  16  34  12  14  32  40  39  14  13   1  24  44   7  17  34  49   9  18  23  15   2  43  35  18  33  21   3  21   2  10  45  31  30  43 
  3  37  14  38  17  38  24  32  11  36   1  13  31  19  38   0  40  41  20  49  42  34  38  15  48  22  18  23  29  23  19  31  13  47  32  42   3  43  25  44  28  38  43  13  49  19  48  47  45  28 
  6  42  26  34  20  22  34  23  47  37  39   2  15  28  14  16   0  31  23   1   1  17  46  23  12  22  12  27   7  13  47  38  24  22  27   3   9  13  21  15  22   1  22  20  11  41  29   9  21  35 
 40  20  48  29  48  17  39  17  24  45  17  14  33  29  13  44   5   0  13   6  44  12  15  33   1  25  19  36  33   4  10  21  34  32  41   2  20  24  13  40  47  36  46  36  40  45  23  16  30  47 
 35  37  10  43  11   7  41  33  29  13   9  45  13  39   3  28  46  40   0   2  47  39  37  27  19  11  40   8  17  39  42  24   6  45  10   1  38  16  14  35  49  44  10  48  29  23  43  40  12  18 
 14   7  24  32  10  21  34  21  44  11   3  10   9  35  43  35  42  49  26   0  39  11   4  12  22  31  28  39   4  15   2  34  22  37  36  33  39   4  37  40  38   7  38  45  23  22  19   8  34  48 
 19  33  24  25   9   5  25  25  43   6  30  26  11  22  14  36  23  37  15  19   0  44   8  40  21   5   2  44  31  29  27  26  49  37   7  43  46  29  23   4   8   2  25  31  46  29  25  31  19  47 
 36  17  36  46  37  32  49   5  26  26  24   7  15  13   7  11  36  10   8  39  20   0  11  32  26  34  41   4  15  29  43  17  12  30  44  21  34   8  35  15  19  30   7  41  14   3  12  42  20  40 
 11  21  19  20  32   6  16  46  19  13  47   3  25  37   5  46  45  27  30  47   3  45   0  28   3  32  19   5   2  12   4  32  42   2  30   7  47  18  47  30  13  31  21  30  15  23  11  44  18  29 
  8  39   5  48  26  22   5  11  30  44  30   3   5   2   8  49  40  34  43  17  39  31  11   0  34  26   6  13   5  34  22   5   6   6   4  20  41  24   8  17  42  42   7  37   1  18  31  35  39  10 
  5  44  48   6  37  16  35  30  39  17  18   1  27  49  37  27  21  26  16  16  17   4   8  37   0  10  17   8   3  11  14  31  44  38  45  20  34  15  21  47  29  25   7  23   6  24  32  17  41  14 
 41   6  35  22  16  26  37  11  33  13  41  48  16  42  40  35   4  48   4   4  28  19  10  21  38   0  37  23  15  27  35  18   8  27  32  16  48   5  20  28  44   4  29  24  28  45  33   3  25  15 
 29  19   3  48  42  21  26  19  30   4  16  28  37   8  36  11  29  26   5  29   5  38   7  46  30  41   0   7  12  23  10  12  42  11  21   5  36  12  48  34  32   6  26  43   8  44   6   4  36  46 
 12  14  27   1  33  28  18  18   3  37  22  35  22  49  41  32  37  33  24  47  12  29  16   9  31  17  43   0  40  49  24  42   2  29  21   1  15  31  36  28  46  27  43  46  20  46  45  39   2  11 
 30  25  30  39   1  36  15   1  26  32  24   5  24   2   7   6  23  15   3   8   4   9  18  21  45  47  44  14   0  36  34  19   1  22  22   8  38  34  34  12  34  28  40  37  32  11  17  26   8  19 
  8  30  37  30   8  27  23  49  16  37   1   9  26  28   8  24  16  49  45  12  39  18   6   3   4  35   5  40  38   0  25  15  17  15  18  18  34  28   4  48  20  28  29  15  48  15  19  48  29  46 
 29   3  23  14  33  46  25  21  44   1  22  15  45  15  39  49   9  37  21  24  37  28  22  18  11  30  17  46  27  29   0  34  48  21  23  46  45  37  47  13  25  27  34  11   6   9  47   1  49  36 
 15  25  23  30  44  14   8  43  32   2  29  44  12  13  21  28  27  22   9  10  24  49  24  26  28  23  11   4  29  25  29   0   9  26   7  16   6  10  11   3   1  23   5   5  15  21  34  28   7  24 
 23  47   6   9  17  24  35  11  39  14  41   3  21  30  27  36  48  43  10  38  10  15  45  13  46   4  44  35  29   5  40  16   0  41  19  45  44  37  14  14  16  13   5  38  40  43   6  48  15  45 
 21  31  13  23  44  49  43  31  21  17  13  35  47  31  16  47  29  17  23  49  31  42  40  40  13   6  31   6  34  10  34  22  22   0   1  41  25  20  22  15  40  42  37  17   1   5   8  25  19  46 
  7   5  13  13  42  30  47  32  24   7  44  11  26  46  46   9  45   7  44  24  47  43  40  47  11  35  11  15   6  15  45   2  34  49   0  11  29  26   3  39  38  25  37   3  33  43  11  42  15  21 
 33  27   4  23   1  12  40  40  45   5  11  24  32   8   3  49  37  12  25  11  27   9   4  19   1   7  14  15  20  27  32  10  46  23  30   0   8  26  17  28  38  29  45  42  31   3  43  38  13  46 
 43  18  15   9  19  42  24  42   2  20  14  42  18  24  47  17  29  29  31   3  22  38  49  25  37  47  38   1  19  18   3  40  44   7  25   8   0  24   4   3  13  11  21  36  43  23  17  19  35   7 
  1  42  31  31  24  31   5  26  34  33  26   7  23  13   6  39  11  25  15  34  28  18  48  45  17  15  26   5  17  40   9   5   4  23  18  47   6   0  30  13  34  24  11  46  38   9  17  16   4  15 
 14  18  31  31  13  46  36  48   5   8  42  25  40  46  45  26  45  25  35   5  34  44  22  28  25  47  25  26  16   4  13  22   9   3  28  40  26  20   0   8  37  18  35  12   7  24  14  41  35  29 
 40  14  43  48   8  49  48  14  14  19  16  26  42  34  31  23  24  21  24  41  26  19   6  46  10   3   2  49  43  44  35  20  27  13  42   3  41  30  24   0  31   1  16  33  20   5  10  20  41  25 
 26   9  37  40  46  17  44  17   8  27  12  31   5  49  36  48  49   6  36  26   3  33  33  28  21  18  48   6  44  34   4  43   7  27   7  36  13  48  16  43   0   2  20  33  41  16  27  27  19  41 
 29  19  19  39  17   6  42   7  36  26  42  27  32  37  25  26  24  18  30  12   5   7  44  15  47  21   7  42  21  40  43  48  45  36  11  43  48  32  23  37  14   0  13  16  29  32   8  34  10  33 
 11  23  48  38  29  34  11  37  24  44  13  20  17  39   6  35  13  40  20  42  31   1   3  14   5  45  32   5  38  26   3  46  10  19   4  40   4  36  44  18  42  31   0  10  29  40   1  35  36  31 
 11  23  23   5  39  24  36  45  38  24  43  36  24  11  48  36  23  46   3  28  16  41  37  22  44  19  32   3  24  48  38  21  37   6  48  30   8   1   1  29  39   3  22   0  21  22  41  22  16   4 
 29  49  11  48  18  41  26  34  37  40  11  40  25  48   7  47  24  44  33  34  49  39  40  13  14  25   4   7  31  43  34  32   1  33   5  26  10   9   6   8  22  29  36  25   0   2  48  26  21  21 
  3  22   2   5  30  21  14   3  39  36  48  24  29  18   3  23  37  10  43   9  26  47  46  44  41  16  15   9  18  37   7  21  27  35   2  14  15  47  12  45  43   5  11  35  25   0  25  26  28  39 
 42  22  25  34  47  28  44  19  41  24  12   9  36  35  25  11  44  46  44  34  13  10  18  37   2   8  26  27  34  10  35  21  45  10  20  11  35   4  24  47  23  26  41  44  12  41   0  20  14  39 
 36  44  28  40   8  31  21  14  14  10   6  49  21  42  34  31  17  16  14  40   5  17  24  33  24  35  42  11   9  25  35  16  20   6  31  18  35   3   2  23   6  18  39  29   6  16  22   0  47  20 
 32  46   7   4  44  44  27  24  16  10  28  19  40  17  30   1  23  28  11   2  15   3  49   7  25  34   4  12  43   4  24  47  14  20  32  11  45   2  40  12   6  36  25  30  22  43  12  16   0  41 
 44  45   2  10  10  12  18  13  20  42   9  29  35  38   3  28   9   9  30  46  28  12  42  36  11  32  10  34  49  26  13  33  19  21  19  30  15  14  37  11  19  47  28   4  48  36  35  16  17   0 
M1
  0  15  33   8   4  33   9  26  17  17  31  41   2  26  31   8  24  25  29  27  22  49  30  36  36  34   2  43  10  15   9   4  33  11  26   9  28  33  32  10   4  45  22  13  26  20  24  10  27  16 
 15   0  42  47  27  36  23   7  48  12  36   2  44   8  43  13  33  31   5  42  19  10  35   8  40   6  16  29  14  37   1  39  42  13  41  42  22  32   4  21  20  35  19  24  21   9  14  34   8  11 
 37  39   0  29   8  40   6  25  41  20   6  16  11  37  44  14   4  43  13  43  45  35  47   5  24  35   8  48   4   7  25  16  10  42  10   8  44  13   4  19  27  21   4  26  24  33   2  27  18  25 
 24  24   4   0  23  48  40  20  16  15  13  13  40  30  28  11  28  10  20  23   4  19   5  26  24  12  19  11   3  21   3  25   6  19   7  20  14  45  26   7   2   3  32  49   8  33  22  41  46  43 
 19  47  21  20   0  13  40  28  20  17  32  10  10  25  23   9  37  26   4  13  38  47  12  30  15  32  48   6  29  49  19  16  34  27  38  12  37  18   4  45  33  11  25   8  35  21  33  23  14  36 
 31   4  47  27  17   0  40  22  44  16  13  14   1  43  31   1  17  24  29  45   3   8   2  15  41   5   9   1  37  48  28  48   5  10  48  21   1  10  11  26  42  37  43  48  28  25  15   8  17   5 
 47   7   6  27  25  32   0  12  48  12   4  47   6   5  40  45  35  47  34   9  44  35  15  35  36  40  42  31  27  24  34  37  25  21  28  38  11   3  25  47  21  43  38  32  38  15  16   7   8  32 
  5  21  21  37   6  35  14   0  16  30  33   2  40  30  13   5  36  44   2  49   7  44  44  34  48  32  42  44  31  37  43   1  38  36  21  49  21  41  18  17  32   5  11  49   3   8  12  46   4  14 
  6   6  16  44  38  47  32  44   0   8  39  46  28  38  25  49   1   6  40  37  40  13  23  34  32  24  47  30  14  15  36  38   4   1  18  42  31  16  29  26  32   9  49  20  14  26  44  38   5  22 
 19   9  17  40  29  26  33   2  31   0   4  34  14  43   3  34  45  19  26  35  24  40  48  20  29  11  31   1   3  47  10  45  43  33  36  17  27  25  33  19   8  45  45  39  14  37   3  15  42  35 
 27  15  48   7  48  44  47   7  46   7   0  19  39  29   1  42  30  26   6  30  33   5  36   2  20  20  32  32  45  21  39  28  33  10  37   5  25  20  31  37  48  12  34   6  24   7  33  40  40   9 
 37  25   8   7  43   7  33   2  39  44  35   0   2  16  23  24  12   4  18  24  27  20  33  23   6  26  23  25  47  38  23  17  39   9  44  30  39   5  19   9   4  26  47  49  37  49  43   5  17   8 
 29  10  31  40  43  47  34  36  45  34  16  16   0  29  10  37  22  20  38  10  27  27  42  45  33   9  23  10  21  34   9   1  41  23  48   7   8  13  47   8   1  45  20  35  24  27   4  12  12  29 
  3  18  29  10  12   8  17  35  34  13  20  12  15   0  30  20   6  28   7  18   4  11  27  42  32  37  17  45  41  41  44  26  33  37  29  49  28  27  43  29  28  42  28  33  22   7  30  22  31  12 
  8  20  44  25  30  47  13  19  10  21  30  41  30  37   0  29  16  34  12  14  32  40  39  14  13   1  24  44   7  17  34  49   9  18  23  15   2  43  35  18  33  21   3  21   2  10  45  31  30  43 
  3  37  14  38  17  38  24  32  11  36   1  13  31  19  38   0  40  41  20  49  42  34  38  15  48  22  18  23  29  23  19  31  13  47  32  42   3  43  25  44  28  38  43  13  49  19  48  47  45  28 
  6  42  26  34  20  22  34  23  47  37  39   2  15  28  14  16   0  31  23   1   1  17  46  23  12  22  12  27   7  13  47  38  24  22  27   3   9  13  21  15  22   1  22  20  11  41  29   9  21  35 
 40  20  48  29  48  17  39  17  24  45  17  14  33  29  13  44   5   0  13   6  44  12  15  33   1  25  19  36  33   4  10  21  34  32  41   2  20  24  13  40  47  36  46  36  40  45  23  16  30  47 
 35  37  10  43  11   7  41  33  29  13   9  45  13  39   3  28  46  40   0   2  47  39  37  27  19  11  40   8  17  39  42  24   6  45  10   1  38  16  14  35  49  44  10  48  29  23  43  40  12  18 
 14   7  24  32  10  21  34  21  44  11   3  10   9  35  43  35  42  49  26   0  39  11   4  12  22  31  28  39   4  15   2  34  22  37  36  33  39   4  37  40  38   7  38  45  23  22  19   8  34  48 
 19  33  24  25   9   5  25  25  43   6  30  26  11  22  14  36  23  37  15  19   0  44   8  40  21   5   2  44  31  29  27  26  49  37   7  43  46  29  23   4   8   2  25  31  46  29  25  31  19  47 
 36  17  36  46  37  32  49   5  26  26  24   7  15  13   7  11  36  10   8  39  20   0  11  32  26  34  41   4  15  29  43  17  12  30  44  21  34   8  35  15  19  30   7  41  14   3  12  42  20  40 
 11  21  19  20  32   6  16  46  19  13  47   3  25  37   5  46  45  27  30  47   3  45   0  28   3  32  19   5   2  12   4  32  42   2  30   7  47  18  47  30  13  31  21  30  15  23  11  44  18  29 
  8  39   5  48  26  22   5  11  30  44  30   3   5   2   8  49  40  34  43  17  39  31  11   0  34  26   6  13   5  34  22   5   6   6   4  20  41  24   8  17  42  42   7  37   1  18  31  35  39  10 
  5  44  48   6  37  16  35  30  39  17  18   1  27  49  37  27  21  26  16  16  17   4   8  37   0  10  17   8   3  11  14  31  44  38  45  20  34  15  21  47  29  25   7  23   6  24  32  17  41  14 
 41   6  35  22  16  26  37  11  33  13  41  48  16  42  40  35   4  48   4   4  28  19  10  21  38   0  37  23  15  27  35  18   8  27  32  16  48   5  20  28  44   4  29  24  28  45  33   3  25  15 
 29  19   3  48  42  21  26  19  30   4  16  28  37   8  36  11  29  26   5  29   5  38   7  46  30  41   0   7  12  23  10  12  42  11  21   5  36  12  48  34  32   6  26  43   8  44   6   4  36  46 
 12  14  27   1  33  28  18  18   3  37  22  35  22  49  41  32  37  33  24  47  12  29  16   9  31  17  43   0  40  49  24  42   2  29  21   1  15  31  36  28  46  27  43  46  20  46  45  39   2  11 
 30  25  30  39   1  36  15   1  26  32  24   5  24   2   7   6  23  15   3   8   4   9  18  21  45  47  44  14   0  36  34  19   1  22  22   8  38  34  34  12  34  28  40  37  32  11  17  26   8  19 
  8  30  37  30   8  27  23  49  16  37   1   9  26  28   8  24  16  49  45  12  39  18   6   3   4  35   5  40  38   0  25  15  17  15  18  18  34  28   4  48  20  28  29  15  48  15  19  48  29  46 
 29   3  23  14  33  46  25  21  44   1  22  15  45  15  39  49   9  37  21  24  37  28  22  18  11  30  17  46  27  29   0  34  48  21  23  46  45  37  47  13  25  27  34  11   6   9  47   1  49  36 
 15  25  23  30  44  14   8  43  32   2  29  44  12  13  21  28  27  22   9  10  24  49  24  26  28  23  11   4  29  25  29   0   9  26   7  16   6  10  11   3   1  23   5   5  15  21  34  28   7  24 
 23  47   6   9  17  24  35  11  39  14  41   3  21  30  27  36  48  43  10  38  10  15  45  13  46   4  44  35  29   5  40  16   0  41  19  45  44  37  14  14  16  13   5  38  40  43   6  48  15  45 
 21  31  13  23  44  49  43  31  21  17  13  35  47  31  16  47  29  17  23  49  31  42  40  40  13   6  31   6  34  10  34  22  22   0   1  41  25  20  22  15  40  42  37  17   1   5   8  25  19  46 
  7   5  13  13  42  30  47  32  24   7  44  11  26  46  46   9  45   7  44  24  47  43  40  47  11  35  11  15   6  15  45   2  34  49   0  11  29  26   3  39  38  25  37   3  33  43  11  42  15  21 
 33  27   4  23   1  12  40  40  45   5  11  24  32   8   3  49  37  12  25  11  27   9   4  19   1   7  14  15  20  27  32  10  46  23  30   0   8  26  17  28  38  29  45  42  31   3  43  38  13  46 
 43  18  15   9  19  42  24  42   2  20  14  42  18  24  47  17  29  29  31   3  22  38  49  25  37  47  38   1  19  18   3  40  44   7  25   8   0  24   4   3  13  11  21  36  43  23  17  19  35   7 
  1  42  31  31  24  31   5  26  34  33  26   7  23  13   6  39  11  25  15  34  28  18  48  45  17  15  26   5  17  40   9   5   4  23  18  47   6   0  30  13  34  24  11  46  38   9  17  16   4  15 
 14  18  31  31  13  46  36  48   5   8  42  25  40  46  45  26  45  25  35   5  34  44  22  28  25  47  25  26  16   4  13  22   9   3  28  40  26  20   0   8  37  18  35  12   7  24  14  41  35  29 
 40  14  43  48   8  49  48  14  14  19  16  26  42  34  31  23  24  21  24  41  26  19   6  46  10   3   2  49  43  44  35  20  27  13  42   3  41  30  24   0  31   1  16  33  20   5  10  20  41  25 
 26   9  37  40  46  17  44  17   8  27  12  31   5  49  36  48  49   6  36  26   3  33  33  28  21  18  48   6  44  34   4  43   7  27   7  36  13  48  16  43   0   2  20  33  41  16  27  27  19  41 
 29  19  19  39  17   6  42   7  36  26  42  27  32  37  25  26  24  18  30  12   5   7  44  15  47  21   7  42  21  40  43  48  45  36  11  43  48  32  23  37  14   0  13  16  29  32   8  34  10  33 
 11  23  48  38  29  34  11  37  24  44  13  20  17  39   6  35  13  40  20  42  31   1   3  14   5  45  32   5  38  26   3  46  10  19   4  40   4  36  44  18  42  31   0  10  29  40   1  35  36  31 
 11  23  23   5  39  24  36  45  38  24  43  36  24  11  48  36  23  46   3  28  16  41  37  22  44  19  32   3  24  48  38  21  37   6  48  30   8   1   1  29  39   3  22   0  21  22  41  22  16   4 
 29  49  11  48  18  41  26  34  37  40  11  40  25  48   7  47  24  44  33  34  49  39  40  13  14  25   4   7  31  43  34  32   1  33   5  26  10   9   6   8  22  29  36  25   0   2  48  26  21  21 
  3  22   2   5  30  21  14   3  39  36  48  24  29  18   3  23  37  10  43   9  26  47  46  44  41  16  15   9  18  37   7  21  27  35   2  14  15  47  12  45  43   5  11  35  25   0  25  26  28  39 
 42  22  25  34  47  28  44  19  41  24  12   9  36  35  25  11  44  46  44  34  13  10  18  37   2   8  26  27  34  10  35  21  45  10  20  11  35   4  24  47  23  26  41  44  12  41   0  20  14  39 
 36  44  28  40   8  31  21  14  14  10   6  49  21  42  34  31  17  16  14  40   5  17  24  33  24  35  42  11   9  25  35  16  20   6  31  18  35   3   2  23   6  18  39  29   6  16  22   0  47  20 
 32  46   7   4  44  44  27  24  16  10  28  19  40  17  30   1  23  28  11   2  15   3  49   7  25  34   4  12  43   4  24  47  14  20  32  11  45   2  40  12   6  36  25  30  22  43  12  16   0  41 
 44  45   2  10  10  12  18  13  20  42   9  29  35  38   3  28   9   9  30  46  28  12  42  36  11  32  10  34  49  26  13  33  19  21  19  30  15  14  37  11  19  47  28   4  48  36  35  16  17   0 
M2
  0  15  33   8   4  33   9  26  17  17  31  41   2  26  31   8  24  25  29  27  22  49  30  36  36  34   2  43  10  15   9   4  33  11  26   9  28  33  32  10   4  45  22  13  26  20  24  10  27  16 
 15   0  42  47  27  36  23   7  48  12  36   2  44   8  43  13  33  31   5  42  19  10  35   8  40   6  16  29  14  37   1  39  42  13  41  42  22  32   4  21  20  35  19  24  21   9  14  34   8  11 
 37  39   0  29   8  40   6  25  41  20   6  16  11  37  44  14   4  43  13  43  45  35  47   5  24  35   8  48   4   7  25  16  10  42  10   8  44  13   4  19  27  21   4  26  24  33   2  27  18  25 
 24  24   4   0  23  48  40  20  16  15  13  13  40  30  28  11  28  10  20  23   4  19   5  26  24  12  19  11   3  21   3  25   6  19   7  20  14  45  26   7   2   3  32  49   8  33  22  41  46  43 
 19  47  21  20   0  13  40  28  20  17  32  10  10  25  23   9  37  26   4  13  38  47  12  30  15  32  48   6  29  49  19  16  34  27  38  12  37  18   4  45  33  11  25   8  35  21  33  23  14  36 
 31   4  47  27  17   0  40  22  44  16  13  14   1  43  31   1  17  24  29  45   3   8   2  15  41   5   9   1  37  48  28  48   5  10  48  21   1  10  11  26  42  37  43  48  28  25  15   8  17   5 
 47   7   6  27  25  32   0  12  48  12   4  47   6   5  40  45  35  47  34   9  44  35  15  35  36  40  42  31  27  24  34  37  25  21  28  38  11   3  25  47  21  43  38  32  38  15  16   7   8  32 
  5  21  21  37   6  35  14   0  16  30  33   2  40  30  13   5  36  44   2  49   7  44  44  34  48  32  42  44  31  37  43   1  38  36  21  49  21  41  18  17  32   5  11  49   3   8  12  46   4  14 
  6   6  16  44  38  47  32  44   0   8  39  46  28  38  25  49   1   6  40  37  40  13  23  34  32  24  47  30  14  15  36  38   4   1  18  42  31  16  29  26  32   9  49  20  14  26  44  38   5  22 
 19   9  17  40  29  26  33   2  31   0   4  34  14  43   3  34  45  19  26  35  24  40  48  20  29  11  31   1   3  47  10  45  43  33  36  17  27  25  33  19   8  45  45  39  14  37   3  15  42  35 
 27  15  48   7  48  44  47   7  46   7   0  19  39  29   1  42  30  26   6  30  33   5  36   2  20  20  32  32  45  21  39  28  33  10  37   5  25  20  31  37  48  12  34   6  24   7  33  40  40   9 
 37  25   8   7  43   7  33   2  39  44  35   0   2  16  23  24  12   4  18  24  27  20  33  23   6  26  23  25  47  38  23  17  39   9  44  30  39   5  19   9   4  26  47  49  37  49  43   5  17   8 
 29  10  31  40  43  47  34  36  45  34  16  16   0  29  10  37  22  20  38  10  27  27  42  45  33   9  23  10  21  34   9   1  41  23  48   7   8  13  47   8   1  45  20  35  24  27   4  12  12  29 
  3  18  29  10  12   8  17  35  34  13  20  12  15   0  30  20   6  28   7  18   4  11  27  42  32  37  17  45  41  41  44  26  33  37  29  49  28  27  43  29  28  42  28  33  22   7  30  22  31  12 
  8  20  44  25  30  47  13  19  10  21  30  41  30  37   0  29  16  34  12  14  32  40  39  14  13   1  24  44   7  17  34  49   9  18  23  15   2  43  35  18  33  21   3  21   2  10  45  31  30  43 
  3  37  14  38  17  38  24  32  11  36   1  13  31  19  38   0  40  41  20  49  42  34  38  15  48  22  18  23  29  23  19  31  13  47  32  42   3  43  25  44  28  38  43  13  49  19  48  47  45  28 
  6  42  26  34  20  22  34  23  47  37  39   2  15  28  14  16   0  31  23   1   1  17  46  23  12  22  12  27   7  13  47  38  24  22  27   3   9  13  21  15  22   1  22  20  11  41  29   9  21  35 
 40  20  48  29  48  17  39  17  24  45  17  14  33  29  13  44   5   0  13   6  44  12  15  33   1  25  19  36  33   4  10  21  34  32  41   2  20  24  13  40  47  36  46  36  40  45  23  16  30  47 
 35  37  10  43  11   7  41  33  29  13   9  45  13  39   3  28  46  40   0   2  47  39  37  27  19  11  40   8  17  39  42  24   6  45  10   1  38  16  14  35  49  44  10  48  29  23  43  40  12  18 
 14   7  24  32  10  21  34  21  44  11   3  10   9  35  43  35  42  49  26   0  39  11   4  12  22  31  28  39   4  15   2  34  22  37  36  33  39   4  37  40  38   7  38  45  23  22  19   8  34  48 
 19  33  24  25   9   5  25  25  43   6  30  26  11  22  14  36  23  37  15  19   0  44   8  40  21   5   2  44  31  29  27  26  49  37   7  43  46  29  23   4   8   2  25  31  46  29  25  31  19  47 
 36  17  36  46  37  32  49   5  26  26  24   7  15  13   7  11  36  10   8  39  20   0  11  32  26  34  41   4  15  29  43  17  12  30  44  21  34   8  35  15  19  30   7  41  14   3  12  42  20  40 
 11  21  19  20  32   6  16  46  19  13  47   3  25  37   5  46  45  27  30  47   3  45   0  28   3  32  19   5   2  12   4  32  42   2  30   7  47  18  47  30  13  31  21  30  15  23  11  44  18  29 
  8  39   5  48  26  22   5  11  30  44  30   3   5   2   8  49  40  34  43  17  39  31  11   0  34  26   6  13   5  34  22   5   6   6   4  20  41  24   8  17  42  42   7  37   1  18  31  35  39  10 
  5  44  48   6  37  16  35  30  39  17  18   1  27  49  37  27  21  26  16  16  17   4   8  37   0  10  17   8   3  11  14  31  44  38  45  20  34  15  21  47  29  25   7  23   6  24  32  17  41  14 
 41   6  35  22  16  26  37  11  33  13  41  48  16  42  40  35   4  48   4   4  28  19  10  21  38   0  37  23  15  27  35  18   8  27  32  16  48   5  20  28  44   4  29  24  28  45  33   3  25  15 
 29  19   3  48  42  21  26  19  30   4  16  28  37   8  36  11  29  26   5  29   5  38   7  46  30  41   0   7  12  23  10  12  42  11  21   5  36  12  48  34  32   6  26  43   8  44   6   4  36  46 
 12  14  27   1  33  28  18  18   3  37  22  35  22  49  41  32  37  33  24  47  12  29  16   9  31  17  43   0  40  49  24  42   2  29  21   1  15  31  36  28  46  27  43  46  20  46  45  39   2  11 
 30  25  30  39   1  36  15   1  26  32  24   5  24   2   7   6  23  15   3   8   4   9  18  21  45  47  44  14   0  36  34  19   1  22  22   8  38  34  34  12  34  28  40  37  32  11  17  26   8  19 
  8  30  37  30   8  27  23  49  16  37   1   9  26  28   8  24  16  49  45  12  39  18   6   3   4  35   5  40  38   0  25  15  17  15  18  18  34  28   4  48  20  28  29  15  48  15  19  48  29  46 
 29   3  23  14  33  46  25  21  44   1  22  15  45  15  39  49   9  37  21  24  37  28  22  18  11  30  17  46  27  29   0  34  48  21  23  46  45  37  47  13  25  27  34  11   6   9  47   1  49  36 
 15  25  23  30  44  14   8  43  32   2  29  44  12  13  21  28  27  22   9  10  24  49  24  26  28  23  11   4  29  25  29   0   9  26   7  16   6  10  11   3   1  23   5   5  15  21  34  28   7  24 
 23  47   6   9  17  24  35  11  39  14  41   3  21  30  27  36  48  43  10  38  10  15  45  13  46   4  44  35  29   5  40  16   0  41  19  45  44  37  14  14  16  13   5  38  40  43   6  48  15  45 
 21  31  13  23  44  49  43  31  21  17  13  35  47  31  16  47  29  17  23  49  31  42  40  40  13   6  31   6  34  10  34  22  22   0   1  41  25  20  22  15  40  42  37  17   1   5   8  25  19  46 
  7   5  13  13  42  30  47  32  24   7  44  11  26  46  46   9  45   7  44  24  47  43  40  47  11  35  11  15   6  15  45   2  34  49   0  11  29  26   3  39  38  25  37   3  33  43  11  42  15  21 
 33  27   4  23   1  12  40  40  45   5  11  24  32   8   3  49  37  12  25  11  27   9   4  19   1   7  14  15  20  27  32  10  46  23  30   0   8  26  17  28  38  29  45  42  31   3  43  38  13  46 
 43  18  15   9  19  42  24  42   2  20  14  42  18  24  47  17  29  29  31   3  22  38  49  25  37  47  38   1  19  18   3  40  44   7  25   8   0  24   4   3  13  11  21  36  43  23  17  19  35   7 
  1  42  31  31  24  31   5  26  34  33  26   7  23  13   6  39  11  25  15  34  28  18  48  45  17  15  26   5  17  40   9   5   4  23  18  47   6   0  30  13  34  24  11  46  38   9  17  16   4  15 
 14  18  31  31  13  46  36  48   5   8  42  25  40  46  45  26  45  25  35   5  34  44  22  28  25  47  25  26  16   4  13  22   9   3  28  40  26  20   0   8  37  18  35  12   7  24  14  41  35  29 
 40  14  43  48   8  49  48  14  14  19  16  26  42  34  31  23  24  21  24  41  26  19   6  46  10   3   2  49  43  44  35  20  27  13  42   3  41  30  24   0  31   1  16  33  20   5  10  20  41  25 
 26   9  37  40  46  17  44  17   8  27  12  31   5  49  36  48  49   6  36  26   3  33  33  28  21  18  48   6  44  34   4  43   7  27   7  36  13  48  16  43   0   2  20  33  41  16  27  27  19  41 
 29  19  19  39  17   6  42   7  36  26  42  27  32  37  25  26  24  18  30  12   5   7  44  15  47  21   7  42  21  40  43  48  45  36  11  43  48  32  23  37  14   0  13  16  29  32   8  34  10  33 
 11  23  48  38  29  34  11  37  24  44  13  20  17  39   6  35  13  40  20  42  31   1   3  14   5  45  32   5  38  26   3  46  10  19   4  40   4  36  44  18  42  31   0  10  29  40   1  35  36  31 
 11  23  23   5  39  24  36  45  38  24  43  36  24  11  48  36  23  46   3  28  16  41  37  22  44  19  32   3  24  48  38  21  37   6  48  30   8   1   1  29  39   3  22   0  21  22  41  22  16   4 
 29  49  11  48  18  41  26  34  37  40  11  40  25  48   7  47  24  44  33  34  49  39  40  13  14  25   4   7  31  43  34  32   1  33   5  26  10   9   6   8  22  29  36  25   0   2  48  26  21  21 
  3  22   2   5  30  21  14   3  39  36  48  24  29  18   3  23  37  10  43   9  26  47  46  44  41  16  15   9  18  37   7  21  27  35   2  14  15  47  12  45  43   5  11  35  25   0  25  26  28  39 
 42  22  25  34  47  28  44  19  41  24  12   9  36  35  25  11  44  46  44  34  13  10  18  37   2   8  26  27  34  10  35  21  45  10  20  11  35   4  24  47  23  26  41  44  12  41   0  20  14  39 
 36  44  28  40   8  31  21  14  14  10   6  49  21  42  34  31  17  16  14  40   5  17  24  33  24  35  42  11   9  25  35  16  20   6  31  18  35   3   2  23   6  18  39  29   6  16  22   0  47  20 
 32  46   7   4  44  44  27  24  16  10  28  19  40  17  30   1  23  28  11   2  15   3  49   7  25  34   4  12  43   4  24  47  14  20  32  11  45   2  40  12   6  36  25  30  22  43  12  16   0  41 
 44  45   2  10  10  12  18  13  20  42   9  29  35  38   3  28   9   9  30  46  28  12  42  36  11  32  10  34  49  26  13  33  19  21  19  30  15  14  37  11  19  47  28   4  48  36  35  16  17   0 
M3
  0  15  33   8   4  33   9  26  17  17  31  41   2  26  31   8  24  25  29  27  22  49  30  36  36  34   2  43  10  15   9   4  33  11  26   9  28  33  32  10   4  45  22  13  26  20  24  10  27  16 
 15   0  42  47  27  36  23   7  48  12  36   2  44   8  43  13  33  31   5  42  19  10  35   8  40   6  16  29  14  37   1  39  42  13  41  42  22  32   4  21  20  35  19  24  21   9  14  34   8  11 
 37  39   0  29   8  40   6  25  41  20   6  16  11  37  44  14   4  43  13  43  45  35  47   5  24  35   8  48   4   7  25  16  10  42  10   8  44  13   4  19  27  21   4  26  24  33   2  27  18  25 
 24  24   4   0  23  48  40  20  16  15  13  13  40  30  28  11  28  10  20  23   4  19   5  26  24  12  19  11   3  21   3  25   6  19   7  20  14  45  26   7   2   3  32  49   8  33  22  41  46  43 
 19  47  21  20   0  13  40  28  20  17  32  10  10  25  23   9  37  26   4  13  38  47  12  30  15  32  48   6  29  49  19  16  34  27  38  12  37  18   4  45  33  11  25   8  35  21  33  23  14  36 
 31   4  47  27  17   0  40  22  44  16  13  14   1  43  31   1  17  24  29  45   3   8   2  15  41   5   9   1  37  48  28  48   5  10  48  21   1  10  11  26  42  37  43  48  28  25  15   8  17   5 
 47   7   6  27  25  32   0  12  48  12   4  47   6   5  40  45  35  47  34   9  44  35  15  35  36  40  42  31  27  24  34  37  25  21  28  38  11   3  25  47  21  43  38  32  38  15  16   7   8  32 
  5  21  21  37   6  35  14   0  16  30  33   2  40  30  13   5  36  44   2  49   7  44  44  34  48  32  42  44  31  37  43   1  38  36  21  49  21  41  18  17  32   5  11  49   3   8  12  46   4  14 
  6   6  16  44  38  47  32  44   0   8  39  46  28  38  25  49   1   6  40  37  40  13  23  34  32  24  47  30  14  15  36  38   4   1  18  42  31  16  29  26  32   9  49  20  14  26  44  38   5  22 
 19   9  17  40  29  26  33   2  31   0   4  34  14  43   3  34  45  19  26  35  24  40  48  20  29  11  31   1   3  47  10  45  43  33  36  17  27  25  33  19   8  45  45  39  14  37   3  15  42  35 
 27  15  48   7  48  44  47   7  46   7   0  19  39  29   1  42  30  26   6  30  33   5  36   2  20  20  32  32  45  21  39  28  33  10  37   5  25  20  31  37  48  12  34   6  24   7  33  40  40   9 
 37  25   8   7  43   7  33   2  39  44  35   0   2  16  23  24  12   4  18  24  27  20  33  23   6  26  23  25  47  38  23  17  39   9  44  30  39   5  19   9   4  26  47  49  37  49  43   5  17   8 
 29  10  31  40  43  47  34  36  45  34  16  16   0  29  10  37  22  20  38  10  27  27  42  45  33   9  23  10  21  34   9   1  41  23  48   7   8  13  47   8   1  45  20  35  24  27   4  12  12  29 
  3  18  29  10  12   8  17  35  34  13  20  12  15   0  30  20   6  28   7  18   4  11  27  42  32  37  17  45  41  41  44  26  33  37  29  49  28  27  43  29  28  42  28  33  22   7  30  22  31  12 
  8  20  44  25  30  47  13  19  10  21  30  41  30  37   0  29  16  34  12  14  32  40  39  14  13   1  24  44   7  17  34  49   9  18  23  15   2  43  35  18  33  21   3  21   2  10  45  31  30  43 
  3  37  14  38  17  38  24  32  11  36   1  13  31  19  38   0  40  41  20  49  42  34  38  15  48  22  18  23  29  23  19  31  13  47  32  42   3  43  25  44  28  38  43  13  49  19  48  47  45  28 
  6  42  26  34  20  22  34  23  47  37  39   2  15  28  14  16   0  31  23   1   1  17  46  23  12  22  12  27   7  13  47  38  24  22  27   3   9  13  21  15  22   1  22  20  11  41  29   9  21  35 
 40  20  48  29  48  17  39  17  24  45  17  14  33  29  13  44   5   0  13   6  44  12  15  33   1  25  19  36  33   4  10  21  34  32  41   2  20  24  13  40  47  36  46  36  40  45  23  16  30  47 
 35  37  10  43  11   7  41  33  29  13   9  45  13  39   3  28  46  40   0   2  47  39  37  27  19  11  40   8  17  39  42  24   6  45  10   1  38  16  14  35  49  44  10  48  29  23  43  40  12  18 
 14   7  24  32  10  21  34  21  44  11   3  10   9  35  43  35  42  49  26   0  39  11   4  12  22  31  28  39   4  15   2  34  22  37  36  33  39   4  37  40  38   7  38  45  23  22  19   8  34  48 
 19  33  24  25   9   5  25  25  43   6  30  26  11  22  14  36  23  37  15  19   0  44   8  40  21   5   2  44  31  29  27  26  49  37   7  43  46  29  23   4   8   2  25  31  46  29  25  31  19  47 
 36  17  36  46  37  32  49   5  26  26  24   7  15  13   7  11  36  10   8  39  20   0  11  32  26  34  41   4  15  29  43  17  12  30  44  21  34   8  35  15  19  30   7  41  14   3  12  42  20  40 
 11  21  19  20  32   6  16  46  19  13  47   3  25  37   5  46  45  27  30  47   3  45   0  28   3  32  19   5   2  12   4  32  42   2  30   7  47  18  47  30  13  31  21  30  15  23  11  44  18  29 
  8  39   5  48  26  22   5  11  30  44  30   3   5   2   8  49  40  34  43  17  39  31  11   0  34  26   6  13   5  34  22   5   6   6   4  20  41  24   8  17  42  42   7  37   1  18  31  35  39  10 
  5  44  48   6  37  16  35  30  39  17  18   1  27  49  37  27  21  26  16  16  17   4   8  37   0  10  17   8   3  11  14  31  44  38  45  20  34  15  21  47  29  25   7  23   6  24  32  17  41  14 
 41   6  35  22  16  26  37  11  33  13  41  48  16  42  40  35   4  48   4   4  28  19  10  21  38   0  37  23  15  27  35  18   8  27  32  16  48   5  20  28  44   4  29  24  28  45  33   3  25  15 
 29  19   3  48  42  21  26  19  30   4  16  28  37   8  36  11  29  26   5  29   5  38   7  46  30  41   0   7  12  23  10  12  42  11  21   5  36  12  48  34  32   6  26  43   8  44   6   4  36  46 
 12  14  27   1  33  28  18  18   3  37  22  35  22  49  41  32  37  33  24  47  12  29  16   9  31  17  43   0  40  49  24  42   2  29  21   1  15  31  36  28  46  27  43  46  20  46  45  39   2  11 
 30  25  30  39   1  36  15   1  26  32  24   5  24   2   7   6  23  15   3   8   4   9  18  21  45  47  44  14   0  36  34  19   1  22  22   8  38  34  34  12  34  28  40  37  32  11  17  26   8  19 
  8  30  37  30   8  27  23  49  16  37   1   9  26  28   8  24  16  49  45  12  39  18   6   3   4  35   5  40  38   0  25  15  17  15  18  18  34  28   4  48  20  28  29  15  48  15  19  48  29  46 
 29   3  23  14  33  46  25  21  44   1  22  15  45  15  39  49   9  37  21  24  37  28  22  18  11  30  17  46  27  29   0  34  48  21  23  46  45  37  47  13  25  27  34  11   6   9  47   1  49  36 
 15  25  23  30  44  14   8  43  32   2  29  44  12  13  21  28  27  22   9  10  24  49  24  26  28  23  11   4  29  25  29   0   9  26   7  16   6  10  11   3   1  23   5   5  15  21  34  28   7  24 
 23  47   6   9  17  24  35  11  39  14  41   3  21  30  27  36  48  43  10  38  10  15  45  13  46   4  44  35  29   5  40  16   0  41  19  45  44  37  14  14  16  13   5  38  40  43   6  48  15  45 
 21  31  13  23  44  49  43  31  21  17  13  35  47  31  16  47  29  17  23  49  31  42  40  40  13   6  31   6  34  10  34  22  22   0   1  41  25  20  22  15  40  42  37  17   1   5   8  25  19  46 
  7   5  13  13  42  30  47  32  24   7  44  11  26  46  46   9  45   7  44  24  47  43  40  47  11  35  11  15   6  15  45   2  34  49   0  11  29  26   3  39  38  25  37   3  33  43  11  42  15  21 
 33  27   4  23   1  12  40  40  45   5  11  24  32   8   3  49  37  12  25  11  27   9   4  19   1   7  14  15  20  27  32  10  46  23  30   0   8  26  17  28  38  29  45  42  31   3  43  38  13  46 
 43  18  15   9  19  42  24  42   2  20  14  42  18  24  47  17  29  29  31   3  22  38  49  25  37  47  38   1  19  18   3  40  44   7  25   8   0  24   4   3  13  11  21  36  43  23  17  19  35   7 
  1  42  31  31  24  31   5  26  34  33  26   7  23  13   6  39  11  25  15  34  28  18  48  45  17  15  26   5  17  40   9   5   4  23  18  47   6   0  30  13  34  24  11  46  38   9  17  16   4  15 
 14  18  31  31  13  46  36  48   5   8  42  25  40  46  45  26  45  25  35   5  34  44  22  28  25  47  25  26  16   4  13  22   9   3  28  40  26  20   0   8  37  18  35  12   7  24  14  41  35  29 
 40  14  43  48   8  49  48  14  14  19  16  26  42  34  31  23  24  21  24  41  26  19   6  46  10   3   2  49  43  44  35  20  27  13  42   3  41  30  24   0  31   1  16  33  20   5  10  20  41  25 
 26   9  37  40  46  17  44  17   8  27  12  31   5  49  36  48  49   6  36  26   3  33  33  28  21  18  48   6  44  34   4  43   7  27   7  36  13  48  16  43   0   2  20  33  41  16  27  27  19  41 
 29  19  19  39  17   6  42   7  36  26  42  27  32  37  25  26  24  18  30  12   5   7  44  15  47  21   7  42  21  40  43  48  45  36  11  43  48  32  23  37  14   0  13  16  29  32   8  34  10  33 
 11  23  48  38  29  34  11  37  24  44  13  20  17  39   6  35  13  40  20  42  31   1   3  14   5  45  32   5  38  26   3  46  10  19   4  40   4  36  44  18  42  31   0  10  29  40   1  35  36  31 
 11  23  23   5  39  24  36  45  38  24  43  36  24  11  48  36  23  46   3  28  16  41  37  22  44  19  32   3  24  48  38  21  37   6  48  30   8   1   1  29  39   3  22   0  21  22  41  22  16   4 
 29  49  11  48  18  41  26  34  37  40  11  40  25  48   7  47  24  44  33  34  49  39  40  13  14  25   4   7  31  43  34  32   1  33   5  26  10   9   6   8  22  29  36  25   0   2  48  26  21  21 
  3  22   2   5  30  21  14   3  39  36  48  24  29  18   3  23  37  10  43   9  26  47  46  44  41  16  15   9  18  37   7  21  27  35   2  14  15  47  12  45  43   5  11  35  25   0  25  26  28  39 
 42  22  25  34  47  28  44  19  41  24  12   9  36  35  25  11  44  46  44  34  13  10  18  37   2   8  26  27  34  10  35  21  45  10  20  11  35   4  24  47  23  26  41  44  12  41   0  20  14  39 
 36  44  28  40   8  31  21  14  14  10   6  49  21  42  34  31  17  16  14  40   5  17  24  33  24  35  42  11   9  25  35  16  20   6  31  18  35   3   2  23   6  18  39  29   6  16  22   0  47  20 
 32  46   7   4  44  44  27  24  16  10  28  19  40  17  30   1  23  28  11   2  15   3  49   7  25  34   4  12  43   4  24  47  14  20  32  11  45   2  40  12   6  36  25  30  22  43  12  16   0  41 
 44  45   2  10  10  12  18  13  20  42   9  29  35  38   3  28   9   9  30  46  28  12  42  36  11  32  10  34  49  26  13  33  19  21  19  30  15  14  37  11  19  47  28   4  48  36  35  16  17   0 
M4
  0  15  33   8   4  33   9  26  17  17  31  41   2  26  31   8  24  25  29  27  22  49  30  36  36  34   2  43  10  15   9   4  33  11  26   9  28  33  32  10   4  45  22  13  26  20  24  10  27  16 
 15   0  42  47  27  36  23   7  48  12  36   2  44   8  43  13  33  31   5  42  19  10  35   8  40   6  16  29  14  37   1  39  42  13  41  42  22  32   4  21  20  35  19  24  21   9  14  34   8  11 
 37  39   0  29   8  40   6  25  41  20   6  16  11  37  44  14   4  43  13  43  45  35  47   5  24  35   8  48   4   7  25  16  10  42  10   8  44  13   4  19  27  21   4  26  24  33   2  27  18  25 
 24  24   4   0  23  48  40  20  16  15  13  13  40  30  28  11  28  10  20  23   4  19   5  26  24  12  19  11   3  21   3  25   6  19   7  20  14  45  26   7   2   3  32  49   8  33  22  41  46  43 
 19  47  21  20   0  13  40  28  20  17  32  10  10  25  23   9  37  26   4  13  38  47  12  30  15  32  48   6  29  49  19  16  34  27  38  12  37  18   4  45  33  11  25   8  35  21  33  23  14  36 
 31   4  47  27  17   0  40  22  44  16  13  14   1  43  31   1  17  24  29  45   3   8   2  15  41   5   9   1  37  48  28  48   5  10  48  21   1  10  11  26  42  37  43  48  28  25  15   8  17   5 
 47   7   6  27  25  32   0  12  48  12   4  47   6   5  40  45  35  47  34   9  44  35  15  35  36  40  42  31  27  24  34  37  25  21  28  38  11   3  25  47  21  43  38  32  38  15  16   7   8  32 
  5  21  21  37   6  35  14   0  16  30  33   2  40  30  13   5  36  44   2  49   7  44  44  34  48  32  42  44  31  37  43   1  38  36  21  49  21  41  18  17  32   5  11  49   3   8  12  46   4  14 
  6   6  16  44  38  47  32  44   0   8  39  46  28  38  25  49   1   6  40  37  40  13  23  34  32  24  47  30  14  15  36  38   4   1  18  42  31  16  29  26  32   9  49  20  14  26  44  38   5  22 
 19   9  17  40  29  26  33   2  31   0   4  34  14  43   3  34  45  19  26  35  24  40  48  20  29  11  31   1   3  47  10  45  43  33  36  17  27  25  33  19   8  45  45  39  14  37   3  15  42  35 
 27  15  48   7  48  44  47   7  46   7   0  19  39  29   1  42  30  26   6  30  33   5  36   2  20  20  32  32  45  21  39  28  33  10  37   5  25  20  31  37  48  12  34   6  24   7  33  40  40   9 
 37  25   8   7  43   7  33   2  39  44  35   0   2  16  23  24  12   4  18  24  27  20  33  23   6  26  23  25  47  38  23  17  39   9  44  30  39   5  19   9   4  26  47  49  37  49  43   5  17   8 
 29  10  31  40  43  47  34  36  45  34  16  16   0  29  10  37  22  20  38  10  27  27  42  45  33   9  23  10  21  34   9   1  41  23  48   7   8  13  47   8   1  45  20  35  24  27   4  12  12  29 
  3  18  29  10  12   8  17  35  34  13  20  12  15   0  30  20   6  28   7  18   4  11  27  42  32  37  17  45  41  41  44  26  33  37  29  49  28  27  43  29  28  42  28  33  22   7  30  22  31  12 
  8  20  44  25  30  47  13  19  10  21  30  41  30  37   0  29  16  34  12  14  32  40  39  14  13   1  24  44   7  17  34  49   9  18  23  15   2  43  35  18  33  21   3  21   2  10  45  31  30  43 
  3  37  14  38  17  38  24  32  11  36   1  13  31  19  38   0  40  41  20  49  42  34  38  15  48  22  18  23  29  23  19  31  13  47  32  42   3  43  25  44  28  38  43  13  49  19  48  47  45  28 
  6  42  26  34  20  22  34  23  47  37  39   2  15  28  14  16   0  31  23   1   1  17  46  23  12  22  12  27   7  13  47  38  24  22  27   3   9  13  21  15  22   1  22  20  11  41  29   9  21  35 
 40  20  48  29  48  17  39  17  24  45  17  14  33  29  13  44   5   0  13   6  44  12  15  33   1  25  19  36  33   4  10  21  34  32  41   2  20  24  13  40  47  36  46  36  40  45  23  16  30  47 
 35  37  10  43  11   7  41  33  29  13   9  45  13  39   3  28  46  40   0   2  47  39  37  27  19  11  40   8  17  39  42  24   6  45  10   1  38  16  14  35  49  44  10  48  29  23  43  40  12  18 
 14   7  24  32  10  21  34  21  44  11   3  10   9  35  43  35  42  49  26   0  39  11   4  12  22  31  28  39   4  15   2  34  22  37  36  33  39   4  37  40  38   7  38  45  23  22  19   8  34  48 
 19  33  24  25   9   5  25  25  43   6  30  26  11  22  14  36  23  37  15  19   0  44   8  40  21   5   2  44  31  29  27  26  49  37   7  43  46  29  23   4   8   2  25  31  46  29  25  31  19  47 
 36  17  36  46  37  32  49   5  26  26  24   7  15  13   7  11  36  10   8  39  20   0  11  32  26  34  41   4  15  29  43  17  12  30  44  21  34   8  35  15  19  30   7  41  14   3  12  42  20  40 
 11  21  19  20  32   6  16  46  19  13  47   3  25  37   5  46  45  27  30  47   3  45   0  28   3  32  19   5   2  12   4  32  42   2  30   7  47  18  47  30  13  31  21  30  15  23  11  44  18  29 
  8  39   5  48  26  22   5  11  30  44  30   3   5   2   8  49  40  34  43  17  39  31  11   0  34  26   6  13   5  34  22   5   6   6   4  20  41  24   8  17  42  42   7  37   1  18  31  35  39  10 
  5  44  48   6  37  16  35  30  39  17  18   1  27  49  37  27  21  26  16  16  17   4   8  37   0  10  17   8   3  11  14  31  44  38  45  20  34  15  21  47  29  25   7  23   6  24  32  17  41  14 
 41   6  35  22  16  26  37  11  33  13  41  48  16  42  40  35   4  48   4   4  28  19  10  21  38   0  37  23  15  27  35  18   8  27  32  16  48   5  20  28  44   4  29  24  28  45  33   3  25  15 
 29  19   3  48  42  21  26  19  30   4  16  28  37   8  36  11  29  26   5  29   5  38   7  46  30  41   0   7  12  23  10  12  42  11  21   5  36  12  48  34  32   6  26  43   8  44   6   4  36  46 
 12  14  27   1  33  28  18  18   3  37  22  35  22  49  41  32  37  33  24  47  12  29  16   9  31  17  43   0  40  49  24  42   2  29  21   1  15  31  36  28  46  27  43  46  20  46  45  39   2  11 
 30  25  30  39   1  36  15   1  26  32  24   5  24   2   7   6  23  15   3   8   4   9  18  21  45  47  44  14   0  36  34  19   1  22  22   8  38  34  34  12  34  28  40  37  32  11  17  26   8  19 
  8  30  37  30   8  27  23  49  16  37   1   9  26  28   8  24  16  49  45  12  39  18   6   3   4  35   5  40  38   0  25  15  17  15  18  18  34  28   4  48  20  28  29  15  48  15  19  48  29  46 
 29   3  23  14  33  46  25  21  44   1  22  15  45  15  39  49   9  37  21  24  37  28  22  18  11  30  17  46  27  29   0  34  48  21  23  46  45  37  47  13  25  27  34  11   6   9  47   1  49  36 
 15  25  23  30  44  14   8  43  32   2  29  44  12  13  21  28  27  22   9  10  24  49  24  26  28  23  11   4  29  25  29   0   9  26   7  16   6  10  11   3   1  23   5   5  15  21  34  28   7  24 
 23  47   6   9  17  24  35  11  39  14  41   3  21  30  27  36  48  43  10  38  10  15  45  13  46   4  44  35  29   5  40  16   0  41  19  45  44  37  14  14  16  13   5  38  40  43   6  48  15  45 
 21  31  13  23  44  49  43  31  21  17  13  35  47  31  16  47  29  17  23  49  31  42  40  40  13   6  31   6  34  10  34  22  22   0   1  41  25  20  22  15  40  42  37  17   1   5   8  25  19  46 
  7   5  13  13  42  30  47  32  24   7  44  11  26  46  46   9  45   7  44  24  47  43  40  47  11  35  11  15   6  15  45   2  34  49   0  11  29  26   3  39  38  25  37   3  33  43  11  42  15  21 
 33  27   4  23   1  12  40  40  45   5  11  24  32   8   3  49  37  12  25  11  27   9   4  19   1   7  14  15  20  27  32  10  46  23  30   0   8  26  17  28  38  29  45  42  31   3  43  38  13  46 
 43  18  15   9  19  42  24  42   2  20  14  42  18  24  47  17  29  29  31   3  22  38  49  25  37  47  38   1  19  18   3  40  44   7  25   8   0  24   4   3  13  11  21  36  43  23  17  19  35   7 
  1  42  31  31  24  31   5  26  34  33  26   7  23  13   6  39  11  25  15  34  28  18  48  45  17  15  26   5  17  40   9   5   4  23  18  47   6   0  30  13  34  24  11  46  38   9  17  16   4  15 
 14  18  31  31  13  46  36  48   5   8  42  25  40  46  45  26  45  25  35   5  34  44  22  28  25  47  25  26  16   4  13  22   9   3  28  40  26  20   0   8  37  18  35  12   7  24  14  41  35  29 
 40  14  43  48   8  49  48  14  14  19  16  26  42  34  31  23  24  21  24  41  26  19   6  46  10   3   2  49  43  44  35  20  27  13  42   3  41  30  24   0  31   1  16  33  20   5  10  20  41  25 
 26   9  37  40  46  17  44  17   8  27  12  31   5  49  36  48  49   6  36  26   3  33  33  28  21  18  48   6  44  34   4  43   7  27   7  36  13  48  16  43   0   2  20  33  41  16  27  27  19  41 
 29  19  19  39  17   6  42   7  36  26  42  27  32  37  25  26  24  18  30  12   5   7  44  15  47  21   7  42  21  40  43  48  45  36  11  43  48  32  23  37  14   0  13  16  29  32   8  34  10  33 
 11  23  48  38  29  34  11  37  24  44  13  20  17  39   6  35  13  40  20  42  31   1   3  14   5  45  32   5  38  26   3  46  10  19   4  40   4  36  44  18  42  31   0  10  29  40   1  35  36  31 
 11  23  23   5  39  24  36  45  38  24  43  36  24  11  48  36  23  46   3  28  16  41  37  22  44  19  32   3  24  48  38  21  37   6  48  30   8   1   1  29  39   3  22   0  21  22  41  22  16   4 
 29  49  11  48  18  41  26  34  37  40  11  40  25  48   7  47  24  44  33  34  49  39  40  13  14  25   4   7  31  43  34  32   1  33   5  26  10   9   6   8  22  29  36  25   0   2  48  26  21  21 
  3  22   2   5  30  21  14   3  39  36  48  24  29  18   3  23  37  10  43   9  26  47  46  44  41  16  15   9  18  37   7  21  27  35   2  14  15  47  12  45  43   5  11  35  25   0  25  26  28  39 
 42  22  25  34  47  28  44  19  41  24  12   9  36  35  25  11  44  46  44  34  13  10  18  37   2   8  26  27  34  10  35  21  45  10  20  11  35   4  24  47  23  26  41  44  12  41   0  20  14  39 
 36  44  28  40   8  31  21  14  14  10   6  49  21  42  34  31  17  16  14  40   5  17  24  33  24  35  42  11   9  25  35  16  20   6  31  18  35   3   2  23   6  18  39  29   6  16  22   0  47  20 
 32  46   7   4  44  44  27  24  16  10  28  19  40  17  30   1  23  28  11   2  15   3  49   7  25  34   4  12  43   4  24  47  14  20  32  11  45   2  40  12   6  36  25  30  22  43  12  16   0  41 
 44  45   2  10  10  12  18  13  20  42   9  29  35  38   3  28   9   9  30  46  28  12  42  36  11  32  10  34  49  26  13  33  19  21  19  30  15  14  37  11  19  47  28   4  48  36  35  16  17   0 
M5
  0  15  33   8   4  33   9  26  17  17  31  41   2  26  31   8  24  25  29  27  22  49  30  36  36  34   2  43  10  15   9   4  33  11  26   9  28  33  32  10   4  45  22  13  26  20  24  10  27  16 
 15   0  42  47  27  36  23   7  48  12  36   2  44   8  43  13  33  31   5  42  19  10  35   8  40   6  16  29  14  37   1  39  42  13  41  42  22  32   4  21  20  35  19  24  21   9  14  34   8  11 
 37  39   0  29   8  40   6  25  41  20   6  16  11  37  44  14   4  43  13  43  45  35  47   5  24  35   8  48   4   7  25  16  10  42  10   8  44  13   4  19  27  21   4  26  24  33   2  27  18  25 
 24  24   4   0  23  48  40  20  16  15  13  13  40  30  28  11  28  10  20  23   4  19   5  26  24  12  19  11   3  21   3  25   6  19   7  20  14  45  26   7   2   3  32  49   8  33  22  41  46  43 
 19  47  21  20   0  13  40  28  20  17  32  10  10  25  23   9  37  26   4  13  38  47  12  30  15  32  48   6  29  49  19  16  34  27  38  12  37  18   4  45  33  11  25   8  35  21  33  23  14  36 
 31   4  47  27  17   0  40  22  44  16  13  14   1  43  31   1  17  24  29  45   3   8   2  15  41   5   9   1  37  48  28  48   5  10  48  21   1  10  11  26  42  37  43  48  28  25  15   8  17   5 
 47   7   6  27  25  32   0  12  48  12   4  47   6   5  40  45  35  47  34   9  44  35  15  35  36  40  42  31  27  24  34  37  25  21  28  38  11   3  25  47  21  43  38  32  38  15  16   7   8  32 
  5  21  21  37   6  35  14   0  16  30  33   2  40  30  13   5  36  44   2  49   7  44  44  34  48  32  42  44  31  37  43   1  38  36  21  49  21  41  18  17  32   5  11  49   3   8  12  46   4  14 
  6   6  16  44  38  47  32  44   0   8  39  46  28  38  25  49   1   6  40  37  40  13  23  34  32  24  47  30  14  15  36  38   4   1  18  42  31  16  29  26  32   9  49  20  14  26  44  38   5  22 
 19   9  17  40  29  26  33   2  31   0   4  34  14  43   3  34  45  19  26  35  24  40  48  20  29  11  31   1   3  47  10  45  43  33  36  17  27  25  33  19   8  45  45  39  14  37   3  15  42  35 
 27  15  48   7  48  44  47   7  46   7   0  19  39  29   1  42  30  26   6  30  33   5  36   2  20  20  32  32  45  21  39  28  33  10  37   5  25  20  31  37  48  12  34   6  24   7  33  40  40   9 
 37  25   8   7  43   7  33   2  39  44  35   0   2  16  23  24  12   4  18  24  27  20  33  23   6  26  23  25  47  38  23  17  39   9  44  30  39   5  19   9   4  26  47  49  37  49  43   5  17   8 
 29  10  31  40  43  47  34  36  45  34  16  16   0  29  10  37  22  20  38  10  27  27  42  45  33   9  23  10  21  34   9   1  41  23  48   7   8  13  47   8   1  45  20  35  24  27   4  12  12  29 
  3  18  29  10  12   8  17  35  34  13  20  12  15   0  30  20   6  28   7  18   4  11  27  42  32  37  17  45  41  41  44  26  33  37  29  49  28  27  43  29  28  42  28  33  22   7  30  22  31  12 
  8  20  44  25  30  47  13  19  10  21  30  41  30  37   0  29  16  34  12  14  32  40  39  14  13   1  24  44   7  17  34  49   9  18  23  15   2  43  35  18  33  21   3  21   2  10  45  31  30  43 
  3  37  14  38  17  38  24  32  11  36   1  13  31  19  38   0  40  41  20  49  42  34  38  15  48  22  18  23  29  23  19  31  13  47  32  42   3  43  25  44  28  38  43  13  49  19  48  47  45  28 
  6  42  26  34  20  22  34  23  47  37  39   2  15  28  14  16   0  31  23   1   1  17  46  23  12  22  12  27   7  13  47  38  24  22  27   3   9  13  21  15  22   1  22  20  11  41  29   9  21  35 
 40  20  48  29  48  17  39  17  24  45  17  14  33  29  13  44   5   0  13   6  44  12  15  33   1  25  19  36  33   4  10  21  34  32  41   2  20  24  13  40  47  36  46  36  40  45  23  16  30  47 
 35  37  10  43  11   7  41  33  29  13   9  45  13  39   3  28  46  40   0   2  47  39  37  27  19  11  40   8  17  39  42  24   6  45  10   1  38  16  14  35  49  44  10  48  29  23  43  40  12  18 
 14   7  24  32  10  21  34  21  44  11   3  10   9  35  43  35  42  49  26   0  39  11   4  12  22  31  28  39   4  15   2  34  22  37  36  33  39   4  37  40  38   7  38  45  23  22  19   8  34  48 
 19  33  24  25   9   5  25  25  43   6  30  26  11  22  14  36  23  37  15  19   0  44   8  40  21   5   2  44  31  29  27  26  49  37   7  43  46  29  23   4   8   2  25  31  46  29  25  31  19  47 
 36  17  36  46  37  32  49   5  26  26  24   7  15  13   7  11  36  10   8  39  20   0  11  32  26  34  41   4  15  29  43  17  12  30  44  21  34   8  35  15  19  30   7  41  14   3  12  42  20  40 
 11  21  19  20  32   6  16  46  19  13  47   3  25  37   5  46  45  27  30  47   3  45   0  28   3  32  19   5   2  12   4  32  42   2  30   7  47  18  47  30  13  31  21  30  15  23  11  44  18  29 
  8  39   5  48  26  22   5  11  30  44  30   3   5   2   8  49  40  34  43  17  39  31  11   0  34  26   6  13   5  34  22   5   6   6   4  20  41  24   8  17  42  42   7  37   1  18  31  35  39  10 
  5  44  48   6  37  16  35  30  39  17  18   1  27  49  37  27  21  26  16  16  17   4   8  37   0  10  17   8   3  11  14  31  44  38  45  20  34  15  21  47  29  25   7  23   6  24  32  17  41  14 
 41   6  35  22  16  26  37  11  33  13  41  48  16  42  40  35   4  48   4   4  28  19  10  21  38   0  37  23  15  27  35  18   8  27  32  16  48   5  20  28  44   4  29  24  28  45  33   3  25  15 
 29  19   3  48  42  21  26  19  30   4  16  28  37   8  36  11  29  26   5  29   5  38   7  46  30  41   0   7  12  23  10  12  42  11  21   5  36  12  48  34  32   6  26  43   8  44   6   4  36  46 
 12  14  27   1  33  28  18  18   3  37  22  35  22  49  41  32  37  33  24  47  12  29  16   9  31  17  43   0  40  49  24  42   2  29  21   1  15  31  36  28  46  27  43  46  20  46  45  39   2  11 
 30  25  30  39   1  36  15   1  26  32  24   5  24   2   7   6  23  15   3   8   4   9  18  21  45  47  44  14   0  36  34  19   1  22  22   8  38  34  34  12  34  28  40  37  32  11  17  26   8  19 
  8  30  37  30   8  27  23  49  16  37   1   9  26  28   8  24  16  49  45  12  39  18   6   3   4  35   5  40  38   0  25  15  17  15  18  18  34  28   4  48  20  28  29  15  48  15  19  48  29  46 
 29   3  23  14  33  46  25  21  44   1  22  15  45  15  39  49   9  37  21  24  37  28  22  18  11  30  17  46  27  29   0  34  48  21  23  46  45  37  47  13  25  27  34  11   6   9  47   1  49  36 
 15  25  23  30  44  14   8  43  32   2  29  44  12  13  21  28  27  22   9  10  24  49  24  26  28  23  11   4  29  25  29   0   9  26   7  16   6  10  11   3   1  23   5   5  15  21  34  28   7  24 
 23  47   6   9  17  24  35  11  39  14  41   3  21  30  27  36  48  43  10  38  10  15  45  13  46   4  44  35  29   5  40  16   0  41  19  45  44  37  14  14  16  13   5  38  40  43   6  48  15  45 
 21  31  13  23  44  49  43  31  21  17  13  35  47  31  16  47  29  17  23  49  31  42  40  40  13   6  31   6  34  10  34  22  22   0   1  41  25  20  22  15  40  42  37  17   1   5   8  25  19  46 
  7   5  13  13  42  30  47  32  24   7  44  11  26  46  46   9  45   7  44  24  47  43  40  47  11  35  11  15   6  15  45   2  34  49   0  11  29  26   3  39  38  25  37   3  33  43  11  42  15  21 
 33  27   4  23   1  12  40  40  45   5  11  24  32   8   3  49  37  12  25  11  27   9   4  19   1   7  14  15  20  27  32  10  46  23  30   0   8  26  17  28  38  29  45  42  31   3  43  38  13  46 
 43  18  15   9  19  42  24  42   2  20  14  42  18  24  47  17  29  29  31   3  22  38  49  25  37  47  38   1  19  18   3  40  44   7  25   8   0  24   4   3  13  11  21  36  43  23  17  19  35   7 
  1  42  31  31  24  31   5  26  34  33  26   7  23  13   6  39  11  25  15  34  28  18  48  45  17  15  26   5  17  40   9   5   4  23  18  47   6   0  30  13  34  24  11  46  38   9  17  16   4  15 
 14  18  31  31  13  46  36  48   5   8  42  25  40  46  45  26  45  25  35   5  34  44  22  28  25  47  25  26  16   4  13  22   9   3  28  40  26  20   0   8  37  18  35  12   7  24  14  41  35  29 
 40  14  43  48   8  49  48  14  14  19  16  26  42  34  31  23  24  21  24  41  26  19   6  46  10   3   2  49  43  44  35  20  27  13  42   3  41  30  24   0  31   1  16  33  20   5  10  20  41  25 
 26   9  37  40  46  17  44  17   8  27  12  31   5  49  36  48  49   6  36  26   3  33  33  28  21  18  48   6  44  34   4  43   7  27   7  36  13  48  16  43   0   2  20  33  41  16  27  27  19  41 
 29  19  19  39  17   6  42   7  36  26  42  27  32  37  25  26  24  18  30  12   5   7  44  15  47  21   7  42  21  40  43  48  45  36  11  43  48  32  23  37  14   0  13  16  29  32   8  34  10  33 
 11  23  48  38  29  34  11  37  24  44  13  20  17  39   6  35  13  40  20  42  31   1   3  14   5  45  32   5  38  26   3  46  10  19   4  40   4  36  44  18  42  31   0  10  29  40   1  35  36  31 
 11  23  23   5  39  24  36  45  38  24  43  36  24  11  48  36  23  46   3  28  16  41  37  22  44  19  32   3  24  48  38  21  37   6  48  30   8   1   1  29  39   3  22   0  21  22  41  22  16   4 
 29  49  11  48  18  41  26  34  37  40  11  40  25  48   7  47  24  44  33  34  49  39  40  13  14  25   4   7  31  43  34  32   1  33   5  26  10   9   6   8  22  29  36  25   0   2  48  26  21  21 
  3  22   2   5  30  21  14   3  39  36  48  24  29  18   3  23  37  10  43   9  26  47  46  44  41  16  15   9  18  37   7  21  27  35   2  14  15  47  12  45  43   5  11  35  25   0  25  26  28  39 
 42  22  25  34  47  28  44  19  41  24  12   9  36  35  25  11  44  46  44  34  13  10  18  37   2   8  26  27  34  10  35  21  45  10  20  11  35   4  24  47  23  26  41  44  12  41   0  20  14  39 
 36  44  28  40   8  31  21  14  14  10   6  49  21  42  34  31  17  16  14  40   5  17  24  33  24  35  42  11   9  25  35  16  20   6  31  18  35   3   2  23   6  18  39  29   6  16  22   0  47  20 
 32  46   7   4  44  44  27  24  16  10  28  19  40  17  30   1  23  28  11   2  15   3  49   7  25  34   4  12  43   4  24  47  14  20  32  11  45   2  40  12   6  36  25  30  22  43  12  16   0  41 
 44  45   2  10  10  12  18  13  20  42   9  29  35  38   3  28   9   9  30  46  28  12  42  36  11  32  10  34  49  26  13  33  19  21  19  30  15  14  37  11  19  47  28   4  48  36  35  16  17   0 
M6
  0  15  33   8   4  33   9  26  17  17  31  41   2  26  31   8  24  25  29  27  22  49  30  36  36  34   2  43  10  15   9   4  33  11  26   9  28  33  32  10   4  45  22  13  26  20  24  10  27  16 
 15   0  42  47  27  36  23   7  48  12  36   2  44   8  43  13  33  31   5  42  19  10  35   8  40   6  16  29  14  37   1  39  42  13  41  42  22  32   4  21  20  35  19  24  21   9  14  34   8  11 
 37  39   0  29   8  40   6  25  41  20   6  16  11  37  44  14   4  43  13  43  45  35  47   5  24  35   8  48   4   7  25  16  10  42  10   8  44  13   4  19  27  21   4  26  24  33   2  27  18  25 
 24  24   4   0  23  48  40  20  16  15  13  13  40  30  28  11  28  10  20  23   4  19   5  26  24  12  19  11   3  21   3  25   6  19   7  20  14  45  26   7   2   3  32  49   8  33  22  41  46  43 
 19  47  21  20   0  13  40  28  20  17  32  10  10  25  23   9  37  26   4  13  38  47  12  30  15  32  48   6  29  49  19  16  34  27  38  12  37  18   4  45  33  11  25   8  35  21  33  23  14  36 
 31   4  47  27  17   0  40  22  44  16  13  14   1  43  31   1  17  24  29  45   3   8   2  15  41   5   9   1  37  48  28  48   5  10  48  21   1  10  11  26  42  37  43  48  28  25  15   8  17   5 
 47   7   6  27  25  32   0  12  48  12   4  47   6   5  40  45  35  47  34   9  44  35  15  35  36  40  42  31  27  24  34  37  25  21  28  38  11   3  25  47  21  43  38  32  38  15  16   7   8  32 
  5  21  21  37   6  35  14   0  16  30  33   2  40  30  13   5  36  44   2  49   7  44  44  34  48  32  42  44  31  37  43   1  38  36  21  49  21  41  18  17  32   5  11  49   3   8  12  46   4  14 
  6   6  16  44  38  47  32  44   0   8  39  46  28  38  25  49   1   6  40  37  40  13  23  34  32  24  47  30  14  15  36  38   4   1  18  42  31  16  29  26  32   9  49  20  14  26  44  38   5  22 
 19   9  17  40  29  26  33   2  31   0   4  34  14  43   3  34  45  19  26  35  24  40  48  20  29  11  31   1   3  47  10  45  43  33  36  17  27  25  33  19   8  45  45  39  14  37   3  15  42  35 
 27  15  48   7  48  44  47   7  46   7   0  19  39  29   1  42  30  26   6  30  33   5  36   2  20  20  32  32  45  21  39  28  33  10  37   5  25  20  31  37  48  12  34   6  24   7  33  40  40   9 
 37  25   8   7  43   7  33   2  39  44  35   0   2  16  23  24  12   4  18  24  27  20  33  23   6  26  23  25  47  38  23  17  39   9  44  30  39   5  19   9   4  26  47  49  37  49  43   5  17   8 
 29  10  31  40  43  47  34  36  45  34  16  16   0  29  10  37  22  20  38  10  27  27  42  45  33   9  23  10  21  34   9   1  41  23  48   7   8  13  47   8   1  45  20  35  24  27   4  12  12  29 
  3  18  29  10  12   8  17  35  34  13  20  12  15   0  30  20   6  28   7  18   4  11  27  42  32  37  17  45  41  41  44  26  33  37  29  49  28  27  43  29  28  42  28  33  22   7  30  22  31  12 
  8  20  44  25  30  47  13  19  10  21  30  41  30  37   0  29  16  34  12  14  32  40  39  14  13   1  24  44   7  17  34  49   9  18  23  15   2  43  35  18  33  21   3  21   2  10  45  31  30  43 
  3  37  14  38  17  38  24  32  11  36   1  13  31  19  38   0  40  41  20  49  42  34  38  15  48  22  18  23  29  23  19  31  13  47  32  42   3  43  25  44  28  38  43  13  49  19  48  47  45  28 
  6  42  26  34  20  22  34  23  47  37  39   2  15  28  14  16   0  31  23   1   1  17  46  23  12  22  12  27   7  13  47  38  24  22  27   3   9  13  21  15  22   1  22  20  11  41  29   9  21  35 
 40  20  48  29  48  17  39  17  24  45  17  14  33  29  13  44   5   0  13   6  44  12  15  33   1  25  19  36  33   4  10  21  34  32  41   2  20  24  13  40  47  36  46  36  40  45  23  16  30  47 
 35  37  10  43  11   7  41  33  29  13   9  45  13  39   3  28  46  40   0   2  47  39  37  27  19  11  40   8  17  39  42  24   6  45  10   1  38  16  14  35  49  44  10  48  29  23  43  40  12  18 
 14   7  24  32  10  21  34  21  44  11   3  10   9  35  43  35  42  49  26   0  39  11   4  12  22  31  28  39   4  15   2  34  22  37  36  33  39   4  37  40  38   7  38  45  23  22  19   8  34  48 
 19  33  24  25   9   5  25  25  43   6  30  26  11  22  14  36  23  37  15  19   0  44   8  40  21   5   2  44  31  29  27  26  49  37   7  43  46  29  23   4   8   2  25  31  46  29  25  31  19  47 
 36  17  36  46  37  32  49   5  26  26  24   7  15  13   7  11  36  10   8  39  20   0  11  32  26  34  41   4  15  29  43  17  12  30  44  21  34   8  35  15  19  30   7  41  14   3  12  42  20  40 
 11  21  19  20  32   6  16  46  19  13  47   3  25  37   5  46  45  27  30  47   3  45   0  28   3  32  19   5   2  12   4  32  42   2  30   7  47  18  47  30  13  31  21  30  15  23  11  44  18  29 
  8  39   5  48  26  22   5  11  30  44  30   3   5   2   8  49  40  34  43  17  39  31  11   0  34  26   6  13   5  34  22   5   6   6   4  20  41  24   8  17  42  42   7  37   1  18  31  35  39  10 
  5  44  48   6  37  16  35  30  39  17  18   1  27  49  37  27  21  26  16  16  17   4   8  37   0  10  17   8   3  11  14  31  44  38  45  20  34  15  21  47  29  25   7  23   6  24  32  17  41  14 
 41   6  35  22  16  26  37  11  33  13  41  48  16  42  40  35   4  48   4   4  28  19  10  21  38   0  37  23  15  27  35  18   8  27  32  16  48   5  20  28  44   4  29  24  28  45  33   3  25  15 
 29  19   3  48  42  21  26  19  30   4  16  28  37   8  36  11  29  26   5  29   5  38   7  46  30  41   0   7  12  23  10  12  42  11  21   5  36  12  48  34  32   6  26  43   8  44   6   4  36  46 
 12  14  27   1  33  28  18  18   3  37  22  35  22  49  41  32  37  33  24  47  12  29  16   9  31  17  43   0  40  49  24  42   2  29  21   1  15  31  36  28  46  27  43  46  20  46  45  39   2  11 
 30  25  30  39   1  36  15   1  26  32  24   5  24   2   7   6  23  15   3   8   4   9  18  21  45  47  44  14   0  36  34  19   1  22  22   8  38  34  34  12  34  28  40  37  32  11  17  26   8  19 
  8  30  37  30   8  27  23  49  16  37   1   9  26  28   8  24  16  49  45  12  39  18   6   3   4  35   5  40  38   0  25  15  17  15  18  18  34  28   4  48  20  28  29  15  48  15  19  48  29  46 
 29   3  23  14  33  46  25  21  44   1  22  15  45  15  39  49   9  37  21  24  37  28  22  18  11  30  17  46  27  29   0  34  48  21  23  46  45  37  47  13  25  27  34  11   6   9  47   1  49  36 
 15  25  23  30  44  14   8  43  32   2  29  44  12  13  21  28  27  22   9  10  24  49  24  26  28  23  11   4  29  25  29   0   9  26   7  16   6  10  11   3   1  23   5   5  15  21  34  28   7  24 
 23  47   6   9  17  24  35  11  39  14  41   3  21  30  27  36  48  43  10  38  10  15  45  13  46   4  44  35  29   5  40  16   0  41  19  45  44  37  14  14  16  13   5  38  40  43   6  48  15  45 
 21  31  13  23  44  49  43  31  21  17  13  35  47  31  16  47  29  17  23  49  31  42  40  40  13   6  31   6  34  10  34  22  22   0   1  41  25  20  22  15  40  42  37  17   1   5   8  25  19  46 
  7   5  13  13  42  30  47  32  24   7  44  11  26  46  46   9  45   7  44  24  47  43  40  47  11  35  11  15   6  15  45   2  34  49   0  11  29  26   3  39  38  25  37   3  33  43  11  42  15  21 
 33  27   4  23   1  12  40  40  45   5  11  24  32   8   3  49  37  12  25  11  27   9   4  19   1   7  14  15  20  27  32  10  46  23  30   0   8  26  17  28  38  29  45  42  31   3  43  38  13  46 
 43  18  15   9  19  42  24  42   2  20  14  42  18  24  47  17  29  29  31   3  22  38  49  25  37  47  38   1  19  18   3  40  44   7  25   8   0  24   4   3  13  11  21  36  43  23  17  19  35   7 
  1  42  31  31  24  31   5  26  34  33  26   7  23  13   6  39  11  25  15  34  28  18  48  45  17  15  26   5  17  40   9   5   4  23  18  47   6   0  30  13  34  24  11  46  38   9  17  16   4  15 
 14  18  31  31  13  46  36  48   5   8  42  25  40  46  45  26  45  25  35   5  34  44  22  28  25  47  25  26  16   4  13  22   9   3  28  40  26  20   0   8  37  18  35  12   7  24  14  41  35  29 
 40  14  43  48   8  49  48  14  14  19  16  26  42  34  31  23  24  21  24  41  26  19   6  46  10   3   2  49  43  44  35  20  27  13  42   3  41  30  24   0  31   1  16  33  20   5  10  20  41  25 
 26   9  37  40  46  17  44  17   8  27  12  31   5  49  36  48  49   6  36  26   3  33  33  28  21  18  48   6  44  34   4  43   7  27   7  36  13  48  16  43   0   2  20  33  41  16  27  27  19  41 
 29  19  19  39  17   6  42   7  36  26  42  27  32  37  25  26  24  18  30  12   5   7  44  15  47  21   7  42  21  40  43  48  45  36  11  43  48  32  23  37  14   0  13  16  29  32   8  34  10  33 
 11  23  48  38  29  34  11  37  24  44  13  20  17  39   6  35  13  40  20  42  31   1   3  14   5  45  32   5  38  26   3  46  10  19   4  40   4  36  44  18  42  31   0  10  29  40   1  35  36  31 
 11  23  23   5  39  24  36  45  38  24  43  36  24  11  48  36  23  46   3  28  16  41  37  22  44  19  32   3  24  48  38  21  37   6  48  30   8   1   1  29  39   3  22   0  21  22  41  22  16   4 
 29  49  11  48  18  41  26  34  37  40  11  40  25  48   7  47  24  44  33  34  49  39  40  13  14  25   4   7  31  43  34  32   1  33   5  26  10   9   6   8  22  29  36  25   0   2  48  26  21  21 
  3  22   2   5  30  21  14   3  39  36  48  24  29  18   3  23  37  10  43   9  26  47  46  44  41  16  15   9  18  37   7  21  27  35   2  14  15  47  12  45  43   5  11  35  25   0  25  26  28  39 
 42  22  25  34  47  28  44  19  41  24  12   9  36  35  25  11  44  46  44  34  13  10  18  37   2   8  26  27  34  10  35  21  45  10  20  11  35   4  24  47  23  26  41  44  12  41   0  20  14  39 
 36  44  28  40   8  31  21  14  14  10   6  49  21  42  34  31  17  16  14  40   5  17  24  33  24  35  42  11   9  25  35  16  20   6  31  18  35   3   2  23   6  18  39  29   6  16  22   0  47  20 
 32  46   7   4  44  44  27  24  16  10  28  19  40  17  30   1  23  28  11   2  15   3  49   7  25  34   4  12  43   4  24  47  14  20  32  11  45   2  40  12   6  36  25  30  22  43  12  16   0  41 
 44  45   2  10  10  12  18  13  20  42   9  29  35  38   3  28   9   9  30  46  28  12  42  36  11  32  10  34  49  26  13  33  19  21  19  30  15  14  37  11  19  47  28   4  48  36  35  16  17   0 
M7
  0  15  33   8   4  33   9  26  17  17  31  41   2  26  31   8  24  25  29  27  22  49  30  36  36  34   2  43  10  15   9   4  33  11  26   9  28  33  32  10   4  45  22  13  26  20  24  10  27  16 
 15   0  42  47  27  36  23   7  48  12  36   2  44   8  43  13  33  31   5  42  19  10  35   8  40   6  16  29  14  37   1  39  42  13  41  42  22  32   4  21  20  35  19  24  21   9  14  34   8  11 
 37  39   0  29   8  40   6  25  41  20   6  16  11  37  44  14   4  43  13  43  45  35  47   5  24  35   8  48   4   7  25  16  10  42  10   8  44  13   4  19  27  21   4  26  24  33   2  27  18  25 
 24  24   4   0  23  48  40  20  16  15  13  13  40  30  28  11  28  10  20  23   4  19   5  26  24  12  19  11   3  21   3  25   6  19   7  20  14  45  26   7   2   3  32  49   8  33  22  41  46  43 
 19  47  21  20   0  13  40  28  20  17  32  10  10  25  23   9  37  26   4  13  38  47  12  30  15  32  48   6  29  49  19  16  34  27  38  12  37  18   4  45  33  11  25   8  35  21  33  23  14  36 
 31   4  47  27  17   0  40  22  44  16  13  14   1  43  31   1  17  24  29  45   3   8   2  15  41   5   9   1  37  48  28  48   5  10  48  21   1  10  11  26  42  37  43  48  28  25  15   8  17   5 
 47   7   6  27  25  32   0  12  48  12   4  47   6   5  40  45  35  47  34   9  44  35  15  35  36  40  42  31  27  24  34  37  25  21  28  38  11   3  25  47  21  43  38  32  38  15  16   7   8  32 
  5  21  21  37   6  35  14   0  16  30  33   2  40  30  13   5  36  44   2  49   7  44  44  34  48  32  42  44  31  37  43   1  38  36  21  49  21  41  18  17  32   5  11  49   3   8  12  46   4  14 
  6   6  16  44  38  47  32  44   0   8  39  46  28  38  25  49   1   6  40  37  40  13  23  34  32  24  47  30  14  15  36  38   4   1  18  42  31  16  29  26  32   9  49  20  14  26  44  38   5  22 
 19   9  17  40  29  26  33   2  31   0   4  34  14  43   3  34  45  19  26  35  24  40  48  20  29  11  31   1   3  47  10  45  43  33  36  17  27  25  33  19   8  45  45  39  14  37   3  15  42  35 
 27  15  48   7  48  44  47   7  46   7   0  19  39  29   1  42  30  26   6  30  33   5  36   2  20  20  32  32  45  21  39  28  33  10  37   5  25  20  31  37  48  12  34   6  24   7  33  40  40   9 
 37  25   8   7  43   7  33   2  39  44  35   0   2  16  23  24  12   4  18  24  27  20  33  23   6  26  23  25  47  38  23  17  39   9  44  30  39   5  19   9   4  26  47  49  37  49  43   5  17   8 
 29  10  31  40  43  47  34  36  45  34  16  16   0  29  10  37  22  20  38  10  27  27  42  45  33   9  23  10  21  34   9   1  41  23  48   7   8  13  47   8   1  45  20  35  24  27   4  12  12  29 
  3  18  29  10  12   8  17  35  34  13  20  12  15   0  30  20   6  28   7  18   4  11  27  42  32  37  17  45  41  41  44  26  33  37  29  49  28  27  43  29  28  42  28  33  22   7  30  22  31  12 
  8  20  44  25  30  47  13  19  10  21  30  41  30  37   0  29  16  34  12  14  32  40  39  14  13   1  24  44   7  17  34  49   9  18  23  15   2  43  35  18  33  21   3  21   2  10  45  31  30  43 
  3  37  14  38  17  38  24  32  11  36   1  13  31  19  38   0  40  41  20  49  42  34  38  15  48  22  18  23  29  23  19  31  13  47  32  42   3  43  25  44  28  38  43  13  49  19  48  47  45  28 
  6  42  26  34  20  22  34  23  47  37  39   2  15  28  14  16   0  31  23   1   1  17  46  23  12  22  12  27   7  13  47  38  24  22  27   3   9  13  21  15  22   1  22  20  11  41  29   9  21  35 
 40  20  48  29  48  17  39  17  24  45  17  14  33  29  13  44   5   0  13   6  44  12  15  33   1  25  19  36  33   4  10  21  34  32  41   2  20  24  13  40  47  36  46  36  40  45  23  16  30  47 
 35  37  10  43  11   7  41  33  29  13   9  45  13  39   3  28  46  40   0   2  47  39  37  27  19  11  40   8  17  39  42  24   6  45  10   1  38  16  14  35  49  44  10  48  29  23  43  40  12  18 
 14   7  24  32  10  21  34  21  44  11   3  10   9  35  43  35  42  49  26   0  39  11   4  12  22  31  28  39   4  15   2  34  22  37  36  33  39   4  37  40  38   7  38  45  23  22  19   8  34  48 
 19  33  24  25   9   5  25  25  43   6  30  26  11  22  14  36  23  37  15  19   0  44   8  40  21   5   2  44  31  29  27  26  49  37   7  43  46  29  23   4   8   2  25  31  46  29  25  31  19  47 
 36  17  36  46  37  32  49   5  26  26  24   7  15  13   7  11  36  10   8  39  20   0  11  32  26  34  41   4  15  29  43  17  12  30  44  21  34   8  35  15  19  30   7  41  14   3  12  42  20  40 
 11  21  19  20  32   6  16  46  19  13  47   3  25  37   5  46  45  27  30  47   3  45   0  28   3  32  19   5   2  12   4  32  42   2  30   7  47  18  47  30  13  31  21  30  15  23  11  44  18  29 
  8  39   5  48  26  22   5  11  30  44  30   3   5   2   8  49  40  34  43  17  39  31  11   0  34  26   6  13   5  34  22   5   6   6   4  20  41  24   8  17  42  42   7  37   1  18  31  35  39  10 
  5  44  48   6  37  16  35  30  39  17  18   1  27  49  37  27  21  26  16  16  17   4   8  37   0  10  17   8   3  11  14  31  44  38  45  20  34  15  21  47  29  25   7  23   6  24  32  17  41  14 
 41   6  35  22  16  26  37  11  33  13  41  48  16  42  40  35   4  48   4   4  28  19  10  21  38   0  37  23  15  27  35  18   8  27  32  16  48   5  20  28  44   4  29  24  28  45  33   3  25  15 
 29  19   3  48  42  21  26  19  30   4  16  28  37   8  36  11  29  26   5  29   5  38   7  46  30  41   0   7  12  23  10  12  42  11  21   5  36  12  48  34  32   6  26  43   8  44   6   4  36  46 
 12  14  27   1  33  28  18  18   3  37  22  35  22  49  41  32  37  33  24  47  12  29  16   9  31  17  43   0  40  49  24  42   2  29  21   1  15  31  36  28  46  27  43  46  20  46  45  39   2  11 
 30  25  30  39   1  36  15   1  26  32  24   5  24   2   7   6  23  15   3   8   4   9  18  21  45  47  44  14   0  36  34  19   1  22  22   8  38  34  34  12  34  28  40  37  32  11  17  26   8  19 
  8  30  37  30   8  27  23  49  16  37   1   9  26  28   8  24  16  49  45  12  39  18   6   3   4  35   5  40  38   0  25  15  17  15  18  18  34  28   4  48  20  28  29  15  48  15  19  48  29  46 
 29   3  23  14  33  46  25  21  44   1  22  15  45  15  39  49   9  37  21  24  37  28  22  18  11  30  17  46  27  29   0  34  48  21  23  46  45  37  47  13  25  27  34  11   6   9  47   1  49  36 
 15  25  23  30  44  14   8  43  32   2  29  44  12  13  21  28  27  22   9  10  24  49  24  26  28  23  11   4  29  25  29   0   9  26   7  16   6  10  11   3   1  23   5   5  15  21  34  28   7  24 
 23  47   6   9  17  24  35  11  39  14  41   3  21  30  27  36  48  43  10  38  10  15  45  13  46   4  44  35  29   5  40  16   0  41  19  45  44  37  14  14  16  13   5  38  40  43   6  48  15  45 
 21  31  13  23  44  49  43  31  21  17  13  35  47  31  16  47  29  17  23  49  31  42  40  40  13   6  31   6  34  10  34  22  22   0   1  41  25  20  22  15  40  42  37  17   1   5   8  25  19  46 
  7   5  13  13  42  30  47  32  24   7  44  11  26  46  46   9  45   7  44  24  47  43  40  47  11  35  11  15   6  15  45   2  34  49   0  11  29  26   3  39  38  25  37   3  33  43  11  42  15  21 
 33  27   4  23   1  12  40  40  45   5  11  24  32   8   3  49  37  12  25  11  27   9   4  19   1   7  14  15  20  27  32  10  46  23  30   0   8  26  17  28  38  29  45  42  31   3  43  38  13  46 
 43  18  15   9  19  42  24  42   2  20  14  42  18  24  47  17  29  29  31   3  22  38  49  25  37  47  38   1  19  18   3  40  44   7  25   8   0  24   4   3  13  11  21  36  43  23  17  19  35   7 
  1  42  31  31  24  31   5  26  34  33  26   7  23  13   6  39  11  25  15  34  28  18  48  45  17  15  26   5  17  40   9   5   4  23  18  47   6   0  30  13  34  24  11  46  38   9  17  16   4  15 
 14  18  31  31  13  46  36  48   5   8  42  25  40  46  45  26  45  25  35   5  34  44  22  28  25  47  25  26  16   4  13  22   9   3  28  40  26  20   0   8  37  18  35  12   7  24  14  41  35  29 
 40  14  43  48   8  49  48  14  14  19  16  26  42  34  31  23  24  21  24  41  26  19   6  46  10   3   2  49  43  44  35  20  27  13  42   3  41  30  24   0  31   1  16  33  20   5  10  20  41  25 
 26   9  37  40  46  17  44  17   8  27  12  31   5  49  36  48  49   6  36  26   3  33  33  28  21  18  48   6  44  34   4  43   7  27   7  36  13  48  16  43   0   2  20  33  41  16  27  27  19  41 
 29  19  19  39  17   6  42   7  36  26  42  27  32  37  25  26  24  18  30  12   5   7  44  15  47  21   7  42  21  40  43  48  45  36  11  43  48  32  23  37  14   0  13  16  29  32   8  34  10  33 
 11  23  48  38  29  34  11  37  24  44  13  20  17  39   6  35  13  40  20  42  31   1   3  14   5  45  32   5  38  26   3  46  10  19   4  40   4  36  44  18  42  31   0  10  29  40   1  35  36  31 
 11  23  23   5  39  24  36  45  38  24  43  36  24  11  48  36  23  46   3  28  16  41  37  22  44  19  32   3  24  48  38  21  37   6  48  30   8   1   1  29  39   3  22   0  21  22  41  22  16   4 
 29  49  11  48  18  41  26  34  37  40  11  40  25  48   7  47  24  44  33  34  49  39  40  13  14  25   4   7  31  43  34  32   1  33   5  26  10   9   6   8  22  29  36  25   0   2  48  26  21  21 
  3  22   2   5  30  21  14   3  39  36  48  24  29  18   3  23  37  10  43   9  26  47  46  44  41  16  15   9  18  37   7  21  27  35   2  14  15  47  12  45  43   5  11  35  25   0  25  26  28  39 
 42  22  25  34  47  28  44  19  41  24  12   9  36  35  25  11  44  46  44  34  13  10  18  37   2   8  26  27  34  10  35  21  45  10  20  11  35   4  24  47  23  26  41  44  12  41   0  20  14  39 
 36  44  28  40   8  31  21  14  14  10   6  49  21  42  34  31  17  16  14  40   5  17  24  33  24  35  42  11   9  25  35  16  20   6  31  18  35   3   2  23   6  18  39  29   6  16  22   0  47  20 
 32  46   7   4  44  44  27  24  16  10  28  19  40  17  30   1  23  28  11   2  15   3  49   7  25  34   4  12  43   4  24  47  14  20  32  11  45   2  40  12   6  36  25  30  22  43  12  16   0  41 
 44  45   2  10  10  12  18  13  20  42   9  29  35  38   3  28   9   9  30  46  28  12  42  36  11  32  10  34  49  26  13  33  19  21  19  30  15  14  37  11  19  47  28   4  48  36  35  16  17   0 
Reldue
 2515    9    8
  769    1    6
 1729    6    6
 1025    7    1
 1123    9    3
 2519    1    7
 1877    4    2
 2588    8    5
 2099    6    4
 1273    4    9
 1553    2    2
  852    4    2
 1781    8    9
 1920    7    3
 1547    6    2
 1303    2    3
 1836    8    3
 1280    8    9
 1021    1    8
 1825    9    5
  709    6    8
 1898    8    3
  754    8    1
 2359    1    4
 1432    6    3
  671    5    7
  576    7    3
 1271    9    5
 1174    1    7
 1488    6    2
  849    7    8
  999    4    3
 1578    7    4
 1669    6    3
 1914    6    1
 2625    6    4
 1839    1    2
 2270    7    9
 1559    5    8
  750    1    3
  711    1    5
 1145    9    7
 1257    6    4
 2141    1    5
 1062    6    6
 1215    9    4
  666    6    6
 1965    5    4
  787    7    1
 1499    7    2
DDW
 2382  2647
  716   821
 1566  1892
  967  1082
 1018  1229
 2356  2683
 1760  1994
 2380  2796
 1984  2214
 1193  1354
 1433  1673
  792   912
 1622  1940
 1740  2099
 1465  1630
 1234  1371
 1685  1987
 1199  1360
  937  1105
 1686  1965
  642   777
 1735  2062
  687   820
 2141  2577
 1346  1518
  636   707
  520   632
 1162  1380
 1061  1286
 1348  1628
  768   931
  920  1078
 1491  1664
 1567  1771
 1764  2063
 2431  2818
 1701  1977
 2097  2442
 1446  1672
  691   810
  649   773
 1045  1245
 1152  1363
 1980  2302
 1004  1121
 1099  1331
  631   702
 1831  2099
  714   859
 1396  1603
