20  10
MD
  4  5  5  4  3  4  2  5  5  5
PT
  4   5  59  63  37  25  59  63  77   5  27  75  18   1  54  97  45  36  13  25 
 18  55   6  40  18  32  40  10  47  70  86  14  27   9  57  56  68  88  13  34 
 78  94   5  48  44   5  94  13  27   1  14  29  90  28   4  46  12  43  53  75 
  4  87  32  29  65  53  38  42  38  73  74  20  97  54   5  92  99  41   3  73 
 52   8  32   6  35   9  69  51  98  36  26  56  72  90  64  16  87   5  43  10 
 34  17  26  95  42  36  86  24  18  75  83  62  86  77  67  10  74  74   1  93 
 84  82   8  23  75  10   8  27  48  16  64  19  46  61  69  89  46  64  77  85 
 69  80   8  96  58  29  39  76  35  19   7  13  58  72  25  22  17  46  73   5 
 95  66  88  63  91  91  44  54  66  39  33  92  90  66  47  91  34  50  72   9 
 13  25  37  21  47  78  93  61  17  81   7  36  72   4  72  41   5  14  32  47 
SSD
M0
  0  45  23  32   7  20  15  31  40  44  35   8  18  43  29  36  12  16  35  23 
 47   0  25  13   3  44  41   5  35  19  29  30  23  35   9   9   5  45   4  14 
 23  26   0   8  11  27   1  15  24  21  32  30  36  10   4  23  36  49  47  42 
 23  19  43   0   3  44  47  14  26  20  33  38   1  18  14  12   4  20  45  13 
 38  21  46  32   0  45   5  46   7   2  43  22  42  31  14  28  17  34   4  11 
  3  14  10  42  34   0  46  47  25  28  34  39  22  26  42  23  44  47  28  33 
 39  44  41  10  10  24   0  32   3  49  33  20   2  19  35  23  42   7  26  12 
 47   4  28  27  29  18  44   0  32   3  15  19  21   2  15  31  11  41   7  17 
 10  26  49  25  20  36  13  14   0  16  39  44  29  48   2  37   3   5  12  11 
 31  44  38  41  36   6   4  45  49   0  17  27  35   5  39  26   4  41  33  47 
  4   1  12  12  41  46  28  29   1  48   0  24  38  13  18  16  40  32  39  19 
 18  30  49  20  29  16  18  12  38  19  18   0  25  13  36  10  16  41  27  34 
  5  23  48   8  39  12  13  47  37  24  26  11   0  26  18  12  44  14  29  48 
 43   3  13  27  17  11  36  36  15  32  34  17  11   0  16  35  25  31  34  34 
 11  48  36  45   3  49  48  21   8  10  29  13  31  33   0  32  48  15  18   2 
 17  39  42  45  33  28  36  30   7  36   9  31  10  25  16   0  47  13   8  15 
 13  41  33  41  47  43  32  40  10   4  22  27  19  13  15  20   0   6  21  31 
 27  22  35  16  33  21  38  49   8  33  43   2   1   1  22  47  29   0  37  26 
 13  21  45   4  45  26  13  14  21  35  46   4  15  22  49  26  20  44   0  34 
 34  19  15  25  29  48  29  15  39  14  30  20  37   4  43  11  26  10  46   0 
M1
  0  45  23  32   7  20  15  31  40  44  35   8  18  43  29  36  12  16  35  23 
 47   0  25  13   3  44  41   5  35  19  29  30  23  35   9   9   5  45   4  14 
 23  26   0   8  11  27   1  15  24  21  32  30  36  10   4  23  36  49  47  42 
 23  19  43   0   3  44  47  14  26  20  33  38   1  18  14  12   4  20  45  13 
 38  21  46  32   0  45   5  46   7   2  43  22  42  31  14  28  17  34   4  11 
  3  14  10  42  34   0  46  47  25  28  34  39  22  26  42  23  44  47  28  33 
 39  44  41  10  10  24   0  32   3  49  33  20   2  19  35  23  42   7  26  12 
 47   4  28  27  29  18  44   0  32   3  15  19  21   2  15  31  11  41   7  17 
 10  26  49  25  20  36  13  14   0  16  39  44  29  48   2  37   3   5  12  11 
 31  44  38  41  36   6   4  45  49   0  17  27  35   5  39  26   4  41  33  47 
  4   1  12  12  41  46  28  29   1  48   0  24  38  13  18  16  40  32  39  19 
 18  30  49  20  29  16  18  12  38  19  18   0  25  13  36  10  16  41  27  34 
  5  23  48   8  39  12  13  47  37  24  26  11   0  26  18  12  44  14  29  48 
 43   3  13  27  17  11  36  36  15  32  34  17  11   0  16  35  25  31  34  34 
 11  48  36  45   3  49  48  21   8  10  29  13  31  33   0  32  48  15  18   2 
 17  39  42  45  33  28  36  30   7  36   9  31  10  25  16   0  47  13   8  15 
 13  41  33  41  47  43  32  40  10   4  22  27  19  13  15  20   0   6  21  31 
 27  22  35  16  33  21  38  49   8  33  43   2   1   1  22  47  29   0  37  26 
 13  21  45   4  45  26  13  14  21  35  46   4  15  22  49  26  20  44   0  34 
 34  19  15  25  29  48  29  15  39  14  30  20  37   4  43  11  26  10  46   0 
M2
  0  45  23  32   7  20  15  31  40  44  35   8  18  43  29  36  12  16  35  23 
 47   0  25  13   3  44  41   5  35  19  29  30  23  35   9   9   5  45   4  14 
 23  26   0   8  11  27   1  15  24  21  32  30  36  10   4  23  36  49  47  42 
 23  19  43   0   3  44  47  14  26  20  33  38   1  18  14  12   4  20  45  13 
 38  21  46  32   0  45   5  46   7   2  43  22  42  31  14  28  17  34   4  11 
  3  14  10  42  34   0  46  47  25  28  34  39  22  26  42  23  44  47  28  33 
 39  44  41  10  10  24   0  32   3  49  33  20   2  19  35  23  42   7  26  12 
 47   4  28  27  29  18  44   0  32   3  15  19  21   2  15  31  11  41   7  17 
 10  26  49  25  20  36  13  14   0  16  39  44  29  48   2  37   3   5  12  11 
 31  44  38  41  36   6   4  45  49   0  17  27  35   5  39  26   4  41  33  47 
  4   1  12  12  41  46  28  29   1  48   0  24  38  13  18  16  40  32  39  19 
 18  30  49  20  29  16  18  12  38  19  18   0  25  13  36  10  16  41  27  34 
  5  23  48   8  39  12  13  47  37  24  26  11   0  26  18  12  44  14  29  48 
 43   3  13  27  17  11  36  36  15  32  34  17  11   0  16  35  25  31  34  34 
 11  48  36  45   3  49  48  21   8  10  29  13  31  33   0  32  48  15  18   2 
 17  39  42  45  33  28  36  30   7  36   9  31  10  25  16   0  47  13   8  15 
 13  41  33  41  47  43  32  40  10   4  22  27  19  13  15  20   0   6  21  31 
 27  22  35  16  33  21  38  49   8  33  43   2   1   1  22  47  29   0  37  26 
 13  21  45   4  45  26  13  14  21  35  46   4  15  22  49  26  20  44   0  34 
 34  19  15  25  29  48  29  15  39  14  30  20  37   4  43  11  26  10  46   0 
M3
  0  45  23  32   7  20  15  31  40  44  35   8  18  43  29  36  12  16  35  23 
 47   0  25  13   3  44  41   5  35  19  29  30  23  35   9   9   5  45   4  14 
 23  26   0   8  11  27   1  15  24  21  32  30  36  10   4  23  36  49  47  42 
 23  19  43   0   3  44  47  14  26  20  33  38   1  18  14  12   4  20  45  13 
 38  21  46  32   0  45   5  46   7   2  43  22  42  31  14  28  17  34   4  11 
  3  14  10  42  34   0  46  47  25  28  34  39  22  26  42  23  44  47  28  33 
 39  44  41  10  10  24   0  32   3  49  33  20   2  19  35  23  42   7  26  12 
 47   4  28  27  29  18  44   0  32   3  15  19  21   2  15  31  11  41   7  17 
 10  26  49  25  20  36  13  14   0  16  39  44  29  48   2  37   3   5  12  11 
 31  44  38  41  36   6   4  45  49   0  17  27  35   5  39  26   4  41  33  47 
  4   1  12  12  41  46  28  29   1  48   0  24  38  13  18  16  40  32  39  19 
 18  30  49  20  29  16  18  12  38  19  18   0  25  13  36  10  16  41  27  34 
  5  23  48   8  39  12  13  47  37  24  26  11   0  26  18  12  44  14  29  48 
 43   3  13  27  17  11  36  36  15  32  34  17  11   0  16  35  25  31  34  34 
 11  48  36  45   3  49  48  21   8  10  29  13  31  33   0  32  48  15  18   2 
 17  39  42  45  33  28  36  30   7  36   9  31  10  25  16   0  47  13   8  15 
 13  41  33  41  47  43  32  40  10   4  22  27  19  13  15  20   0   6  21  31 
 27  22  35  16  33  21  38  49   8  33  43   2   1   1  22  47  29   0  37  26 
 13  21  45   4  45  26  13  14  21  35  46   4  15  22  49  26  20  44   0  34 
 34  19  15  25  29  48  29  15  39  14  30  20  37   4  43  11  26  10  46   0 
M4
  0  45  23  32   7  20  15  31  40  44  35   8  18  43  29  36  12  16  35  23 
 47   0  25  13   3  44  41   5  35  19  29  30  23  35   9   9   5  45   4  14 
 23  26   0   8  11  27   1  15  24  21  32  30  36  10   4  23  36  49  47  42 
 23  19  43   0   3  44  47  14  26  20  33  38   1  18  14  12   4  20  45  13 
 38  21  46  32   0  45   5  46   7   2  43  22  42  31  14  28  17  34   4  11 
  3  14  10  42  34   0  46  47  25  28  34  39  22  26  42  23  44  47  28  33 
 39  44  41  10  10  24   0  32   3  49  33  20   2  19  35  23  42   7  26  12 
 47   4  28  27  29  18  44   0  32   3  15  19  21   2  15  31  11  41   7  17 
 10  26  49  25  20  36  13  14   0  16  39  44  29  48   2  37   3   5  12  11 
 31  44  38  41  36   6   4  45  49   0  17  27  35   5  39  26   4  41  33  47 
  4   1  12  12  41  46  28  29   1  48   0  24  38  13  18  16  40  32  39  19 
 18  30  49  20  29  16  18  12  38  19  18   0  25  13  36  10  16  41  27  34 
  5  23  48   8  39  12  13  47  37  24  26  11   0  26  18  12  44  14  29  48 
 43   3  13  27  17  11  36  36  15  32  34  17  11   0  16  35  25  31  34  34 
 11  48  36  45   3  49  48  21   8  10  29  13  31  33   0  32  48  15  18   2 
 17  39  42  45  33  28  36  30   7  36   9  31  10  25  16   0  47  13   8  15 
 13  41  33  41  47  43  32  40  10   4  22  27  19  13  15  20   0   6  21  31 
 27  22  35  16  33  21  38  49   8  33  43   2   1   1  22  47  29   0  37  26 
 13  21  45   4  45  26  13  14  21  35  46   4  15  22  49  26  20  44   0  34 
 34  19  15  25  29  48  29  15  39  14  30  20  37   4  43  11  26  10  46   0 
M5
  0  45  23  32   7  20  15  31  40  44  35   8  18  43  29  36  12  16  35  23 
 47   0  25  13   3  44  41   5  35  19  29  30  23  35   9   9   5  45   4  14 
 23  26   0   8  11  27   1  15  24  21  32  30  36  10   4  23  36  49  47  42 
 23  19  43   0   3  44  47  14  26  20  33  38   1  18  14  12   4  20  45  13 
 38  21  46  32   0  45   5  46   7   2  43  22  42  31  14  28  17  34   4  11 
  3  14  10  42  34   0  46  47  25  28  34  39  22  26  42  23  44  47  28  33 
 39  44  41  10  10  24   0  32   3  49  33  20   2  19  35  23  42   7  26  12 
 47   4  28  27  29  18  44   0  32   3  15  19  21   2  15  31  11  41   7  17 
 10  26  49  25  20  36  13  14   0  16  39  44  29  48   2  37   3   5  12  11 
 31  44  38  41  36   6   4  45  49   0  17  27  35   5  39  26   4  41  33  47 
  4   1  12  12  41  46  28  29   1  48   0  24  38  13  18  16  40  32  39  19 
 18  30  49  20  29  16  18  12  38  19  18   0  25  13  36  10  16  41  27  34 
  5  23  48   8  39  12  13  47  37  24  26  11   0  26  18  12  44  14  29  48 
 43   3  13  27  17  11  36  36  15  32  34  17  11   0  16  35  25  31  34  34 
 11  48  36  45   3  49  48  21   8  10  29  13  31  33   0  32  48  15  18   2 
 17  39  42  45  33  28  36  30   7  36   9  31  10  25  16   0  47  13   8  15 
 13  41  33  41  47  43  32  40  10   4  22  27  19  13  15  20   0   6  21  31 
 27  22  35  16  33  21  38  49   8  33  43   2   1   1  22  47  29   0  37  26 
 13  21  45   4  45  26  13  14  21  35  46   4  15  22  49  26  20  44   0  34 
 34  19  15  25  29  48  29  15  39  14  30  20  37   4  43  11  26  10  46   0 
M6
  0  45  23  32   7  20  15  31  40  44  35   8  18  43  29  36  12  16  35  23 
 47   0  25  13   3  44  41   5  35  19  29  30  23  35   9   9   5  45   4  14 
 23  26   0   8  11  27   1  15  24  21  32  30  36  10   4  23  36  49  47  42 
 23  19  43   0   3  44  47  14  26  20  33  38   1  18  14  12   4  20  45  13 
 38  21  46  32   0  45   5  46   7   2  43  22  42  31  14  28  17  34   4  11 
  3  14  10  42  34   0  46  47  25  28  34  39  22  26  42  23  44  47  28  33 
 39  44  41  10  10  24   0  32   3  49  33  20   2  19  35  23  42   7  26  12 
 47   4  28  27  29  18  44   0  32   3  15  19  21   2  15  31  11  41   7  17 
 10  26  49  25  20  36  13  14   0  16  39  44  29  48   2  37   3   5  12  11 
 31  44  38  41  36   6   4  45  49   0  17  27  35   5  39  26   4  41  33  47 
  4   1  12  12  41  46  28  29   1  48   0  24  38  13  18  16  40  32  39  19 
 18  30  49  20  29  16  18  12  38  19  18   0  25  13  36  10  16  41  27  34 
  5  23  48   8  39  12  13  47  37  24  26  11   0  26  18  12  44  14  29  48 
 43   3  13  27  17  11  36  36  15  32  34  17  11   0  16  35  25  31  34  34 
 11  48  36  45   3  49  48  21   8  10  29  13  31  33   0  32  48  15  18   2 
 17  39  42  45  33  28  36  30   7  36   9  31  10  25  16   0  47  13   8  15 
 13  41  33  41  47  43  32  40  10   4  22  27  19  13  15  20   0   6  21  31 
 27  22  35  16  33  21  38  49   8  33  43   2   1   1  22  47  29   0  37  26 
 13  21  45   4  45  26  13  14  21  35  46   4  15  22  49  26  20  44   0  34 
 34  19  15  25  29  48  29  15  39  14  30  20  37   4  43  11  26  10  46   0 
M7
  0  45  23  32   7  20  15  31  40  44  35   8  18  43  29  36  12  16  35  23 
 47   0  25  13   3  44  41   5  35  19  29  30  23  35   9   9   5  45   4  14 
 23  26   0   8  11  27   1  15  24  21  32  30  36  10   4  23  36  49  47  42 
 23  19  43   0   3  44  47  14  26  20  33  38   1  18  14  12   4  20  45  13 
 38  21  46  32   0  45   5  46   7   2  43  22  42  31  14  28  17  34   4  11 
  3  14  10  42  34   0  46  47  25  28  34  39  22  26  42  23  44  47  28  33 
 39  44  41  10  10  24   0  32   3  49  33  20   2  19  35  23  42   7  26  12 
 47   4  28  27  29  18  44   0  32   3  15  19  21   2  15  31  11  41   7  17 
 10  26  49  25  20  36  13  14   0  16  39  44  29  48   2  37   3   5  12  11 
 31  44  38  41  36   6   4  45  49   0  17  27  35   5  39  26   4  41  33  47 
  4   1  12  12  41  46  28  29   1  48   0  24  38  13  18  16  40  32  39  19 
 18  30  49  20  29  16  18  12  38  19  18   0  25  13  36  10  16  41  27  34 
  5  23  48   8  39  12  13  47  37  24  26  11   0  26  18  12  44  14  29  48 
 43   3  13  27  17  11  36  36  15  32  34  17  11   0  16  35  25  31  34  34 
 11  48  36  45   3  49  48  21   8  10  29  13  31  33   0  32  48  15  18   2 
 17  39  42  45  33  28  36  30   7  36   9  31  10  25  16   0  47  13   8  15 
 13  41  33  41  47  43  32  40  10   4  22  27  19  13  15  20   0   6  21  31 
 27  22  35  16  33  21  38  49   8  33  43   2   1   1  22  47  29   0  37  26 
 13  21  45   4  45  26  13  14  21  35  46   4  15  22  49  26  20  44   0  34 
 34  19  15  25  29  48  29  15  39  14  30  20  37   4  43  11  26  10  46   0 
M8
  0  45  23  32   7  20  15  31  40  44  35   8  18  43  29  36  12  16  35  23 
 47   0  25  13   3  44  41   5  35  19  29  30  23  35   9   9   5  45   4  14 
 23  26   0   8  11  27   1  15  24  21  32  30  36  10   4  23  36  49  47  42 
 23  19  43   0   3  44  47  14  26  20  33  38   1  18  14  12   4  20  45  13 
 38  21  46  32   0  45   5  46   7   2  43  22  42  31  14  28  17  34   4  11 
  3  14  10  42  34   0  46  47  25  28  34  39  22  26  42  23  44  47  28  33 
 39  44  41  10  10  24   0  32   3  49  33  20   2  19  35  23  42   7  26  12 
 47   4  28  27  29  18  44   0  32   3  15  19  21   2  15  31  11  41   7  17 
 10  26  49  25  20  36  13  14   0  16  39  44  29  48   2  37   3   5  12  11 
 31  44  38  41  36   6   4  45  49   0  17  27  35   5  39  26   4  41  33  47 
  4   1  12  12  41  46  28  29   1  48   0  24  38  13  18  16  40  32  39  19 
 18  30  49  20  29  16  18  12  38  19  18   0  25  13  36  10  16  41  27  34 
  5  23  48   8  39  12  13  47  37  24  26  11   0  26  18  12  44  14  29  48 
 43   3  13  27  17  11  36  36  15  32  34  17  11   0  16  35  25  31  34  34 
 11  48  36  45   3  49  48  21   8  10  29  13  31  33   0  32  48  15  18   2 
 17  39  42  45  33  28  36  30   7  36   9  31  10  25  16   0  47  13   8  15 
 13  41  33  41  47  43  32  40  10   4  22  27  19  13  15  20   0   6  21  31 
 27  22  35  16  33  21  38  49   8  33  43   2   1   1  22  47  29   0  37  26 
 13  21  45   4  45  26  13  14  21  35  46   4  15  22  49  26  20  44   0  34 
 34  19  15  25  29  48  29  15  39  14  30  20  37   4  43  11  26  10  46   0 
M9
  0  45  23  32   7  20  15  31  40  44  35   8  18  43  29  36  12  16  35  23 
 47   0  25  13   3  44  41   5  35  19  29  30  23  35   9   9   5  45   4  14 
 23  26   0   8  11  27   1  15  24  21  32  30  36  10   4  23  36  49  47  42 
 23  19  43   0   3  44  47  14  26  20  33  38   1  18  14  12   4  20  45  13 
 38  21  46  32   0  45   5  46   7   2  43  22  42  31  14  28  17  34   4  11 
  3  14  10  42  34   0  46  47  25  28  34  39  22  26  42  23  44  47  28  33 
 39  44  41  10  10  24   0  32   3  49  33  20   2  19  35  23  42   7  26  12 
 47   4  28  27  29  18  44   0  32   3  15  19  21   2  15  31  11  41   7  17 
 10  26  49  25  20  36  13  14   0  16  39  44  29  48   2  37   3   5  12  11 
 31  44  38  41  36   6   4  45  49   0  17  27  35   5  39  26   4  41  33  47 
  4   1  12  12  41  46  28  29   1  48   0  24  38  13  18  16  40  32  39  19 
 18  30  49  20  29  16  18  12  38  19  18   0  25  13  36  10  16  41  27  34 
  5  23  48   8  39  12  13  47  37  24  26  11   0  26  18  12  44  14  29  48 
 43   3  13  27  17  11  36  36  15  32  34  17  11   0  16  35  25  31  34  34 
 11  48  36  45   3  49  48  21   8  10  29  13  31  33   0  32  48  15  18   2 
 17  39  42  45  33  28  36  30   7  36   9  31  10  25  16   0  47  13   8  15 
 13  41  33  41  47  43  32  40  10   4  22  27  19  13  15  20   0   6  21  31 
 27  22  35  16  33  21  38  49   8  33  43   2   1   1  22  47  29   0  37  26 
 13  21  45   4  45  26  13  14  21  35  46   4  15  22  49  26  20  44   0  34 
 34  19  15  25  29  48  29  15  39  14  30  20  37   4  43  11  26  10  46   0 
Reldue
  994    5    9
 2149    2    5
  773    7    8
 2042    1    1
 2592    7    7
 1428    8    2
 1249    4    4
 1648    2    6
  984    4    7
 1379    6    8
 1905    1    7
 1147    9    6
 2316    4    8
  722    9    5
  969    2    9
  833    2    1
 2524    1    4
 1978    5    5
  994    5    2
 1353    3    5
DDW
  927  1062
 2004  2294
  700   845
 1924  2159
 2350  2834
 1345  1510
 1146  1352
 1534  1761
  932  1036
 1306  1453
 1803  2007
 1060  1234
 2178  2453
  675   770
  889  1048
  778   888
 2379  2669
 1802  2154
  936  1053
 1284  1421
