20   8
MD
  3  2  5  4  2  4  5  5
PT
 13  34  56  20  38  98  14  45  24  59   2  83   5  86  90  96  25  74  84  30 
 96   8  52  28  58  75  45  44  45  25  93  69  56  41  61  62  46  58  89  52 
 91  50  56  30  51  39   6   7  61  63  30   7  43  57  44  49  95  22  25  42 
 61  55  60  58  21  66  64  82  96  51  51  30  40  92  91  23  65  16  45  39 
 34  27  69  14  55  56  71  71  50  59  14  79  80  90  23  73  77  66  57  11 
 87  24  49  44  90  85  77  77  10  71  43  66  92  18  48  20  25  29  33  44 
 10  38  34  52  45  77  63  18  11  23  64  89  44  86  78  38  54  45  42  12 
 89  31  51  28   5  33  76  25  11  83  85  98  78  68  77  88  37  64  86  42 
SSD
M0
  0   1   9  42  34   2  18   7  43   5  20  37  13  19  15  18  13  36  38  10 
 11   0   6  29  48  17  42  18  41   3   4  35  10  49  42  11  21   9  39  28 
 48  23   0  17  18  19  15  48  30  36  18  42  46  45  43   1  26  49  15  11 
 16  15   6   0  48  43  28  14  49  12  32  23   2  42  39  36  37   7  47  16 
 36  25  48  49   0  48  49  46   6  40  26  11  32  22  16   5  49  29  36  33 
 32  34  43   6   8   0  29  41  42  47  35  18  25   7  45  23  44   4  43  33 
 43   5  35  29   3  23   0  33  17  19  38  24  27   4  38  18  27  27   3  42 
 32  19  43  18  47  27   5   0   6  35  30  41  46   9   7  34  46  18  44  27 
 12   8  19   5  12  19  47  10   0  16  48  29  26  12  22  25  35   9   7   8 
 18  16  21  39  16  30   4  10  25   0  10  19  19  25  31  27  22  15  25  43 
 40  32  36  21  43  22  15   3  27   4   0  40  25  30  48  39  20  44  25  13 
 10  12  46  25   3  24  45  17  17  42  30   0  37  33  29   5  27  10  26  48 
 31  44  22  27  11   8  22  40  46  14  18  24   0  30   3  31   4   3   9  46 
 20  20   2  30  21  14  48  16  49   3  36  17  44   0  14   1  43  14  42  39 
  5   3  26  18  25  33  33  32  13  22   6  24  13  43   0  18  26  29  37  14 
 15  35  28  19  45  15   7  36  20  12  27  16  20   5  31   0  28  42  20  17 
 31  28  28  28  19  37  35  37  35  49   4  19  15  46  22  47   0  34  41  41 
  5   5  42  44  32  21  23  42  11  38  45  38  17  46  16  42   8   0  34  41 
 34  46   7  45   2  40  25  41  18  23  38  23   8  23  34  29   8  16   0  24 
 24  37   7  10  17   4  24  40  49  23  43  42  34  24   9  23  13   8   8   0 
M1
  0   1   9  42  34   2  18   7  43   5  20  37  13  19  15  18  13  36  38  10 
 11   0   6  29  48  17  42  18  41   3   4  35  10  49  42  11  21   9  39  28 
 48  23   0  17  18  19  15  48  30  36  18  42  46  45  43   1  26  49  15  11 
 16  15   6   0  48  43  28  14  49  12  32  23   2  42  39  36  37   7  47  16 
 36  25  48  49   0  48  49  46   6  40  26  11  32  22  16   5  49  29  36  33 
 32  34  43   6   8   0  29  41  42  47  35  18  25   7  45  23  44   4  43  33 
 43   5  35  29   3  23   0  33  17  19  38  24  27   4  38  18  27  27   3  42 
 32  19  43  18  47  27   5   0   6  35  30  41  46   9   7  34  46  18  44  27 
 12   8  19   5  12  19  47  10   0  16  48  29  26  12  22  25  35   9   7   8 
 18  16  21  39  16  30   4  10  25   0  10  19  19  25  31  27  22  15  25  43 
 40  32  36  21  43  22  15   3  27   4   0  40  25  30  48  39  20  44  25  13 
 10  12  46  25   3  24  45  17  17  42  30   0  37  33  29   5  27  10  26  48 
 31  44  22  27  11   8  22  40  46  14  18  24   0  30   3  31   4   3   9  46 
 20  20   2  30  21  14  48  16  49   3  36  17  44   0  14   1  43  14  42  39 
  5   3  26  18  25  33  33  32  13  22   6  24  13  43   0  18  26  29  37  14 
 15  35  28  19  45  15   7  36  20  12  27  16  20   5  31   0  28  42  20  17 
 31  28  28  28  19  37  35  37  35  49   4  19  15  46  22  47   0  34  41  41 
  5   5  42  44  32  21  23  42  11  38  45  38  17  46  16  42   8   0  34  41 
 34  46   7  45   2  40  25  41  18  23  38  23   8  23  34  29   8  16   0  24 
 24  37   7  10  17   4  24  40  49  23  43  42  34  24   9  23  13   8   8   0 
M2
  0   1   9  42  34   2  18   7  43   5  20  37  13  19  15  18  13  36  38  10 
 11   0   6  29  48  17  42  18  41   3   4  35  10  49  42  11  21   9  39  28 
 48  23   0  17  18  19  15  48  30  36  18  42  46  45  43   1  26  49  15  11 
 16  15   6   0  48  43  28  14  49  12  32  23   2  42  39  36  37   7  47  16 
 36  25  48  49   0  48  49  46   6  40  26  11  32  22  16   5  49  29  36  33 
 32  34  43   6   8   0  29  41  42  47  35  18  25   7  45  23  44   4  43  33 
 43   5  35  29   3  23   0  33  17  19  38  24  27   4  38  18  27  27   3  42 
 32  19  43  18  47  27   5   0   6  35  30  41  46   9   7  34  46  18  44  27 
 12   8  19   5  12  19  47  10   0  16  48  29  26  12  22  25  35   9   7   8 
 18  16  21  39  16  30   4  10  25   0  10  19  19  25  31  27  22  15  25  43 
 40  32  36  21  43  22  15   3  27   4   0  40  25  30  48  39  20  44  25  13 
 10  12  46  25   3  24  45  17  17  42  30   0  37  33  29   5  27  10  26  48 
 31  44  22  27  11   8  22  40  46  14  18  24   0  30   3  31   4   3   9  46 
 20  20   2  30  21  14  48  16  49   3  36  17  44   0  14   1  43  14  42  39 
  5   3  26  18  25  33  33  32  13  22   6  24  13  43   0  18  26  29  37  14 
 15  35  28  19  45  15   7  36  20  12  27  16  20   5  31   0  28  42  20  17 
 31  28  28  28  19  37  35  37  35  49   4  19  15  46  22  47   0  34  41  41 
  5   5  42  44  32  21  23  42  11  38  45  38  17  46  16  42   8   0  34  41 
 34  46   7  45   2  40  25  41  18  23  38  23   8  23  34  29   8  16   0  24 
 24  37   7  10  17   4  24  40  49  23  43  42  34  24   9  23  13   8   8   0 
M3
  0   1   9  42  34   2  18   7  43   5  20  37  13  19  15  18  13  36  38  10 
 11   0   6  29  48  17  42  18  41   3   4  35  10  49  42  11  21   9  39  28 
 48  23   0  17  18  19  15  48  30  36  18  42  46  45  43   1  26  49  15  11 
 16  15   6   0  48  43  28  14  49  12  32  23   2  42  39  36  37   7  47  16 
 36  25  48  49   0  48  49  46   6  40  26  11  32  22  16   5  49  29  36  33 
 32  34  43   6   8   0  29  41  42  47  35  18  25   7  45  23  44   4  43  33 
 43   5  35  29   3  23   0  33  17  19  38  24  27   4  38  18  27  27   3  42 
 32  19  43  18  47  27   5   0   6  35  30  41  46   9   7  34  46  18  44  27 
 12   8  19   5  12  19  47  10   0  16  48  29  26  12  22  25  35   9   7   8 
 18  16  21  39  16  30   4  10  25   0  10  19  19  25  31  27  22  15  25  43 
 40  32  36  21  43  22  15   3  27   4   0  40  25  30  48  39  20  44  25  13 
 10  12  46  25   3  24  45  17  17  42  30   0  37  33  29   5  27  10  26  48 
 31  44  22  27  11   8  22  40  46  14  18  24   0  30   3  31   4   3   9  46 
 20  20   2  30  21  14  48  16  49   3  36  17  44   0  14   1  43  14  42  39 
  5   3  26  18  25  33  33  32  13  22   6  24  13  43   0  18  26  29  37  14 
 15  35  28  19  45  15   7  36  20  12  27  16  20   5  31   0  28  42  20  17 
 31  28  28  28  19  37  35  37  35  49   4  19  15  46  22  47   0  34  41  41 
  5   5  42  44  32  21  23  42  11  38  45  38  17  46  16  42   8   0  34  41 
 34  46   7  45   2  40  25  41  18  23  38  23   8  23  34  29   8  16   0  24 
 24  37   7  10  17   4  24  40  49  23  43  42  34  24   9  23  13   8   8   0 
M4
  0   1   9  42  34   2  18   7  43   5  20  37  13  19  15  18  13  36  38  10 
 11   0   6  29  48  17  42  18  41   3   4  35  10  49  42  11  21   9  39  28 
 48  23   0  17  18  19  15  48  30  36  18  42  46  45  43   1  26  49  15  11 
 16  15   6   0  48  43  28  14  49  12  32  23   2  42  39  36  37   7  47  16 
 36  25  48  49   0  48  49  46   6  40  26  11  32  22  16   5  49  29  36  33 
 32  34  43   6   8   0  29  41  42  47  35  18  25   7  45  23  44   4  43  33 
 43   5  35  29   3  23   0  33  17  19  38  24  27   4  38  18  27  27   3  42 
 32  19  43  18  47  27   5   0   6  35  30  41  46   9   7  34  46  18  44  27 
 12   8  19   5  12  19  47  10   0  16  48  29  26  12  22  25  35   9   7   8 
 18  16  21  39  16  30   4  10  25   0  10  19  19  25  31  27  22  15  25  43 
 40  32  36  21  43  22  15   3  27   4   0  40  25  30  48  39  20  44  25  13 
 10  12  46  25   3  24  45  17  17  42  30   0  37  33  29   5  27  10  26  48 
 31  44  22  27  11   8  22  40  46  14  18  24   0  30   3  31   4   3   9  46 
 20  20   2  30  21  14  48  16  49   3  36  17  44   0  14   1  43  14  42  39 
  5   3  26  18  25  33  33  32  13  22   6  24  13  43   0  18  26  29  37  14 
 15  35  28  19  45  15   7  36  20  12  27  16  20   5  31   0  28  42  20  17 
 31  28  28  28  19  37  35  37  35  49   4  19  15  46  22  47   0  34  41  41 
  5   5  42  44  32  21  23  42  11  38  45  38  17  46  16  42   8   0  34  41 
 34  46   7  45   2  40  25  41  18  23  38  23   8  23  34  29   8  16   0  24 
 24  37   7  10  17   4  24  40  49  23  43  42  34  24   9  23  13   8   8   0 
M5
  0   1   9  42  34   2  18   7  43   5  20  37  13  19  15  18  13  36  38  10 
 11   0   6  29  48  17  42  18  41   3   4  35  10  49  42  11  21   9  39  28 
 48  23   0  17  18  19  15  48  30  36  18  42  46  45  43   1  26  49  15  11 
 16  15   6   0  48  43  28  14  49  12  32  23   2  42  39  36  37   7  47  16 
 36  25  48  49   0  48  49  46   6  40  26  11  32  22  16   5  49  29  36  33 
 32  34  43   6   8   0  29  41  42  47  35  18  25   7  45  23  44   4  43  33 
 43   5  35  29   3  23   0  33  17  19  38  24  27   4  38  18  27  27   3  42 
 32  19  43  18  47  27   5   0   6  35  30  41  46   9   7  34  46  18  44  27 
 12   8  19   5  12  19  47  10   0  16  48  29  26  12  22  25  35   9   7   8 
 18  16  21  39  16  30   4  10  25   0  10  19  19  25  31  27  22  15  25  43 
 40  32  36  21  43  22  15   3  27   4   0  40  25  30  48  39  20  44  25  13 
 10  12  46  25   3  24  45  17  17  42  30   0  37  33  29   5  27  10  26  48 
 31  44  22  27  11   8  22  40  46  14  18  24   0  30   3  31   4   3   9  46 
 20  20   2  30  21  14  48  16  49   3  36  17  44   0  14   1  43  14  42  39 
  5   3  26  18  25  33  33  32  13  22   6  24  13  43   0  18  26  29  37  14 
 15  35  28  19  45  15   7  36  20  12  27  16  20   5  31   0  28  42  20  17 
 31  28  28  28  19  37  35  37  35  49   4  19  15  46  22  47   0  34  41  41 
  5   5  42  44  32  21  23  42  11  38  45  38  17  46  16  42   8   0  34  41 
 34  46   7  45   2  40  25  41  18  23  38  23   8  23  34  29   8  16   0  24 
 24  37   7  10  17   4  24  40  49  23  43  42  34  24   9  23  13   8   8   0 
M6
  0   1   9  42  34   2  18   7  43   5  20  37  13  19  15  18  13  36  38  10 
 11   0   6  29  48  17  42  18  41   3   4  35  10  49  42  11  21   9  39  28 
 48  23   0  17  18  19  15  48  30  36  18  42  46  45  43   1  26  49  15  11 
 16  15   6   0  48  43  28  14  49  12  32  23   2  42  39  36  37   7  47  16 
 36  25  48  49   0  48  49  46   6  40  26  11  32  22  16   5  49  29  36  33 
 32  34  43   6   8   0  29  41  42  47  35  18  25   7  45  23  44   4  43  33 
 43   5  35  29   3  23   0  33  17  19  38  24  27   4  38  18  27  27   3  42 
 32  19  43  18  47  27   5   0   6  35  30  41  46   9   7  34  46  18  44  27 
 12   8  19   5  12  19  47  10   0  16  48  29  26  12  22  25  35   9   7   8 
 18  16  21  39  16  30   4  10  25   0  10  19  19  25  31  27  22  15  25  43 
 40  32  36  21  43  22  15   3  27   4   0  40  25  30  48  39  20  44  25  13 
 10  12  46  25   3  24  45  17  17  42  30   0  37  33  29   5  27  10  26  48 
 31  44  22  27  11   8  22  40  46  14  18  24   0  30   3  31   4   3   9  46 
 20  20   2  30  21  14  48  16  49   3  36  17  44   0  14   1  43  14  42  39 
  5   3  26  18  25  33  33  32  13  22   6  24  13  43   0  18  26  29  37  14 
 15  35  28  19  45  15   7  36  20  12  27  16  20   5  31   0  28  42  20  17 
 31  28  28  28  19  37  35  37  35  49   4  19  15  46  22  47   0  34  41  41 
  5   5  42  44  32  21  23  42  11  38  45  38  17  46  16  42   8   0  34  41 
 34  46   7  45   2  40  25  41  18  23  38  23   8  23  34  29   8  16   0  24 
 24  37   7  10  17   4  24  40  49  23  43  42  34  24   9  23  13   8   8   0 
M7
  0   1   9  42  34   2  18   7  43   5  20  37  13  19  15  18  13  36  38  10 
 11   0   6  29  48  17  42  18  41   3   4  35  10  49  42  11  21   9  39  28 
 48  23   0  17  18  19  15  48  30  36  18  42  46  45  43   1  26  49  15  11 
 16  15   6   0  48  43  28  14  49  12  32  23   2  42  39  36  37   7  47  16 
 36  25  48  49   0  48  49  46   6  40  26  11  32  22  16   5  49  29  36  33 
 32  34  43   6   8   0  29  41  42  47  35  18  25   7  45  23  44   4  43  33 
 43   5  35  29   3  23   0  33  17  19  38  24  27   4  38  18  27  27   3  42 
 32  19  43  18  47  27   5   0   6  35  30  41  46   9   7  34  46  18  44  27 
 12   8  19   5  12  19  47  10   0  16  48  29  26  12  22  25  35   9   7   8 
 18  16  21  39  16  30   4  10  25   0  10  19  19  25  31  27  22  15  25  43 
 40  32  36  21  43  22  15   3  27   4   0  40  25  30  48  39  20  44  25  13 
 10  12  46  25   3  24  45  17  17  42  30   0  37  33  29   5  27  10  26  48 
 31  44  22  27  11   8  22  40  46  14  18  24   0  30   3  31   4   3   9  46 
 20  20   2  30  21  14  48  16  49   3  36  17  44   0  14   1  43  14  42  39 
  5   3  26  18  25  33  33  32  13  22   6  24  13  43   0  18  26  29  37  14 
 15  35  28  19  45  15   7  36  20  12  27  16  20   5  31   0  28  42  20  17 
 31  28  28  28  19  37  35  37  35  49   4  19  15  46  22  47   0  34  41  41 
  5   5  42  44  32  21  23  42  11  38  45  38  17  46  16  42   8   0  34  41 
 34  46   7  45   2  40  25  41  18  23  38  23   8  23  34  29   8  16   0  24 
 24  37   7  10  17   4  24  40  49  23  43  42  34  24   9  23  13   8   8   0 
Reldue
 1434    3    9
  733    9    4
 2381    2    3
 1344    5    9
 1002    1    1
 2414    3    7
 2282    8    6
 1532    3    1
  621    3    6
 1147    2    4
 1407    3    6
 1948    4    9
 1494    5    6
 2624    4    5
 1643    4    4
 2315    8    8
  719    8    4
 1489    8    6
 1246    5    2
 1571    8    2
DDW
 1332  1535
  694   772
 2209  2553
 1209  1478
  905  1099
 2180  2649
 2100  2464
 1449  1615
  585   656
 1081  1212
 1266  1547
 1754  2141
 1395  1593
 2437  2811
 1513  1773
 2085  2546
  654   783
 1392  1585
 1149  1343
 1440  1702
