20   8
MD
  4  4  3  4  5  4  3  4
PT
 42  88  67  69  97   3  14  79  40  31  17  49  12   6  91  69  20  17  16  88 
 59  44  13   9  35  34  59  22   4  99  99  92  54  48  72  70  39  26  31  45 
 66  76  11   5  62  77  48  76  60  94  91  67  21  11  88  98  68  33  70  29 
 76  93  10  72  84  94  42  98  14  51  40  41  25  28  83  12  13  93  47  22 
 90  55  26  25  74   7  29  38  86  17  91  56  26   3  10   6  81  93  29  27 
 90  27  82  84  85  52  23  27  36  24  84  41  39  50  65  52  42  44  47   7 
 66  72  15  60  92  37  82  59  84  67   8  17  80  63  36  16  52  73  89  87 
 40  78  53  22  63  75  35  15  99   4  74   2  12  49  58  54  58  30  91  76 
SSD
M0
  0  40  16  39  44  21   2   1  41  48  10  11  40  32   3  11  27   7   9   7 
 33   0   2  37  15   4  18   1  44  20   1   8  43  49  30  23  19  22  20   6 
 18  23   0  14  26   1  11  29   5  30  20  35  27  17  40  24  21  26  40  18 
 42  23  18   0   4  44  43   9   7  30  35  41  30  32  37  38  19  21  28   8 
 17  13   9  40   0  15  10  26  26  41  40  15  28   9  20  17  31  34  40  46 
 40  37  44  36   7   0  48  13  47  16  28   2   7  14  39   8  22   5  41  18 
 36  47  35  34   1  10   0   3  43   5  30  31  47  14  38  31   7  15  14  13 
 11   4  39  18  42  37  13   0  47  36  12  47  43  23   7  49  46  48  22  49 
 13  39  45  24  20  11   4  14   0  15  49  20  48   2   9  30  28  20  24  36 
 44  38  47  39  19  14  11  39  45   0  35  15  14  41  10  32  45  13  20  27 
 46  36  17  43  17  21  42  26  20  13   0   5   7  42  41  30   7  34   2  13 
 26  29  15   8  11  29  42  47  28   8  24   0   4  37  13  37  38  46   3   7 
 31  21  18  18  30  48  32  49   8  49  19   4   0  15   5   3  21  16   9   2 
  6  48  12  37  18   7  40  42  34  20  23  32  17   0   4  35  32  32  32  17 
 18  45  24  10  11  27  48  19  35   9  30  21   2  39   0  15   6  22  11  31 
  1  30   8  45   5  18   2  23  19  11  46   5  46  38   3   0  45   3  19  29 
 19  10  28  15  47  28  28  21  39   9  36  32  45  38  16  42   0  32  48   6 
 20  45   7  14  21   4  37  20  19  28   2  32  39  33  40  42  33   0  38  18 
 46  41  40  11  44  45   4  49   8  26   6  38   8  38  43  44  42  23   0  42 
  1  44  38  38  32  43   6  46  13  46  13  47   7  27  17  24  37  42  25   0 
M1
  0  40  16  39  44  21   2   1  41  48  10  11  40  32   3  11  27   7   9   7 
 33   0   2  37  15   4  18   1  44  20   1   8  43  49  30  23  19  22  20   6 
 18  23   0  14  26   1  11  29   5  30  20  35  27  17  40  24  21  26  40  18 
 42  23  18   0   4  44  43   9   7  30  35  41  30  32  37  38  19  21  28   8 
 17  13   9  40   0  15  10  26  26  41  40  15  28   9  20  17  31  34  40  46 
 40  37  44  36   7   0  48  13  47  16  28   2   7  14  39   8  22   5  41  18 
 36  47  35  34   1  10   0   3  43   5  30  31  47  14  38  31   7  15  14  13 
 11   4  39  18  42  37  13   0  47  36  12  47  43  23   7  49  46  48  22  49 
 13  39  45  24  20  11   4  14   0  15  49  20  48   2   9  30  28  20  24  36 
 44  38  47  39  19  14  11  39  45   0  35  15  14  41  10  32  45  13  20  27 
 46  36  17  43  17  21  42  26  20  13   0   5   7  42  41  30   7  34   2  13 
 26  29  15   8  11  29  42  47  28   8  24   0   4  37  13  37  38  46   3   7 
 31  21  18  18  30  48  32  49   8  49  19   4   0  15   5   3  21  16   9   2 
  6  48  12  37  18   7  40  42  34  20  23  32  17   0   4  35  32  32  32  17 
 18  45  24  10  11  27  48  19  35   9  30  21   2  39   0  15   6  22  11  31 
  1  30   8  45   5  18   2  23  19  11  46   5  46  38   3   0  45   3  19  29 
 19  10  28  15  47  28  28  21  39   9  36  32  45  38  16  42   0  32  48   6 
 20  45   7  14  21   4  37  20  19  28   2  32  39  33  40  42  33   0  38  18 
 46  41  40  11  44  45   4  49   8  26   6  38   8  38  43  44  42  23   0  42 
  1  44  38  38  32  43   6  46  13  46  13  47   7  27  17  24  37  42  25   0 
M2
  0  40  16  39  44  21   2   1  41  48  10  11  40  32   3  11  27   7   9   7 
 33   0   2  37  15   4  18   1  44  20   1   8  43  49  30  23  19  22  20   6 
 18  23   0  14  26   1  11  29   5  30  20  35  27  17  40  24  21  26  40  18 
 42  23  18   0   4  44  43   9   7  30  35  41  30  32  37  38  19  21  28   8 
 17  13   9  40   0  15  10  26  26  41  40  15  28   9  20  17  31  34  40  46 
 40  37  44  36   7   0  48  13  47  16  28   2   7  14  39   8  22   5  41  18 
 36  47  35  34   1  10   0   3  43   5  30  31  47  14  38  31   7  15  14  13 
 11   4  39  18  42  37  13   0  47  36  12  47  43  23   7  49  46  48  22  49 
 13  39  45  24  20  11   4  14   0  15  49  20  48   2   9  30  28  20  24  36 
 44  38  47  39  19  14  11  39  45   0  35  15  14  41  10  32  45  13  20  27 
 46  36  17  43  17  21  42  26  20  13   0   5   7  42  41  30   7  34   2  13 
 26  29  15   8  11  29  42  47  28   8  24   0   4  37  13  37  38  46   3   7 
 31  21  18  18  30  48  32  49   8  49  19   4   0  15   5   3  21  16   9   2 
  6  48  12  37  18   7  40  42  34  20  23  32  17   0   4  35  32  32  32  17 
 18  45  24  10  11  27  48  19  35   9  30  21   2  39   0  15   6  22  11  31 
  1  30   8  45   5  18   2  23  19  11  46   5  46  38   3   0  45   3  19  29 
 19  10  28  15  47  28  28  21  39   9  36  32  45  38  16  42   0  32  48   6 
 20  45   7  14  21   4  37  20  19  28   2  32  39  33  40  42  33   0  38  18 
 46  41  40  11  44  45   4  49   8  26   6  38   8  38  43  44  42  23   0  42 
  1  44  38  38  32  43   6  46  13  46  13  47   7  27  17  24  37  42  25   0 
M3
  0  40  16  39  44  21   2   1  41  48  10  11  40  32   3  11  27   7   9   7 
 33   0   2  37  15   4  18   1  44  20   1   8  43  49  30  23  19  22  20   6 
 18  23   0  14  26   1  11  29   5  30  20  35  27  17  40  24  21  26  40  18 
 42  23  18   0   4  44  43   9   7  30  35  41  30  32  37  38  19  21  28   8 
 17  13   9  40   0  15  10  26  26  41  40  15  28   9  20  17  31  34  40  46 
 40  37  44  36   7   0  48  13  47  16  28   2   7  14  39   8  22   5  41  18 
 36  47  35  34   1  10   0   3  43   5  30  31  47  14  38  31   7  15  14  13 
 11   4  39  18  42  37  13   0  47  36  12  47  43  23   7  49  46  48  22  49 
 13  39  45  24  20  11   4  14   0  15  49  20  48   2   9  30  28  20  24  36 
 44  38  47  39  19  14  11  39  45   0  35  15  14  41  10  32  45  13  20  27 
 46  36  17  43  17  21  42  26  20  13   0   5   7  42  41  30   7  34   2  13 
 26  29  15   8  11  29  42  47  28   8  24   0   4  37  13  37  38  46   3   7 
 31  21  18  18  30  48  32  49   8  49  19   4   0  15   5   3  21  16   9   2 
  6  48  12  37  18   7  40  42  34  20  23  32  17   0   4  35  32  32  32  17 
 18  45  24  10  11  27  48  19  35   9  30  21   2  39   0  15   6  22  11  31 
  1  30   8  45   5  18   2  23  19  11  46   5  46  38   3   0  45   3  19  29 
 19  10  28  15  47  28  28  21  39   9  36  32  45  38  16  42   0  32  48   6 
 20  45   7  14  21   4  37  20  19  28   2  32  39  33  40  42  33   0  38  18 
 46  41  40  11  44  45   4  49   8  26   6  38   8  38  43  44  42  23   0  42 
  1  44  38  38  32  43   6  46  13  46  13  47   7  27  17  24  37  42  25   0 
M4
  0  40  16  39  44  21   2   1  41  48  10  11  40  32   3  11  27   7   9   7 
 33   0   2  37  15   4  18   1  44  20   1   8  43  49  30  23  19  22  20   6 
 18  23   0  14  26   1  11  29   5  30  20  35  27  17  40  24  21  26  40  18 
 42  23  18   0   4  44  43   9   7  30  35  41  30  32  37  38  19  21  28   8 
 17  13   9  40   0  15  10  26  26  41  40  15  28   9  20  17  31  34  40  46 
 40  37  44  36   7   0  48  13  47  16  28   2   7  14  39   8  22   5  41  18 
 36  47  35  34   1  10   0   3  43   5  30  31  47  14  38  31   7  15  14  13 
 11   4  39  18  42  37  13   0  47  36  12  47  43  23   7  49  46  48  22  49 
 13  39  45  24  20  11   4  14   0  15  49  20  48   2   9  30  28  20  24  36 
 44  38  47  39  19  14  11  39  45   0  35  15  14  41  10  32  45  13  20  27 
 46  36  17  43  17  21  42  26  20  13   0   5   7  42  41  30   7  34   2  13 
 26  29  15   8  11  29  42  47  28   8  24   0   4  37  13  37  38  46   3   7 
 31  21  18  18  30  48  32  49   8  49  19   4   0  15   5   3  21  16   9   2 
  6  48  12  37  18   7  40  42  34  20  23  32  17   0   4  35  32  32  32  17 
 18  45  24  10  11  27  48  19  35   9  30  21   2  39   0  15   6  22  11  31 
  1  30   8  45   5  18   2  23  19  11  46   5  46  38   3   0  45   3  19  29 
 19  10  28  15  47  28  28  21  39   9  36  32  45  38  16  42   0  32  48   6 
 20  45   7  14  21   4  37  20  19  28   2  32  39  33  40  42  33   0  38  18 
 46  41  40  11  44  45   4  49   8  26   6  38   8  38  43  44  42  23   0  42 
  1  44  38  38  32  43   6  46  13  46  13  47   7  27  17  24  37  42  25   0 
M5
  0  40  16  39  44  21   2   1  41  48  10  11  40  32   3  11  27   7   9   7 
 33   0   2  37  15   4  18   1  44  20   1   8  43  49  30  23  19  22  20   6 
 18  23   0  14  26   1  11  29   5  30  20  35  27  17  40  24  21  26  40  18 
 42  23  18   0   4  44  43   9   7  30  35  41  30  32  37  38  19  21  28   8 
 17  13   9  40   0  15  10  26  26  41  40  15  28   9  20  17  31  34  40  46 
 40  37  44  36   7   0  48  13  47  16  28   2   7  14  39   8  22   5  41  18 
 36  47  35  34   1  10   0   3  43   5  30  31  47  14  38  31   7  15  14  13 
 11   4  39  18  42  37  13   0  47  36  12  47  43  23   7  49  46  48  22  49 
 13  39  45  24  20  11   4  14   0  15  49  20  48   2   9  30  28  20  24  36 
 44  38  47  39  19  14  11  39  45   0  35  15  14  41  10  32  45  13  20  27 
 46  36  17  43  17  21  42  26  20  13   0   5   7  42  41  30   7  34   2  13 
 26  29  15   8  11  29  42  47  28   8  24   0   4  37  13  37  38  46   3   7 
 31  21  18  18  30  48  32  49   8  49  19   4   0  15   5   3  21  16   9   2 
  6  48  12  37  18   7  40  42  34  20  23  32  17   0   4  35  32  32  32  17 
 18  45  24  10  11  27  48  19  35   9  30  21   2  39   0  15   6  22  11  31 
  1  30   8  45   5  18   2  23  19  11  46   5  46  38   3   0  45   3  19  29 
 19  10  28  15  47  28  28  21  39   9  36  32  45  38  16  42   0  32  48   6 
 20  45   7  14  21   4  37  20  19  28   2  32  39  33  40  42  33   0  38  18 
 46  41  40  11  44  45   4  49   8  26   6  38   8  38  43  44  42  23   0  42 
  1  44  38  38  32  43   6  46  13  46  13  47   7  27  17  24  37  42  25   0 
M6
  0  40  16  39  44  21   2   1  41  48  10  11  40  32   3  11  27   7   9   7 
 33   0   2  37  15   4  18   1  44  20   1   8  43  49  30  23  19  22  20   6 
 18  23   0  14  26   1  11  29   5  30  20  35  27  17  40  24  21  26  40  18 
 42  23  18   0   4  44  43   9   7  30  35  41  30  32  37  38  19  21  28   8 
 17  13   9  40   0  15  10  26  26  41  40  15  28   9  20  17  31  34  40  46 
 40  37  44  36   7   0  48  13  47  16  28   2   7  14  39   8  22   5  41  18 
 36  47  35  34   1  10   0   3  43   5  30  31  47  14  38  31   7  15  14  13 
 11   4  39  18  42  37  13   0  47  36  12  47  43  23   7  49  46  48  22  49 
 13  39  45  24  20  11   4  14   0  15  49  20  48   2   9  30  28  20  24  36 
 44  38  47  39  19  14  11  39  45   0  35  15  14  41  10  32  45  13  20  27 
 46  36  17  43  17  21  42  26  20  13   0   5   7  42  41  30   7  34   2  13 
 26  29  15   8  11  29  42  47  28   8  24   0   4  37  13  37  38  46   3   7 
 31  21  18  18  30  48  32  49   8  49  19   4   0  15   5   3  21  16   9   2 
  6  48  12  37  18   7  40  42  34  20  23  32  17   0   4  35  32  32  32  17 
 18  45  24  10  11  27  48  19  35   9  30  21   2  39   0  15   6  22  11  31 
  1  30   8  45   5  18   2  23  19  11  46   5  46  38   3   0  45   3  19  29 
 19  10  28  15  47  28  28  21  39   9  36  32  45  38  16  42   0  32  48   6 
 20  45   7  14  21   4  37  20  19  28   2  32  39  33  40  42  33   0  38  18 
 46  41  40  11  44  45   4  49   8  26   6  38   8  38  43  44  42  23   0  42 
  1  44  38  38  32  43   6  46  13  46  13  47   7  27  17  24  37  42  25   0 
M7
  0  40  16  39  44  21   2   1  41  48  10  11  40  32   3  11  27   7   9   7 
 33   0   2  37  15   4  18   1  44  20   1   8  43  49  30  23  19  22  20   6 
 18  23   0  14  26   1  11  29   5  30  20  35  27  17  40  24  21  26  40  18 
 42  23  18   0   4  44  43   9   7  30  35  41  30  32  37  38  19  21  28   8 
 17  13   9  40   0  15  10  26  26  41  40  15  28   9  20  17  31  34  40  46 
 40  37  44  36   7   0  48  13  47  16  28   2   7  14  39   8  22   5  41  18 
 36  47  35  34   1  10   0   3  43   5  30  31  47  14  38  31   7  15  14  13 
 11   4  39  18  42  37  13   0  47  36  12  47  43  23   7  49  46  48  22  49 
 13  39  45  24  20  11   4  14   0  15  49  20  48   2   9  30  28  20  24  36 
 44  38  47  39  19  14  11  39  45   0  35  15  14  41  10  32  45  13  20  27 
 46  36  17  43  17  21  42  26  20  13   0   5   7  42  41  30   7  34   2  13 
 26  29  15   8  11  29  42  47  28   8  24   0   4  37  13  37  38  46   3   7 
 31  21  18  18  30  48  32  49   8  49  19   4   0  15   5   3  21  16   9   2 
  6  48  12  37  18   7  40  42  34  20  23  32  17   0   4  35  32  32  32  17 
 18  45  24  10  11  27  48  19  35   9  30  21   2  39   0  15   6  22  11  31 
  1  30   8  45   5  18   2  23  19  11  46   5  46  38   3   0  45   3  19  29 
 19  10  28  15  47  28  28  21  39   9  36  32  45  38  16  42   0  32  48   6 
 20  45   7  14  21   4  37  20  19  28   2  32  39  33  40  42  33   0  38  18 
 46  41  40  11  44  45   4  49   8  26   6  38   8  38  43  44  42  23   0  42 
  1  44  38  38  32  43   6  46  13  46  13  47   7  27  17  24  37  42  25   0 
Reldue
  981    8    1
 2284    4    1
  791    1    7
 1126    6    3
 2451    5    8
 2296    1    6
  523    4    4
 2315    3    7
 1784    6    8
 1540    8    9
 1383    2    4
 1799    1    4
  991    2    7
 1619    3    8
 1238    7    1
 1169    6    3
 1444    7    3
  881    5    1
 1183    1    4
 1882    6    9
DDW
  889  1072
 2114  2454
  730   851
 1047  1204
 2237  2665
 2108  2483
  477   569
 2084  2547
 1637  1931
 1436  1644
 1273  1492
 1641  1957
  902  1080
 1472  1766
 1117  1359
 1058  1279
 1332  1556
  824   939
 1116  1250
 1763  2000
