20   5
MD
  5  4  5  3  2
PT
 47  63  39  33   9  79  83  75  20  67  93  88  55  25  63  39  59  90  92  68 
 47  86  34  82  10  74  35  72   3  99  57  29  57  71  65   3  61  87  26  29 
 66  80  69  12   6  48  72  20  77  32  48  63  17  14  12  94  34  15  55  61 
 16   1  48  57  40  83  63  97  36  24  50  44   2   2  51  10   2  23  46  62 
 96  27  29  39  44  91  69  28  22  79  66  78   8   7  67  95  11  58  84  13 
SSD
M0
  0  16   7  12  32  36  22  35   8  10  40  10  31  44  23  41  25  28  15  16 
  9   0  23  42  29   4  49  34   8  34  20   8  36  43  48  13  18  24  36  25 
  4  14   0  14  27  30  48  35  41  37   8  39  41  36  45  44  15  26  47  28 
 11  45  10   0  27  32  43  28  43  39   1  27  40  22  23  19  20  22  15   8 
 45  11  21  17   0  33  43  43  45  24  17  13  43  21   5  45  44  44  39  22 
 28   1  35  48  36   0  22  38  38   7   3  33  29  16   1  20   7  26  40  36 
 10  26  19   4  34  32   0  26   7   9  23  49  43  30   3  46  46   7  44   8 
 12  40  37  37  10  37   4   0  25   3  27  46  41  22  13  42   6  13  29  14 
 13  13  45  47  44  19  37  29   0  47  42  15  11  29   8   2  32  32  25  16 
 37   2  43   2  24  34  45  28  23   0   6  48  17  47  36  46  15  36  18  49 
 49  16  19   7  41  35  24  38  28  47   0  47  32  42  17   6   9  34  21  33 
 48  38  29  11  34  48  26  13  42  18   1   0  32  12  12  49  21  33  15  30 
 18   8  22  11   5  34   5   9  48   6  23   5   0  46  40   7  36  24  33  34 
 23  30  26  34  35  35  11  32  30  22  14   9  45   0  42  45  18  37  11   7 
  9  19  25  44  31  15  39  32  37  38  18  38   9  11   0  27  21   5  26  10 
  5   5  47  13  10  44  27  47  34  11  24  22  32  16   8   0  12   2  38  22 
 34  15  27  25  20  41   9   1  24  10   1   1  29   9  21  24   0  46  12  21 
  1  12   6  12   4   9   6  41   4   3  29   3  15  18   8  13   7   0  19  12 
 48  40   7  28  32  11  10  45  31  13  33  30  26   5  42  28  23  12   0  38 
 36  22  27   3   1  30  33   1  11  31  19  28  15  10   8  11   6  42  22   0 
M1
  0  16   7  12  32  36  22  35   8  10  40  10  31  44  23  41  25  28  15  16 
  9   0  23  42  29   4  49  34   8  34  20   8  36  43  48  13  18  24  36  25 
  4  14   0  14  27  30  48  35  41  37   8  39  41  36  45  44  15  26  47  28 
 11  45  10   0  27  32  43  28  43  39   1  27  40  22  23  19  20  22  15   8 
 45  11  21  17   0  33  43  43  45  24  17  13  43  21   5  45  44  44  39  22 
 28   1  35  48  36   0  22  38  38   7   3  33  29  16   1  20   7  26  40  36 
 10  26  19   4  34  32   0  26   7   9  23  49  43  30   3  46  46   7  44   8 
 12  40  37  37  10  37   4   0  25   3  27  46  41  22  13  42   6  13  29  14 
 13  13  45  47  44  19  37  29   0  47  42  15  11  29   8   2  32  32  25  16 
 37   2  43   2  24  34  45  28  23   0   6  48  17  47  36  46  15  36  18  49 
 49  16  19   7  41  35  24  38  28  47   0  47  32  42  17   6   9  34  21  33 
 48  38  29  11  34  48  26  13  42  18   1   0  32  12  12  49  21  33  15  30 
 18   8  22  11   5  34   5   9  48   6  23   5   0  46  40   7  36  24  33  34 
 23  30  26  34  35  35  11  32  30  22  14   9  45   0  42  45  18  37  11   7 
  9  19  25  44  31  15  39  32  37  38  18  38   9  11   0  27  21   5  26  10 
  5   5  47  13  10  44  27  47  34  11  24  22  32  16   8   0  12   2  38  22 
 34  15  27  25  20  41   9   1  24  10   1   1  29   9  21  24   0  46  12  21 
  1  12   6  12   4   9   6  41   4   3  29   3  15  18   8  13   7   0  19  12 
 48  40   7  28  32  11  10  45  31  13  33  30  26   5  42  28  23  12   0  38 
 36  22  27   3   1  30  33   1  11  31  19  28  15  10   8  11   6  42  22   0 
M2
  0  16   7  12  32  36  22  35   8  10  40  10  31  44  23  41  25  28  15  16 
  9   0  23  42  29   4  49  34   8  34  20   8  36  43  48  13  18  24  36  25 
  4  14   0  14  27  30  48  35  41  37   8  39  41  36  45  44  15  26  47  28 
 11  45  10   0  27  32  43  28  43  39   1  27  40  22  23  19  20  22  15   8 
 45  11  21  17   0  33  43  43  45  24  17  13  43  21   5  45  44  44  39  22 
 28   1  35  48  36   0  22  38  38   7   3  33  29  16   1  20   7  26  40  36 
 10  26  19   4  34  32   0  26   7   9  23  49  43  30   3  46  46   7  44   8 
 12  40  37  37  10  37   4   0  25   3  27  46  41  22  13  42   6  13  29  14 
 13  13  45  47  44  19  37  29   0  47  42  15  11  29   8   2  32  32  25  16 
 37   2  43   2  24  34  45  28  23   0   6  48  17  47  36  46  15  36  18  49 
 49  16  19   7  41  35  24  38  28  47   0  47  32  42  17   6   9  34  21  33 
 48  38  29  11  34  48  26  13  42  18   1   0  32  12  12  49  21  33  15  30 
 18   8  22  11   5  34   5   9  48   6  23   5   0  46  40   7  36  24  33  34 
 23  30  26  34  35  35  11  32  30  22  14   9  45   0  42  45  18  37  11   7 
  9  19  25  44  31  15  39  32  37  38  18  38   9  11   0  27  21   5  26  10 
  5   5  47  13  10  44  27  47  34  11  24  22  32  16   8   0  12   2  38  22 
 34  15  27  25  20  41   9   1  24  10   1   1  29   9  21  24   0  46  12  21 
  1  12   6  12   4   9   6  41   4   3  29   3  15  18   8  13   7   0  19  12 
 48  40   7  28  32  11  10  45  31  13  33  30  26   5  42  28  23  12   0  38 
 36  22  27   3   1  30  33   1  11  31  19  28  15  10   8  11   6  42  22   0 
M3
  0  16   7  12  32  36  22  35   8  10  40  10  31  44  23  41  25  28  15  16 
  9   0  23  42  29   4  49  34   8  34  20   8  36  43  48  13  18  24  36  25 
  4  14   0  14  27  30  48  35  41  37   8  39  41  36  45  44  15  26  47  28 
 11  45  10   0  27  32  43  28  43  39   1  27  40  22  23  19  20  22  15   8 
 45  11  21  17   0  33  43  43  45  24  17  13  43  21   5  45  44  44  39  22 
 28   1  35  48  36   0  22  38  38   7   3  33  29  16   1  20   7  26  40  36 
 10  26  19   4  34  32   0  26   7   9  23  49  43  30   3  46  46   7  44   8 
 12  40  37  37  10  37   4   0  25   3  27  46  41  22  13  42   6  13  29  14 
 13  13  45  47  44  19  37  29   0  47  42  15  11  29   8   2  32  32  25  16 
 37   2  43   2  24  34  45  28  23   0   6  48  17  47  36  46  15  36  18  49 
 49  16  19   7  41  35  24  38  28  47   0  47  32  42  17   6   9  34  21  33 
 48  38  29  11  34  48  26  13  42  18   1   0  32  12  12  49  21  33  15  30 
 18   8  22  11   5  34   5   9  48   6  23   5   0  46  40   7  36  24  33  34 
 23  30  26  34  35  35  11  32  30  22  14   9  45   0  42  45  18  37  11   7 
  9  19  25  44  31  15  39  32  37  38  18  38   9  11   0  27  21   5  26  10 
  5   5  47  13  10  44  27  47  34  11  24  22  32  16   8   0  12   2  38  22 
 34  15  27  25  20  41   9   1  24  10   1   1  29   9  21  24   0  46  12  21 
  1  12   6  12   4   9   6  41   4   3  29   3  15  18   8  13   7   0  19  12 
 48  40   7  28  32  11  10  45  31  13  33  30  26   5  42  28  23  12   0  38 
 36  22  27   3   1  30  33   1  11  31  19  28  15  10   8  11   6  42  22   0 
M4
  0  16   7  12  32  36  22  35   8  10  40  10  31  44  23  41  25  28  15  16 
  9   0  23  42  29   4  49  34   8  34  20   8  36  43  48  13  18  24  36  25 
  4  14   0  14  27  30  48  35  41  37   8  39  41  36  45  44  15  26  47  28 
 11  45  10   0  27  32  43  28  43  39   1  27  40  22  23  19  20  22  15   8 
 45  11  21  17   0  33  43  43  45  24  17  13  43  21   5  45  44  44  39  22 
 28   1  35  48  36   0  22  38  38   7   3  33  29  16   1  20   7  26  40  36 
 10  26  19   4  34  32   0  26   7   9  23  49  43  30   3  46  46   7  44   8 
 12  40  37  37  10  37   4   0  25   3  27  46  41  22  13  42   6  13  29  14 
 13  13  45  47  44  19  37  29   0  47  42  15  11  29   8   2  32  32  25  16 
 37   2  43   2  24  34  45  28  23   0   6  48  17  47  36  46  15  36  18  49 
 49  16  19   7  41  35  24  38  28  47   0  47  32  42  17   6   9  34  21  33 
 48  38  29  11  34  48  26  13  42  18   1   0  32  12  12  49  21  33  15  30 
 18   8  22  11   5  34   5   9  48   6  23   5   0  46  40   7  36  24  33  34 
 23  30  26  34  35  35  11  32  30  22  14   9  45   0  42  45  18  37  11   7 
  9  19  25  44  31  15  39  32  37  38  18  38   9  11   0  27  21   5  26  10 
  5   5  47  13  10  44  27  47  34  11  24  22  32  16   8   0  12   2  38  22 
 34  15  27  25  20  41   9   1  24  10   1   1  29   9  21  24   0  46  12  21 
  1  12   6  12   4   9   6  41   4   3  29   3  15  18   8  13   7   0  19  12 
 48  40   7  28  32  11  10  45  31  13  33  30  26   5  42  28  23  12   0  38 
 36  22  27   3   1  30  33   1  11  31  19  28  15  10   8  11   6  42  22   0 
Reldue
  910    7    9
  736    4    2
  909    9    5
 1210    7    6
  598    4    8
 1146    8    9
 1430    8    7
  954    2    5
  735    9    9
 1457    6    4
  912    8    6
  461    1    1
  450    2    6
  587    7    8
  625    1    8
  838    5    4
  475    6    9
  893    6    4
 1051    8    4
 1329    2    3
DDW
  831   989
  678   795
  840   978
 1113  1308
  557   639
 1080  1213
 1320  1540
  895  1012
  665   805
 1330  1584
  827   997
  438   485
  419   482
  539   635
  585   666
  794   883
  444   505
  833   954
  991  1111
 1207  1451
