50   5
MD
  4  3  5  2  4
PT
 17  97  36  77  28  29  43  11  22  33  56  86  10   4  10  95  82  88  21  30  88  17  71  42  40  72  58  25   4  62  70  67  67  91  65  72  86  27  62  16  67  56  50  75  37  72  35   1  98  84 
 77  90  92  84  55  44  62  58  67   9  26  85  63  61  56  85  33  53  72  58  17   4  49  13  52   3  50  77  27  31  66   8  63  98  43  91  11  13  45  22  10  97  63  48  43  96  91  95  20  65 
 69  16  74  30  90  66   2   4  60  37  40  18  44  37  97  92  38  27  15  53  44  28  72  25  91  68  86  17  52  68  77  14  26  16  36  83  63  59  10  88  20  70  65  83  83  74  84  48  12  64 
 66  44  12  95  64  36  24  21   6  30  60  23   4  68  16  87  29  78  73  28   6  34  28  50  72  83  69  67  61  18  21  43  95  35  50  65  29   7   8  52  49  76  91  53   2  75  43  81  65  33 
 72  29  86  61  46  77  85  93  14  31  66  12   7  50  82   5  23  21  94  28  70  24  34  90   8  47  53  90  69  50  78  69  76  56  84   4  73  32  75  99  10  97  10  18  87   1  13  34  16  80 
SSD
M0
  0  27   9  14  22  31   4  19  21  41  18  40  33  22  49  34  41  28  22  37   3  28   2  21  40  37  33  33  14  38  37   7  19  34   4  38  30  18  26   3  32   6  20   2  48  33  16  42   5  36 
 16   0  46   4  45  44  13  38  46  45  26  37  40  23  30  23  12  42  33  28  22   5  24   6   2  32  16   4  36  21  16  49  47  20  44  24  14   9  12  20  32   8   3   8  28  48  10  27  22   2 
 22  14   0  21  32  21  49  21  25  14   2  19  25   6  23  24  21  19  10  32  11   7  33  16   6  20  21  43  48  30  13  12   5  27  45   2  42  45  26   1  46  36  34  23  47  27  30  25  10  48 
  8  30   4   0  30  22  43   2  13   9  16   7  19  48  15  37   2  21   7  49  17  16  18  27   8  13  18   6  39  31   3  19   7  14  30   6  45  44  25   4  25  41  40  45   1   8  22   5  28  19 
  9  14   4  32   0  29   6  33   2   8  37  21  26  31  11  15  12  47  21  34  47  22  14  10   5  42  14  26  31  42  29  17  11  41  21  45   3   1  23  29  18  34   1  49   6   3  19  19  19   3 
 27  26  17   6  32   0  26  38   6  25  26   7  23  45  10   7  22  43  31   8  32  35   6  14   4  25  27  28  30  28  38   6   8   1  21  45  48  33   8  49  19  38  26  14   9  36  34   6  19   1 
 15  31  20  37  41  42   0  44  33  19   3  32  19  25  28   9  18  11  12  45  45   8  31  20  43  20  47  13   3  22  30  34  39  23  21  27  36  27  33  19  24  46  12   6  19  38   3  47  30  16 
  1  27  27  29   1  14   8   0  39  11  47   9   8  43  42  40  21  46   6  35  11  48  24  42  14  43  23  19  22  42   6  26   9  15  28  32  29  23   6  25  19  30   4  25  28  45  35   3  33   1 
 32  25  36   4  16  14  34  47   0  40  10  46  11   2   4  42  39  15   5   7  47  10  30  19  36   1  40  25  24  12   1  42  17   7  44  39   7  12  35  45  14  33  23  29  34   8  20  32  36  48 
 49  43  46  42  19  49   6   7  26   0  34  29  41   2  37  18  11  34  22  47   2  31  26   9  40  11   6   4  42  33  29  40   2  33   5  39  37  19  10  47   4   8  34  36   6   9   5  14  38  27 
 38  22   7  25  34  48  48  31  48   7   0  27  33  15  31  13  18  26  25  17  17  30  40  40  13  18  30  20  19  32  44  16   4   9   2  14  40  48   6   1  47   4  44  29  49  34  31  49  30  41 
 26   3  20  20  15  40  21  23  30  12   4   0  39   6  24  32  36  46  39   7  19  30  47  34  44   7  26  25  25  29   6  38  25  42   9  28  21  32   5   9   1  10  15  27  39  23  22   2  33  27 
 39  34  23  10  41  24  13  41   4  42  44  38   0  13  11   5  38   2   6  12  22  34  12  21  42  11  30  44  27  11   4  29  13   3  13  37  24  15  39  45  17  43  10  14   8   5  10   9  14   5 
 26  12   6   8  37  10  23  24   9  32  38  12  45   0  20  36  43  27   1  37  13   7  16  46  19   5  45   9  41  34  47  24  11   4  45  48  29   2  10  40  40  13  21  44  34  10  42  40   7  20 
  6  27  35  30  14  33  22  30  43  18   8  45   9  29   0   4  26  20  40  10  18  49  43  19  47  39  15  20  20  39  15  43   7  43   6  19   4   5   9   3  19  23  34  11   9  41  17  47  45  47 
 33  25  20   1  47   3  39  39   7  14  40  27  29  20  17   0  24  30  27  37  48  46  14   7  44  29  31  38  34  49  15   3  11   9  20  36  37  19  39  21  28  23  32  25  47  26  28  21  43   4 
 37  24  39  40  19   7  25  12  47   3  21  15  15  49  45  42   0  30   4  18  39   3  34  14  46  38  15  15  16  32  15  16  23  40  19  45  24  39  20  48  16  12  14  30  10  47  41  40  49  38 
 13  29  34  41   4  39  49  32  34   1  32  25  20  34  10  28  39   0   2  35  43  40   9  28  42  28  18  11  33  37  20  43  22  10  37  27   6  12  34  11  14  32  14  12  48   5   7  18  46  21 
 48   9  22  29  14  45  20   4  17  27  23  30  16  29  16  22  17   9   0  12  11   2  38  40  10  20  47  42  46  40   3  14  24  14  35  13  30  22  33   5  29  26  41  47   3  49   9  44   6  20 
 16   5  37  25  29  33  37   1  24  41  24  18   3  25   6  29  35  11  27   0  36  29  10   6  18  23  13  17  41  47  25  10  17  25   5  33  39   1  10  26  24  22  19  39  48  47   3  39  37  45 
 23  47  42  38  28  17  40  47   9  36  22  44  37  38  32  31  44  30  28   5   0   8  23  43  37  33  45   9  16  15  42  46  15  15  49  43  18  22  34  12  46  42  36  41  22  44  20  45  25   1 
 35   9  11  11   9  21   4  23  24   1  37  48  35   1  32  26  10   8  33  26  39   0  23  41   7  34  46  38  10  29  32  10  44  45  33  41   9  31  48  15  15  36  23  13  21  38  33   8   2   4 
 13   1  45   8   9  17   8   6  24  42  45   2  22   8   4  24  36  46  18  16  14   7   0  17  41  11   6   3  45  12  13  32   1   5  36   2  39   3   1  18  14   9  34  31  49  38  35  37  39  19 
  3  17   5   9  38  38  18   3  27  20  39  44   7  33  35  27  26  16  34  26   7  31  44   0  28  42  20  19  16  16  26  15  48   5  26  31  36   4   5  14  27  19  28  26   6   4  41  22  13   1 
 45  11  12   2  32  15   8  26  19  41  36  46   1  43  31  48  36  31   1  16  25  16  25  21   0  32  26  25  39  19  38   5  45  33   5   9  16  16  24  15  35  17   9  18  32   1  21  44  44   3 
  1   5  29  36  44  16  16  31  48  22  10  45   8  48  49  44  27  31  17  37  26  31  18  12   7   0  16   7  24  31  13  14  32  23  15  23  22  49  34  35  30  32  28  34  23  10  17   5  29  37 
 27  29  14  20   5  35  34   4  22  26  31  34   5  49  20  38  19  27  32   8   1  39  17  23  20  34   0  36  14  37  48  43  32  49  14  22  12   5  11  10  49  48  32  34   1  13  11  18   9  39 
 43  44  45  42  42  44  18  13  21  21  16  13  45  49  43  27  36  16  27  44  46  40  11  16  49  41  23   0   3  32  33   1  15  28   7  14  26  30  28  35  37   7  37  17  39  10  22  16  26  37 
 20   2  41   5  20  43  20  12  36  44  37  28  18  28  17  19  11  32  10  33  30  35  10   6  41  33  30  48   0  23  30   4   9   3  47  38  24  25  29  14   9  25  16  47  19  12  22   2  30   8 
 31  49  36  37  10  23  38  12   3   7  47   7  23  18   7  11  41  38  36  47  41  23  10  45  17  38  32  43  31   0  11  37  29  35  36  14  30   8  43  27  34  24  14  31   2  41   1  11  22   8 
 22  32  13  27   8  16  18   8  32  23  48  15  16  10  49  17   5  40  14  49  39  29   7  10  36   4  27  36  20  20   0   4  13  21  13  20  49  34   6  28  45  42  26  35  10  20  41  35  11  41 
 18  45  41   2  33  34  27   6  21   6  44  20  45  15   2   3   2   1  12  30  29  11  30  28  15  25  41  36  23  26   9   0  11  46   9  21  22  36  23  15   8  46   7   3  45  40  32   3  19   4 
 17  10  40  15  36  29   4  23   3  22  20  31  28  39  30   5  33   2   3  32  13  26  22  45  13  43  43  46  37  31   9  15   0  30  39  25  37  19  36  32   7   4  36   1  30  14  35  39  18   1 
 25  14  45  25  48  24  48   1  45  41  38  41  10   5  13  43   7  13  18  46  19  23  49  40  37   1  30  32  26   3   7  18  27   0  28  31  25  34  29  38  28  48   9  43  35  49   1  16  32   4 
 49  40   6   8   6   1  14   7  46  21  32  48  24  20  30  39   1  18   4  18  18  26  19  43  11  15  19  12  48  24  42  16  41  43   0  25  20  41   7  29  33  21  14  26  11   7  17  37  23  16 
  6  43  41   4   6  32  19   7  25  33   5  18  29  33  45  48  34  42   9  27   9   6  32  12  40  38  30  27  43  32   2   3  12  35  13   0  19  41  41  26  35  33   5  19  30   2  31  13  45  24 
 14  20  46   6   3  20  37  25  17  39  12  42  34  49   8  32  31   9  31  33  13  24  25   1  18  22   3   6  19  31   1  11   9   9   3   3   0  39  32  33  36  35  33   9  18  25  38   8  21  36 
  6   6  27  16  42  24  42  11  41  32  30  44  43  47  25  23   1  10   7  28   7  44  41  14  23  23  29  19  42   2  32  19   9  46  19  42  31   0  28  39  19  47  13  35  17  44  31  12  22  28 
  1  28  48   8  17  42  21  37   9  20  36  34  24  47   6  13  27  46  14  24  41  46  10  45  17  38  41   6  11  21  30  32  29  26   7   7  17  35   0  12  31   4  33  23  49  25  47   4   6   5 
 11  39  44  31  45  26  30  18   7  42  38  38  22  44  40  18   9  49  33  48  20   1  41  22  42  26   8  40  17  39  13  26  35  28  20  14  28   7  38   0   3  15   3  47  29   3  13  29   3   7 
  7  37  49  24  19  43   2  29  40  28  27  49   3  15   1  14   8   6   1  47   2  23   8  45  49  42  25  37   8  27  33  20   1  11  43  30  35  25  35  12   0  10  44  41  12   4  37  29  48  17 
  7  40   9  39  19  17   9  17  41  21  24   3   9  33  37  31   5  34  21  44  24  39  16   8  44  20  24  37  14   3  37  47  11  45  21  32  42  43  48   9  35   0   2   5  16  34  44   9  49  26 
 19  35  19   1  37  11  25  46  43  35  26  29   4  10  22  20  27  14  22  44  22   5  41  14  46  42  18  14  15  13  27  23  33  22  23  19  13   8  33  43   1  20   0   8  35  26  31  22  17  10 
 18  46  35   7   8   3  14  28  36  24  43  22  28  27  41  14  16   4  49  16  49  32  40  29   3  32  30  12  22  48  17  11   9  44  20  21   3   3  14  34  11  35  33   0   3  14   9  40  45   5 
  2  30  16   2   5  42  16  49  39  10  27  13  30  36  18  16   1   9  20  12  13  21  35  41  19  12   9  39  15  31  25  49   1  21  44   2  22  48   6   7  13   5   6  36   0  29  26  13   1  25 
 13   7  25   8  21  34  42  37   2  32  46  48  14  19  49  40  13  38  16   6  20  19  13   7  12  25  35  47  48   3  15  47  11  16  42  23  31   1  49   2  16   7  36   1  48   0   1  25  35  46 
 49  23   6  34  15  41   4  39   7  16  39  45  28   6   8  39  41   2  38   3  44  20  27  48  10   8   3  49  10  18  47  29  12  22  49  21  49  30  23  31  32   2  20  28  10  12   0   1  24   2 
 43  16  15  27  37  17  33  28  46   7  15   3  47  36  44   7   9   1   7  15  12   1  47  24  30  35  14  18   4  47  19  43  13  47   1  40  38  28  20  32  35   5   4  22  26  10  13   0  44  22 
 18  14  18  18  19   9  15  45  31  41  41  24  34   9  27   9  31  46  49  38  22  10  48  20   6  13  45   3   9  47  13  30  43  29   2   1   4  46  18  22  20  10  32  31  11  36  36  10   0  49 
 42   7   4  43  41   8  35  36  49  26  13   1  24  44  11   9   9  31   1  47  26  20  40  16  35  15  22   1  27  49  45  28  22   6  41  39  11  32  39  10  38  16  22  49   1  27  32   2   2   0 
M1
  0  27   9  14  22  31   4  19  21  41  18  40  33  22  49  34  41  28  22  37   3  28   2  21  40  37  33  33  14  38  37   7  19  34   4  38  30  18  26   3  32   6  20   2  48  33  16  42   5  36 
 16   0  46   4  45  44  13  38  46  45  26  37  40  23  30  23  12  42  33  28  22   5  24   6   2  32  16   4  36  21  16  49  47  20  44  24  14   9  12  20  32   8   3   8  28  48  10  27  22   2 
 22  14   0  21  32  21  49  21  25  14   2  19  25   6  23  24  21  19  10  32  11   7  33  16   6  20  21  43  48  30  13  12   5  27  45   2  42  45  26   1  46  36  34  23  47  27  30  25  10  48 
  8  30   4   0  30  22  43   2  13   9  16   7  19  48  15  37   2  21   7  49  17  16  18  27   8  13  18   6  39  31   3  19   7  14  30   6  45  44  25   4  25  41  40  45   1   8  22   5  28  19 
  9  14   4  32   0  29   6  33   2   8  37  21  26  31  11  15  12  47  21  34  47  22  14  10   5  42  14  26  31  42  29  17  11  41  21  45   3   1  23  29  18  34   1  49   6   3  19  19  19   3 
 27  26  17   6  32   0  26  38   6  25  26   7  23  45  10   7  22  43  31   8  32  35   6  14   4  25  27  28  30  28  38   6   8   1  21  45  48  33   8  49  19  38  26  14   9  36  34   6  19   1 
 15  31  20  37  41  42   0  44  33  19   3  32  19  25  28   9  18  11  12  45  45   8  31  20  43  20  47  13   3  22  30  34  39  23  21  27  36  27  33  19  24  46  12   6  19  38   3  47  30  16 
  1  27  27  29   1  14   8   0  39  11  47   9   8  43  42  40  21  46   6  35  11  48  24  42  14  43  23  19  22  42   6  26   9  15  28  32  29  23   6  25  19  30   4  25  28  45  35   3  33   1 
 32  25  36   4  16  14  34  47   0  40  10  46  11   2   4  42  39  15   5   7  47  10  30  19  36   1  40  25  24  12   1  42  17   7  44  39   7  12  35  45  14  33  23  29  34   8  20  32  36  48 
 49  43  46  42  19  49   6   7  26   0  34  29  41   2  37  18  11  34  22  47   2  31  26   9  40  11   6   4  42  33  29  40   2  33   5  39  37  19  10  47   4   8  34  36   6   9   5  14  38  27 
 38  22   7  25  34  48  48  31  48   7   0  27  33  15  31  13  18  26  25  17  17  30  40  40  13  18  30  20  19  32  44  16   4   9   2  14  40  48   6   1  47   4  44  29  49  34  31  49  30  41 
 26   3  20  20  15  40  21  23  30  12   4   0  39   6  24  32  36  46  39   7  19  30  47  34  44   7  26  25  25  29   6  38  25  42   9  28  21  32   5   9   1  10  15  27  39  23  22   2  33  27 
 39  34  23  10  41  24  13  41   4  42  44  38   0  13  11   5  38   2   6  12  22  34  12  21  42  11  30  44  27  11   4  29  13   3  13  37  24  15  39  45  17  43  10  14   8   5  10   9  14   5 
 26  12   6   8  37  10  23  24   9  32  38  12  45   0  20  36  43  27   1  37  13   7  16  46  19   5  45   9  41  34  47  24  11   4  45  48  29   2  10  40  40  13  21  44  34  10  42  40   7  20 
  6  27  35  30  14  33  22  30  43  18   8  45   9  29   0   4  26  20  40  10  18  49  43  19  47  39  15  20  20  39  15  43   7  43   6  19   4   5   9   3  19  23  34  11   9  41  17  47  45  47 
 33  25  20   1  47   3  39  39   7  14  40  27  29  20  17   0  24  30  27  37  48  46  14   7  44  29  31  38  34  49  15   3  11   9  20  36  37  19  39  21  28  23  32  25  47  26  28  21  43   4 
 37  24  39  40  19   7  25  12  47   3  21  15  15  49  45  42   0  30   4  18  39   3  34  14  46  38  15  15  16  32  15  16  23  40  19  45  24  39  20  48  16  12  14  30  10  47  41  40  49  38 
 13  29  34  41   4  39  49  32  34   1  32  25  20  34  10  28  39   0   2  35  43  40   9  28  42  28  18  11  33  37  20  43  22  10  37  27   6  12  34  11  14  32  14  12  48   5   7  18  46  21 
 48   9  22  29  14  45  20   4  17  27  23  30  16  29  16  22  17   9   0  12  11   2  38  40  10  20  47  42  46  40   3  14  24  14  35  13  30  22  33   5  29  26  41  47   3  49   9  44   6  20 
 16   5  37  25  29  33  37   1  24  41  24  18   3  25   6  29  35  11  27   0  36  29  10   6  18  23  13  17  41  47  25  10  17  25   5  33  39   1  10  26  24  22  19  39  48  47   3  39  37  45 
 23  47  42  38  28  17  40  47   9  36  22  44  37  38  32  31  44  30  28   5   0   8  23  43  37  33  45   9  16  15  42  46  15  15  49  43  18  22  34  12  46  42  36  41  22  44  20  45  25   1 
 35   9  11  11   9  21   4  23  24   1  37  48  35   1  32  26  10   8  33  26  39   0  23  41   7  34  46  38  10  29  32  10  44  45  33  41   9  31  48  15  15  36  23  13  21  38  33   8   2   4 
 13   1  45   8   9  17   8   6  24  42  45   2  22   8   4  24  36  46  18  16  14   7   0  17  41  11   6   3  45  12  13  32   1   5  36   2  39   3   1  18  14   9  34  31  49  38  35  37  39  19 
  3  17   5   9  38  38  18   3  27  20  39  44   7  33  35  27  26  16  34  26   7  31  44   0  28  42  20  19  16  16  26  15  48   5  26  31  36   4   5  14  27  19  28  26   6   4  41  22  13   1 
 45  11  12   2  32  15   8  26  19  41  36  46   1  43  31  48  36  31   1  16  25  16  25  21   0  32  26  25  39  19  38   5  45  33   5   9  16  16  24  15  35  17   9  18  32   1  21  44  44   3 
  1   5  29  36  44  16  16  31  48  22  10  45   8  48  49  44  27  31  17  37  26  31  18  12   7   0  16   7  24  31  13  14  32  23  15  23  22  49  34  35  30  32  28  34  23  10  17   5  29  37 
 27  29  14  20   5  35  34   4  22  26  31  34   5  49  20  38  19  27  32   8   1  39  17  23  20  34   0  36  14  37  48  43  32  49  14  22  12   5  11  10  49  48  32  34   1  13  11  18   9  39 
 43  44  45  42  42  44  18  13  21  21  16  13  45  49  43  27  36  16  27  44  46  40  11  16  49  41  23   0   3  32  33   1  15  28   7  14  26  30  28  35  37   7  37  17  39  10  22  16  26  37 
 20   2  41   5  20  43  20  12  36  44  37  28  18  28  17  19  11  32  10  33  30  35  10   6  41  33  30  48   0  23  30   4   9   3  47  38  24  25  29  14   9  25  16  47  19  12  22   2  30   8 
 31  49  36  37  10  23  38  12   3   7  47   7  23  18   7  11  41  38  36  47  41  23  10  45  17  38  32  43  31   0  11  37  29  35  36  14  30   8  43  27  34  24  14  31   2  41   1  11  22   8 
 22  32  13  27   8  16  18   8  32  23  48  15  16  10  49  17   5  40  14  49  39  29   7  10  36   4  27  36  20  20   0   4  13  21  13  20  49  34   6  28  45  42  26  35  10  20  41  35  11  41 
 18  45  41   2  33  34  27   6  21   6  44  20  45  15   2   3   2   1  12  30  29  11  30  28  15  25  41  36  23  26   9   0  11  46   9  21  22  36  23  15   8  46   7   3  45  40  32   3  19   4 
 17  10  40  15  36  29   4  23   3  22  20  31  28  39  30   5  33   2   3  32  13  26  22  45  13  43  43  46  37  31   9  15   0  30  39  25  37  19  36  32   7   4  36   1  30  14  35  39  18   1 
 25  14  45  25  48  24  48   1  45  41  38  41  10   5  13  43   7  13  18  46  19  23  49  40  37   1  30  32  26   3   7  18  27   0  28  31  25  34  29  38  28  48   9  43  35  49   1  16  32   4 
 49  40   6   8   6   1  14   7  46  21  32  48  24  20  30  39   1  18   4  18  18  26  19  43  11  15  19  12  48  24  42  16  41  43   0  25  20  41   7  29  33  21  14  26  11   7  17  37  23  16 
  6  43  41   4   6  32  19   7  25  33   5  18  29  33  45  48  34  42   9  27   9   6  32  12  40  38  30  27  43  32   2   3  12  35  13   0  19  41  41  26  35  33   5  19  30   2  31  13  45  24 
 14  20  46   6   3  20  37  25  17  39  12  42  34  49   8  32  31   9  31  33  13  24  25   1  18  22   3   6  19  31   1  11   9   9   3   3   0  39  32  33  36  35  33   9  18  25  38   8  21  36 
  6   6  27  16  42  24  42  11  41  32  30  44  43  47  25  23   1  10   7  28   7  44  41  14  23  23  29  19  42   2  32  19   9  46  19  42  31   0  28  39  19  47  13  35  17  44  31  12  22  28 
  1  28  48   8  17  42  21  37   9  20  36  34  24  47   6  13  27  46  14  24  41  46  10  45  17  38  41   6  11  21  30  32  29  26   7   7  17  35   0  12  31   4  33  23  49  25  47   4   6   5 
 11  39  44  31  45  26  30  18   7  42  38  38  22  44  40  18   9  49  33  48  20   1  41  22  42  26   8  40  17  39  13  26  35  28  20  14  28   7  38   0   3  15   3  47  29   3  13  29   3   7 
  7  37  49  24  19  43   2  29  40  28  27  49   3  15   1  14   8   6   1  47   2  23   8  45  49  42  25  37   8  27  33  20   1  11  43  30  35  25  35  12   0  10  44  41  12   4  37  29  48  17 
  7  40   9  39  19  17   9  17  41  21  24   3   9  33  37  31   5  34  21  44  24  39  16   8  44  20  24  37  14   3  37  47  11  45  21  32  42  43  48   9  35   0   2   5  16  34  44   9  49  26 
 19  35  19   1  37  11  25  46  43  35  26  29   4  10  22  20  27  14  22  44  22   5  41  14  46  42  18  14  15  13  27  23  33  22  23  19  13   8  33  43   1  20   0   8  35  26  31  22  17  10 
 18  46  35   7   8   3  14  28  36  24  43  22  28  27  41  14  16   4  49  16  49  32  40  29   3  32  30  12  22  48  17  11   9  44  20  21   3   3  14  34  11  35  33   0   3  14   9  40  45   5 
  2  30  16   2   5  42  16  49  39  10  27  13  30  36  18  16   1   9  20  12  13  21  35  41  19  12   9  39  15  31  25  49   1  21  44   2  22  48   6   7  13   5   6  36   0  29  26  13   1  25 
 13   7  25   8  21  34  42  37   2  32  46  48  14  19  49  40  13  38  16   6  20  19  13   7  12  25  35  47  48   3  15  47  11  16  42  23  31   1  49   2  16   7  36   1  48   0   1  25  35  46 
 49  23   6  34  15  41   4  39   7  16  39  45  28   6   8  39  41   2  38   3  44  20  27  48  10   8   3  49  10  18  47  29  12  22  49  21  49  30  23  31  32   2  20  28  10  12   0   1  24   2 
 43  16  15  27  37  17  33  28  46   7  15   3  47  36  44   7   9   1   7  15  12   1  47  24  30  35  14  18   4  47  19  43  13  47   1  40  38  28  20  32  35   5   4  22  26  10  13   0  44  22 
 18  14  18  18  19   9  15  45  31  41  41  24  34   9  27   9  31  46  49  38  22  10  48  20   6  13  45   3   9  47  13  30  43  29   2   1   4  46  18  22  20  10  32  31  11  36  36  10   0  49 
 42   7   4  43  41   8  35  36  49  26  13   1  24  44  11   9   9  31   1  47  26  20  40  16  35  15  22   1  27  49  45  28  22   6  41  39  11  32  39  10  38  16  22  49   1  27  32   2   2   0 
M2
  0  27   9  14  22  31   4  19  21  41  18  40  33  22  49  34  41  28  22  37   3  28   2  21  40  37  33  33  14  38  37   7  19  34   4  38  30  18  26   3  32   6  20   2  48  33  16  42   5  36 
 16   0  46   4  45  44  13  38  46  45  26  37  40  23  30  23  12  42  33  28  22   5  24   6   2  32  16   4  36  21  16  49  47  20  44  24  14   9  12  20  32   8   3   8  28  48  10  27  22   2 
 22  14   0  21  32  21  49  21  25  14   2  19  25   6  23  24  21  19  10  32  11   7  33  16   6  20  21  43  48  30  13  12   5  27  45   2  42  45  26   1  46  36  34  23  47  27  30  25  10  48 
  8  30   4   0  30  22  43   2  13   9  16   7  19  48  15  37   2  21   7  49  17  16  18  27   8  13  18   6  39  31   3  19   7  14  30   6  45  44  25   4  25  41  40  45   1   8  22   5  28  19 
  9  14   4  32   0  29   6  33   2   8  37  21  26  31  11  15  12  47  21  34  47  22  14  10   5  42  14  26  31  42  29  17  11  41  21  45   3   1  23  29  18  34   1  49   6   3  19  19  19   3 
 27  26  17   6  32   0  26  38   6  25  26   7  23  45  10   7  22  43  31   8  32  35   6  14   4  25  27  28  30  28  38   6   8   1  21  45  48  33   8  49  19  38  26  14   9  36  34   6  19   1 
 15  31  20  37  41  42   0  44  33  19   3  32  19  25  28   9  18  11  12  45  45   8  31  20  43  20  47  13   3  22  30  34  39  23  21  27  36  27  33  19  24  46  12   6  19  38   3  47  30  16 
  1  27  27  29   1  14   8   0  39  11  47   9   8  43  42  40  21  46   6  35  11  48  24  42  14  43  23  19  22  42   6  26   9  15  28  32  29  23   6  25  19  30   4  25  28  45  35   3  33   1 
 32  25  36   4  16  14  34  47   0  40  10  46  11   2   4  42  39  15   5   7  47  10  30  19  36   1  40  25  24  12   1  42  17   7  44  39   7  12  35  45  14  33  23  29  34   8  20  32  36  48 
 49  43  46  42  19  49   6   7  26   0  34  29  41   2  37  18  11  34  22  47   2  31  26   9  40  11   6   4  42  33  29  40   2  33   5  39  37  19  10  47   4   8  34  36   6   9   5  14  38  27 
 38  22   7  25  34  48  48  31  48   7   0  27  33  15  31  13  18  26  25  17  17  30  40  40  13  18  30  20  19  32  44  16   4   9   2  14  40  48   6   1  47   4  44  29  49  34  31  49  30  41 
 26   3  20  20  15  40  21  23  30  12   4   0  39   6  24  32  36  46  39   7  19  30  47  34  44   7  26  25  25  29   6  38  25  42   9  28  21  32   5   9   1  10  15  27  39  23  22   2  33  27 
 39  34  23  10  41  24  13  41   4  42  44  38   0  13  11   5  38   2   6  12  22  34  12  21  42  11  30  44  27  11   4  29  13   3  13  37  24  15  39  45  17  43  10  14   8   5  10   9  14   5 
 26  12   6   8  37  10  23  24   9  32  38  12  45   0  20  36  43  27   1  37  13   7  16  46  19   5  45   9  41  34  47  24  11   4  45  48  29   2  10  40  40  13  21  44  34  10  42  40   7  20 
  6  27  35  30  14  33  22  30  43  18   8  45   9  29   0   4  26  20  40  10  18  49  43  19  47  39  15  20  20  39  15  43   7  43   6  19   4   5   9   3  19  23  34  11   9  41  17  47  45  47 
 33  25  20   1  47   3  39  39   7  14  40  27  29  20  17   0  24  30  27  37  48  46  14   7  44  29  31  38  34  49  15   3  11   9  20  36  37  19  39  21  28  23  32  25  47  26  28  21  43   4 
 37  24  39  40  19   7  25  12  47   3  21  15  15  49  45  42   0  30   4  18  39   3  34  14  46  38  15  15  16  32  15  16  23  40  19  45  24  39  20  48  16  12  14  30  10  47  41  40  49  38 
 13  29  34  41   4  39  49  32  34   1  32  25  20  34  10  28  39   0   2  35  43  40   9  28  42  28  18  11  33  37  20  43  22  10  37  27   6  12  34  11  14  32  14  12  48   5   7  18  46  21 
 48   9  22  29  14  45  20   4  17  27  23  30  16  29  16  22  17   9   0  12  11   2  38  40  10  20  47  42  46  40   3  14  24  14  35  13  30  22  33   5  29  26  41  47   3  49   9  44   6  20 
 16   5  37  25  29  33  37   1  24  41  24  18   3  25   6  29  35  11  27   0  36  29  10   6  18  23  13  17  41  47  25  10  17  25   5  33  39   1  10  26  24  22  19  39  48  47   3  39  37  45 
 23  47  42  38  28  17  40  47   9  36  22  44  37  38  32  31  44  30  28   5   0   8  23  43  37  33  45   9  16  15  42  46  15  15  49  43  18  22  34  12  46  42  36  41  22  44  20  45  25   1 
 35   9  11  11   9  21   4  23  24   1  37  48  35   1  32  26  10   8  33  26  39   0  23  41   7  34  46  38  10  29  32  10  44  45  33  41   9  31  48  15  15  36  23  13  21  38  33   8   2   4 
 13   1  45   8   9  17   8   6  24  42  45   2  22   8   4  24  36  46  18  16  14   7   0  17  41  11   6   3  45  12  13  32   1   5  36   2  39   3   1  18  14   9  34  31  49  38  35  37  39  19 
  3  17   5   9  38  38  18   3  27  20  39  44   7  33  35  27  26  16  34  26   7  31  44   0  28  42  20  19  16  16  26  15  48   5  26  31  36   4   5  14  27  19  28  26   6   4  41  22  13   1 
 45  11  12   2  32  15   8  26  19  41  36  46   1  43  31  48  36  31   1  16  25  16  25  21   0  32  26  25  39  19  38   5  45  33   5   9  16  16  24  15  35  17   9  18  32   1  21  44  44   3 
  1   5  29  36  44  16  16  31  48  22  10  45   8  48  49  44  27  31  17  37  26  31  18  12   7   0  16   7  24  31  13  14  32  23  15  23  22  49  34  35  30  32  28  34  23  10  17   5  29  37 
 27  29  14  20   5  35  34   4  22  26  31  34   5  49  20  38  19  27  32   8   1  39  17  23  20  34   0  36  14  37  48  43  32  49  14  22  12   5  11  10  49  48  32  34   1  13  11  18   9  39 
 43  44  45  42  42  44  18  13  21  21  16  13  45  49  43  27  36  16  27  44  46  40  11  16  49  41  23   0   3  32  33   1  15  28   7  14  26  30  28  35  37   7  37  17  39  10  22  16  26  37 
 20   2  41   5  20  43  20  12  36  44  37  28  18  28  17  19  11  32  10  33  30  35  10   6  41  33  30  48   0  23  30   4   9   3  47  38  24  25  29  14   9  25  16  47  19  12  22   2  30   8 
 31  49  36  37  10  23  38  12   3   7  47   7  23  18   7  11  41  38  36  47  41  23  10  45  17  38  32  43  31   0  11  37  29  35  36  14  30   8  43  27  34  24  14  31   2  41   1  11  22   8 
 22  32  13  27   8  16  18   8  32  23  48  15  16  10  49  17   5  40  14  49  39  29   7  10  36   4  27  36  20  20   0   4  13  21  13  20  49  34   6  28  45  42  26  35  10  20  41  35  11  41 
 18  45  41   2  33  34  27   6  21   6  44  20  45  15   2   3   2   1  12  30  29  11  30  28  15  25  41  36  23  26   9   0  11  46   9  21  22  36  23  15   8  46   7   3  45  40  32   3  19   4 
 17  10  40  15  36  29   4  23   3  22  20  31  28  39  30   5  33   2   3  32  13  26  22  45  13  43  43  46  37  31   9  15   0  30  39  25  37  19  36  32   7   4  36   1  30  14  35  39  18   1 
 25  14  45  25  48  24  48   1  45  41  38  41  10   5  13  43   7  13  18  46  19  23  49  40  37   1  30  32  26   3   7  18  27   0  28  31  25  34  29  38  28  48   9  43  35  49   1  16  32   4 
 49  40   6   8   6   1  14   7  46  21  32  48  24  20  30  39   1  18   4  18  18  26  19  43  11  15  19  12  48  24  42  16  41  43   0  25  20  41   7  29  33  21  14  26  11   7  17  37  23  16 
  6  43  41   4   6  32  19   7  25  33   5  18  29  33  45  48  34  42   9  27   9   6  32  12  40  38  30  27  43  32   2   3  12  35  13   0  19  41  41  26  35  33   5  19  30   2  31  13  45  24 
 14  20  46   6   3  20  37  25  17  39  12  42  34  49   8  32  31   9  31  33  13  24  25   1  18  22   3   6  19  31   1  11   9   9   3   3   0  39  32  33  36  35  33   9  18  25  38   8  21  36 
  6   6  27  16  42  24  42  11  41  32  30  44  43  47  25  23   1  10   7  28   7  44  41  14  23  23  29  19  42   2  32  19   9  46  19  42  31   0  28  39  19  47  13  35  17  44  31  12  22  28 
  1  28  48   8  17  42  21  37   9  20  36  34  24  47   6  13  27  46  14  24  41  46  10  45  17  38  41   6  11  21  30  32  29  26   7   7  17  35   0  12  31   4  33  23  49  25  47   4   6   5 
 11  39  44  31  45  26  30  18   7  42  38  38  22  44  40  18   9  49  33  48  20   1  41  22  42  26   8  40  17  39  13  26  35  28  20  14  28   7  38   0   3  15   3  47  29   3  13  29   3   7 
  7  37  49  24  19  43   2  29  40  28  27  49   3  15   1  14   8   6   1  47   2  23   8  45  49  42  25  37   8  27  33  20   1  11  43  30  35  25  35  12   0  10  44  41  12   4  37  29  48  17 
  7  40   9  39  19  17   9  17  41  21  24   3   9  33  37  31   5  34  21  44  24  39  16   8  44  20  24  37  14   3  37  47  11  45  21  32  42  43  48   9  35   0   2   5  16  34  44   9  49  26 
 19  35  19   1  37  11  25  46  43  35  26  29   4  10  22  20  27  14  22  44  22   5  41  14  46  42  18  14  15  13  27  23  33  22  23  19  13   8  33  43   1  20   0   8  35  26  31  22  17  10 
 18  46  35   7   8   3  14  28  36  24  43  22  28  27  41  14  16   4  49  16  49  32  40  29   3  32  30  12  22  48  17  11   9  44  20  21   3   3  14  34  11  35  33   0   3  14   9  40  45   5 
  2  30  16   2   5  42  16  49  39  10  27  13  30  36  18  16   1   9  20  12  13  21  35  41  19  12   9  39  15  31  25  49   1  21  44   2  22  48   6   7  13   5   6  36   0  29  26  13   1  25 
 13   7  25   8  21  34  42  37   2  32  46  48  14  19  49  40  13  38  16   6  20  19  13   7  12  25  35  47  48   3  15  47  11  16  42  23  31   1  49   2  16   7  36   1  48   0   1  25  35  46 
 49  23   6  34  15  41   4  39   7  16  39  45  28   6   8  39  41   2  38   3  44  20  27  48  10   8   3  49  10  18  47  29  12  22  49  21  49  30  23  31  32   2  20  28  10  12   0   1  24   2 
 43  16  15  27  37  17  33  28  46   7  15   3  47  36  44   7   9   1   7  15  12   1  47  24  30  35  14  18   4  47  19  43  13  47   1  40  38  28  20  32  35   5   4  22  26  10  13   0  44  22 
 18  14  18  18  19   9  15  45  31  41  41  24  34   9  27   9  31  46  49  38  22  10  48  20   6  13  45   3   9  47  13  30  43  29   2   1   4  46  18  22  20  10  32  31  11  36  36  10   0  49 
 42   7   4  43  41   8  35  36  49  26  13   1  24  44  11   9   9  31   1  47  26  20  40  16  35  15  22   1  27  49  45  28  22   6  41  39  11  32  39  10  38  16  22  49   1  27  32   2   2   0 
M3
  0  27   9  14  22  31   4  19  21  41  18  40  33  22  49  34  41  28  22  37   3  28   2  21  40  37  33  33  14  38  37   7  19  34   4  38  30  18  26   3  32   6  20   2  48  33  16  42   5  36 
 16   0  46   4  45  44  13  38  46  45  26  37  40  23  30  23  12  42  33  28  22   5  24   6   2  32  16   4  36  21  16  49  47  20  44  24  14   9  12  20  32   8   3   8  28  48  10  27  22   2 
 22  14   0  21  32  21  49  21  25  14   2  19  25   6  23  24  21  19  10  32  11   7  33  16   6  20  21  43  48  30  13  12   5  27  45   2  42  45  26   1  46  36  34  23  47  27  30  25  10  48 
  8  30   4   0  30  22  43   2  13   9  16   7  19  48  15  37   2  21   7  49  17  16  18  27   8  13  18   6  39  31   3  19   7  14  30   6  45  44  25   4  25  41  40  45   1   8  22   5  28  19 
  9  14   4  32   0  29   6  33   2   8  37  21  26  31  11  15  12  47  21  34  47  22  14  10   5  42  14  26  31  42  29  17  11  41  21  45   3   1  23  29  18  34   1  49   6   3  19  19  19   3 
 27  26  17   6  32   0  26  38   6  25  26   7  23  45  10   7  22  43  31   8  32  35   6  14   4  25  27  28  30  28  38   6   8   1  21  45  48  33   8  49  19  38  26  14   9  36  34   6  19   1 
 15  31  20  37  41  42   0  44  33  19   3  32  19  25  28   9  18  11  12  45  45   8  31  20  43  20  47  13   3  22  30  34  39  23  21  27  36  27  33  19  24  46  12   6  19  38   3  47  30  16 
  1  27  27  29   1  14   8   0  39  11  47   9   8  43  42  40  21  46   6  35  11  48  24  42  14  43  23  19  22  42   6  26   9  15  28  32  29  23   6  25  19  30   4  25  28  45  35   3  33   1 
 32  25  36   4  16  14  34  47   0  40  10  46  11   2   4  42  39  15   5   7  47  10  30  19  36   1  40  25  24  12   1  42  17   7  44  39   7  12  35  45  14  33  23  29  34   8  20  32  36  48 
 49  43  46  42  19  49   6   7  26   0  34  29  41   2  37  18  11  34  22  47   2  31  26   9  40  11   6   4  42  33  29  40   2  33   5  39  37  19  10  47   4   8  34  36   6   9   5  14  38  27 
 38  22   7  25  34  48  48  31  48   7   0  27  33  15  31  13  18  26  25  17  17  30  40  40  13  18  30  20  19  32  44  16   4   9   2  14  40  48   6   1  47   4  44  29  49  34  31  49  30  41 
 26   3  20  20  15  40  21  23  30  12   4   0  39   6  24  32  36  46  39   7  19  30  47  34  44   7  26  25  25  29   6  38  25  42   9  28  21  32   5   9   1  10  15  27  39  23  22   2  33  27 
 39  34  23  10  41  24  13  41   4  42  44  38   0  13  11   5  38   2   6  12  22  34  12  21  42  11  30  44  27  11   4  29  13   3  13  37  24  15  39  45  17  43  10  14   8   5  10   9  14   5 
 26  12   6   8  37  10  23  24   9  32  38  12  45   0  20  36  43  27   1  37  13   7  16  46  19   5  45   9  41  34  47  24  11   4  45  48  29   2  10  40  40  13  21  44  34  10  42  40   7  20 
  6  27  35  30  14  33  22  30  43  18   8  45   9  29   0   4  26  20  40  10  18  49  43  19  47  39  15  20  20  39  15  43   7  43   6  19   4   5   9   3  19  23  34  11   9  41  17  47  45  47 
 33  25  20   1  47   3  39  39   7  14  40  27  29  20  17   0  24  30  27  37  48  46  14   7  44  29  31  38  34  49  15   3  11   9  20  36  37  19  39  21  28  23  32  25  47  26  28  21  43   4 
 37  24  39  40  19   7  25  12  47   3  21  15  15  49  45  42   0  30   4  18  39   3  34  14  46  38  15  15  16  32  15  16  23  40  19  45  24  39  20  48  16  12  14  30  10  47  41  40  49  38 
 13  29  34  41   4  39  49  32  34   1  32  25  20  34  10  28  39   0   2  35  43  40   9  28  42  28  18  11  33  37  20  43  22  10  37  27   6  12  34  11  14  32  14  12  48   5   7  18  46  21 
 48   9  22  29  14  45  20   4  17  27  23  30  16  29  16  22  17   9   0  12  11   2  38  40  10  20  47  42  46  40   3  14  24  14  35  13  30  22  33   5  29  26  41  47   3  49   9  44   6  20 
 16   5  37  25  29  33  37   1  24  41  24  18   3  25   6  29  35  11  27   0  36  29  10   6  18  23  13  17  41  47  25  10  17  25   5  33  39   1  10  26  24  22  19  39  48  47   3  39  37  45 
 23  47  42  38  28  17  40  47   9  36  22  44  37  38  32  31  44  30  28   5   0   8  23  43  37  33  45   9  16  15  42  46  15  15  49  43  18  22  34  12  46  42  36  41  22  44  20  45  25   1 
 35   9  11  11   9  21   4  23  24   1  37  48  35   1  32  26  10   8  33  26  39   0  23  41   7  34  46  38  10  29  32  10  44  45  33  41   9  31  48  15  15  36  23  13  21  38  33   8   2   4 
 13   1  45   8   9  17   8   6  24  42  45   2  22   8   4  24  36  46  18  16  14   7   0  17  41  11   6   3  45  12  13  32   1   5  36   2  39   3   1  18  14   9  34  31  49  38  35  37  39  19 
  3  17   5   9  38  38  18   3  27  20  39  44   7  33  35  27  26  16  34  26   7  31  44   0  28  42  20  19  16  16  26  15  48   5  26  31  36   4   5  14  27  19  28  26   6   4  41  22  13   1 
 45  11  12   2  32  15   8  26  19  41  36  46   1  43  31  48  36  31   1  16  25  16  25  21   0  32  26  25  39  19  38   5  45  33   5   9  16  16  24  15  35  17   9  18  32   1  21  44  44   3 
  1   5  29  36  44  16  16  31  48  22  10  45   8  48  49  44  27  31  17  37  26  31  18  12   7   0  16   7  24  31  13  14  32  23  15  23  22  49  34  35  30  32  28  34  23  10  17   5  29  37 
 27  29  14  20   5  35  34   4  22  26  31  34   5  49  20  38  19  27  32   8   1  39  17  23  20  34   0  36  14  37  48  43  32  49  14  22  12   5  11  10  49  48  32  34   1  13  11  18   9  39 
 43  44  45  42  42  44  18  13  21  21  16  13  45  49  43  27  36  16  27  44  46  40  11  16  49  41  23   0   3  32  33   1  15  28   7  14  26  30  28  35  37   7  37  17  39  10  22  16  26  37 
 20   2  41   5  20  43  20  12  36  44  37  28  18  28  17  19  11  32  10  33  30  35  10   6  41  33  30  48   0  23  30   4   9   3  47  38  24  25  29  14   9  25  16  47  19  12  22   2  30   8 
 31  49  36  37  10  23  38  12   3   7  47   7  23  18   7  11  41  38  36  47  41  23  10  45  17  38  32  43  31   0  11  37  29  35  36  14  30   8  43  27  34  24  14  31   2  41   1  11  22   8 
 22  32  13  27   8  16  18   8  32  23  48  15  16  10  49  17   5  40  14  49  39  29   7  10  36   4  27  36  20  20   0   4  13  21  13  20  49  34   6  28  45  42  26  35  10  20  41  35  11  41 
 18  45  41   2  33  34  27   6  21   6  44  20  45  15   2   3   2   1  12  30  29  11  30  28  15  25  41  36  23  26   9   0  11  46   9  21  22  36  23  15   8  46   7   3  45  40  32   3  19   4 
 17  10  40  15  36  29   4  23   3  22  20  31  28  39  30   5  33   2   3  32  13  26  22  45  13  43  43  46  37  31   9  15   0  30  39  25  37  19  36  32   7   4  36   1  30  14  35  39  18   1 
 25  14  45  25  48  24  48   1  45  41  38  41  10   5  13  43   7  13  18  46  19  23  49  40  37   1  30  32  26   3   7  18  27   0  28  31  25  34  29  38  28  48   9  43  35  49   1  16  32   4 
 49  40   6   8   6   1  14   7  46  21  32  48  24  20  30  39   1  18   4  18  18  26  19  43  11  15  19  12  48  24  42  16  41  43   0  25  20  41   7  29  33  21  14  26  11   7  17  37  23  16 
  6  43  41   4   6  32  19   7  25  33   5  18  29  33  45  48  34  42   9  27   9   6  32  12  40  38  30  27  43  32   2   3  12  35  13   0  19  41  41  26  35  33   5  19  30   2  31  13  45  24 
 14  20  46   6   3  20  37  25  17  39  12  42  34  49   8  32  31   9  31  33  13  24  25   1  18  22   3   6  19  31   1  11   9   9   3   3   0  39  32  33  36  35  33   9  18  25  38   8  21  36 
  6   6  27  16  42  24  42  11  41  32  30  44  43  47  25  23   1  10   7  28   7  44  41  14  23  23  29  19  42   2  32  19   9  46  19  42  31   0  28  39  19  47  13  35  17  44  31  12  22  28 
  1  28  48   8  17  42  21  37   9  20  36  34  24  47   6  13  27  46  14  24  41  46  10  45  17  38  41   6  11  21  30  32  29  26   7   7  17  35   0  12  31   4  33  23  49  25  47   4   6   5 
 11  39  44  31  45  26  30  18   7  42  38  38  22  44  40  18   9  49  33  48  20   1  41  22  42  26   8  40  17  39  13  26  35  28  20  14  28   7  38   0   3  15   3  47  29   3  13  29   3   7 
  7  37  49  24  19  43   2  29  40  28  27  49   3  15   1  14   8   6   1  47   2  23   8  45  49  42  25  37   8  27  33  20   1  11  43  30  35  25  35  12   0  10  44  41  12   4  37  29  48  17 
  7  40   9  39  19  17   9  17  41  21  24   3   9  33  37  31   5  34  21  44  24  39  16   8  44  20  24  37  14   3  37  47  11  45  21  32  42  43  48   9  35   0   2   5  16  34  44   9  49  26 
 19  35  19   1  37  11  25  46  43  35  26  29   4  10  22  20  27  14  22  44  22   5  41  14  46  42  18  14  15  13  27  23  33  22  23  19  13   8  33  43   1  20   0   8  35  26  31  22  17  10 
 18  46  35   7   8   3  14  28  36  24  43  22  28  27  41  14  16   4  49  16  49  32  40  29   3  32  30  12  22  48  17  11   9  44  20  21   3   3  14  34  11  35  33   0   3  14   9  40  45   5 
  2  30  16   2   5  42  16  49  39  10  27  13  30  36  18  16   1   9  20  12  13  21  35  41  19  12   9  39  15  31  25  49   1  21  44   2  22  48   6   7  13   5   6  36   0  29  26  13   1  25 
 13   7  25   8  21  34  42  37   2  32  46  48  14  19  49  40  13  38  16   6  20  19  13   7  12  25  35  47  48   3  15  47  11  16  42  23  31   1  49   2  16   7  36   1  48   0   1  25  35  46 
 49  23   6  34  15  41   4  39   7  16  39  45  28   6   8  39  41   2  38   3  44  20  27  48  10   8   3  49  10  18  47  29  12  22  49  21  49  30  23  31  32   2  20  28  10  12   0   1  24   2 
 43  16  15  27  37  17  33  28  46   7  15   3  47  36  44   7   9   1   7  15  12   1  47  24  30  35  14  18   4  47  19  43  13  47   1  40  38  28  20  32  35   5   4  22  26  10  13   0  44  22 
 18  14  18  18  19   9  15  45  31  41  41  24  34   9  27   9  31  46  49  38  22  10  48  20   6  13  45   3   9  47  13  30  43  29   2   1   4  46  18  22  20  10  32  31  11  36  36  10   0  49 
 42   7   4  43  41   8  35  36  49  26  13   1  24  44  11   9   9  31   1  47  26  20  40  16  35  15  22   1  27  49  45  28  22   6  41  39  11  32  39  10  38  16  22  49   1  27  32   2   2   0 
M4
  0  27   9  14  22  31   4  19  21  41  18  40  33  22  49  34  41  28  22  37   3  28   2  21  40  37  33  33  14  38  37   7  19  34   4  38  30  18  26   3  32   6  20   2  48  33  16  42   5  36 
 16   0  46   4  45  44  13  38  46  45  26  37  40  23  30  23  12  42  33  28  22   5  24   6   2  32  16   4  36  21  16  49  47  20  44  24  14   9  12  20  32   8   3   8  28  48  10  27  22   2 
 22  14   0  21  32  21  49  21  25  14   2  19  25   6  23  24  21  19  10  32  11   7  33  16   6  20  21  43  48  30  13  12   5  27  45   2  42  45  26   1  46  36  34  23  47  27  30  25  10  48 
  8  30   4   0  30  22  43   2  13   9  16   7  19  48  15  37   2  21   7  49  17  16  18  27   8  13  18   6  39  31   3  19   7  14  30   6  45  44  25   4  25  41  40  45   1   8  22   5  28  19 
  9  14   4  32   0  29   6  33   2   8  37  21  26  31  11  15  12  47  21  34  47  22  14  10   5  42  14  26  31  42  29  17  11  41  21  45   3   1  23  29  18  34   1  49   6   3  19  19  19   3 
 27  26  17   6  32   0  26  38   6  25  26   7  23  45  10   7  22  43  31   8  32  35   6  14   4  25  27  28  30  28  38   6   8   1  21  45  48  33   8  49  19  38  26  14   9  36  34   6  19   1 
 15  31  20  37  41  42   0  44  33  19   3  32  19  25  28   9  18  11  12  45  45   8  31  20  43  20  47  13   3  22  30  34  39  23  21  27  36  27  33  19  24  46  12   6  19  38   3  47  30  16 
  1  27  27  29   1  14   8   0  39  11  47   9   8  43  42  40  21  46   6  35  11  48  24  42  14  43  23  19  22  42   6  26   9  15  28  32  29  23   6  25  19  30   4  25  28  45  35   3  33   1 
 32  25  36   4  16  14  34  47   0  40  10  46  11   2   4  42  39  15   5   7  47  10  30  19  36   1  40  25  24  12   1  42  17   7  44  39   7  12  35  45  14  33  23  29  34   8  20  32  36  48 
 49  43  46  42  19  49   6   7  26   0  34  29  41   2  37  18  11  34  22  47   2  31  26   9  40  11   6   4  42  33  29  40   2  33   5  39  37  19  10  47   4   8  34  36   6   9   5  14  38  27 
 38  22   7  25  34  48  48  31  48   7   0  27  33  15  31  13  18  26  25  17  17  30  40  40  13  18  30  20  19  32  44  16   4   9   2  14  40  48   6   1  47   4  44  29  49  34  31  49  30  41 
 26   3  20  20  15  40  21  23  30  12   4   0  39   6  24  32  36  46  39   7  19  30  47  34  44   7  26  25  25  29   6  38  25  42   9  28  21  32   5   9   1  10  15  27  39  23  22   2  33  27 
 39  34  23  10  41  24  13  41   4  42  44  38   0  13  11   5  38   2   6  12  22  34  12  21  42  11  30  44  27  11   4  29  13   3  13  37  24  15  39  45  17  43  10  14   8   5  10   9  14   5 
 26  12   6   8  37  10  23  24   9  32  38  12  45   0  20  36  43  27   1  37  13   7  16  46  19   5  45   9  41  34  47  24  11   4  45  48  29   2  10  40  40  13  21  44  34  10  42  40   7  20 
  6  27  35  30  14  33  22  30  43  18   8  45   9  29   0   4  26  20  40  10  18  49  43  19  47  39  15  20  20  39  15  43   7  43   6  19   4   5   9   3  19  23  34  11   9  41  17  47  45  47 
 33  25  20   1  47   3  39  39   7  14  40  27  29  20  17   0  24  30  27  37  48  46  14   7  44  29  31  38  34  49  15   3  11   9  20  36  37  19  39  21  28  23  32  25  47  26  28  21  43   4 
 37  24  39  40  19   7  25  12  47   3  21  15  15  49  45  42   0  30   4  18  39   3  34  14  46  38  15  15  16  32  15  16  23  40  19  45  24  39  20  48  16  12  14  30  10  47  41  40  49  38 
 13  29  34  41   4  39  49  32  34   1  32  25  20  34  10  28  39   0   2  35  43  40   9  28  42  28  18  11  33  37  20  43  22  10  37  27   6  12  34  11  14  32  14  12  48   5   7  18  46  21 
 48   9  22  29  14  45  20   4  17  27  23  30  16  29  16  22  17   9   0  12  11   2  38  40  10  20  47  42  46  40   3  14  24  14  35  13  30  22  33   5  29  26  41  47   3  49   9  44   6  20 
 16   5  37  25  29  33  37   1  24  41  24  18   3  25   6  29  35  11  27   0  36  29  10   6  18  23  13  17  41  47  25  10  17  25   5  33  39   1  10  26  24  22  19  39  48  47   3  39  37  45 
 23  47  42  38  28  17  40  47   9  36  22  44  37  38  32  31  44  30  28   5   0   8  23  43  37  33  45   9  16  15  42  46  15  15  49  43  18  22  34  12  46  42  36  41  22  44  20  45  25   1 
 35   9  11  11   9  21   4  23  24   1  37  48  35   1  32  26  10   8  33  26  39   0  23  41   7  34  46  38  10  29  32  10  44  45  33  41   9  31  48  15  15  36  23  13  21  38  33   8   2   4 
 13   1  45   8   9  17   8   6  24  42  45   2  22   8   4  24  36  46  18  16  14   7   0  17  41  11   6   3  45  12  13  32   1   5  36   2  39   3   1  18  14   9  34  31  49  38  35  37  39  19 
  3  17   5   9  38  38  18   3  27  20  39  44   7  33  35  27  26  16  34  26   7  31  44   0  28  42  20  19  16  16  26  15  48   5  26  31  36   4   5  14  27  19  28  26   6   4  41  22  13   1 
 45  11  12   2  32  15   8  26  19  41  36  46   1  43  31  48  36  31   1  16  25  16  25  21   0  32  26  25  39  19  38   5  45  33   5   9  16  16  24  15  35  17   9  18  32   1  21  44  44   3 
  1   5  29  36  44  16  16  31  48  22  10  45   8  48  49  44  27  31  17  37  26  31  18  12   7   0  16   7  24  31  13  14  32  23  15  23  22  49  34  35  30  32  28  34  23  10  17   5  29  37 
 27  29  14  20   5  35  34   4  22  26  31  34   5  49  20  38  19  27  32   8   1  39  17  23  20  34   0  36  14  37  48  43  32  49  14  22  12   5  11  10  49  48  32  34   1  13  11  18   9  39 
 43  44  45  42  42  44  18  13  21  21  16  13  45  49  43  27  36  16  27  44  46  40  11  16  49  41  23   0   3  32  33   1  15  28   7  14  26  30  28  35  37   7  37  17  39  10  22  16  26  37 
 20   2  41   5  20  43  20  12  36  44  37  28  18  28  17  19  11  32  10  33  30  35  10   6  41  33  30  48   0  23  30   4   9   3  47  38  24  25  29  14   9  25  16  47  19  12  22   2  30   8 
 31  49  36  37  10  23  38  12   3   7  47   7  23  18   7  11  41  38  36  47  41  23  10  45  17  38  32  43  31   0  11  37  29  35  36  14  30   8  43  27  34  24  14  31   2  41   1  11  22   8 
 22  32  13  27   8  16  18   8  32  23  48  15  16  10  49  17   5  40  14  49  39  29   7  10  36   4  27  36  20  20   0   4  13  21  13  20  49  34   6  28  45  42  26  35  10  20  41  35  11  41 
 18  45  41   2  33  34  27   6  21   6  44  20  45  15   2   3   2   1  12  30  29  11  30  28  15  25  41  36  23  26   9   0  11  46   9  21  22  36  23  15   8  46   7   3  45  40  32   3  19   4 
 17  10  40  15  36  29   4  23   3  22  20  31  28  39  30   5  33   2   3  32  13  26  22  45  13  43  43  46  37  31   9  15   0  30  39  25  37  19  36  32   7   4  36   1  30  14  35  39  18   1 
 25  14  45  25  48  24  48   1  45  41  38  41  10   5  13  43   7  13  18  46  19  23  49  40  37   1  30  32  26   3   7  18  27   0  28  31  25  34  29  38  28  48   9  43  35  49   1  16  32   4 
 49  40   6   8   6   1  14   7  46  21  32  48  24  20  30  39   1  18   4  18  18  26  19  43  11  15  19  12  48  24  42  16  41  43   0  25  20  41   7  29  33  21  14  26  11   7  17  37  23  16 
  6  43  41   4   6  32  19   7  25  33   5  18  29  33  45  48  34  42   9  27   9   6  32  12  40  38  30  27  43  32   2   3  12  35  13   0  19  41  41  26  35  33   5  19  30   2  31  13  45  24 
 14  20  46   6   3  20  37  25  17  39  12  42  34  49   8  32  31   9  31  33  13  24  25   1  18  22   3   6  19  31   1  11   9   9   3   3   0  39  32  33  36  35  33   9  18  25  38   8  21  36 
  6   6  27  16  42  24  42  11  41  32  30  44  43  47  25  23   1  10   7  28   7  44  41  14  23  23  29  19  42   2  32  19   9  46  19  42  31   0  28  39  19  47  13  35  17  44  31  12  22  28 
  1  28  48   8  17  42  21  37   9  20  36  34  24  47   6  13  27  46  14  24  41  46  10  45  17  38  41   6  11  21  30  32  29  26   7   7  17  35   0  12  31   4  33  23  49  25  47   4   6   5 
 11  39  44  31  45  26  30  18   7  42  38  38  22  44  40  18   9  49  33  48  20   1  41  22  42  26   8  40  17  39  13  26  35  28  20  14  28   7  38   0   3  15   3  47  29   3  13  29   3   7 
  7  37  49  24  19  43   2  29  40  28  27  49   3  15   1  14   8   6   1  47   2  23   8  45  49  42  25  37   8  27  33  20   1  11  43  30  35  25  35  12   0  10  44  41  12   4  37  29  48  17 
  7  40   9  39  19  17   9  17  41  21  24   3   9  33  37  31   5  34  21  44  24  39  16   8  44  20  24  37  14   3  37  47  11  45  21  32  42  43  48   9  35   0   2   5  16  34  44   9  49  26 
 19  35  19   1  37  11  25  46  43  35  26  29   4  10  22  20  27  14  22  44  22   5  41  14  46  42  18  14  15  13  27  23  33  22  23  19  13   8  33  43   1  20   0   8  35  26  31  22  17  10 
 18  46  35   7   8   3  14  28  36  24  43  22  28  27  41  14  16   4  49  16  49  32  40  29   3  32  30  12  22  48  17  11   9  44  20  21   3   3  14  34  11  35  33   0   3  14   9  40  45   5 
  2  30  16   2   5  42  16  49  39  10  27  13  30  36  18  16   1   9  20  12  13  21  35  41  19  12   9  39  15  31  25  49   1  21  44   2  22  48   6   7  13   5   6  36   0  29  26  13   1  25 
 13   7  25   8  21  34  42  37   2  32  46  48  14  19  49  40  13  38  16   6  20  19  13   7  12  25  35  47  48   3  15  47  11  16  42  23  31   1  49   2  16   7  36   1  48   0   1  25  35  46 
 49  23   6  34  15  41   4  39   7  16  39  45  28   6   8  39  41   2  38   3  44  20  27  48  10   8   3  49  10  18  47  29  12  22  49  21  49  30  23  31  32   2  20  28  10  12   0   1  24   2 
 43  16  15  27  37  17  33  28  46   7  15   3  47  36  44   7   9   1   7  15  12   1  47  24  30  35  14  18   4  47  19  43  13  47   1  40  38  28  20  32  35   5   4  22  26  10  13   0  44  22 
 18  14  18  18  19   9  15  45  31  41  41  24  34   9  27   9  31  46  49  38  22  10  48  20   6  13  45   3   9  47  13  30  43  29   2   1   4  46  18  22  20  10  32  31  11  36  36  10   0  49 
 42   7   4  43  41   8  35  36  49  26  13   1  24  44  11   9   9  31   1  47  26  20  40  16  35  15  22   1  27  49  45  28  22   6  41  39  11  32  39  10  38  16  22  49   1  27  32   2   2   0 
Reldue
  880    1    8
 1120    7    1
 1622    3    7
  732    3    7
 1444    9    4
 1264    1    5
 1207    3    7
  801    9    5
 1038    1    4
  360    1    3
 1362    9    7
 1240    3    6
  713    7    8
  734    1    2
 1155    7    6
 1082    8    9
 1017    2    6
 1009    7    6
  793    8    8
 1007    4    2
 1168    7    4
  286    2    5
  398    1    9
  427    3    9
 1382    3    2
 1595    2    2
 1109    4    4
  741    9    7
  848    8    9
 1203    4    7
 1525    3    8
  652    8    2
  937    6    7
 1527    5    1
  447    3    6
  889    9    3
 1398    1    5
  404    7    8
  937    2    4
 1522    5    9
  361    6    6
 1637    1    7
  670    8    1
 1383    1    7
  981    8    3
 1738    5    4
 1529    7    9
  604    3    5
  628    4    4
 1756    5    3
DDW
  832   928
 1019  1220
 1475  1768
  668   796
 1362  1527
 1158  1369
 1118  1295
  725   878
  938  1139
  339   382
 1250  1475
 1170  1309
  668   758
  693   775
 1098  1213
 1002  1161
  951  1082
  955  1063
  732   854
  916  1097
 1066  1270
  262   309
  363   433
  397   457
 1271  1493
 1495  1695
  998  1219
  695   787
  793   904
 1084  1323
 1436  1613
  590   713
  875   999
 1446  1609
  405   490
  840   938
 1320  1477
  372   436
  846  1029
 1413  1631
  338   384
 1510  1764
  623   717
 1278  1488
  885  1077
 1616  1860
 1418  1639
  555   654
  589   667
 1668  1844
