20  10
MD
  4  4  4  2  3  4  2  3  5  2
PT
 53  36  67  96  75  49  54  86  95   3   5   7  12  92  76  90   1  20  27  22 
 35  43  19  18  42  69  57  48  26  96  70  73  22  12  20  85  38  46  59  53 
 92  17  31  69  92  98  41  85  83  83  86  93  24  54  80   2  28  36  27  91 
 16  31  49  95   5  52  80  69  98  84   2  47  82  11  28  85  92  78  82  64 
 73  44  79  36  58  42  61  51  20  89  54  96  96  37  22  50  24  78  57  89 
 76  18  64  21  47  63  81  92   5  93  36  88  15  12  66  45  75  98  58   5 
 68  95  78  43  18  53   4  41   2  80  55  79  13  42  97  89  50  46   3  86 
 39  92  48  57  63  78  99  76  67  94  99  40  28  11  14  22  63  37  39  84 
 82  78  26  45  61  78  75  17  40  95  24  84  77  98  91  68  10  59  91  96 
 79  12  63  74  71   5   5  50  82  38  63  57  41  65  98  56  72  79  23  45 
SSD
M0
  0  22  24  33  23  11  23  21  48   7  22  44  47   8  43  26  36   3   4  33 
  3   0   9  48  35  41  30  38  22  26  32  49   2  16  39  34  20  29  32  40 
  6  20   0  35  39  30   6  23  13  18   6  26  37  47  29  38  47  21  36  11 
  2  40   2   0  44  35   2  45   7   7   6  17  38  12  11  29  34   8   1  34 
 46  26  44  10   0  26  18  17  24  13  35  23  35   3  16  22  41  20  46  43 
 28   8  49  10  10   0  39  15   4  16  16  36  44  44  41   7  44   1  10   1 
 30  27   2  48  44  41   0  39   9  28   1  17  33  36  14   7  15   2  46  33 
 42  27  34  27  44  17  20   0  37   6  31  37  30  31  35  26  41  21   4  42 
  2  27  23  21  29  49  31  20   0  28  10  47  34  39  12   8  30  49  19  43 
 43  10  32  38  27  17  33  14  28   0  10  16  15  31  25  13   7   1   2  32 
 27  20  48   8  26  45  42  15  46  38   0  23  27  30  19  23  42  14  46  10 
 29   7  21   8  29  17  36  27  37  35  38   0   8  44   2  10  13   6  12  20 
 16  17  26  37   2  30   9  17  33  37  48  14   0  20  26  45  24  13   6  44 
 41  26   6   3  21  49  17  40  48  28  46  41  45   0  10  48  38  41  28  15 
 10  25   9  32  14  35  25  27  31  41  34  45  14  48   0  44  28  44  41  31 
 24  12   3  27  44   7  22  35  17  11  30   1   5  11  14   0   6  33   5  14 
 11  28  31  16  13  34  36  31  45  37   6   3  27  49  47  39   0   5  12   7 
 30   1  39   8  23  25  13  13  48  43   4  35   2   6  11  34  26   0  38  17 
 11  39  44  31  47   8  23  35  34  21  37  14  21  12  43  49  22  29   0  42 
  6  16  25  48  44  12  41  18   8  33  15  22  10  36  21  44  28  17  32   0 
M1
  0  22  24  33  23  11  23  21  48   7  22  44  47   8  43  26  36   3   4  33 
  3   0   9  48  35  41  30  38  22  26  32  49   2  16  39  34  20  29  32  40 
  6  20   0  35  39  30   6  23  13  18   6  26  37  47  29  38  47  21  36  11 
  2  40   2   0  44  35   2  45   7   7   6  17  38  12  11  29  34   8   1  34 
 46  26  44  10   0  26  18  17  24  13  35  23  35   3  16  22  41  20  46  43 
 28   8  49  10  10   0  39  15   4  16  16  36  44  44  41   7  44   1  10   1 
 30  27   2  48  44  41   0  39   9  28   1  17  33  36  14   7  15   2  46  33 
 42  27  34  27  44  17  20   0  37   6  31  37  30  31  35  26  41  21   4  42 
  2  27  23  21  29  49  31  20   0  28  10  47  34  39  12   8  30  49  19  43 
 43  10  32  38  27  17  33  14  28   0  10  16  15  31  25  13   7   1   2  32 
 27  20  48   8  26  45  42  15  46  38   0  23  27  30  19  23  42  14  46  10 
 29   7  21   8  29  17  36  27  37  35  38   0   8  44   2  10  13   6  12  20 
 16  17  26  37   2  30   9  17  33  37  48  14   0  20  26  45  24  13   6  44 
 41  26   6   3  21  49  17  40  48  28  46  41  45   0  10  48  38  41  28  15 
 10  25   9  32  14  35  25  27  31  41  34  45  14  48   0  44  28  44  41  31 
 24  12   3  27  44   7  22  35  17  11  30   1   5  11  14   0   6  33   5  14 
 11  28  31  16  13  34  36  31  45  37   6   3  27  49  47  39   0   5  12   7 
 30   1  39   8  23  25  13  13  48  43   4  35   2   6  11  34  26   0  38  17 
 11  39  44  31  47   8  23  35  34  21  37  14  21  12  43  49  22  29   0  42 
  6  16  25  48  44  12  41  18   8  33  15  22  10  36  21  44  28  17  32   0 
M2
  0  22  24  33  23  11  23  21  48   7  22  44  47   8  43  26  36   3   4  33 
  3   0   9  48  35  41  30  38  22  26  32  49   2  16  39  34  20  29  32  40 
  6  20   0  35  39  30   6  23  13  18   6  26  37  47  29  38  47  21  36  11 
  2  40   2   0  44  35   2  45   7   7   6  17  38  12  11  29  34   8   1  34 
 46  26  44  10   0  26  18  17  24  13  35  23  35   3  16  22  41  20  46  43 
 28   8  49  10  10   0  39  15   4  16  16  36  44  44  41   7  44   1  10   1 
 30  27   2  48  44  41   0  39   9  28   1  17  33  36  14   7  15   2  46  33 
 42  27  34  27  44  17  20   0  37   6  31  37  30  31  35  26  41  21   4  42 
  2  27  23  21  29  49  31  20   0  28  10  47  34  39  12   8  30  49  19  43 
 43  10  32  38  27  17  33  14  28   0  10  16  15  31  25  13   7   1   2  32 
 27  20  48   8  26  45  42  15  46  38   0  23  27  30  19  23  42  14  46  10 
 29   7  21   8  29  17  36  27  37  35  38   0   8  44   2  10  13   6  12  20 
 16  17  26  37   2  30   9  17  33  37  48  14   0  20  26  45  24  13   6  44 
 41  26   6   3  21  49  17  40  48  28  46  41  45   0  10  48  38  41  28  15 
 10  25   9  32  14  35  25  27  31  41  34  45  14  48   0  44  28  44  41  31 
 24  12   3  27  44   7  22  35  17  11  30   1   5  11  14   0   6  33   5  14 
 11  28  31  16  13  34  36  31  45  37   6   3  27  49  47  39   0   5  12   7 
 30   1  39   8  23  25  13  13  48  43   4  35   2   6  11  34  26   0  38  17 
 11  39  44  31  47   8  23  35  34  21  37  14  21  12  43  49  22  29   0  42 
  6  16  25  48  44  12  41  18   8  33  15  22  10  36  21  44  28  17  32   0 
M3
  0  22  24  33  23  11  23  21  48   7  22  44  47   8  43  26  36   3   4  33 
  3   0   9  48  35  41  30  38  22  26  32  49   2  16  39  34  20  29  32  40 
  6  20   0  35  39  30   6  23  13  18   6  26  37  47  29  38  47  21  36  11 
  2  40   2   0  44  35   2  45   7   7   6  17  38  12  11  29  34   8   1  34 
 46  26  44  10   0  26  18  17  24  13  35  23  35   3  16  22  41  20  46  43 
 28   8  49  10  10   0  39  15   4  16  16  36  44  44  41   7  44   1  10   1 
 30  27   2  48  44  41   0  39   9  28   1  17  33  36  14   7  15   2  46  33 
 42  27  34  27  44  17  20   0  37   6  31  37  30  31  35  26  41  21   4  42 
  2  27  23  21  29  49  31  20   0  28  10  47  34  39  12   8  30  49  19  43 
 43  10  32  38  27  17  33  14  28   0  10  16  15  31  25  13   7   1   2  32 
 27  20  48   8  26  45  42  15  46  38   0  23  27  30  19  23  42  14  46  10 
 29   7  21   8  29  17  36  27  37  35  38   0   8  44   2  10  13   6  12  20 
 16  17  26  37   2  30   9  17  33  37  48  14   0  20  26  45  24  13   6  44 
 41  26   6   3  21  49  17  40  48  28  46  41  45   0  10  48  38  41  28  15 
 10  25   9  32  14  35  25  27  31  41  34  45  14  48   0  44  28  44  41  31 
 24  12   3  27  44   7  22  35  17  11  30   1   5  11  14   0   6  33   5  14 
 11  28  31  16  13  34  36  31  45  37   6   3  27  49  47  39   0   5  12   7 
 30   1  39   8  23  25  13  13  48  43   4  35   2   6  11  34  26   0  38  17 
 11  39  44  31  47   8  23  35  34  21  37  14  21  12  43  49  22  29   0  42 
  6  16  25  48  44  12  41  18   8  33  15  22  10  36  21  44  28  17  32   0 
M4
  0  22  24  33  23  11  23  21  48   7  22  44  47   8  43  26  36   3   4  33 
  3   0   9  48  35  41  30  38  22  26  32  49   2  16  39  34  20  29  32  40 
  6  20   0  35  39  30   6  23  13  18   6  26  37  47  29  38  47  21  36  11 
  2  40   2   0  44  35   2  45   7   7   6  17  38  12  11  29  34   8   1  34 
 46  26  44  10   0  26  18  17  24  13  35  23  35   3  16  22  41  20  46  43 
 28   8  49  10  10   0  39  15   4  16  16  36  44  44  41   7  44   1  10   1 
 30  27   2  48  44  41   0  39   9  28   1  17  33  36  14   7  15   2  46  33 
 42  27  34  27  44  17  20   0  37   6  31  37  30  31  35  26  41  21   4  42 
  2  27  23  21  29  49  31  20   0  28  10  47  34  39  12   8  30  49  19  43 
 43  10  32  38  27  17  33  14  28   0  10  16  15  31  25  13   7   1   2  32 
 27  20  48   8  26  45  42  15  46  38   0  23  27  30  19  23  42  14  46  10 
 29   7  21   8  29  17  36  27  37  35  38   0   8  44   2  10  13   6  12  20 
 16  17  26  37   2  30   9  17  33  37  48  14   0  20  26  45  24  13   6  44 
 41  26   6   3  21  49  17  40  48  28  46  41  45   0  10  48  38  41  28  15 
 10  25   9  32  14  35  25  27  31  41  34  45  14  48   0  44  28  44  41  31 
 24  12   3  27  44   7  22  35  17  11  30   1   5  11  14   0   6  33   5  14 
 11  28  31  16  13  34  36  31  45  37   6   3  27  49  47  39   0   5  12   7 
 30   1  39   8  23  25  13  13  48  43   4  35   2   6  11  34  26   0  38  17 
 11  39  44  31  47   8  23  35  34  21  37  14  21  12  43  49  22  29   0  42 
  6  16  25  48  44  12  41  18   8  33  15  22  10  36  21  44  28  17  32   0 
M5
  0  22  24  33  23  11  23  21  48   7  22  44  47   8  43  26  36   3   4  33 
  3   0   9  48  35  41  30  38  22  26  32  49   2  16  39  34  20  29  32  40 
  6  20   0  35  39  30   6  23  13  18   6  26  37  47  29  38  47  21  36  11 
  2  40   2   0  44  35   2  45   7   7   6  17  38  12  11  29  34   8   1  34 
 46  26  44  10   0  26  18  17  24  13  35  23  35   3  16  22  41  20  46  43 
 28   8  49  10  10   0  39  15   4  16  16  36  44  44  41   7  44   1  10   1 
 30  27   2  48  44  41   0  39   9  28   1  17  33  36  14   7  15   2  46  33 
 42  27  34  27  44  17  20   0  37   6  31  37  30  31  35  26  41  21   4  42 
  2  27  23  21  29  49  31  20   0  28  10  47  34  39  12   8  30  49  19  43 
 43  10  32  38  27  17  33  14  28   0  10  16  15  31  25  13   7   1   2  32 
 27  20  48   8  26  45  42  15  46  38   0  23  27  30  19  23  42  14  46  10 
 29   7  21   8  29  17  36  27  37  35  38   0   8  44   2  10  13   6  12  20 
 16  17  26  37   2  30   9  17  33  37  48  14   0  20  26  45  24  13   6  44 
 41  26   6   3  21  49  17  40  48  28  46  41  45   0  10  48  38  41  28  15 
 10  25   9  32  14  35  25  27  31  41  34  45  14  48   0  44  28  44  41  31 
 24  12   3  27  44   7  22  35  17  11  30   1   5  11  14   0   6  33   5  14 
 11  28  31  16  13  34  36  31  45  37   6   3  27  49  47  39   0   5  12   7 
 30   1  39   8  23  25  13  13  48  43   4  35   2   6  11  34  26   0  38  17 
 11  39  44  31  47   8  23  35  34  21  37  14  21  12  43  49  22  29   0  42 
  6  16  25  48  44  12  41  18   8  33  15  22  10  36  21  44  28  17  32   0 
M6
  0  22  24  33  23  11  23  21  48   7  22  44  47   8  43  26  36   3   4  33 
  3   0   9  48  35  41  30  38  22  26  32  49   2  16  39  34  20  29  32  40 
  6  20   0  35  39  30   6  23  13  18   6  26  37  47  29  38  47  21  36  11 
  2  40   2   0  44  35   2  45   7   7   6  17  38  12  11  29  34   8   1  34 
 46  26  44  10   0  26  18  17  24  13  35  23  35   3  16  22  41  20  46  43 
 28   8  49  10  10   0  39  15   4  16  16  36  44  44  41   7  44   1  10   1 
 30  27   2  48  44  41   0  39   9  28   1  17  33  36  14   7  15   2  46  33 
 42  27  34  27  44  17  20   0  37   6  31  37  30  31  35  26  41  21   4  42 
  2  27  23  21  29  49  31  20   0  28  10  47  34  39  12   8  30  49  19  43 
 43  10  32  38  27  17  33  14  28   0  10  16  15  31  25  13   7   1   2  32 
 27  20  48   8  26  45  42  15  46  38   0  23  27  30  19  23  42  14  46  10 
 29   7  21   8  29  17  36  27  37  35  38   0   8  44   2  10  13   6  12  20 
 16  17  26  37   2  30   9  17  33  37  48  14   0  20  26  45  24  13   6  44 
 41  26   6   3  21  49  17  40  48  28  46  41  45   0  10  48  38  41  28  15 
 10  25   9  32  14  35  25  27  31  41  34  45  14  48   0  44  28  44  41  31 
 24  12   3  27  44   7  22  35  17  11  30   1   5  11  14   0   6  33   5  14 
 11  28  31  16  13  34  36  31  45  37   6   3  27  49  47  39   0   5  12   7 
 30   1  39   8  23  25  13  13  48  43   4  35   2   6  11  34  26   0  38  17 
 11  39  44  31  47   8  23  35  34  21  37  14  21  12  43  49  22  29   0  42 
  6  16  25  48  44  12  41  18   8  33  15  22  10  36  21  44  28  17  32   0 
M7
  0  22  24  33  23  11  23  21  48   7  22  44  47   8  43  26  36   3   4  33 
  3   0   9  48  35  41  30  38  22  26  32  49   2  16  39  34  20  29  32  40 
  6  20   0  35  39  30   6  23  13  18   6  26  37  47  29  38  47  21  36  11 
  2  40   2   0  44  35   2  45   7   7   6  17  38  12  11  29  34   8   1  34 
 46  26  44  10   0  26  18  17  24  13  35  23  35   3  16  22  41  20  46  43 
 28   8  49  10  10   0  39  15   4  16  16  36  44  44  41   7  44   1  10   1 
 30  27   2  48  44  41   0  39   9  28   1  17  33  36  14   7  15   2  46  33 
 42  27  34  27  44  17  20   0  37   6  31  37  30  31  35  26  41  21   4  42 
  2  27  23  21  29  49  31  20   0  28  10  47  34  39  12   8  30  49  19  43 
 43  10  32  38  27  17  33  14  28   0  10  16  15  31  25  13   7   1   2  32 
 27  20  48   8  26  45  42  15  46  38   0  23  27  30  19  23  42  14  46  10 
 29   7  21   8  29  17  36  27  37  35  38   0   8  44   2  10  13   6  12  20 
 16  17  26  37   2  30   9  17  33  37  48  14   0  20  26  45  24  13   6  44 
 41  26   6   3  21  49  17  40  48  28  46  41  45   0  10  48  38  41  28  15 
 10  25   9  32  14  35  25  27  31  41  34  45  14  48   0  44  28  44  41  31 
 24  12   3  27  44   7  22  35  17  11  30   1   5  11  14   0   6  33   5  14 
 11  28  31  16  13  34  36  31  45  37   6   3  27  49  47  39   0   5  12   7 
 30   1  39   8  23  25  13  13  48  43   4  35   2   6  11  34  26   0  38  17 
 11  39  44  31  47   8  23  35  34  21  37  14  21  12  43  49  22  29   0  42 
  6  16  25  48  44  12  41  18   8  33  15  22  10  36  21  44  28  17  32   0 
M8
  0  22  24  33  23  11  23  21  48   7  22  44  47   8  43  26  36   3   4  33 
  3   0   9  48  35  41  30  38  22  26  32  49   2  16  39  34  20  29  32  40 
  6  20   0  35  39  30   6  23  13  18   6  26  37  47  29  38  47  21  36  11 
  2  40   2   0  44  35   2  45   7   7   6  17  38  12  11  29  34   8   1  34 
 46  26  44  10   0  26  18  17  24  13  35  23  35   3  16  22  41  20  46  43 
 28   8  49  10  10   0  39  15   4  16  16  36  44  44  41   7  44   1  10   1 
 30  27   2  48  44  41   0  39   9  28   1  17  33  36  14   7  15   2  46  33 
 42  27  34  27  44  17  20   0  37   6  31  37  30  31  35  26  41  21   4  42 
  2  27  23  21  29  49  31  20   0  28  10  47  34  39  12   8  30  49  19  43 
 43  10  32  38  27  17  33  14  28   0  10  16  15  31  25  13   7   1   2  32 
 27  20  48   8  26  45  42  15  46  38   0  23  27  30  19  23  42  14  46  10 
 29   7  21   8  29  17  36  27  37  35  38   0   8  44   2  10  13   6  12  20 
 16  17  26  37   2  30   9  17  33  37  48  14   0  20  26  45  24  13   6  44 
 41  26   6   3  21  49  17  40  48  28  46  41  45   0  10  48  38  41  28  15 
 10  25   9  32  14  35  25  27  31  41  34  45  14  48   0  44  28  44  41  31 
 24  12   3  27  44   7  22  35  17  11  30   1   5  11  14   0   6  33   5  14 
 11  28  31  16  13  34  36  31  45  37   6   3  27  49  47  39   0   5  12   7 
 30   1  39   8  23  25  13  13  48  43   4  35   2   6  11  34  26   0  38  17 
 11  39  44  31  47   8  23  35  34  21  37  14  21  12  43  49  22  29   0  42 
  6  16  25  48  44  12  41  18   8  33  15  22  10  36  21  44  28  17  32   0 
M9
  0  22  24  33  23  11  23  21  48   7  22  44  47   8  43  26  36   3   4  33 
  3   0   9  48  35  41  30  38  22  26  32  49   2  16  39  34  20  29  32  40 
  6  20   0  35  39  30   6  23  13  18   6  26  37  47  29  38  47  21  36  11 
  2  40   2   0  44  35   2  45   7   7   6  17  38  12  11  29  34   8   1  34 
 46  26  44  10   0  26  18  17  24  13  35  23  35   3  16  22  41  20  46  43 
 28   8  49  10  10   0  39  15   4  16  16  36  44  44  41   7  44   1  10   1 
 30  27   2  48  44  41   0  39   9  28   1  17  33  36  14   7  15   2  46  33 
 42  27  34  27  44  17  20   0  37   6  31  37  30  31  35  26  41  21   4  42 
  2  27  23  21  29  49  31  20   0  28  10  47  34  39  12   8  30  49  19  43 
 43  10  32  38  27  17  33  14  28   0  10  16  15  31  25  13   7   1   2  32 
 27  20  48   8  26  45  42  15  46  38   0  23  27  30  19  23  42  14  46  10 
 29   7  21   8  29  17  36  27  37  35  38   0   8  44   2  10  13   6  12  20 
 16  17  26  37   2  30   9  17  33  37  48  14   0  20  26  45  24  13   6  44 
 41  26   6   3  21  49  17  40  48  28  46  41  45   0  10  48  38  41  28  15 
 10  25   9  32  14  35  25  27  31  41  34  45  14  48   0  44  28  44  41  31 
 24  12   3  27  44   7  22  35  17  11  30   1   5  11  14   0   6  33   5  14 
 11  28  31  16  13  34  36  31  45  37   6   3  27  49  47  39   0   5  12   7 
 30   1  39   8  23  25  13  13  48  43   4  35   2   6  11  34  26   0  38  17 
 11  39  44  31  47   8  23  35  34  21  37  14  21  12  43  49  22  29   0  42 
  6  16  25  48  44  12  41  18   8  33  15  22  10  36  21  44  28  17  32   0 
Reldue
 1138    1    1
 1282    1    7
 1739    9    5
  958    6    2
 1439    5    1
 1057    1    2
 3101    8    6
 3374    6    1
 2368    3    3
 3708    8    5
 1592    5    1
 3576    7    7
 1891    2    7
 1430    8    6
  996    8    2
 3276    3    1
 1883    1    1
 2675    3    7
 1114    4    1
 1830    6    4
DDW
 1049  1226
 1190  1375
 1608  1870
  863  1053
 1313  1564
  999  1114
 2793  3410
 3204  3544
 2149  2588
 3367  4050
 1478  1706
 3341  3810
 1745  2038
 1319  1541
  913  1079
 2999  3552
 1786  1979
 2532  2818
 1026  1203
 1674  1985
