20  10
MD
  5  5  4  3  5  2  2  2  2  3
PT
 40  57   3   2  56  49  30  19  22  80  73  66  63  79  23  81  95  59  77  87 
  9  11  88  52   2  45  68  15  81  32  68  12  41  60  20  27  91  62  45  27 
 96  93  37   3  34  14  19  89  51  63  68  18  57  93  61  48  82  94  42  11 
  9   5  45  49  82  60  72  53  14  93  71  42   8  79  12   1  29  87  74  20 
 89  32  79  58  43  60  77  29   3   8  57  19  14  17  44  28  73  71  81   7 
 91  50  45  81  61   9  81  72  60  67  95  19  23  55  83  49  97  60  44  32 
 79  82  11  79  74  87  89  52  96  25  75  86  43   2  15  66  93  91  55   6 
 70   1  89  23  26  95  77  24  12   1  77  32   1  65   3  17   6  55  92   5 
 77  40  54  81  25  16  66   2  92  67  26  38   5  76   8  14  46  66   7   9 
 67  90  47  72  69  30  96   1  73  24  54  74  39  15  65  45  69  20  15  81 
SSD
M0
  0  28  33  37  16  21  49  37   7  43  39  21  44  19  30  27  23  42  32  38 
 25   0  43  46  22  23  16   7  30   2   5  35  27   4  49  43   8  17  22  17 
 22  30   0   2  36  24  22   6  47  21  12   5  12  16  15  23  24  31  19  44 
  4  15  48   0   7  45  15   2   4  12  40  41  33  27   1   3  23  27  16  39 
  1  32  34  32   0  14  49  30  18  29  32  14  45  41  19  38  34  35  39  29 
 37  45  24  12  45   0   5  23  30   5  16  39  46  11  14  17  15  36   5  11 
  5  16  35  32  38  33   0   2  41  11  17   3  33  27  36  33  40  18   1  48 
  9  39   2  39  33   2   3   0  33  45  17   9  45  28  12  39  26  34   3  15 
  8  43  48   7  43  19  21  24   0   6  14  46  36  16  22  43  13  33   7  34 
 13  24  41  21  25   9  30  45  31   0  38  32  13  21   2  47  23  37  48  46 
 23  25  40  29   2   3  41   6  32  24   0  21  26  12  22  18  28  19  18  28 
  3  14   2  41  48  40  11   1   4  19  38   0  37  33  14  35  47  25  19  39 
 39  42  26  46  20  14  37  38  12  12  43  49   0  10  10   4  15  25  14   3 
 14  12  41  32   2  16  15  37  29  18  28  31  41   0  24  35  49  17  10  43 
 28  44  17  20   9  37  35  27   8   2  26  14  33  17   0   3  30  42  29  32 
  8  44  47  18  49  26  12  12  46  48  23  33  26  39   1   0  10  43  24  18 
 46  44  42   2   5  36  28  33  44  23   5  26  35   2   2  27   0  32   5  38 
 40   6  14  49  28  49  44  49  38  43  40  37  48  45  38  19  22   0  30  21 
 46  33  20  49  20   5  25  11  15  21  39  47  34  31  27   1  25   7   0  44 
  6  20  16  18  20  19  29   9  18  45  36  26   8  48  38  19  39  41  39   0 
M1
  0  28  33  37  16  21  49  37   7  43  39  21  44  19  30  27  23  42  32  38 
 25   0  43  46  22  23  16   7  30   2   5  35  27   4  49  43   8  17  22  17 
 22  30   0   2  36  24  22   6  47  21  12   5  12  16  15  23  24  31  19  44 
  4  15  48   0   7  45  15   2   4  12  40  41  33  27   1   3  23  27  16  39 
  1  32  34  32   0  14  49  30  18  29  32  14  45  41  19  38  34  35  39  29 
 37  45  24  12  45   0   5  23  30   5  16  39  46  11  14  17  15  36   5  11 
  5  16  35  32  38  33   0   2  41  11  17   3  33  27  36  33  40  18   1  48 
  9  39   2  39  33   2   3   0  33  45  17   9  45  28  12  39  26  34   3  15 
  8  43  48   7  43  19  21  24   0   6  14  46  36  16  22  43  13  33   7  34 
 13  24  41  21  25   9  30  45  31   0  38  32  13  21   2  47  23  37  48  46 
 23  25  40  29   2   3  41   6  32  24   0  21  26  12  22  18  28  19  18  28 
  3  14   2  41  48  40  11   1   4  19  38   0  37  33  14  35  47  25  19  39 
 39  42  26  46  20  14  37  38  12  12  43  49   0  10  10   4  15  25  14   3 
 14  12  41  32   2  16  15  37  29  18  28  31  41   0  24  35  49  17  10  43 
 28  44  17  20   9  37  35  27   8   2  26  14  33  17   0   3  30  42  29  32 
  8  44  47  18  49  26  12  12  46  48  23  33  26  39   1   0  10  43  24  18 
 46  44  42   2   5  36  28  33  44  23   5  26  35   2   2  27   0  32   5  38 
 40   6  14  49  28  49  44  49  38  43  40  37  48  45  38  19  22   0  30  21 
 46  33  20  49  20   5  25  11  15  21  39  47  34  31  27   1  25   7   0  44 
  6  20  16  18  20  19  29   9  18  45  36  26   8  48  38  19  39  41  39   0 
M2
  0  28  33  37  16  21  49  37   7  43  39  21  44  19  30  27  23  42  32  38 
 25   0  43  46  22  23  16   7  30   2   5  35  27   4  49  43   8  17  22  17 
 22  30   0   2  36  24  22   6  47  21  12   5  12  16  15  23  24  31  19  44 
  4  15  48   0   7  45  15   2   4  12  40  41  33  27   1   3  23  27  16  39 
  1  32  34  32   0  14  49  30  18  29  32  14  45  41  19  38  34  35  39  29 
 37  45  24  12  45   0   5  23  30   5  16  39  46  11  14  17  15  36   5  11 
  5  16  35  32  38  33   0   2  41  11  17   3  33  27  36  33  40  18   1  48 
  9  39   2  39  33   2   3   0  33  45  17   9  45  28  12  39  26  34   3  15 
  8  43  48   7  43  19  21  24   0   6  14  46  36  16  22  43  13  33   7  34 
 13  24  41  21  25   9  30  45  31   0  38  32  13  21   2  47  23  37  48  46 
 23  25  40  29   2   3  41   6  32  24   0  21  26  12  22  18  28  19  18  28 
  3  14   2  41  48  40  11   1   4  19  38   0  37  33  14  35  47  25  19  39 
 39  42  26  46  20  14  37  38  12  12  43  49   0  10  10   4  15  25  14   3 
 14  12  41  32   2  16  15  37  29  18  28  31  41   0  24  35  49  17  10  43 
 28  44  17  20   9  37  35  27   8   2  26  14  33  17   0   3  30  42  29  32 
  8  44  47  18  49  26  12  12  46  48  23  33  26  39   1   0  10  43  24  18 
 46  44  42   2   5  36  28  33  44  23   5  26  35   2   2  27   0  32   5  38 
 40   6  14  49  28  49  44  49  38  43  40  37  48  45  38  19  22   0  30  21 
 46  33  20  49  20   5  25  11  15  21  39  47  34  31  27   1  25   7   0  44 
  6  20  16  18  20  19  29   9  18  45  36  26   8  48  38  19  39  41  39   0 
M3
  0  28  33  37  16  21  49  37   7  43  39  21  44  19  30  27  23  42  32  38 
 25   0  43  46  22  23  16   7  30   2   5  35  27   4  49  43   8  17  22  17 
 22  30   0   2  36  24  22   6  47  21  12   5  12  16  15  23  24  31  19  44 
  4  15  48   0   7  45  15   2   4  12  40  41  33  27   1   3  23  27  16  39 
  1  32  34  32   0  14  49  30  18  29  32  14  45  41  19  38  34  35  39  29 
 37  45  24  12  45   0   5  23  30   5  16  39  46  11  14  17  15  36   5  11 
  5  16  35  32  38  33   0   2  41  11  17   3  33  27  36  33  40  18   1  48 
  9  39   2  39  33   2   3   0  33  45  17   9  45  28  12  39  26  34   3  15 
  8  43  48   7  43  19  21  24   0   6  14  46  36  16  22  43  13  33   7  34 
 13  24  41  21  25   9  30  45  31   0  38  32  13  21   2  47  23  37  48  46 
 23  25  40  29   2   3  41   6  32  24   0  21  26  12  22  18  28  19  18  28 
  3  14   2  41  48  40  11   1   4  19  38   0  37  33  14  35  47  25  19  39 
 39  42  26  46  20  14  37  38  12  12  43  49   0  10  10   4  15  25  14   3 
 14  12  41  32   2  16  15  37  29  18  28  31  41   0  24  35  49  17  10  43 
 28  44  17  20   9  37  35  27   8   2  26  14  33  17   0   3  30  42  29  32 
  8  44  47  18  49  26  12  12  46  48  23  33  26  39   1   0  10  43  24  18 
 46  44  42   2   5  36  28  33  44  23   5  26  35   2   2  27   0  32   5  38 
 40   6  14  49  28  49  44  49  38  43  40  37  48  45  38  19  22   0  30  21 
 46  33  20  49  20   5  25  11  15  21  39  47  34  31  27   1  25   7   0  44 
  6  20  16  18  20  19  29   9  18  45  36  26   8  48  38  19  39  41  39   0 
M4
  0  28  33  37  16  21  49  37   7  43  39  21  44  19  30  27  23  42  32  38 
 25   0  43  46  22  23  16   7  30   2   5  35  27   4  49  43   8  17  22  17 
 22  30   0   2  36  24  22   6  47  21  12   5  12  16  15  23  24  31  19  44 
  4  15  48   0   7  45  15   2   4  12  40  41  33  27   1   3  23  27  16  39 
  1  32  34  32   0  14  49  30  18  29  32  14  45  41  19  38  34  35  39  29 
 37  45  24  12  45   0   5  23  30   5  16  39  46  11  14  17  15  36   5  11 
  5  16  35  32  38  33   0   2  41  11  17   3  33  27  36  33  40  18   1  48 
  9  39   2  39  33   2   3   0  33  45  17   9  45  28  12  39  26  34   3  15 
  8  43  48   7  43  19  21  24   0   6  14  46  36  16  22  43  13  33   7  34 
 13  24  41  21  25   9  30  45  31   0  38  32  13  21   2  47  23  37  48  46 
 23  25  40  29   2   3  41   6  32  24   0  21  26  12  22  18  28  19  18  28 
  3  14   2  41  48  40  11   1   4  19  38   0  37  33  14  35  47  25  19  39 
 39  42  26  46  20  14  37  38  12  12  43  49   0  10  10   4  15  25  14   3 
 14  12  41  32   2  16  15  37  29  18  28  31  41   0  24  35  49  17  10  43 
 28  44  17  20   9  37  35  27   8   2  26  14  33  17   0   3  30  42  29  32 
  8  44  47  18  49  26  12  12  46  48  23  33  26  39   1   0  10  43  24  18 
 46  44  42   2   5  36  28  33  44  23   5  26  35   2   2  27   0  32   5  38 
 40   6  14  49  28  49  44  49  38  43  40  37  48  45  38  19  22   0  30  21 
 46  33  20  49  20   5  25  11  15  21  39  47  34  31  27   1  25   7   0  44 
  6  20  16  18  20  19  29   9  18  45  36  26   8  48  38  19  39  41  39   0 
M5
  0  28  33  37  16  21  49  37   7  43  39  21  44  19  30  27  23  42  32  38 
 25   0  43  46  22  23  16   7  30   2   5  35  27   4  49  43   8  17  22  17 
 22  30   0   2  36  24  22   6  47  21  12   5  12  16  15  23  24  31  19  44 
  4  15  48   0   7  45  15   2   4  12  40  41  33  27   1   3  23  27  16  39 
  1  32  34  32   0  14  49  30  18  29  32  14  45  41  19  38  34  35  39  29 
 37  45  24  12  45   0   5  23  30   5  16  39  46  11  14  17  15  36   5  11 
  5  16  35  32  38  33   0   2  41  11  17   3  33  27  36  33  40  18   1  48 
  9  39   2  39  33   2   3   0  33  45  17   9  45  28  12  39  26  34   3  15 
  8  43  48   7  43  19  21  24   0   6  14  46  36  16  22  43  13  33   7  34 
 13  24  41  21  25   9  30  45  31   0  38  32  13  21   2  47  23  37  48  46 
 23  25  40  29   2   3  41   6  32  24   0  21  26  12  22  18  28  19  18  28 
  3  14   2  41  48  40  11   1   4  19  38   0  37  33  14  35  47  25  19  39 
 39  42  26  46  20  14  37  38  12  12  43  49   0  10  10   4  15  25  14   3 
 14  12  41  32   2  16  15  37  29  18  28  31  41   0  24  35  49  17  10  43 
 28  44  17  20   9  37  35  27   8   2  26  14  33  17   0   3  30  42  29  32 
  8  44  47  18  49  26  12  12  46  48  23  33  26  39   1   0  10  43  24  18 
 46  44  42   2   5  36  28  33  44  23   5  26  35   2   2  27   0  32   5  38 
 40   6  14  49  28  49  44  49  38  43  40  37  48  45  38  19  22   0  30  21 
 46  33  20  49  20   5  25  11  15  21  39  47  34  31  27   1  25   7   0  44 
  6  20  16  18  20  19  29   9  18  45  36  26   8  48  38  19  39  41  39   0 
M6
  0  28  33  37  16  21  49  37   7  43  39  21  44  19  30  27  23  42  32  38 
 25   0  43  46  22  23  16   7  30   2   5  35  27   4  49  43   8  17  22  17 
 22  30   0   2  36  24  22   6  47  21  12   5  12  16  15  23  24  31  19  44 
  4  15  48   0   7  45  15   2   4  12  40  41  33  27   1   3  23  27  16  39 
  1  32  34  32   0  14  49  30  18  29  32  14  45  41  19  38  34  35  39  29 
 37  45  24  12  45   0   5  23  30   5  16  39  46  11  14  17  15  36   5  11 
  5  16  35  32  38  33   0   2  41  11  17   3  33  27  36  33  40  18   1  48 
  9  39   2  39  33   2   3   0  33  45  17   9  45  28  12  39  26  34   3  15 
  8  43  48   7  43  19  21  24   0   6  14  46  36  16  22  43  13  33   7  34 
 13  24  41  21  25   9  30  45  31   0  38  32  13  21   2  47  23  37  48  46 
 23  25  40  29   2   3  41   6  32  24   0  21  26  12  22  18  28  19  18  28 
  3  14   2  41  48  40  11   1   4  19  38   0  37  33  14  35  47  25  19  39 
 39  42  26  46  20  14  37  38  12  12  43  49   0  10  10   4  15  25  14   3 
 14  12  41  32   2  16  15  37  29  18  28  31  41   0  24  35  49  17  10  43 
 28  44  17  20   9  37  35  27   8   2  26  14  33  17   0   3  30  42  29  32 
  8  44  47  18  49  26  12  12  46  48  23  33  26  39   1   0  10  43  24  18 
 46  44  42   2   5  36  28  33  44  23   5  26  35   2   2  27   0  32   5  38 
 40   6  14  49  28  49  44  49  38  43  40  37  48  45  38  19  22   0  30  21 
 46  33  20  49  20   5  25  11  15  21  39  47  34  31  27   1  25   7   0  44 
  6  20  16  18  20  19  29   9  18  45  36  26   8  48  38  19  39  41  39   0 
M7
  0  28  33  37  16  21  49  37   7  43  39  21  44  19  30  27  23  42  32  38 
 25   0  43  46  22  23  16   7  30   2   5  35  27   4  49  43   8  17  22  17 
 22  30   0   2  36  24  22   6  47  21  12   5  12  16  15  23  24  31  19  44 
  4  15  48   0   7  45  15   2   4  12  40  41  33  27   1   3  23  27  16  39 
  1  32  34  32   0  14  49  30  18  29  32  14  45  41  19  38  34  35  39  29 
 37  45  24  12  45   0   5  23  30   5  16  39  46  11  14  17  15  36   5  11 
  5  16  35  32  38  33   0   2  41  11  17   3  33  27  36  33  40  18   1  48 
  9  39   2  39  33   2   3   0  33  45  17   9  45  28  12  39  26  34   3  15 
  8  43  48   7  43  19  21  24   0   6  14  46  36  16  22  43  13  33   7  34 
 13  24  41  21  25   9  30  45  31   0  38  32  13  21   2  47  23  37  48  46 
 23  25  40  29   2   3  41   6  32  24   0  21  26  12  22  18  28  19  18  28 
  3  14   2  41  48  40  11   1   4  19  38   0  37  33  14  35  47  25  19  39 
 39  42  26  46  20  14  37  38  12  12  43  49   0  10  10   4  15  25  14   3 
 14  12  41  32   2  16  15  37  29  18  28  31  41   0  24  35  49  17  10  43 
 28  44  17  20   9  37  35  27   8   2  26  14  33  17   0   3  30  42  29  32 
  8  44  47  18  49  26  12  12  46  48  23  33  26  39   1   0  10  43  24  18 
 46  44  42   2   5  36  28  33  44  23   5  26  35   2   2  27   0  32   5  38 
 40   6  14  49  28  49  44  49  38  43  40  37  48  45  38  19  22   0  30  21 
 46  33  20  49  20   5  25  11  15  21  39  47  34  31  27   1  25   7   0  44 
  6  20  16  18  20  19  29   9  18  45  36  26   8  48  38  19  39  41  39   0 
M8
  0  28  33  37  16  21  49  37   7  43  39  21  44  19  30  27  23  42  32  38 
 25   0  43  46  22  23  16   7  30   2   5  35  27   4  49  43   8  17  22  17 
 22  30   0   2  36  24  22   6  47  21  12   5  12  16  15  23  24  31  19  44 
  4  15  48   0   7  45  15   2   4  12  40  41  33  27   1   3  23  27  16  39 
  1  32  34  32   0  14  49  30  18  29  32  14  45  41  19  38  34  35  39  29 
 37  45  24  12  45   0   5  23  30   5  16  39  46  11  14  17  15  36   5  11 
  5  16  35  32  38  33   0   2  41  11  17   3  33  27  36  33  40  18   1  48 
  9  39   2  39  33   2   3   0  33  45  17   9  45  28  12  39  26  34   3  15 
  8  43  48   7  43  19  21  24   0   6  14  46  36  16  22  43  13  33   7  34 
 13  24  41  21  25   9  30  45  31   0  38  32  13  21   2  47  23  37  48  46 
 23  25  40  29   2   3  41   6  32  24   0  21  26  12  22  18  28  19  18  28 
  3  14   2  41  48  40  11   1   4  19  38   0  37  33  14  35  47  25  19  39 
 39  42  26  46  20  14  37  38  12  12  43  49   0  10  10   4  15  25  14   3 
 14  12  41  32   2  16  15  37  29  18  28  31  41   0  24  35  49  17  10  43 
 28  44  17  20   9  37  35  27   8   2  26  14  33  17   0   3  30  42  29  32 
  8  44  47  18  49  26  12  12  46  48  23  33  26  39   1   0  10  43  24  18 
 46  44  42   2   5  36  28  33  44  23   5  26  35   2   2  27   0  32   5  38 
 40   6  14  49  28  49  44  49  38  43  40  37  48  45  38  19  22   0  30  21 
 46  33  20  49  20   5  25  11  15  21  39  47  34  31  27   1  25   7   0  44 
  6  20  16  18  20  19  29   9  18  45  36  26   8  48  38  19  39  41  39   0 
M9
  0  28  33  37  16  21  49  37   7  43  39  21  44  19  30  27  23  42  32  38 
 25   0  43  46  22  23  16   7  30   2   5  35  27   4  49  43   8  17  22  17 
 22  30   0   2  36  24  22   6  47  21  12   5  12  16  15  23  24  31  19  44 
  4  15  48   0   7  45  15   2   4  12  40  41  33  27   1   3  23  27  16  39 
  1  32  34  32   0  14  49  30  18  29  32  14  45  41  19  38  34  35  39  29 
 37  45  24  12  45   0   5  23  30   5  16  39  46  11  14  17  15  36   5  11 
  5  16  35  32  38  33   0   2  41  11  17   3  33  27  36  33  40  18   1  48 
  9  39   2  39  33   2   3   0  33  45  17   9  45  28  12  39  26  34   3  15 
  8  43  48   7  43  19  21  24   0   6  14  46  36  16  22  43  13  33   7  34 
 13  24  41  21  25   9  30  45  31   0  38  32  13  21   2  47  23  37  48  46 
 23  25  40  29   2   3  41   6  32  24   0  21  26  12  22  18  28  19  18  28 
  3  14   2  41  48  40  11   1   4  19  38   0  37  33  14  35  47  25  19  39 
 39  42  26  46  20  14  37  38  12  12  43  49   0  10  10   4  15  25  14   3 
 14  12  41  32   2  16  15  37  29  18  28  31  41   0  24  35  49  17  10  43 
 28  44  17  20   9  37  35  27   8   2  26  14  33  17   0   3  30  42  29  32 
  8  44  47  18  49  26  12  12  46  48  23  33  26  39   1   0  10  43  24  18 
 46  44  42   2   5  36  28  33  44  23   5  26  35   2   2  27   0  32   5  38 
 40   6  14  49  28  49  44  49  38  43  40  37  48  45  38  19  22   0  30  21 
 46  33  20  49  20   5  25  11  15  21  39  47  34  31  27   1  25   7   0  44 
  6  20  16  18  20  19  29   9  18  45  36  26   8  48  38  19  39  41  39   0 
Reldue
 1632    8    4
  996    5    3
 2220    3    9
 1206    6    2
 1106    1    8
  897    9    6
 2177    1    5
 1591    7    3
 1150    3    6
 1130    3    8
 1275    9    8
 1463    4    6
 1739    3    5
 1002    4    7
 1738    1    3
 1289    3    6
 1046    7    9
 1552    7    2
 2417    8    8
 1419    9    3
DDW
 1476  1788
  899  1094
 2095  2345
 1129  1283
 1014  1197
  840   954
 1971  2382
 1448  1735
 1089  1210
 1020  1240
 1183  1367
 1359  1567
 1647  1831
  905  1099
 1645  1831
 1180  1398
  952  1140
 1454  1650
 2248  2586
 1285  1553
