20   8
MD
  2  4  2  3  5  2  5  2
PT
  9  42   4  19  40  49  24  99   2  40  15  82  51  40  94  47  51  66  37  48 
 84  83  59  83  57  42  21  80  10  53  54  17  96  69   7  71  95  83  77  88 
 12  19  29  54  82  58  35  28  46   7  55   2  17  78  85  33  63  50  84  76 
 70  94  83  46  64  55  41  59  98   2  42  40  45  79   3  11  69  98   8  60 
 16  37  42  45  37   5  10  34  31  72  54  92  13  60  93   4  15  98   3  30 
 28  69  84  46  60  39  11  78  57  15  37  51  81  73  82  59  70   9  34  76 
 26  34  46  24  88  94  84  86  15   2  58  27  74  32  30  99  72  41  82  93 
 77  54  20   1  30  52  32  31  49  36  55   5   4  23  14  85  34  20  17  92 
SSD
M0
  0  31   3  42  43  38  14  44   2  15  49  16  26   6   2  19  30  12  40  42 
 15   0  18  19  22   5   7  15   3   6  44  39  13  16  22  32  28  41  15  28 
 36   5   0  17  31  18  46  35   2  26  36  26  31  36   6  33  42  45   5   8 
 47  41  15   0  39  45   9  41   6  12  29  35   1  44  47  16  16  39  36  36 
 47  21  49  21   0   7  38  32  11  45  35  16  25  48  15  49   8  40  27   9 
 37  46  27  31  31   0  48  12  38  15  31  49  15  43   4  39  48  11  40  49 
 20   3  34  32  23  44   0  36  19   8   5  22  24   7  11  33  39  12  23  46 
 26  20  32   9   5  46  20   0  14  25  38  32   9  10  42  48  23  26  24  21 
  4  48  37  11  27   8  34  48   0  33  20  45  10  10   9  47  13  28  44  40 
 46  46  23  36   8  28  27  32  35   0  28  25  38   5  33  49  15   5  11  48 
 25  18  20   7  47   3   7  31  49  46   0  48   5   1  41  16  44   9  10  43 
 29  41   2  37   8  42  35  13  30  13  13   0  40  24  45   2   6  21  10   6 
 30  35  42  48  18  33  28  22  32  14  44  25   0  44   7  15  17  44  30  38 
 20  17  30  21  49   3  18  36  49  24  41  30  29   0  37  30  43  33  25   9 
 29  29  33  33  25  29  18  16  49   9  27  41  32  12   0  24  26  30   2   2 
 10  33  30  49   7  23   8  10  29  25  47  20   3  25  21   0  27   5  17  49 
 45  28  41  43  25   5  24  19  28  15  32  38   9  16  37   3   0   1  46  27 
 42  27  14  29   7  13  43  19   3  25   3  42  40   4  18  21  33   0  48  18 
 14  24  22   4  24  47  13  26  24  38  40  34  12  41   8   3  43  35   0   7 
  6  44  23   2   3  23  18  47  19  24  48   4  29  25  23  29  38   4  26   0 
M1
  0  31   3  42  43  38  14  44   2  15  49  16  26   6   2  19  30  12  40  42 
 15   0  18  19  22   5   7  15   3   6  44  39  13  16  22  32  28  41  15  28 
 36   5   0  17  31  18  46  35   2  26  36  26  31  36   6  33  42  45   5   8 
 47  41  15   0  39  45   9  41   6  12  29  35   1  44  47  16  16  39  36  36 
 47  21  49  21   0   7  38  32  11  45  35  16  25  48  15  49   8  40  27   9 
 37  46  27  31  31   0  48  12  38  15  31  49  15  43   4  39  48  11  40  49 
 20   3  34  32  23  44   0  36  19   8   5  22  24   7  11  33  39  12  23  46 
 26  20  32   9   5  46  20   0  14  25  38  32   9  10  42  48  23  26  24  21 
  4  48  37  11  27   8  34  48   0  33  20  45  10  10   9  47  13  28  44  40 
 46  46  23  36   8  28  27  32  35   0  28  25  38   5  33  49  15   5  11  48 
 25  18  20   7  47   3   7  31  49  46   0  48   5   1  41  16  44   9  10  43 
 29  41   2  37   8  42  35  13  30  13  13   0  40  24  45   2   6  21  10   6 
 30  35  42  48  18  33  28  22  32  14  44  25   0  44   7  15  17  44  30  38 
 20  17  30  21  49   3  18  36  49  24  41  30  29   0  37  30  43  33  25   9 
 29  29  33  33  25  29  18  16  49   9  27  41  32  12   0  24  26  30   2   2 
 10  33  30  49   7  23   8  10  29  25  47  20   3  25  21   0  27   5  17  49 
 45  28  41  43  25   5  24  19  28  15  32  38   9  16  37   3   0   1  46  27 
 42  27  14  29   7  13  43  19   3  25   3  42  40   4  18  21  33   0  48  18 
 14  24  22   4  24  47  13  26  24  38  40  34  12  41   8   3  43  35   0   7 
  6  44  23   2   3  23  18  47  19  24  48   4  29  25  23  29  38   4  26   0 
M2
  0  31   3  42  43  38  14  44   2  15  49  16  26   6   2  19  30  12  40  42 
 15   0  18  19  22   5   7  15   3   6  44  39  13  16  22  32  28  41  15  28 
 36   5   0  17  31  18  46  35   2  26  36  26  31  36   6  33  42  45   5   8 
 47  41  15   0  39  45   9  41   6  12  29  35   1  44  47  16  16  39  36  36 
 47  21  49  21   0   7  38  32  11  45  35  16  25  48  15  49   8  40  27   9 
 37  46  27  31  31   0  48  12  38  15  31  49  15  43   4  39  48  11  40  49 
 20   3  34  32  23  44   0  36  19   8   5  22  24   7  11  33  39  12  23  46 
 26  20  32   9   5  46  20   0  14  25  38  32   9  10  42  48  23  26  24  21 
  4  48  37  11  27   8  34  48   0  33  20  45  10  10   9  47  13  28  44  40 
 46  46  23  36   8  28  27  32  35   0  28  25  38   5  33  49  15   5  11  48 
 25  18  20   7  47   3   7  31  49  46   0  48   5   1  41  16  44   9  10  43 
 29  41   2  37   8  42  35  13  30  13  13   0  40  24  45   2   6  21  10   6 
 30  35  42  48  18  33  28  22  32  14  44  25   0  44   7  15  17  44  30  38 
 20  17  30  21  49   3  18  36  49  24  41  30  29   0  37  30  43  33  25   9 
 29  29  33  33  25  29  18  16  49   9  27  41  32  12   0  24  26  30   2   2 
 10  33  30  49   7  23   8  10  29  25  47  20   3  25  21   0  27   5  17  49 
 45  28  41  43  25   5  24  19  28  15  32  38   9  16  37   3   0   1  46  27 
 42  27  14  29   7  13  43  19   3  25   3  42  40   4  18  21  33   0  48  18 
 14  24  22   4  24  47  13  26  24  38  40  34  12  41   8   3  43  35   0   7 
  6  44  23   2   3  23  18  47  19  24  48   4  29  25  23  29  38   4  26   0 
M3
  0  31   3  42  43  38  14  44   2  15  49  16  26   6   2  19  30  12  40  42 
 15   0  18  19  22   5   7  15   3   6  44  39  13  16  22  32  28  41  15  28 
 36   5   0  17  31  18  46  35   2  26  36  26  31  36   6  33  42  45   5   8 
 47  41  15   0  39  45   9  41   6  12  29  35   1  44  47  16  16  39  36  36 
 47  21  49  21   0   7  38  32  11  45  35  16  25  48  15  49   8  40  27   9 
 37  46  27  31  31   0  48  12  38  15  31  49  15  43   4  39  48  11  40  49 
 20   3  34  32  23  44   0  36  19   8   5  22  24   7  11  33  39  12  23  46 
 26  20  32   9   5  46  20   0  14  25  38  32   9  10  42  48  23  26  24  21 
  4  48  37  11  27   8  34  48   0  33  20  45  10  10   9  47  13  28  44  40 
 46  46  23  36   8  28  27  32  35   0  28  25  38   5  33  49  15   5  11  48 
 25  18  20   7  47   3   7  31  49  46   0  48   5   1  41  16  44   9  10  43 
 29  41   2  37   8  42  35  13  30  13  13   0  40  24  45   2   6  21  10   6 
 30  35  42  48  18  33  28  22  32  14  44  25   0  44   7  15  17  44  30  38 
 20  17  30  21  49   3  18  36  49  24  41  30  29   0  37  30  43  33  25   9 
 29  29  33  33  25  29  18  16  49   9  27  41  32  12   0  24  26  30   2   2 
 10  33  30  49   7  23   8  10  29  25  47  20   3  25  21   0  27   5  17  49 
 45  28  41  43  25   5  24  19  28  15  32  38   9  16  37   3   0   1  46  27 
 42  27  14  29   7  13  43  19   3  25   3  42  40   4  18  21  33   0  48  18 
 14  24  22   4  24  47  13  26  24  38  40  34  12  41   8   3  43  35   0   7 
  6  44  23   2   3  23  18  47  19  24  48   4  29  25  23  29  38   4  26   0 
M4
  0  31   3  42  43  38  14  44   2  15  49  16  26   6   2  19  30  12  40  42 
 15   0  18  19  22   5   7  15   3   6  44  39  13  16  22  32  28  41  15  28 
 36   5   0  17  31  18  46  35   2  26  36  26  31  36   6  33  42  45   5   8 
 47  41  15   0  39  45   9  41   6  12  29  35   1  44  47  16  16  39  36  36 
 47  21  49  21   0   7  38  32  11  45  35  16  25  48  15  49   8  40  27   9 
 37  46  27  31  31   0  48  12  38  15  31  49  15  43   4  39  48  11  40  49 
 20   3  34  32  23  44   0  36  19   8   5  22  24   7  11  33  39  12  23  46 
 26  20  32   9   5  46  20   0  14  25  38  32   9  10  42  48  23  26  24  21 
  4  48  37  11  27   8  34  48   0  33  20  45  10  10   9  47  13  28  44  40 
 46  46  23  36   8  28  27  32  35   0  28  25  38   5  33  49  15   5  11  48 
 25  18  20   7  47   3   7  31  49  46   0  48   5   1  41  16  44   9  10  43 
 29  41   2  37   8  42  35  13  30  13  13   0  40  24  45   2   6  21  10   6 
 30  35  42  48  18  33  28  22  32  14  44  25   0  44   7  15  17  44  30  38 
 20  17  30  21  49   3  18  36  49  24  41  30  29   0  37  30  43  33  25   9 
 29  29  33  33  25  29  18  16  49   9  27  41  32  12   0  24  26  30   2   2 
 10  33  30  49   7  23   8  10  29  25  47  20   3  25  21   0  27   5  17  49 
 45  28  41  43  25   5  24  19  28  15  32  38   9  16  37   3   0   1  46  27 
 42  27  14  29   7  13  43  19   3  25   3  42  40   4  18  21  33   0  48  18 
 14  24  22   4  24  47  13  26  24  38  40  34  12  41   8   3  43  35   0   7 
  6  44  23   2   3  23  18  47  19  24  48   4  29  25  23  29  38   4  26   0 
M5
  0  31   3  42  43  38  14  44   2  15  49  16  26   6   2  19  30  12  40  42 
 15   0  18  19  22   5   7  15   3   6  44  39  13  16  22  32  28  41  15  28 
 36   5   0  17  31  18  46  35   2  26  36  26  31  36   6  33  42  45   5   8 
 47  41  15   0  39  45   9  41   6  12  29  35   1  44  47  16  16  39  36  36 
 47  21  49  21   0   7  38  32  11  45  35  16  25  48  15  49   8  40  27   9 
 37  46  27  31  31   0  48  12  38  15  31  49  15  43   4  39  48  11  40  49 
 20   3  34  32  23  44   0  36  19   8   5  22  24   7  11  33  39  12  23  46 
 26  20  32   9   5  46  20   0  14  25  38  32   9  10  42  48  23  26  24  21 
  4  48  37  11  27   8  34  48   0  33  20  45  10  10   9  47  13  28  44  40 
 46  46  23  36   8  28  27  32  35   0  28  25  38   5  33  49  15   5  11  48 
 25  18  20   7  47   3   7  31  49  46   0  48   5   1  41  16  44   9  10  43 
 29  41   2  37   8  42  35  13  30  13  13   0  40  24  45   2   6  21  10   6 
 30  35  42  48  18  33  28  22  32  14  44  25   0  44   7  15  17  44  30  38 
 20  17  30  21  49   3  18  36  49  24  41  30  29   0  37  30  43  33  25   9 
 29  29  33  33  25  29  18  16  49   9  27  41  32  12   0  24  26  30   2   2 
 10  33  30  49   7  23   8  10  29  25  47  20   3  25  21   0  27   5  17  49 
 45  28  41  43  25   5  24  19  28  15  32  38   9  16  37   3   0   1  46  27 
 42  27  14  29   7  13  43  19   3  25   3  42  40   4  18  21  33   0  48  18 
 14  24  22   4  24  47  13  26  24  38  40  34  12  41   8   3  43  35   0   7 
  6  44  23   2   3  23  18  47  19  24  48   4  29  25  23  29  38   4  26   0 
M6
  0  31   3  42  43  38  14  44   2  15  49  16  26   6   2  19  30  12  40  42 
 15   0  18  19  22   5   7  15   3   6  44  39  13  16  22  32  28  41  15  28 
 36   5   0  17  31  18  46  35   2  26  36  26  31  36   6  33  42  45   5   8 
 47  41  15   0  39  45   9  41   6  12  29  35   1  44  47  16  16  39  36  36 
 47  21  49  21   0   7  38  32  11  45  35  16  25  48  15  49   8  40  27   9 
 37  46  27  31  31   0  48  12  38  15  31  49  15  43   4  39  48  11  40  49 
 20   3  34  32  23  44   0  36  19   8   5  22  24   7  11  33  39  12  23  46 
 26  20  32   9   5  46  20   0  14  25  38  32   9  10  42  48  23  26  24  21 
  4  48  37  11  27   8  34  48   0  33  20  45  10  10   9  47  13  28  44  40 
 46  46  23  36   8  28  27  32  35   0  28  25  38   5  33  49  15   5  11  48 
 25  18  20   7  47   3   7  31  49  46   0  48   5   1  41  16  44   9  10  43 
 29  41   2  37   8  42  35  13  30  13  13   0  40  24  45   2   6  21  10   6 
 30  35  42  48  18  33  28  22  32  14  44  25   0  44   7  15  17  44  30  38 
 20  17  30  21  49   3  18  36  49  24  41  30  29   0  37  30  43  33  25   9 
 29  29  33  33  25  29  18  16  49   9  27  41  32  12   0  24  26  30   2   2 
 10  33  30  49   7  23   8  10  29  25  47  20   3  25  21   0  27   5  17  49 
 45  28  41  43  25   5  24  19  28  15  32  38   9  16  37   3   0   1  46  27 
 42  27  14  29   7  13  43  19   3  25   3  42  40   4  18  21  33   0  48  18 
 14  24  22   4  24  47  13  26  24  38  40  34  12  41   8   3  43  35   0   7 
  6  44  23   2   3  23  18  47  19  24  48   4  29  25  23  29  38   4  26   0 
M7
  0  31   3  42  43  38  14  44   2  15  49  16  26   6   2  19  30  12  40  42 
 15   0  18  19  22   5   7  15   3   6  44  39  13  16  22  32  28  41  15  28 
 36   5   0  17  31  18  46  35   2  26  36  26  31  36   6  33  42  45   5   8 
 47  41  15   0  39  45   9  41   6  12  29  35   1  44  47  16  16  39  36  36 
 47  21  49  21   0   7  38  32  11  45  35  16  25  48  15  49   8  40  27   9 
 37  46  27  31  31   0  48  12  38  15  31  49  15  43   4  39  48  11  40  49 
 20   3  34  32  23  44   0  36  19   8   5  22  24   7  11  33  39  12  23  46 
 26  20  32   9   5  46  20   0  14  25  38  32   9  10  42  48  23  26  24  21 
  4  48  37  11  27   8  34  48   0  33  20  45  10  10   9  47  13  28  44  40 
 46  46  23  36   8  28  27  32  35   0  28  25  38   5  33  49  15   5  11  48 
 25  18  20   7  47   3   7  31  49  46   0  48   5   1  41  16  44   9  10  43 
 29  41   2  37   8  42  35  13  30  13  13   0  40  24  45   2   6  21  10   6 
 30  35  42  48  18  33  28  22  32  14  44  25   0  44   7  15  17  44  30  38 
 20  17  30  21  49   3  18  36  49  24  41  30  29   0  37  30  43  33  25   9 
 29  29  33  33  25  29  18  16  49   9  27  41  32  12   0  24  26  30   2   2 
 10  33  30  49   7  23   8  10  29  25  47  20   3  25  21   0  27   5  17  49 
 45  28  41  43  25   5  24  19  28  15  32  38   9  16  37   3   0   1  46  27 
 42  27  14  29   7  13  43  19   3  25   3  42  40   4  18  21  33   0  48  18 
 14  24  22   4  24  47  13  26  24  38  40  34  12  41   8   3  43  35   0   7 
  6  44  23   2   3  23  18  47  19  24  48   4  29  25  23  29  38   4  26   0 
Reldue
  912    4    8
 1955    4    4
 1615    5    8
 1680    7    6
 2556    6    9
 1638    2    5
 1313    9    8
 2638    4    6
 1506    5    7
 1514    1    6
 1495    6    7
  531    1    1
 1316    6    8
 1320    3    9
 1405    6    6
 1289    7    4
 2528    6    3
 2472    1    5
 1268    5    7
 1336    1    9
DDW
  851   973
 1815  2096
 1461  1769
 1589  1770
 2362  2749
 1520  1756
 1202  1425
 2377  2900
 1391  1620
 1387  1641
 1395  1596
  501   562
 1221  1411
 1242  1397
 1274  1536
 1182  1396
 2311  2745
 2339  2606
 1183  1353
 1265  1406
