50   8
MD
  4  3  2  5  4  4  5  4
PT
 13  36   9  38  29  14  75  35  86  75  46  91  47  36  45  39  56  10  66  93  79  28  86   8  39  35  52  57  26  33  55  95  84  70  12  72  49  29  40  86  22  85  92  51  68  80  79  39  83  76 
 91  37  25  72  93  75  57  29  84  74  87  74  67  50  23  49  95  60  42  50  92  58  18  28  92  24  38  41  50  62  76  66  27   7  93  85  96  20  41  57  81  28  62  44  21  57  45  45  22  71 
 35  11  84  99  71  65  66   5  38  99  89  61  68   5  89  50  93  37  49  96   1  13  67  10  84  69  97  88  52  73  20  24  85   1  93  91  53  52   3  50  22  82  25  45   8  13  30  47  82  43 
 62   5  32  25  51  22  68  66  99  79   4  98  99  38  90  31  27  18   8  64  63  20  61  82  37  67  86   5  65  40  90  94  90  37  36  22  63  98  85  50  97  96  36  29  39  12  24  54  64  80 
 86  62   1  89  44  41  92  79  15  85  67   5  65  46  56  78  66  39   1  74  29  58  27  96  82  97  25  14  37  43   2  20  94   7  57  77  75  94  54  37  28  51  99  17  67  36  13   7  41  72 
  6  73  68  68  79   2  71  27  50  54  36  73  75  60  27  80   2  82  89  42  65  55  42   6  56  24  39  68  29  26  58  46   7  51  27  65  11  66  89  41  31  63  16  33  26  36  93  31   3  70 
 41  90  68  28  54  28  58  34  57  44  34  83  60  10  65  46  36  41  35  19  38  15  61  70  56  38  56  60  74  53  27  45  14  43  15  11  39  48  65  91  60  94  44  67  35  82  38  54  30  93 
  6  71  45  20  80  91  22  50  51  50  45  84  78  62  31   8  15  91  93  60  60   7  31  66  22  84  18  92  23  92   3  87  92  72  86  23  19  52  65  10  26  65  46  21  26  71  21  49  47  81 
SSD
M0
  0   9  22  36  15  43  39  40  35  22  27   8  44   3  24  25  40  16   9  44   8  46  36  31  18  11  40  20  29  21  49  16   2  19   3  14  13  41  30  25   3  44  23  46  16   8   1  46  34  41 
  9   0  14   5  36  16  29  35   9  37  14  36  49  28   2   1  32  47  16  32   2  33  32   3  39  46   5   1  27   2  45   2  20  30   8  41  30  39  35  43  48   1  42  48  22  19  22  24   4  34 
 24  45   0  13  41  17  35  16  41  14   6  41  22  17   4   1   7   1  47   4  11  34  48  40  38  41  34   3  45  42  41   3  40  49  39  10   8  14  34   3  48  37  13  39  37  29  46  30  20  10 
  5  30   4   0  10  21  24  49  44  38  17  47  23  18  45  31   2  49  31  40  13  24  49  18  38  28  31  29   9  28  17  31   2  27  20  17  10  46  29   2  16  38  10  27  13  40   2  10  16  38 
 33   2   8  41   0  19  31  31  45  23  47  18  35  47  32   3  48  29  14  38  14  48   7  48   6  26  46   5  43  18  47  13  27  14  33  19  32  43  33  18  42  48  44  27  26  16  47   3  20  33 
 13  44  12   3  41   0  21  38  25   4  23   5  23  35  24  31   7   4  38   7  16  37   8  15  15  35  33  29  20  41  49  27  35  37   6  28   6  20  35  35  23   2  28  40  13  39   8  21  21   7 
 26  47  40  32   1  28   0  15  16   4  18  35  28  21  24  33   6   5  28  39  44  44  42   3   7  45  42  18  34   8  40  32  37  28  11  42  19  44  41   9  13   8  29  40  28  40  49  23  35  28 
  7   4   3   3  10  43  23   0  29   9  43  13  41   2  24   5   6  48  32   9  42  10  49   6  22  18   8  44  16   8  22  34  37  14  23  38  44   6   7  10  22  42  27  15  30   4  39   8  11  49 
 13  46  20   3  29  40  13  34   0  48  46  30  21  44  29  40  11  47   7  15  46  47  11   7  45  37  10  22  43   7  40  46  44  30   1  10  34  18  31  49   6  20  48  42  13   9  35  45  26  18 
 44  18  37  21   3   1  39  23  27   0  47  48  18   9  39  48   5   9  25  20   5   8   6  22  42  20  36  11  11   4  18   7  27   4  17  17  10  11  48  11  40  22  29  30  45  15  19  37  41   6 
 16  22  42  47  32  23  39  47  33  15   0   9  49   7  25   5  29  33  16  44  45  27  36  43  20  28  31   4  18  19  14  33  26   4  38  12  40  34  22  11  42  35  36  45   1  41  26  14   6   9 
 33   4   3  37  46   1  31  11   2   5  20   0  13  30  21  39  26   1   3  42   7  41   9  11  18  14  38  12   7  19  14  15   6  18  27  28  41  21  10  14  12  20  18  44   2  30  10  17  30  34 
 10   5  28  22  18   6   5  35  20   3  45   3   0   1  28  49  19  48  46  12  17  39  37   2  20  33  31  31  15  21  14   7  15  44  29  13  25  18  29   8  20   2  30  40  35  18  10  16   2  35 
  2  24  14  49  35  29  48  13  21   2  13  16  48   0  43  33  16  12  31  22  13  44  16   9  49  23  12  11   4  18  43  15  46  39  29  46  29  11  18  36   6  20  45  44  49  19  20  49  43  34 
 40   5   6   9  41  48  49  40  24   5  28  31  34  39   0  28  48  49  12  31  35   2  15   3  39  25  38  36  15  38   6  49  37   8  26  12  34  36  45   5  12  37  49  29  13  27  19  46  48  38 
 46   4  11  34  17  38   6   6  24  43  44  43   3  15  21   0  34  30  38  46  24  38  37   1  43  11  26   3  30  40  40  23  45   5  39  23  33  37  21  45  41  14  48  25  30  32  15  24  15  44 
 35  42  40  20  40  40   4  20   3  28  24  25  16  20  15  14   0  22  11  35  43  17  34   3  18   4  47  10  44  47  43   2  14  18  40  18  16  40  23  15   5  26   7  43  22  19  31  35  23  21 
 35  48  31  22  48  11  35   7   8  27  31  30  34   1  29  43  39   0  34  19  37  49  30  39   9  35  39  21  24  12  31  48   5  41  35   1   4   2  41  40  23  20   7   9   1  44  40  49  37  29 
 10  23  48  34  26  25  36  17  20  22  43  40  38  46  49  18  33  48   0  17  48  19  34  23  13  17  36  15  39  17  32  26  15  29  33   7  21  37  26  47   1   3  23   2  11   1  27  15  24  14 
 38   2  18  35  23  27  34  15  27  44  34  28  46  25  11  30  35  18  41   0   5  35   2  46  30  31  10   5   4  16  27  38  49  38  23  19  16  27  24  31  42  25  28   2  23  22   1   3  13  34 
  6  43  48   1  23  33  48  16  36  14  17  44  12  44   5  32  45  36  37  42   0  17  28  22  43  35  26  14  12   6  18  19  27  13  26   2   4  42  42  29  21   1  18  16  42  47  13  49   3  47 
 41  46  46  32  17  42  30  24  48  42  11  43  45   6  22  23  26   9   4   1   8   0  43  29  43  11   6  39   1  30  26  19  41  15  46  15  31  31   8  22  49  42  39  42  31   5  11   5  24   3 
 37  18  40  15  29  22  29  31  43   5  41  37   2  46  20  40  27  13  33   9  17  43   0  22   4  43  24  10  42  35   8  19  23  10  20  13  25  22   3  23  17  32   1  19   7  14  44  35  32  22 
 10  27  45  27  30  28  26  32  22  37  21  23  20  29  42  46  20  22  46   2   4  47  34   0  32  25  36  19  17  37  19  24  17  28  35  32   5  15  43   9  47  13  29  49  31   3   1  21   7  25 
 22  43  47  37  18  36   2  47  32  39  34  17  37  18  41   1  38   1   4  46  24   2   4  45   0  38  13  32   4  47  46  35  32   6  15  36  26  27  15  40  40  15   4  42  10  15  45  49  47  25 
 10  30  48  14  17  31  42  33  26  49  32  26  46   5  36  45   1  34  16  44  30  10  32  13  32   0   7  19  29  49  47  47  45  12  45  31  47  22  23   5  36  28  29  33  43  48  24  14  33  34 
 46  10  29  30  44  28   3  31   9  41  36   6  40   5   2   5  11  33  49  26  28  38  43   9  32  36   0  21  20  14  43  38  30  22  45  35   8   4  29  48  31  28  14  41  46  30  21  37  28   9 
 21   2  37  49  44   2  40  48  46  41  10  22  39  41  10  43   3   8  46  12  22  26   4  15   1  29  22   0  18   1  23  15   8  47  23  34  31  25  11  42  37  29   5  17  39  24  46  33  17  28 
 27  39  21  18  10  17  38  24  37  38  10  10  40   4   6  38  39   8  47   8   8   9  17   5   9   8  48  39   0  21  27  30   7  16   8  31   7  17  25  19  24   1  22  28  36  16  18  18  29   5 
 32  10  41   5  24  44  12  17  44  45  21  21   6  21  45  14  38  30   2  25   6  33  46   7  33  22  25  16  15   0  16  22  22  11   8  47  40  39  21   3  33  43  41  45  14  36   9  20  34   9 
 14  24   6  25  44  19  10  17  42  22  24  46   3  43  37   5  46  46  46  42  34  44  43  41  16  14  31   3  26   7   0   1  35  10  23   7  18  37   5  34  39  38  28  34  47   5  36  18   1   8 
 41   8  44   7  23   6  12  22  47  39   8   9  43   2  40  40   7  12  46  36  16  49  44  20  11   2  48  24   8  24  17   0  29   8  18  24  13  36   7  16  37  18  40  47  44  17  45  31  28   4 
 39  39  18  22  34   2  26  12  28  17  32  42  31   4   7  45  41   7  11   5   6   1  46  33  23  18  21  18  23  38  30  12   0  32  17  43  35  34  44  27  46  20  22  22  34   3  33  13  26  47 
 23  37   4  37  40  36  45   2  29  41  28  40  15  21  14  37  31   7  29   2  18  49  21  44  22  14  38  49  19  10  31  42  32   0  19  49  35  31   9  12   2  15  30  18   2  44  33   3  26   2 
  8  18   1  16   8  18  29  15  26  21  48  40  44  46  36  35  18  15  23  37   7   1   5  19  30  40   8  32  44  37  12  32  19  41   0  39  14  32  49  29   5  26  40   5   5  43   4  42  27  34 
 39  15  25   1  24  46  44  28  30  22  23  40   8  42  27   6  16  40  26  36   1  47  44   3  28  28  49  26   5  34  17  26  12  47  34   0  27  16   9  28  43  17  16  24  19  46  21  17   4  16 
 37  15   8  42  12   8  28  23  36  16  22  18   5  20   5  24  22   8  22  40  40  15  27  26  22   2  41   8  33  31   8  44  46  46  43  26   0   3  35  17  11  12  19  15   5  24  25  39   1  40 
 46  24  15  43  18  17   2  41   7   5  26  15   4  45   9   3  34  19  41  39  14  13  42   2  28  18  30  42  33  43  16  34  30  47  46   9  27   0  21  21  41  47  48  29  39  41  35  40  40   4 
 12  15  11  43  18  44  26  21   5  18  32  32  25   6   6  28  25  36  41  16  11  20  28   6  25  26  38  31   6  47  13  11  42  34  21   6  35  22   0  30  38  39  37   9  49  45  26   2   3  45 
  1  46  37   5  23  44  19  39  46  42  35   3   4  14  35  12  14  12  45   3  30  11   9  29  19  36   2  40  31  13   7  21  17  45  10   9  32  12  28   0   2  21  21  32   2  47  24  44   5   2 
  6  23  24  21  36  39   1  37  13  44   2  18  39  30  29  16  38  49   3  43  41  11  28   8   6  10  45  25  25  15  18   1  24  23  10   4  40  17  32  16   0  10  12  40  41   3   3  23  43  16 
  5  23  13   1  11  34  44  16  35   6  42   1   9  10   7  46   7  47  19  33  28  40  16  32  13  11  14  35   5  30   2   2  28  14  35  10  30  33  13  40  42   0   2  12  17  12  40  31  16  29 
 25  45  42  43  14  26   7  31  17   7   9  12  48   9  40  19  13  40  39  30   4  15  49  12   1  19  20  47  40  24  40  34  36  35  16  20  47  26  37   8  28  20   0  29  27  28  41  11  20  18 
 16   7  10  22  28  47   9  26  20  14   7  42  23  15  15  19  47  49  30  33  28  36  20  27  13  19  31  21   4  22  25  22   2  36   9  43   5   3   8  43  19  38  26   0  19  10  38  29  29  46 
 43   7  42   5  29  44  38  34  39  20  13  20   2  29  41  40  18  38  15  12  48  21  36  48  43  20  32   5  41  34  42  22  13  48  32  42  27  16  36  21  43   2  38  42   0   3  12  23  44  13 
  7  28  37  26  28   2  42  34  17  26  10  47  42  47  27  14  47  41  16  38  15  35  49  32  43  21  26  25  28   3  20  12  18   2  12   3  48  48   6  42   9   8  15  13  29   0  25  38  17  44 
 38  48   6   8  34  28   9   2  23  45  16  29   3  29  30  28  25  25  25  32   4  34  40  37   5  10  25  11   1  22  16  20  12  39  42  25  22   1   4   4  47  34  26   3  11   9   0   7  23  11 
 10   5  29  33  49  38  22   1  13  46  16  12  21  32  48  36  27  14  47  40  30  14  32   7  33  34  36  17  13  21  39  13  39  27  36  22   4  35  37  13  30   2   8   6  33   1  30   0  18  45 
  4  18  22  15  30  18  45  37  47   2   4  11  45  29   3  45  37   7   6  35   6  49  48  26  36  12  33  19  19  11  44   2  25   2  36  49  47   6  20  16  23  41  42  23  26  29   7  37   0   9 
 43  38  45  45  40   8  24  17  11  11   2  23  43  24  35  40   5   5  12   7  47  35  12  28  21  34  36   3  29  19  31  34  34  33  17   8   8  28  22  24   2  20  45  15  17   2  28   6  34   0 
M1
  0   9  22  36  15  43  39  40  35  22  27   8  44   3  24  25  40  16   9  44   8  46  36  31  18  11  40  20  29  21  49  16   2  19   3  14  13  41  30  25   3  44  23  46  16   8   1  46  34  41 
  9   0  14   5  36  16  29  35   9  37  14  36  49  28   2   1  32  47  16  32   2  33  32   3  39  46   5   1  27   2  45   2  20  30   8  41  30  39  35  43  48   1  42  48  22  19  22  24   4  34 
 24  45   0  13  41  17  35  16  41  14   6  41  22  17   4   1   7   1  47   4  11  34  48  40  38  41  34   3  45  42  41   3  40  49  39  10   8  14  34   3  48  37  13  39  37  29  46  30  20  10 
  5  30   4   0  10  21  24  49  44  38  17  47  23  18  45  31   2  49  31  40  13  24  49  18  38  28  31  29   9  28  17  31   2  27  20  17  10  46  29   2  16  38  10  27  13  40   2  10  16  38 
 33   2   8  41   0  19  31  31  45  23  47  18  35  47  32   3  48  29  14  38  14  48   7  48   6  26  46   5  43  18  47  13  27  14  33  19  32  43  33  18  42  48  44  27  26  16  47   3  20  33 
 13  44  12   3  41   0  21  38  25   4  23   5  23  35  24  31   7   4  38   7  16  37   8  15  15  35  33  29  20  41  49  27  35  37   6  28   6  20  35  35  23   2  28  40  13  39   8  21  21   7 
 26  47  40  32   1  28   0  15  16   4  18  35  28  21  24  33   6   5  28  39  44  44  42   3   7  45  42  18  34   8  40  32  37  28  11  42  19  44  41   9  13   8  29  40  28  40  49  23  35  28 
  7   4   3   3  10  43  23   0  29   9  43  13  41   2  24   5   6  48  32   9  42  10  49   6  22  18   8  44  16   8  22  34  37  14  23  38  44   6   7  10  22  42  27  15  30   4  39   8  11  49 
 13  46  20   3  29  40  13  34   0  48  46  30  21  44  29  40  11  47   7  15  46  47  11   7  45  37  10  22  43   7  40  46  44  30   1  10  34  18  31  49   6  20  48  42  13   9  35  45  26  18 
 44  18  37  21   3   1  39  23  27   0  47  48  18   9  39  48   5   9  25  20   5   8   6  22  42  20  36  11  11   4  18   7  27   4  17  17  10  11  48  11  40  22  29  30  45  15  19  37  41   6 
 16  22  42  47  32  23  39  47  33  15   0   9  49   7  25   5  29  33  16  44  45  27  36  43  20  28  31   4  18  19  14  33  26   4  38  12  40  34  22  11  42  35  36  45   1  41  26  14   6   9 
 33   4   3  37  46   1  31  11   2   5  20   0  13  30  21  39  26   1   3  42   7  41   9  11  18  14  38  12   7  19  14  15   6  18  27  28  41  21  10  14  12  20  18  44   2  30  10  17  30  34 
 10   5  28  22  18   6   5  35  20   3  45   3   0   1  28  49  19  48  46  12  17  39  37   2  20  33  31  31  15  21  14   7  15  44  29  13  25  18  29   8  20   2  30  40  35  18  10  16   2  35 
  2  24  14  49  35  29  48  13  21   2  13  16  48   0  43  33  16  12  31  22  13  44  16   9  49  23  12  11   4  18  43  15  46  39  29  46  29  11  18  36   6  20  45  44  49  19  20  49  43  34 
 40   5   6   9  41  48  49  40  24   5  28  31  34  39   0  28  48  49  12  31  35   2  15   3  39  25  38  36  15  38   6  49  37   8  26  12  34  36  45   5  12  37  49  29  13  27  19  46  48  38 
 46   4  11  34  17  38   6   6  24  43  44  43   3  15  21   0  34  30  38  46  24  38  37   1  43  11  26   3  30  40  40  23  45   5  39  23  33  37  21  45  41  14  48  25  30  32  15  24  15  44 
 35  42  40  20  40  40   4  20   3  28  24  25  16  20  15  14   0  22  11  35  43  17  34   3  18   4  47  10  44  47  43   2  14  18  40  18  16  40  23  15   5  26   7  43  22  19  31  35  23  21 
 35  48  31  22  48  11  35   7   8  27  31  30  34   1  29  43  39   0  34  19  37  49  30  39   9  35  39  21  24  12  31  48   5  41  35   1   4   2  41  40  23  20   7   9   1  44  40  49  37  29 
 10  23  48  34  26  25  36  17  20  22  43  40  38  46  49  18  33  48   0  17  48  19  34  23  13  17  36  15  39  17  32  26  15  29  33   7  21  37  26  47   1   3  23   2  11   1  27  15  24  14 
 38   2  18  35  23  27  34  15  27  44  34  28  46  25  11  30  35  18  41   0   5  35   2  46  30  31  10   5   4  16  27  38  49  38  23  19  16  27  24  31  42  25  28   2  23  22   1   3  13  34 
  6  43  48   1  23  33  48  16  36  14  17  44  12  44   5  32  45  36  37  42   0  17  28  22  43  35  26  14  12   6  18  19  27  13  26   2   4  42  42  29  21   1  18  16  42  47  13  49   3  47 
 41  46  46  32  17  42  30  24  48  42  11  43  45   6  22  23  26   9   4   1   8   0  43  29  43  11   6  39   1  30  26  19  41  15  46  15  31  31   8  22  49  42  39  42  31   5  11   5  24   3 
 37  18  40  15  29  22  29  31  43   5  41  37   2  46  20  40  27  13  33   9  17  43   0  22   4  43  24  10  42  35   8  19  23  10  20  13  25  22   3  23  17  32   1  19   7  14  44  35  32  22 
 10  27  45  27  30  28  26  32  22  37  21  23  20  29  42  46  20  22  46   2   4  47  34   0  32  25  36  19  17  37  19  24  17  28  35  32   5  15  43   9  47  13  29  49  31   3   1  21   7  25 
 22  43  47  37  18  36   2  47  32  39  34  17  37  18  41   1  38   1   4  46  24   2   4  45   0  38  13  32   4  47  46  35  32   6  15  36  26  27  15  40  40  15   4  42  10  15  45  49  47  25 
 10  30  48  14  17  31  42  33  26  49  32  26  46   5  36  45   1  34  16  44  30  10  32  13  32   0   7  19  29  49  47  47  45  12  45  31  47  22  23   5  36  28  29  33  43  48  24  14  33  34 
 46  10  29  30  44  28   3  31   9  41  36   6  40   5   2   5  11  33  49  26  28  38  43   9  32  36   0  21  20  14  43  38  30  22  45  35   8   4  29  48  31  28  14  41  46  30  21  37  28   9 
 21   2  37  49  44   2  40  48  46  41  10  22  39  41  10  43   3   8  46  12  22  26   4  15   1  29  22   0  18   1  23  15   8  47  23  34  31  25  11  42  37  29   5  17  39  24  46  33  17  28 
 27  39  21  18  10  17  38  24  37  38  10  10  40   4   6  38  39   8  47   8   8   9  17   5   9   8  48  39   0  21  27  30   7  16   8  31   7  17  25  19  24   1  22  28  36  16  18  18  29   5 
 32  10  41   5  24  44  12  17  44  45  21  21   6  21  45  14  38  30   2  25   6  33  46   7  33  22  25  16  15   0  16  22  22  11   8  47  40  39  21   3  33  43  41  45  14  36   9  20  34   9 
 14  24   6  25  44  19  10  17  42  22  24  46   3  43  37   5  46  46  46  42  34  44  43  41  16  14  31   3  26   7   0   1  35  10  23   7  18  37   5  34  39  38  28  34  47   5  36  18   1   8 
 41   8  44   7  23   6  12  22  47  39   8   9  43   2  40  40   7  12  46  36  16  49  44  20  11   2  48  24   8  24  17   0  29   8  18  24  13  36   7  16  37  18  40  47  44  17  45  31  28   4 
 39  39  18  22  34   2  26  12  28  17  32  42  31   4   7  45  41   7  11   5   6   1  46  33  23  18  21  18  23  38  30  12   0  32  17  43  35  34  44  27  46  20  22  22  34   3  33  13  26  47 
 23  37   4  37  40  36  45   2  29  41  28  40  15  21  14  37  31   7  29   2  18  49  21  44  22  14  38  49  19  10  31  42  32   0  19  49  35  31   9  12   2  15  30  18   2  44  33   3  26   2 
  8  18   1  16   8  18  29  15  26  21  48  40  44  46  36  35  18  15  23  37   7   1   5  19  30  40   8  32  44  37  12  32  19  41   0  39  14  32  49  29   5  26  40   5   5  43   4  42  27  34 
 39  15  25   1  24  46  44  28  30  22  23  40   8  42  27   6  16  40  26  36   1  47  44   3  28  28  49  26   5  34  17  26  12  47  34   0  27  16   9  28  43  17  16  24  19  46  21  17   4  16 
 37  15   8  42  12   8  28  23  36  16  22  18   5  20   5  24  22   8  22  40  40  15  27  26  22   2  41   8  33  31   8  44  46  46  43  26   0   3  35  17  11  12  19  15   5  24  25  39   1  40 
 46  24  15  43  18  17   2  41   7   5  26  15   4  45   9   3  34  19  41  39  14  13  42   2  28  18  30  42  33  43  16  34  30  47  46   9  27   0  21  21  41  47  48  29  39  41  35  40  40   4 
 12  15  11  43  18  44  26  21   5  18  32  32  25   6   6  28  25  36  41  16  11  20  28   6  25  26  38  31   6  47  13  11  42  34  21   6  35  22   0  30  38  39  37   9  49  45  26   2   3  45 
  1  46  37   5  23  44  19  39  46  42  35   3   4  14  35  12  14  12  45   3  30  11   9  29  19  36   2  40  31  13   7  21  17  45  10   9  32  12  28   0   2  21  21  32   2  47  24  44   5   2 
  6  23  24  21  36  39   1  37  13  44   2  18  39  30  29  16  38  49   3  43  41  11  28   8   6  10  45  25  25  15  18   1  24  23  10   4  40  17  32  16   0  10  12  40  41   3   3  23  43  16 
  5  23  13   1  11  34  44  16  35   6  42   1   9  10   7  46   7  47  19  33  28  40  16  32  13  11  14  35   5  30   2   2  28  14  35  10  30  33  13  40  42   0   2  12  17  12  40  31  16  29 
 25  45  42  43  14  26   7  31  17   7   9  12  48   9  40  19  13  40  39  30   4  15  49  12   1  19  20  47  40  24  40  34  36  35  16  20  47  26  37   8  28  20   0  29  27  28  41  11  20  18 
 16   7  10  22  28  47   9  26  20  14   7  42  23  15  15  19  47  49  30  33  28  36  20  27  13  19  31  21   4  22  25  22   2  36   9  43   5   3   8  43  19  38  26   0  19  10  38  29  29  46 
 43   7  42   5  29  44  38  34  39  20  13  20   2  29  41  40  18  38  15  12  48  21  36  48  43  20  32   5  41  34  42  22  13  48  32  42  27  16  36  21  43   2  38  42   0   3  12  23  44  13 
  7  28  37  26  28   2  42  34  17  26  10  47  42  47  27  14  47  41  16  38  15  35  49  32  43  21  26  25  28   3  20  12  18   2  12   3  48  48   6  42   9   8  15  13  29   0  25  38  17  44 
 38  48   6   8  34  28   9   2  23  45  16  29   3  29  30  28  25  25  25  32   4  34  40  37   5  10  25  11   1  22  16  20  12  39  42  25  22   1   4   4  47  34  26   3  11   9   0   7  23  11 
 10   5  29  33  49  38  22   1  13  46  16  12  21  32  48  36  27  14  47  40  30  14  32   7  33  34  36  17  13  21  39  13  39  27  36  22   4  35  37  13  30   2   8   6  33   1  30   0  18  45 
  4  18  22  15  30  18  45  37  47   2   4  11  45  29   3  45  37   7   6  35   6  49  48  26  36  12  33  19  19  11  44   2  25   2  36  49  47   6  20  16  23  41  42  23  26  29   7  37   0   9 
 43  38  45  45  40   8  24  17  11  11   2  23  43  24  35  40   5   5  12   7  47  35  12  28  21  34  36   3  29  19  31  34  34  33  17   8   8  28  22  24   2  20  45  15  17   2  28   6  34   0 
M2
  0   9  22  36  15  43  39  40  35  22  27   8  44   3  24  25  40  16   9  44   8  46  36  31  18  11  40  20  29  21  49  16   2  19   3  14  13  41  30  25   3  44  23  46  16   8   1  46  34  41 
  9   0  14   5  36  16  29  35   9  37  14  36  49  28   2   1  32  47  16  32   2  33  32   3  39  46   5   1  27   2  45   2  20  30   8  41  30  39  35  43  48   1  42  48  22  19  22  24   4  34 
 24  45   0  13  41  17  35  16  41  14   6  41  22  17   4   1   7   1  47   4  11  34  48  40  38  41  34   3  45  42  41   3  40  49  39  10   8  14  34   3  48  37  13  39  37  29  46  30  20  10 
  5  30   4   0  10  21  24  49  44  38  17  47  23  18  45  31   2  49  31  40  13  24  49  18  38  28  31  29   9  28  17  31   2  27  20  17  10  46  29   2  16  38  10  27  13  40   2  10  16  38 
 33   2   8  41   0  19  31  31  45  23  47  18  35  47  32   3  48  29  14  38  14  48   7  48   6  26  46   5  43  18  47  13  27  14  33  19  32  43  33  18  42  48  44  27  26  16  47   3  20  33 
 13  44  12   3  41   0  21  38  25   4  23   5  23  35  24  31   7   4  38   7  16  37   8  15  15  35  33  29  20  41  49  27  35  37   6  28   6  20  35  35  23   2  28  40  13  39   8  21  21   7 
 26  47  40  32   1  28   0  15  16   4  18  35  28  21  24  33   6   5  28  39  44  44  42   3   7  45  42  18  34   8  40  32  37  28  11  42  19  44  41   9  13   8  29  40  28  40  49  23  35  28 
  7   4   3   3  10  43  23   0  29   9  43  13  41   2  24   5   6  48  32   9  42  10  49   6  22  18   8  44  16   8  22  34  37  14  23  38  44   6   7  10  22  42  27  15  30   4  39   8  11  49 
 13  46  20   3  29  40  13  34   0  48  46  30  21  44  29  40  11  47   7  15  46  47  11   7  45  37  10  22  43   7  40  46  44  30   1  10  34  18  31  49   6  20  48  42  13   9  35  45  26  18 
 44  18  37  21   3   1  39  23  27   0  47  48  18   9  39  48   5   9  25  20   5   8   6  22  42  20  36  11  11   4  18   7  27   4  17  17  10  11  48  11  40  22  29  30  45  15  19  37  41   6 
 16  22  42  47  32  23  39  47  33  15   0   9  49   7  25   5  29  33  16  44  45  27  36  43  20  28  31   4  18  19  14  33  26   4  38  12  40  34  22  11  42  35  36  45   1  41  26  14   6   9 
 33   4   3  37  46   1  31  11   2   5  20   0  13  30  21  39  26   1   3  42   7  41   9  11  18  14  38  12   7  19  14  15   6  18  27  28  41  21  10  14  12  20  18  44   2  30  10  17  30  34 
 10   5  28  22  18   6   5  35  20   3  45   3   0   1  28  49  19  48  46  12  17  39  37   2  20  33  31  31  15  21  14   7  15  44  29  13  25  18  29   8  20   2  30  40  35  18  10  16   2  35 
  2  24  14  49  35  29  48  13  21   2  13  16  48   0  43  33  16  12  31  22  13  44  16   9  49  23  12  11   4  18  43  15  46  39  29  46  29  11  18  36   6  20  45  44  49  19  20  49  43  34 
 40   5   6   9  41  48  49  40  24   5  28  31  34  39   0  28  48  49  12  31  35   2  15   3  39  25  38  36  15  38   6  49  37   8  26  12  34  36  45   5  12  37  49  29  13  27  19  46  48  38 
 46   4  11  34  17  38   6   6  24  43  44  43   3  15  21   0  34  30  38  46  24  38  37   1  43  11  26   3  30  40  40  23  45   5  39  23  33  37  21  45  41  14  48  25  30  32  15  24  15  44 
 35  42  40  20  40  40   4  20   3  28  24  25  16  20  15  14   0  22  11  35  43  17  34   3  18   4  47  10  44  47  43   2  14  18  40  18  16  40  23  15   5  26   7  43  22  19  31  35  23  21 
 35  48  31  22  48  11  35   7   8  27  31  30  34   1  29  43  39   0  34  19  37  49  30  39   9  35  39  21  24  12  31  48   5  41  35   1   4   2  41  40  23  20   7   9   1  44  40  49  37  29 
 10  23  48  34  26  25  36  17  20  22  43  40  38  46  49  18  33  48   0  17  48  19  34  23  13  17  36  15  39  17  32  26  15  29  33   7  21  37  26  47   1   3  23   2  11   1  27  15  24  14 
 38   2  18  35  23  27  34  15  27  44  34  28  46  25  11  30  35  18  41   0   5  35   2  46  30  31  10   5   4  16  27  38  49  38  23  19  16  27  24  31  42  25  28   2  23  22   1   3  13  34 
  6  43  48   1  23  33  48  16  36  14  17  44  12  44   5  32  45  36  37  42   0  17  28  22  43  35  26  14  12   6  18  19  27  13  26   2   4  42  42  29  21   1  18  16  42  47  13  49   3  47 
 41  46  46  32  17  42  30  24  48  42  11  43  45   6  22  23  26   9   4   1   8   0  43  29  43  11   6  39   1  30  26  19  41  15  46  15  31  31   8  22  49  42  39  42  31   5  11   5  24   3 
 37  18  40  15  29  22  29  31  43   5  41  37   2  46  20  40  27  13  33   9  17  43   0  22   4  43  24  10  42  35   8  19  23  10  20  13  25  22   3  23  17  32   1  19   7  14  44  35  32  22 
 10  27  45  27  30  28  26  32  22  37  21  23  20  29  42  46  20  22  46   2   4  47  34   0  32  25  36  19  17  37  19  24  17  28  35  32   5  15  43   9  47  13  29  49  31   3   1  21   7  25 
 22  43  47  37  18  36   2  47  32  39  34  17  37  18  41   1  38   1   4  46  24   2   4  45   0  38  13  32   4  47  46  35  32   6  15  36  26  27  15  40  40  15   4  42  10  15  45  49  47  25 
 10  30  48  14  17  31  42  33  26  49  32  26  46   5  36  45   1  34  16  44  30  10  32  13  32   0   7  19  29  49  47  47  45  12  45  31  47  22  23   5  36  28  29  33  43  48  24  14  33  34 
 46  10  29  30  44  28   3  31   9  41  36   6  40   5   2   5  11  33  49  26  28  38  43   9  32  36   0  21  20  14  43  38  30  22  45  35   8   4  29  48  31  28  14  41  46  30  21  37  28   9 
 21   2  37  49  44   2  40  48  46  41  10  22  39  41  10  43   3   8  46  12  22  26   4  15   1  29  22   0  18   1  23  15   8  47  23  34  31  25  11  42  37  29   5  17  39  24  46  33  17  28 
 27  39  21  18  10  17  38  24  37  38  10  10  40   4   6  38  39   8  47   8   8   9  17   5   9   8  48  39   0  21  27  30   7  16   8  31   7  17  25  19  24   1  22  28  36  16  18  18  29   5 
 32  10  41   5  24  44  12  17  44  45  21  21   6  21  45  14  38  30   2  25   6  33  46   7  33  22  25  16  15   0  16  22  22  11   8  47  40  39  21   3  33  43  41  45  14  36   9  20  34   9 
 14  24   6  25  44  19  10  17  42  22  24  46   3  43  37   5  46  46  46  42  34  44  43  41  16  14  31   3  26   7   0   1  35  10  23   7  18  37   5  34  39  38  28  34  47   5  36  18   1   8 
 41   8  44   7  23   6  12  22  47  39   8   9  43   2  40  40   7  12  46  36  16  49  44  20  11   2  48  24   8  24  17   0  29   8  18  24  13  36   7  16  37  18  40  47  44  17  45  31  28   4 
 39  39  18  22  34   2  26  12  28  17  32  42  31   4   7  45  41   7  11   5   6   1  46  33  23  18  21  18  23  38  30  12   0  32  17  43  35  34  44  27  46  20  22  22  34   3  33  13  26  47 
 23  37   4  37  40  36  45   2  29  41  28  40  15  21  14  37  31   7  29   2  18  49  21  44  22  14  38  49  19  10  31  42  32   0  19  49  35  31   9  12   2  15  30  18   2  44  33   3  26   2 
  8  18   1  16   8  18  29  15  26  21  48  40  44  46  36  35  18  15  23  37   7   1   5  19  30  40   8  32  44  37  12  32  19  41   0  39  14  32  49  29   5  26  40   5   5  43   4  42  27  34 
 39  15  25   1  24  46  44  28  30  22  23  40   8  42  27   6  16  40  26  36   1  47  44   3  28  28  49  26   5  34  17  26  12  47  34   0  27  16   9  28  43  17  16  24  19  46  21  17   4  16 
 37  15   8  42  12   8  28  23  36  16  22  18   5  20   5  24  22   8  22  40  40  15  27  26  22   2  41   8  33  31   8  44  46  46  43  26   0   3  35  17  11  12  19  15   5  24  25  39   1  40 
 46  24  15  43  18  17   2  41   7   5  26  15   4  45   9   3  34  19  41  39  14  13  42   2  28  18  30  42  33  43  16  34  30  47  46   9  27   0  21  21  41  47  48  29  39  41  35  40  40   4 
 12  15  11  43  18  44  26  21   5  18  32  32  25   6   6  28  25  36  41  16  11  20  28   6  25  26  38  31   6  47  13  11  42  34  21   6  35  22   0  30  38  39  37   9  49  45  26   2   3  45 
  1  46  37   5  23  44  19  39  46  42  35   3   4  14  35  12  14  12  45   3  30  11   9  29  19  36   2  40  31  13   7  21  17  45  10   9  32  12  28   0   2  21  21  32   2  47  24  44   5   2 
  6  23  24  21  36  39   1  37  13  44   2  18  39  30  29  16  38  49   3  43  41  11  28   8   6  10  45  25  25  15  18   1  24  23  10   4  40  17  32  16   0  10  12  40  41   3   3  23  43  16 
  5  23  13   1  11  34  44  16  35   6  42   1   9  10   7  46   7  47  19  33  28  40  16  32  13  11  14  35   5  30   2   2  28  14  35  10  30  33  13  40  42   0   2  12  17  12  40  31  16  29 
 25  45  42  43  14  26   7  31  17   7   9  12  48   9  40  19  13  40  39  30   4  15  49  12   1  19  20  47  40  24  40  34  36  35  16  20  47  26  37   8  28  20   0  29  27  28  41  11  20  18 
 16   7  10  22  28  47   9  26  20  14   7  42  23  15  15  19  47  49  30  33  28  36  20  27  13  19  31  21   4  22  25  22   2  36   9  43   5   3   8  43  19  38  26   0  19  10  38  29  29  46 
 43   7  42   5  29  44  38  34  39  20  13  20   2  29  41  40  18  38  15  12  48  21  36  48  43  20  32   5  41  34  42  22  13  48  32  42  27  16  36  21  43   2  38  42   0   3  12  23  44  13 
  7  28  37  26  28   2  42  34  17  26  10  47  42  47  27  14  47  41  16  38  15  35  49  32  43  21  26  25  28   3  20  12  18   2  12   3  48  48   6  42   9   8  15  13  29   0  25  38  17  44 
 38  48   6   8  34  28   9   2  23  45  16  29   3  29  30  28  25  25  25  32   4  34  40  37   5  10  25  11   1  22  16  20  12  39  42  25  22   1   4   4  47  34  26   3  11   9   0   7  23  11 
 10   5  29  33  49  38  22   1  13  46  16  12  21  32  48  36  27  14  47  40  30  14  32   7  33  34  36  17  13  21  39  13  39  27  36  22   4  35  37  13  30   2   8   6  33   1  30   0  18  45 
  4  18  22  15  30  18  45  37  47   2   4  11  45  29   3  45  37   7   6  35   6  49  48  26  36  12  33  19  19  11  44   2  25   2  36  49  47   6  20  16  23  41  42  23  26  29   7  37   0   9 
 43  38  45  45  40   8  24  17  11  11   2  23  43  24  35  40   5   5  12   7  47  35  12  28  21  34  36   3  29  19  31  34  34  33  17   8   8  28  22  24   2  20  45  15  17   2  28   6  34   0 
M3
  0   9  22  36  15  43  39  40  35  22  27   8  44   3  24  25  40  16   9  44   8  46  36  31  18  11  40  20  29  21  49  16   2  19   3  14  13  41  30  25   3  44  23  46  16   8   1  46  34  41 
  9   0  14   5  36  16  29  35   9  37  14  36  49  28   2   1  32  47  16  32   2  33  32   3  39  46   5   1  27   2  45   2  20  30   8  41  30  39  35  43  48   1  42  48  22  19  22  24   4  34 
 24  45   0  13  41  17  35  16  41  14   6  41  22  17   4   1   7   1  47   4  11  34  48  40  38  41  34   3  45  42  41   3  40  49  39  10   8  14  34   3  48  37  13  39  37  29  46  30  20  10 
  5  30   4   0  10  21  24  49  44  38  17  47  23  18  45  31   2  49  31  40  13  24  49  18  38  28  31  29   9  28  17  31   2  27  20  17  10  46  29   2  16  38  10  27  13  40   2  10  16  38 
 33   2   8  41   0  19  31  31  45  23  47  18  35  47  32   3  48  29  14  38  14  48   7  48   6  26  46   5  43  18  47  13  27  14  33  19  32  43  33  18  42  48  44  27  26  16  47   3  20  33 
 13  44  12   3  41   0  21  38  25   4  23   5  23  35  24  31   7   4  38   7  16  37   8  15  15  35  33  29  20  41  49  27  35  37   6  28   6  20  35  35  23   2  28  40  13  39   8  21  21   7 
 26  47  40  32   1  28   0  15  16   4  18  35  28  21  24  33   6   5  28  39  44  44  42   3   7  45  42  18  34   8  40  32  37  28  11  42  19  44  41   9  13   8  29  40  28  40  49  23  35  28 
  7   4   3   3  10  43  23   0  29   9  43  13  41   2  24   5   6  48  32   9  42  10  49   6  22  18   8  44  16   8  22  34  37  14  23  38  44   6   7  10  22  42  27  15  30   4  39   8  11  49 
 13  46  20   3  29  40  13  34   0  48  46  30  21  44  29  40  11  47   7  15  46  47  11   7  45  37  10  22  43   7  40  46  44  30   1  10  34  18  31  49   6  20  48  42  13   9  35  45  26  18 
 44  18  37  21   3   1  39  23  27   0  47  48  18   9  39  48   5   9  25  20   5   8   6  22  42  20  36  11  11   4  18   7  27   4  17  17  10  11  48  11  40  22  29  30  45  15  19  37  41   6 
 16  22  42  47  32  23  39  47  33  15   0   9  49   7  25   5  29  33  16  44  45  27  36  43  20  28  31   4  18  19  14  33  26   4  38  12  40  34  22  11  42  35  36  45   1  41  26  14   6   9 
 33   4   3  37  46   1  31  11   2   5  20   0  13  30  21  39  26   1   3  42   7  41   9  11  18  14  38  12   7  19  14  15   6  18  27  28  41  21  10  14  12  20  18  44   2  30  10  17  30  34 
 10   5  28  22  18   6   5  35  20   3  45   3   0   1  28  49  19  48  46  12  17  39  37   2  20  33  31  31  15  21  14   7  15  44  29  13  25  18  29   8  20   2  30  40  35  18  10  16   2  35 
  2  24  14  49  35  29  48  13  21   2  13  16  48   0  43  33  16  12  31  22  13  44  16   9  49  23  12  11   4  18  43  15  46  39  29  46  29  11  18  36   6  20  45  44  49  19  20  49  43  34 
 40   5   6   9  41  48  49  40  24   5  28  31  34  39   0  28  48  49  12  31  35   2  15   3  39  25  38  36  15  38   6  49  37   8  26  12  34  36  45   5  12  37  49  29  13  27  19  46  48  38 
 46   4  11  34  17  38   6   6  24  43  44  43   3  15  21   0  34  30  38  46  24  38  37   1  43  11  26   3  30  40  40  23  45   5  39  23  33  37  21  45  41  14  48  25  30  32  15  24  15  44 
 35  42  40  20  40  40   4  20   3  28  24  25  16  20  15  14   0  22  11  35  43  17  34   3  18   4  47  10  44  47  43   2  14  18  40  18  16  40  23  15   5  26   7  43  22  19  31  35  23  21 
 35  48  31  22  48  11  35   7   8  27  31  30  34   1  29  43  39   0  34  19  37  49  30  39   9  35  39  21  24  12  31  48   5  41  35   1   4   2  41  40  23  20   7   9   1  44  40  49  37  29 
 10  23  48  34  26  25  36  17  20  22  43  40  38  46  49  18  33  48   0  17  48  19  34  23  13  17  36  15  39  17  32  26  15  29  33   7  21  37  26  47   1   3  23   2  11   1  27  15  24  14 
 38   2  18  35  23  27  34  15  27  44  34  28  46  25  11  30  35  18  41   0   5  35   2  46  30  31  10   5   4  16  27  38  49  38  23  19  16  27  24  31  42  25  28   2  23  22   1   3  13  34 
  6  43  48   1  23  33  48  16  36  14  17  44  12  44   5  32  45  36  37  42   0  17  28  22  43  35  26  14  12   6  18  19  27  13  26   2   4  42  42  29  21   1  18  16  42  47  13  49   3  47 
 41  46  46  32  17  42  30  24  48  42  11  43  45   6  22  23  26   9   4   1   8   0  43  29  43  11   6  39   1  30  26  19  41  15  46  15  31  31   8  22  49  42  39  42  31   5  11   5  24   3 
 37  18  40  15  29  22  29  31  43   5  41  37   2  46  20  40  27  13  33   9  17  43   0  22   4  43  24  10  42  35   8  19  23  10  20  13  25  22   3  23  17  32   1  19   7  14  44  35  32  22 
 10  27  45  27  30  28  26  32  22  37  21  23  20  29  42  46  20  22  46   2   4  47  34   0  32  25  36  19  17  37  19  24  17  28  35  32   5  15  43   9  47  13  29  49  31   3   1  21   7  25 
 22  43  47  37  18  36   2  47  32  39  34  17  37  18  41   1  38   1   4  46  24   2   4  45   0  38  13  32   4  47  46  35  32   6  15  36  26  27  15  40  40  15   4  42  10  15  45  49  47  25 
 10  30  48  14  17  31  42  33  26  49  32  26  46   5  36  45   1  34  16  44  30  10  32  13  32   0   7  19  29  49  47  47  45  12  45  31  47  22  23   5  36  28  29  33  43  48  24  14  33  34 
 46  10  29  30  44  28   3  31   9  41  36   6  40   5   2   5  11  33  49  26  28  38  43   9  32  36   0  21  20  14  43  38  30  22  45  35   8   4  29  48  31  28  14  41  46  30  21  37  28   9 
 21   2  37  49  44   2  40  48  46  41  10  22  39  41  10  43   3   8  46  12  22  26   4  15   1  29  22   0  18   1  23  15   8  47  23  34  31  25  11  42  37  29   5  17  39  24  46  33  17  28 
 27  39  21  18  10  17  38  24  37  38  10  10  40   4   6  38  39   8  47   8   8   9  17   5   9   8  48  39   0  21  27  30   7  16   8  31   7  17  25  19  24   1  22  28  36  16  18  18  29   5 
 32  10  41   5  24  44  12  17  44  45  21  21   6  21  45  14  38  30   2  25   6  33  46   7  33  22  25  16  15   0  16  22  22  11   8  47  40  39  21   3  33  43  41  45  14  36   9  20  34   9 
 14  24   6  25  44  19  10  17  42  22  24  46   3  43  37   5  46  46  46  42  34  44  43  41  16  14  31   3  26   7   0   1  35  10  23   7  18  37   5  34  39  38  28  34  47   5  36  18   1   8 
 41   8  44   7  23   6  12  22  47  39   8   9  43   2  40  40   7  12  46  36  16  49  44  20  11   2  48  24   8  24  17   0  29   8  18  24  13  36   7  16  37  18  40  47  44  17  45  31  28   4 
 39  39  18  22  34   2  26  12  28  17  32  42  31   4   7  45  41   7  11   5   6   1  46  33  23  18  21  18  23  38  30  12   0  32  17  43  35  34  44  27  46  20  22  22  34   3  33  13  26  47 
 23  37   4  37  40  36  45   2  29  41  28  40  15  21  14  37  31   7  29   2  18  49  21  44  22  14  38  49  19  10  31  42  32   0  19  49  35  31   9  12   2  15  30  18   2  44  33   3  26   2 
  8  18   1  16   8  18  29  15  26  21  48  40  44  46  36  35  18  15  23  37   7   1   5  19  30  40   8  32  44  37  12  32  19  41   0  39  14  32  49  29   5  26  40   5   5  43   4  42  27  34 
 39  15  25   1  24  46  44  28  30  22  23  40   8  42  27   6  16  40  26  36   1  47  44   3  28  28  49  26   5  34  17  26  12  47  34   0  27  16   9  28  43  17  16  24  19  46  21  17   4  16 
 37  15   8  42  12   8  28  23  36  16  22  18   5  20   5  24  22   8  22  40  40  15  27  26  22   2  41   8  33  31   8  44  46  46  43  26   0   3  35  17  11  12  19  15   5  24  25  39   1  40 
 46  24  15  43  18  17   2  41   7   5  26  15   4  45   9   3  34  19  41  39  14  13  42   2  28  18  30  42  33  43  16  34  30  47  46   9  27   0  21  21  41  47  48  29  39  41  35  40  40   4 
 12  15  11  43  18  44  26  21   5  18  32  32  25   6   6  28  25  36  41  16  11  20  28   6  25  26  38  31   6  47  13  11  42  34  21   6  35  22   0  30  38  39  37   9  49  45  26   2   3  45 
  1  46  37   5  23  44  19  39  46  42  35   3   4  14  35  12  14  12  45   3  30  11   9  29  19  36   2  40  31  13   7  21  17  45  10   9  32  12  28   0   2  21  21  32   2  47  24  44   5   2 
  6  23  24  21  36  39   1  37  13  44   2  18  39  30  29  16  38  49   3  43  41  11  28   8   6  10  45  25  25  15  18   1  24  23  10   4  40  17  32  16   0  10  12  40  41   3   3  23  43  16 
  5  23  13   1  11  34  44  16  35   6  42   1   9  10   7  46   7  47  19  33  28  40  16  32  13  11  14  35   5  30   2   2  28  14  35  10  30  33  13  40  42   0   2  12  17  12  40  31  16  29 
 25  45  42  43  14  26   7  31  17   7   9  12  48   9  40  19  13  40  39  30   4  15  49  12   1  19  20  47  40  24  40  34  36  35  16  20  47  26  37   8  28  20   0  29  27  28  41  11  20  18 
 16   7  10  22  28  47   9  26  20  14   7  42  23  15  15  19  47  49  30  33  28  36  20  27  13  19  31  21   4  22  25  22   2  36   9  43   5   3   8  43  19  38  26   0  19  10  38  29  29  46 
 43   7  42   5  29  44  38  34  39  20  13  20   2  29  41  40  18  38  15  12  48  21  36  48  43  20  32   5  41  34  42  22  13  48  32  42  27  16  36  21  43   2  38  42   0   3  12  23  44  13 
  7  28  37  26  28   2  42  34  17  26  10  47  42  47  27  14  47  41  16  38  15  35  49  32  43  21  26  25  28   3  20  12  18   2  12   3  48  48   6  42   9   8  15  13  29   0  25  38  17  44 
 38  48   6   8  34  28   9   2  23  45  16  29   3  29  30  28  25  25  25  32   4  34  40  37   5  10  25  11   1  22  16  20  12  39  42  25  22   1   4   4  47  34  26   3  11   9   0   7  23  11 
 10   5  29  33  49  38  22   1  13  46  16  12  21  32  48  36  27  14  47  40  30  14  32   7  33  34  36  17  13  21  39  13  39  27  36  22   4  35  37  13  30   2   8   6  33   1  30   0  18  45 
  4  18  22  15  30  18  45  37  47   2   4  11  45  29   3  45  37   7   6  35   6  49  48  26  36  12  33  19  19  11  44   2  25   2  36  49  47   6  20  16  23  41  42  23  26  29   7  37   0   9 
 43  38  45  45  40   8  24  17  11  11   2  23  43  24  35  40   5   5  12   7  47  35  12  28  21  34  36   3  29  19  31  34  34  33  17   8   8  28  22  24   2  20  45  15  17   2  28   6  34   0 
M4
  0   9  22  36  15  43  39  40  35  22  27   8  44   3  24  25  40  16   9  44   8  46  36  31  18  11  40  20  29  21  49  16   2  19   3  14  13  41  30  25   3  44  23  46  16   8   1  46  34  41 
  9   0  14   5  36  16  29  35   9  37  14  36  49  28   2   1  32  47  16  32   2  33  32   3  39  46   5   1  27   2  45   2  20  30   8  41  30  39  35  43  48   1  42  48  22  19  22  24   4  34 
 24  45   0  13  41  17  35  16  41  14   6  41  22  17   4   1   7   1  47   4  11  34  48  40  38  41  34   3  45  42  41   3  40  49  39  10   8  14  34   3  48  37  13  39  37  29  46  30  20  10 
  5  30   4   0  10  21  24  49  44  38  17  47  23  18  45  31   2  49  31  40  13  24  49  18  38  28  31  29   9  28  17  31   2  27  20  17  10  46  29   2  16  38  10  27  13  40   2  10  16  38 
 33   2   8  41   0  19  31  31  45  23  47  18  35  47  32   3  48  29  14  38  14  48   7  48   6  26  46   5  43  18  47  13  27  14  33  19  32  43  33  18  42  48  44  27  26  16  47   3  20  33 
 13  44  12   3  41   0  21  38  25   4  23   5  23  35  24  31   7   4  38   7  16  37   8  15  15  35  33  29  20  41  49  27  35  37   6  28   6  20  35  35  23   2  28  40  13  39   8  21  21   7 
 26  47  40  32   1  28   0  15  16   4  18  35  28  21  24  33   6   5  28  39  44  44  42   3   7  45  42  18  34   8  40  32  37  28  11  42  19  44  41   9  13   8  29  40  28  40  49  23  35  28 
  7   4   3   3  10  43  23   0  29   9  43  13  41   2  24   5   6  48  32   9  42  10  49   6  22  18   8  44  16   8  22  34  37  14  23  38  44   6   7  10  22  42  27  15  30   4  39   8  11  49 
 13  46  20   3  29  40  13  34   0  48  46  30  21  44  29  40  11  47   7  15  46  47  11   7  45  37  10  22  43   7  40  46  44  30   1  10  34  18  31  49   6  20  48  42  13   9  35  45  26  18 
 44  18  37  21   3   1  39  23  27   0  47  48  18   9  39  48   5   9  25  20   5   8   6  22  42  20  36  11  11   4  18   7  27   4  17  17  10  11  48  11  40  22  29  30  45  15  19  37  41   6 
 16  22  42  47  32  23  39  47  33  15   0   9  49   7  25   5  29  33  16  44  45  27  36  43  20  28  31   4  18  19  14  33  26   4  38  12  40  34  22  11  42  35  36  45   1  41  26  14   6   9 
 33   4   3  37  46   1  31  11   2   5  20   0  13  30  21  39  26   1   3  42   7  41   9  11  18  14  38  12   7  19  14  15   6  18  27  28  41  21  10  14  12  20  18  44   2  30  10  17  30  34 
 10   5  28  22  18   6   5  35  20   3  45   3   0   1  28  49  19  48  46  12  17  39  37   2  20  33  31  31  15  21  14   7  15  44  29  13  25  18  29   8  20   2  30  40  35  18  10  16   2  35 
  2  24  14  49  35  29  48  13  21   2  13  16  48   0  43  33  16  12  31  22  13  44  16   9  49  23  12  11   4  18  43  15  46  39  29  46  29  11  18  36   6  20  45  44  49  19  20  49  43  34 
 40   5   6   9  41  48  49  40  24   5  28  31  34  39   0  28  48  49  12  31  35   2  15   3  39  25  38  36  15  38   6  49  37   8  26  12  34  36  45   5  12  37  49  29  13  27  19  46  48  38 
 46   4  11  34  17  38   6   6  24  43  44  43   3  15  21   0  34  30  38  46  24  38  37   1  43  11  26   3  30  40  40  23  45   5  39  23  33  37  21  45  41  14  48  25  30  32  15  24  15  44 
 35  42  40  20  40  40   4  20   3  28  24  25  16  20  15  14   0  22  11  35  43  17  34   3  18   4  47  10  44  47  43   2  14  18  40  18  16  40  23  15   5  26   7  43  22  19  31  35  23  21 
 35  48  31  22  48  11  35   7   8  27  31  30  34   1  29  43  39   0  34  19  37  49  30  39   9  35  39  21  24  12  31  48   5  41  35   1   4   2  41  40  23  20   7   9   1  44  40  49  37  29 
 10  23  48  34  26  25  36  17  20  22  43  40  38  46  49  18  33  48   0  17  48  19  34  23  13  17  36  15  39  17  32  26  15  29  33   7  21  37  26  47   1   3  23   2  11   1  27  15  24  14 
 38   2  18  35  23  27  34  15  27  44  34  28  46  25  11  30  35  18  41   0   5  35   2  46  30  31  10   5   4  16  27  38  49  38  23  19  16  27  24  31  42  25  28   2  23  22   1   3  13  34 
  6  43  48   1  23  33  48  16  36  14  17  44  12  44   5  32  45  36  37  42   0  17  28  22  43  35  26  14  12   6  18  19  27  13  26   2   4  42  42  29  21   1  18  16  42  47  13  49   3  47 
 41  46  46  32  17  42  30  24  48  42  11  43  45   6  22  23  26   9   4   1   8   0  43  29  43  11   6  39   1  30  26  19  41  15  46  15  31  31   8  22  49  42  39  42  31   5  11   5  24   3 
 37  18  40  15  29  22  29  31  43   5  41  37   2  46  20  40  27  13  33   9  17  43   0  22   4  43  24  10  42  35   8  19  23  10  20  13  25  22   3  23  17  32   1  19   7  14  44  35  32  22 
 10  27  45  27  30  28  26  32  22  37  21  23  20  29  42  46  20  22  46   2   4  47  34   0  32  25  36  19  17  37  19  24  17  28  35  32   5  15  43   9  47  13  29  49  31   3   1  21   7  25 
 22  43  47  37  18  36   2  47  32  39  34  17  37  18  41   1  38   1   4  46  24   2   4  45   0  38  13  32   4  47  46  35  32   6  15  36  26  27  15  40  40  15   4  42  10  15  45  49  47  25 
 10  30  48  14  17  31  42  33  26  49  32  26  46   5  36  45   1  34  16  44  30  10  32  13  32   0   7  19  29  49  47  47  45  12  45  31  47  22  23   5  36  28  29  33  43  48  24  14  33  34 
 46  10  29  30  44  28   3  31   9  41  36   6  40   5   2   5  11  33  49  26  28  38  43   9  32  36   0  21  20  14  43  38  30  22  45  35   8   4  29  48  31  28  14  41  46  30  21  37  28   9 
 21   2  37  49  44   2  40  48  46  41  10  22  39  41  10  43   3   8  46  12  22  26   4  15   1  29  22   0  18   1  23  15   8  47  23  34  31  25  11  42  37  29   5  17  39  24  46  33  17  28 
 27  39  21  18  10  17  38  24  37  38  10  10  40   4   6  38  39   8  47   8   8   9  17   5   9   8  48  39   0  21  27  30   7  16   8  31   7  17  25  19  24   1  22  28  36  16  18  18  29   5 
 32  10  41   5  24  44  12  17  44  45  21  21   6  21  45  14  38  30   2  25   6  33  46   7  33  22  25  16  15   0  16  22  22  11   8  47  40  39  21   3  33  43  41  45  14  36   9  20  34   9 
 14  24   6  25  44  19  10  17  42  22  24  46   3  43  37   5  46  46  46  42  34  44  43  41  16  14  31   3  26   7   0   1  35  10  23   7  18  37   5  34  39  38  28  34  47   5  36  18   1   8 
 41   8  44   7  23   6  12  22  47  39   8   9  43   2  40  40   7  12  46  36  16  49  44  20  11   2  48  24   8  24  17   0  29   8  18  24  13  36   7  16  37  18  40  47  44  17  45  31  28   4 
 39  39  18  22  34   2  26  12  28  17  32  42  31   4   7  45  41   7  11   5   6   1  46  33  23  18  21  18  23  38  30  12   0  32  17  43  35  34  44  27  46  20  22  22  34   3  33  13  26  47 
 23  37   4  37  40  36  45   2  29  41  28  40  15  21  14  37  31   7  29   2  18  49  21  44  22  14  38  49  19  10  31  42  32   0  19  49  35  31   9  12   2  15  30  18   2  44  33   3  26   2 
  8  18   1  16   8  18  29  15  26  21  48  40  44  46  36  35  18  15  23  37   7   1   5  19  30  40   8  32  44  37  12  32  19  41   0  39  14  32  49  29   5  26  40   5   5  43   4  42  27  34 
 39  15  25   1  24  46  44  28  30  22  23  40   8  42  27   6  16  40  26  36   1  47  44   3  28  28  49  26   5  34  17  26  12  47  34   0  27  16   9  28  43  17  16  24  19  46  21  17   4  16 
 37  15   8  42  12   8  28  23  36  16  22  18   5  20   5  24  22   8  22  40  40  15  27  26  22   2  41   8  33  31   8  44  46  46  43  26   0   3  35  17  11  12  19  15   5  24  25  39   1  40 
 46  24  15  43  18  17   2  41   7   5  26  15   4  45   9   3  34  19  41  39  14  13  42   2  28  18  30  42  33  43  16  34  30  47  46   9  27   0  21  21  41  47  48  29  39  41  35  40  40   4 
 12  15  11  43  18  44  26  21   5  18  32  32  25   6   6  28  25  36  41  16  11  20  28   6  25  26  38  31   6  47  13  11  42  34  21   6  35  22   0  30  38  39  37   9  49  45  26   2   3  45 
  1  46  37   5  23  44  19  39  46  42  35   3   4  14  35  12  14  12  45   3  30  11   9  29  19  36   2  40  31  13   7  21  17  45  10   9  32  12  28   0   2  21  21  32   2  47  24  44   5   2 
  6  23  24  21  36  39   1  37  13  44   2  18  39  30  29  16  38  49   3  43  41  11  28   8   6  10  45  25  25  15  18   1  24  23  10   4  40  17  32  16   0  10  12  40  41   3   3  23  43  16 
  5  23  13   1  11  34  44  16  35   6  42   1   9  10   7  46   7  47  19  33  28  40  16  32  13  11  14  35   5  30   2   2  28  14  35  10  30  33  13  40  42   0   2  12  17  12  40  31  16  29 
 25  45  42  43  14  26   7  31  17   7   9  12  48   9  40  19  13  40  39  30   4  15  49  12   1  19  20  47  40  24  40  34  36  35  16  20  47  26  37   8  28  20   0  29  27  28  41  11  20  18 
 16   7  10  22  28  47   9  26  20  14   7  42  23  15  15  19  47  49  30  33  28  36  20  27  13  19  31  21   4  22  25  22   2  36   9  43   5   3   8  43  19  38  26   0  19  10  38  29  29  46 
 43   7  42   5  29  44  38  34  39  20  13  20   2  29  41  40  18  38  15  12  48  21  36  48  43  20  32   5  41  34  42  22  13  48  32  42  27  16  36  21  43   2  38  42   0   3  12  23  44  13 
  7  28  37  26  28   2  42  34  17  26  10  47  42  47  27  14  47  41  16  38  15  35  49  32  43  21  26  25  28   3  20  12  18   2  12   3  48  48   6  42   9   8  15  13  29   0  25  38  17  44 
 38  48   6   8  34  28   9   2  23  45  16  29   3  29  30  28  25  25  25  32   4  34  40  37   5  10  25  11   1  22  16  20  12  39  42  25  22   1   4   4  47  34  26   3  11   9   0   7  23  11 
 10   5  29  33  49  38  22   1  13  46  16  12  21  32  48  36  27  14  47  40  30  14  32   7  33  34  36  17  13  21  39  13  39  27  36  22   4  35  37  13  30   2   8   6  33   1  30   0  18  45 
  4  18  22  15  30  18  45  37  47   2   4  11  45  29   3  45  37   7   6  35   6  49  48  26  36  12  33  19  19  11  44   2  25   2  36  49  47   6  20  16  23  41  42  23  26  29   7  37   0   9 
 43  38  45  45  40   8  24  17  11  11   2  23  43  24  35  40   5   5  12   7  47  35  12  28  21  34  36   3  29  19  31  34  34  33  17   8   8  28  22  24   2  20  45  15  17   2  28   6  34   0 
M5
  0   9  22  36  15  43  39  40  35  22  27   8  44   3  24  25  40  16   9  44   8  46  36  31  18  11  40  20  29  21  49  16   2  19   3  14  13  41  30  25   3  44  23  46  16   8   1  46  34  41 
  9   0  14   5  36  16  29  35   9  37  14  36  49  28   2   1  32  47  16  32   2  33  32   3  39  46   5   1  27   2  45   2  20  30   8  41  30  39  35  43  48   1  42  48  22  19  22  24   4  34 
 24  45   0  13  41  17  35  16  41  14   6  41  22  17   4   1   7   1  47   4  11  34  48  40  38  41  34   3  45  42  41   3  40  49  39  10   8  14  34   3  48  37  13  39  37  29  46  30  20  10 
  5  30   4   0  10  21  24  49  44  38  17  47  23  18  45  31   2  49  31  40  13  24  49  18  38  28  31  29   9  28  17  31   2  27  20  17  10  46  29   2  16  38  10  27  13  40   2  10  16  38 
 33   2   8  41   0  19  31  31  45  23  47  18  35  47  32   3  48  29  14  38  14  48   7  48   6  26  46   5  43  18  47  13  27  14  33  19  32  43  33  18  42  48  44  27  26  16  47   3  20  33 
 13  44  12   3  41   0  21  38  25   4  23   5  23  35  24  31   7   4  38   7  16  37   8  15  15  35  33  29  20  41  49  27  35  37   6  28   6  20  35  35  23   2  28  40  13  39   8  21  21   7 
 26  47  40  32   1  28   0  15  16   4  18  35  28  21  24  33   6   5  28  39  44  44  42   3   7  45  42  18  34   8  40  32  37  28  11  42  19  44  41   9  13   8  29  40  28  40  49  23  35  28 
  7   4   3   3  10  43  23   0  29   9  43  13  41   2  24   5   6  48  32   9  42  10  49   6  22  18   8  44  16   8  22  34  37  14  23  38  44   6   7  10  22  42  27  15  30   4  39   8  11  49 
 13  46  20   3  29  40  13  34   0  48  46  30  21  44  29  40  11  47   7  15  46  47  11   7  45  37  10  22  43   7  40  46  44  30   1  10  34  18  31  49   6  20  48  42  13   9  35  45  26  18 
 44  18  37  21   3   1  39  23  27   0  47  48  18   9  39  48   5   9  25  20   5   8   6  22  42  20  36  11  11   4  18   7  27   4  17  17  10  11  48  11  40  22  29  30  45  15  19  37  41   6 
 16  22  42  47  32  23  39  47  33  15   0   9  49   7  25   5  29  33  16  44  45  27  36  43  20  28  31   4  18  19  14  33  26   4  38  12  40  34  22  11  42  35  36  45   1  41  26  14   6   9 
 33   4   3  37  46   1  31  11   2   5  20   0  13  30  21  39  26   1   3  42   7  41   9  11  18  14  38  12   7  19  14  15   6  18  27  28  41  21  10  14  12  20  18  44   2  30  10  17  30  34 
 10   5  28  22  18   6   5  35  20   3  45   3   0   1  28  49  19  48  46  12  17  39  37   2  20  33  31  31  15  21  14   7  15  44  29  13  25  18  29   8  20   2  30  40  35  18  10  16   2  35 
  2  24  14  49  35  29  48  13  21   2  13  16  48   0  43  33  16  12  31  22  13  44  16   9  49  23  12  11   4  18  43  15  46  39  29  46  29  11  18  36   6  20  45  44  49  19  20  49  43  34 
 40   5   6   9  41  48  49  40  24   5  28  31  34  39   0  28  48  49  12  31  35   2  15   3  39  25  38  36  15  38   6  49  37   8  26  12  34  36  45   5  12  37  49  29  13  27  19  46  48  38 
 46   4  11  34  17  38   6   6  24  43  44  43   3  15  21   0  34  30  38  46  24  38  37   1  43  11  26   3  30  40  40  23  45   5  39  23  33  37  21  45  41  14  48  25  30  32  15  24  15  44 
 35  42  40  20  40  40   4  20   3  28  24  25  16  20  15  14   0  22  11  35  43  17  34   3  18   4  47  10  44  47  43   2  14  18  40  18  16  40  23  15   5  26   7  43  22  19  31  35  23  21 
 35  48  31  22  48  11  35   7   8  27  31  30  34   1  29  43  39   0  34  19  37  49  30  39   9  35  39  21  24  12  31  48   5  41  35   1   4   2  41  40  23  20   7   9   1  44  40  49  37  29 
 10  23  48  34  26  25  36  17  20  22  43  40  38  46  49  18  33  48   0  17  48  19  34  23  13  17  36  15  39  17  32  26  15  29  33   7  21  37  26  47   1   3  23   2  11   1  27  15  24  14 
 38   2  18  35  23  27  34  15  27  44  34  28  46  25  11  30  35  18  41   0   5  35   2  46  30  31  10   5   4  16  27  38  49  38  23  19  16  27  24  31  42  25  28   2  23  22   1   3  13  34 
  6  43  48   1  23  33  48  16  36  14  17  44  12  44   5  32  45  36  37  42   0  17  28  22  43  35  26  14  12   6  18  19  27  13  26   2   4  42  42  29  21   1  18  16  42  47  13  49   3  47 
 41  46  46  32  17  42  30  24  48  42  11  43  45   6  22  23  26   9   4   1   8   0  43  29  43  11   6  39   1  30  26  19  41  15  46  15  31  31   8  22  49  42  39  42  31   5  11   5  24   3 
 37  18  40  15  29  22  29  31  43   5  41  37   2  46  20  40  27  13  33   9  17  43   0  22   4  43  24  10  42  35   8  19  23  10  20  13  25  22   3  23  17  32   1  19   7  14  44  35  32  22 
 10  27  45  27  30  28  26  32  22  37  21  23  20  29  42  46  20  22  46   2   4  47  34   0  32  25  36  19  17  37  19  24  17  28  35  32   5  15  43   9  47  13  29  49  31   3   1  21   7  25 
 22  43  47  37  18  36   2  47  32  39  34  17  37  18  41   1  38   1   4  46  24   2   4  45   0  38  13  32   4  47  46  35  32   6  15  36  26  27  15  40  40  15   4  42  10  15  45  49  47  25 
 10  30  48  14  17  31  42  33  26  49  32  26  46   5  36  45   1  34  16  44  30  10  32  13  32   0   7  19  29  49  47  47  45  12  45  31  47  22  23   5  36  28  29  33  43  48  24  14  33  34 
 46  10  29  30  44  28   3  31   9  41  36   6  40   5   2   5  11  33  49  26  28  38  43   9  32  36   0  21  20  14  43  38  30  22  45  35   8   4  29  48  31  28  14  41  46  30  21  37  28   9 
 21   2  37  49  44   2  40  48  46  41  10  22  39  41  10  43   3   8  46  12  22  26   4  15   1  29  22   0  18   1  23  15   8  47  23  34  31  25  11  42  37  29   5  17  39  24  46  33  17  28 
 27  39  21  18  10  17  38  24  37  38  10  10  40   4   6  38  39   8  47   8   8   9  17   5   9   8  48  39   0  21  27  30   7  16   8  31   7  17  25  19  24   1  22  28  36  16  18  18  29   5 
 32  10  41   5  24  44  12  17  44  45  21  21   6  21  45  14  38  30   2  25   6  33  46   7  33  22  25  16  15   0  16  22  22  11   8  47  40  39  21   3  33  43  41  45  14  36   9  20  34   9 
 14  24   6  25  44  19  10  17  42  22  24  46   3  43  37   5  46  46  46  42  34  44  43  41  16  14  31   3  26   7   0   1  35  10  23   7  18  37   5  34  39  38  28  34  47   5  36  18   1   8 
 41   8  44   7  23   6  12  22  47  39   8   9  43   2  40  40   7  12  46  36  16  49  44  20  11   2  48  24   8  24  17   0  29   8  18  24  13  36   7  16  37  18  40  47  44  17  45  31  28   4 
 39  39  18  22  34   2  26  12  28  17  32  42  31   4   7  45  41   7  11   5   6   1  46  33  23  18  21  18  23  38  30  12   0  32  17  43  35  34  44  27  46  20  22  22  34   3  33  13  26  47 
 23  37   4  37  40  36  45   2  29  41  28  40  15  21  14  37  31   7  29   2  18  49  21  44  22  14  38  49  19  10  31  42  32   0  19  49  35  31   9  12   2  15  30  18   2  44  33   3  26   2 
  8  18   1  16   8  18  29  15  26  21  48  40  44  46  36  35  18  15  23  37   7   1   5  19  30  40   8  32  44  37  12  32  19  41   0  39  14  32  49  29   5  26  40   5   5  43   4  42  27  34 
 39  15  25   1  24  46  44  28  30  22  23  40   8  42  27   6  16  40  26  36   1  47  44   3  28  28  49  26   5  34  17  26  12  47  34   0  27  16   9  28  43  17  16  24  19  46  21  17   4  16 
 37  15   8  42  12   8  28  23  36  16  22  18   5  20   5  24  22   8  22  40  40  15  27  26  22   2  41   8  33  31   8  44  46  46  43  26   0   3  35  17  11  12  19  15   5  24  25  39   1  40 
 46  24  15  43  18  17   2  41   7   5  26  15   4  45   9   3  34  19  41  39  14  13  42   2  28  18  30  42  33  43  16  34  30  47  46   9  27   0  21  21  41  47  48  29  39  41  35  40  40   4 
 12  15  11  43  18  44  26  21   5  18  32  32  25   6   6  28  25  36  41  16  11  20  28   6  25  26  38  31   6  47  13  11  42  34  21   6  35  22   0  30  38  39  37   9  49  45  26   2   3  45 
  1  46  37   5  23  44  19  39  46  42  35   3   4  14  35  12  14  12  45   3  30  11   9  29  19  36   2  40  31  13   7  21  17  45  10   9  32  12  28   0   2  21  21  32   2  47  24  44   5   2 
  6  23  24  21  36  39   1  37  13  44   2  18  39  30  29  16  38  49   3  43  41  11  28   8   6  10  45  25  25  15  18   1  24  23  10   4  40  17  32  16   0  10  12  40  41   3   3  23  43  16 
  5  23  13   1  11  34  44  16  35   6  42   1   9  10   7  46   7  47  19  33  28  40  16  32  13  11  14  35   5  30   2   2  28  14  35  10  30  33  13  40  42   0   2  12  17  12  40  31  16  29 
 25  45  42  43  14  26   7  31  17   7   9  12  48   9  40  19  13  40  39  30   4  15  49  12   1  19  20  47  40  24  40  34  36  35  16  20  47  26  37   8  28  20   0  29  27  28  41  11  20  18 
 16   7  10  22  28  47   9  26  20  14   7  42  23  15  15  19  47  49  30  33  28  36  20  27  13  19  31  21   4  22  25  22   2  36   9  43   5   3   8  43  19  38  26   0  19  10  38  29  29  46 
 43   7  42   5  29  44  38  34  39  20  13  20   2  29  41  40  18  38  15  12  48  21  36  48  43  20  32   5  41  34  42  22  13  48  32  42  27  16  36  21  43   2  38  42   0   3  12  23  44  13 
  7  28  37  26  28   2  42  34  17  26  10  47  42  47  27  14  47  41  16  38  15  35  49  32  43  21  26  25  28   3  20  12  18   2  12   3  48  48   6  42   9   8  15  13  29   0  25  38  17  44 
 38  48   6   8  34  28   9   2  23  45  16  29   3  29  30  28  25  25  25  32   4  34  40  37   5  10  25  11   1  22  16  20  12  39  42  25  22   1   4   4  47  34  26   3  11   9   0   7  23  11 
 10   5  29  33  49  38  22   1  13  46  16  12  21  32  48  36  27  14  47  40  30  14  32   7  33  34  36  17  13  21  39  13  39  27  36  22   4  35  37  13  30   2   8   6  33   1  30   0  18  45 
  4  18  22  15  30  18  45  37  47   2   4  11  45  29   3  45  37   7   6  35   6  49  48  26  36  12  33  19  19  11  44   2  25   2  36  49  47   6  20  16  23  41  42  23  26  29   7  37   0   9 
 43  38  45  45  40   8  24  17  11  11   2  23  43  24  35  40   5   5  12   7  47  35  12  28  21  34  36   3  29  19  31  34  34  33  17   8   8  28  22  24   2  20  45  15  17   2  28   6  34   0 
M6
  0   9  22  36  15  43  39  40  35  22  27   8  44   3  24  25  40  16   9  44   8  46  36  31  18  11  40  20  29  21  49  16   2  19   3  14  13  41  30  25   3  44  23  46  16   8   1  46  34  41 
  9   0  14   5  36  16  29  35   9  37  14  36  49  28   2   1  32  47  16  32   2  33  32   3  39  46   5   1  27   2  45   2  20  30   8  41  30  39  35  43  48   1  42  48  22  19  22  24   4  34 
 24  45   0  13  41  17  35  16  41  14   6  41  22  17   4   1   7   1  47   4  11  34  48  40  38  41  34   3  45  42  41   3  40  49  39  10   8  14  34   3  48  37  13  39  37  29  46  30  20  10 
  5  30   4   0  10  21  24  49  44  38  17  47  23  18  45  31   2  49  31  40  13  24  49  18  38  28  31  29   9  28  17  31   2  27  20  17  10  46  29   2  16  38  10  27  13  40   2  10  16  38 
 33   2   8  41   0  19  31  31  45  23  47  18  35  47  32   3  48  29  14  38  14  48   7  48   6  26  46   5  43  18  47  13  27  14  33  19  32  43  33  18  42  48  44  27  26  16  47   3  20  33 
 13  44  12   3  41   0  21  38  25   4  23   5  23  35  24  31   7   4  38   7  16  37   8  15  15  35  33  29  20  41  49  27  35  37   6  28   6  20  35  35  23   2  28  40  13  39   8  21  21   7 
 26  47  40  32   1  28   0  15  16   4  18  35  28  21  24  33   6   5  28  39  44  44  42   3   7  45  42  18  34   8  40  32  37  28  11  42  19  44  41   9  13   8  29  40  28  40  49  23  35  28 
  7   4   3   3  10  43  23   0  29   9  43  13  41   2  24   5   6  48  32   9  42  10  49   6  22  18   8  44  16   8  22  34  37  14  23  38  44   6   7  10  22  42  27  15  30   4  39   8  11  49 
 13  46  20   3  29  40  13  34   0  48  46  30  21  44  29  40  11  47   7  15  46  47  11   7  45  37  10  22  43   7  40  46  44  30   1  10  34  18  31  49   6  20  48  42  13   9  35  45  26  18 
 44  18  37  21   3   1  39  23  27   0  47  48  18   9  39  48   5   9  25  20   5   8   6  22  42  20  36  11  11   4  18   7  27   4  17  17  10  11  48  11  40  22  29  30  45  15  19  37  41   6 
 16  22  42  47  32  23  39  47  33  15   0   9  49   7  25   5  29  33  16  44  45  27  36  43  20  28  31   4  18  19  14  33  26   4  38  12  40  34  22  11  42  35  36  45   1  41  26  14   6   9 
 33   4   3  37  46   1  31  11   2   5  20   0  13  30  21  39  26   1   3  42   7  41   9  11  18  14  38  12   7  19  14  15   6  18  27  28  41  21  10  14  12  20  18  44   2  30  10  17  30  34 
 10   5  28  22  18   6   5  35  20   3  45   3   0   1  28  49  19  48  46  12  17  39  37   2  20  33  31  31  15  21  14   7  15  44  29  13  25  18  29   8  20   2  30  40  35  18  10  16   2  35 
  2  24  14  49  35  29  48  13  21   2  13  16  48   0  43  33  16  12  31  22  13  44  16   9  49  23  12  11   4  18  43  15  46  39  29  46  29  11  18  36   6  20  45  44  49  19  20  49  43  34 
 40   5   6   9  41  48  49  40  24   5  28  31  34  39   0  28  48  49  12  31  35   2  15   3  39  25  38  36  15  38   6  49  37   8  26  12  34  36  45   5  12  37  49  29  13  27  19  46  48  38 
 46   4  11  34  17  38   6   6  24  43  44  43   3  15  21   0  34  30  38  46  24  38  37   1  43  11  26   3  30  40  40  23  45   5  39  23  33  37  21  45  41  14  48  25  30  32  15  24  15  44 
 35  42  40  20  40  40   4  20   3  28  24  25  16  20  15  14   0  22  11  35  43  17  34   3  18   4  47  10  44  47  43   2  14  18  40  18  16  40  23  15   5  26   7  43  22  19  31  35  23  21 
 35  48  31  22  48  11  35   7   8  27  31  30  34   1  29  43  39   0  34  19  37  49  30  39   9  35  39  21  24  12  31  48   5  41  35   1   4   2  41  40  23  20   7   9   1  44  40  49  37  29 
 10  23  48  34  26  25  36  17  20  22  43  40  38  46  49  18  33  48   0  17  48  19  34  23  13  17  36  15  39  17  32  26  15  29  33   7  21  37  26  47   1   3  23   2  11   1  27  15  24  14 
 38   2  18  35  23  27  34  15  27  44  34  28  46  25  11  30  35  18  41   0   5  35   2  46  30  31  10   5   4  16  27  38  49  38  23  19  16  27  24  31  42  25  28   2  23  22   1   3  13  34 
  6  43  48   1  23  33  48  16  36  14  17  44  12  44   5  32  45  36  37  42   0  17  28  22  43  35  26  14  12   6  18  19  27  13  26   2   4  42  42  29  21   1  18  16  42  47  13  49   3  47 
 41  46  46  32  17  42  30  24  48  42  11  43  45   6  22  23  26   9   4   1   8   0  43  29  43  11   6  39   1  30  26  19  41  15  46  15  31  31   8  22  49  42  39  42  31   5  11   5  24   3 
 37  18  40  15  29  22  29  31  43   5  41  37   2  46  20  40  27  13  33   9  17  43   0  22   4  43  24  10  42  35   8  19  23  10  20  13  25  22   3  23  17  32   1  19   7  14  44  35  32  22 
 10  27  45  27  30  28  26  32  22  37  21  23  20  29  42  46  20  22  46   2   4  47  34   0  32  25  36  19  17  37  19  24  17  28  35  32   5  15  43   9  47  13  29  49  31   3   1  21   7  25 
 22  43  47  37  18  36   2  47  32  39  34  17  37  18  41   1  38   1   4  46  24   2   4  45   0  38  13  32   4  47  46  35  32   6  15  36  26  27  15  40  40  15   4  42  10  15  45  49  47  25 
 10  30  48  14  17  31  42  33  26  49  32  26  46   5  36  45   1  34  16  44  30  10  32  13  32   0   7  19  29  49  47  47  45  12  45  31  47  22  23   5  36  28  29  33  43  48  24  14  33  34 
 46  10  29  30  44  28   3  31   9  41  36   6  40   5   2   5  11  33  49  26  28  38  43   9  32  36   0  21  20  14  43  38  30  22  45  35   8   4  29  48  31  28  14  41  46  30  21  37  28   9 
 21   2  37  49  44   2  40  48  46  41  10  22  39  41  10  43   3   8  46  12  22  26   4  15   1  29  22   0  18   1  23  15   8  47  23  34  31  25  11  42  37  29   5  17  39  24  46  33  17  28 
 27  39  21  18  10  17  38  24  37  38  10  10  40   4   6  38  39   8  47   8   8   9  17   5   9   8  48  39   0  21  27  30   7  16   8  31   7  17  25  19  24   1  22  28  36  16  18  18  29   5 
 32  10  41   5  24  44  12  17  44  45  21  21   6  21  45  14  38  30   2  25   6  33  46   7  33  22  25  16  15   0  16  22  22  11   8  47  40  39  21   3  33  43  41  45  14  36   9  20  34   9 
 14  24   6  25  44  19  10  17  42  22  24  46   3  43  37   5  46  46  46  42  34  44  43  41  16  14  31   3  26   7   0   1  35  10  23   7  18  37   5  34  39  38  28  34  47   5  36  18   1   8 
 41   8  44   7  23   6  12  22  47  39   8   9  43   2  40  40   7  12  46  36  16  49  44  20  11   2  48  24   8  24  17   0  29   8  18  24  13  36   7  16  37  18  40  47  44  17  45  31  28   4 
 39  39  18  22  34   2  26  12  28  17  32  42  31   4   7  45  41   7  11   5   6   1  46  33  23  18  21  18  23  38  30  12   0  32  17  43  35  34  44  27  46  20  22  22  34   3  33  13  26  47 
 23  37   4  37  40  36  45   2  29  41  28  40  15  21  14  37  31   7  29   2  18  49  21  44  22  14  38  49  19  10  31  42  32   0  19  49  35  31   9  12   2  15  30  18   2  44  33   3  26   2 
  8  18   1  16   8  18  29  15  26  21  48  40  44  46  36  35  18  15  23  37   7   1   5  19  30  40   8  32  44  37  12  32  19  41   0  39  14  32  49  29   5  26  40   5   5  43   4  42  27  34 
 39  15  25   1  24  46  44  28  30  22  23  40   8  42  27   6  16  40  26  36   1  47  44   3  28  28  49  26   5  34  17  26  12  47  34   0  27  16   9  28  43  17  16  24  19  46  21  17   4  16 
 37  15   8  42  12   8  28  23  36  16  22  18   5  20   5  24  22   8  22  40  40  15  27  26  22   2  41   8  33  31   8  44  46  46  43  26   0   3  35  17  11  12  19  15   5  24  25  39   1  40 
 46  24  15  43  18  17   2  41   7   5  26  15   4  45   9   3  34  19  41  39  14  13  42   2  28  18  30  42  33  43  16  34  30  47  46   9  27   0  21  21  41  47  48  29  39  41  35  40  40   4 
 12  15  11  43  18  44  26  21   5  18  32  32  25   6   6  28  25  36  41  16  11  20  28   6  25  26  38  31   6  47  13  11  42  34  21   6  35  22   0  30  38  39  37   9  49  45  26   2   3  45 
  1  46  37   5  23  44  19  39  46  42  35   3   4  14  35  12  14  12  45   3  30  11   9  29  19  36   2  40  31  13   7  21  17  45  10   9  32  12  28   0   2  21  21  32   2  47  24  44   5   2 
  6  23  24  21  36  39   1  37  13  44   2  18  39  30  29  16  38  49   3  43  41  11  28   8   6  10  45  25  25  15  18   1  24  23  10   4  40  17  32  16   0  10  12  40  41   3   3  23  43  16 
  5  23  13   1  11  34  44  16  35   6  42   1   9  10   7  46   7  47  19  33  28  40  16  32  13  11  14  35   5  30   2   2  28  14  35  10  30  33  13  40  42   0   2  12  17  12  40  31  16  29 
 25  45  42  43  14  26   7  31  17   7   9  12  48   9  40  19  13  40  39  30   4  15  49  12   1  19  20  47  40  24  40  34  36  35  16  20  47  26  37   8  28  20   0  29  27  28  41  11  20  18 
 16   7  10  22  28  47   9  26  20  14   7  42  23  15  15  19  47  49  30  33  28  36  20  27  13  19  31  21   4  22  25  22   2  36   9  43   5   3   8  43  19  38  26   0  19  10  38  29  29  46 
 43   7  42   5  29  44  38  34  39  20  13  20   2  29  41  40  18  38  15  12  48  21  36  48  43  20  32   5  41  34  42  22  13  48  32  42  27  16  36  21  43   2  38  42   0   3  12  23  44  13 
  7  28  37  26  28   2  42  34  17  26  10  47  42  47  27  14  47  41  16  38  15  35  49  32  43  21  26  25  28   3  20  12  18   2  12   3  48  48   6  42   9   8  15  13  29   0  25  38  17  44 
 38  48   6   8  34  28   9   2  23  45  16  29   3  29  30  28  25  25  25  32   4  34  40  37   5  10  25  11   1  22  16  20  12  39  42  25  22   1   4   4  47  34  26   3  11   9   0   7  23  11 
 10   5  29  33  49  38  22   1  13  46  16  12  21  32  48  36  27  14  47  40  30  14  32   7  33  34  36  17  13  21  39  13  39  27  36  22   4  35  37  13  30   2   8   6  33   1  30   0  18  45 
  4  18  22  15  30  18  45  37  47   2   4  11  45  29   3  45  37   7   6  35   6  49  48  26  36  12  33  19  19  11  44   2  25   2  36  49  47   6  20  16  23  41  42  23  26  29   7  37   0   9 
 43  38  45  45  40   8  24  17  11  11   2  23  43  24  35  40   5   5  12   7  47  35  12  28  21  34  36   3  29  19  31  34  34  33  17   8   8  28  22  24   2  20  45  15  17   2  28   6  34   0 
M7
  0   9  22  36  15  43  39  40  35  22  27   8  44   3  24  25  40  16   9  44   8  46  36  31  18  11  40  20  29  21  49  16   2  19   3  14  13  41  30  25   3  44  23  46  16   8   1  46  34  41 
  9   0  14   5  36  16  29  35   9  37  14  36  49  28   2   1  32  47  16  32   2  33  32   3  39  46   5   1  27   2  45   2  20  30   8  41  30  39  35  43  48   1  42  48  22  19  22  24   4  34 
 24  45   0  13  41  17  35  16  41  14   6  41  22  17   4   1   7   1  47   4  11  34  48  40  38  41  34   3  45  42  41   3  40  49  39  10   8  14  34   3  48  37  13  39  37  29  46  30  20  10 
  5  30   4   0  10  21  24  49  44  38  17  47  23  18  45  31   2  49  31  40  13  24  49  18  38  28  31  29   9  28  17  31   2  27  20  17  10  46  29   2  16  38  10  27  13  40   2  10  16  38 
 33   2   8  41   0  19  31  31  45  23  47  18  35  47  32   3  48  29  14  38  14  48   7  48   6  26  46   5  43  18  47  13  27  14  33  19  32  43  33  18  42  48  44  27  26  16  47   3  20  33 
 13  44  12   3  41   0  21  38  25   4  23   5  23  35  24  31   7   4  38   7  16  37   8  15  15  35  33  29  20  41  49  27  35  37   6  28   6  20  35  35  23   2  28  40  13  39   8  21  21   7 
 26  47  40  32   1  28   0  15  16   4  18  35  28  21  24  33   6   5  28  39  44  44  42   3   7  45  42  18  34   8  40  32  37  28  11  42  19  44  41   9  13   8  29  40  28  40  49  23  35  28 
  7   4   3   3  10  43  23   0  29   9  43  13  41   2  24   5   6  48  32   9  42  10  49   6  22  18   8  44  16   8  22  34  37  14  23  38  44   6   7  10  22  42  27  15  30   4  39   8  11  49 
 13  46  20   3  29  40  13  34   0  48  46  30  21  44  29  40  11  47   7  15  46  47  11   7  45  37  10  22  43   7  40  46  44  30   1  10  34  18  31  49   6  20  48  42  13   9  35  45  26  18 
 44  18  37  21   3   1  39  23  27   0  47  48  18   9  39  48   5   9  25  20   5   8   6  22  42  20  36  11  11   4  18   7  27   4  17  17  10  11  48  11  40  22  29  30  45  15  19  37  41   6 
 16  22  42  47  32  23  39  47  33  15   0   9  49   7  25   5  29  33  16  44  45  27  36  43  20  28  31   4  18  19  14  33  26   4  38  12  40  34  22  11  42  35  36  45   1  41  26  14   6   9 
 33   4   3  37  46   1  31  11   2   5  20   0  13  30  21  39  26   1   3  42   7  41   9  11  18  14  38  12   7  19  14  15   6  18  27  28  41  21  10  14  12  20  18  44   2  30  10  17  30  34 
 10   5  28  22  18   6   5  35  20   3  45   3   0   1  28  49  19  48  46  12  17  39  37   2  20  33  31  31  15  21  14   7  15  44  29  13  25  18  29   8  20   2  30  40  35  18  10  16   2  35 
  2  24  14  49  35  29  48  13  21   2  13  16  48   0  43  33  16  12  31  22  13  44  16   9  49  23  12  11   4  18  43  15  46  39  29  46  29  11  18  36   6  20  45  44  49  19  20  49  43  34 
 40   5   6   9  41  48  49  40  24   5  28  31  34  39   0  28  48  49  12  31  35   2  15   3  39  25  38  36  15  38   6  49  37   8  26  12  34  36  45   5  12  37  49  29  13  27  19  46  48  38 
 46   4  11  34  17  38   6   6  24  43  44  43   3  15  21   0  34  30  38  46  24  38  37   1  43  11  26   3  30  40  40  23  45   5  39  23  33  37  21  45  41  14  48  25  30  32  15  24  15  44 
 35  42  40  20  40  40   4  20   3  28  24  25  16  20  15  14   0  22  11  35  43  17  34   3  18   4  47  10  44  47  43   2  14  18  40  18  16  40  23  15   5  26   7  43  22  19  31  35  23  21 
 35  48  31  22  48  11  35   7   8  27  31  30  34   1  29  43  39   0  34  19  37  49  30  39   9  35  39  21  24  12  31  48   5  41  35   1   4   2  41  40  23  20   7   9   1  44  40  49  37  29 
 10  23  48  34  26  25  36  17  20  22  43  40  38  46  49  18  33  48   0  17  48  19  34  23  13  17  36  15  39  17  32  26  15  29  33   7  21  37  26  47   1   3  23   2  11   1  27  15  24  14 
 38   2  18  35  23  27  34  15  27  44  34  28  46  25  11  30  35  18  41   0   5  35   2  46  30  31  10   5   4  16  27  38  49  38  23  19  16  27  24  31  42  25  28   2  23  22   1   3  13  34 
  6  43  48   1  23  33  48  16  36  14  17  44  12  44   5  32  45  36  37  42   0  17  28  22  43  35  26  14  12   6  18  19  27  13  26   2   4  42  42  29  21   1  18  16  42  47  13  49   3  47 
 41  46  46  32  17  42  30  24  48  42  11  43  45   6  22  23  26   9   4   1   8   0  43  29  43  11   6  39   1  30  26  19  41  15  46  15  31  31   8  22  49  42  39  42  31   5  11   5  24   3 
 37  18  40  15  29  22  29  31  43   5  41  37   2  46  20  40  27  13  33   9  17  43   0  22   4  43  24  10  42  35   8  19  23  10  20  13  25  22   3  23  17  32   1  19   7  14  44  35  32  22 
 10  27  45  27  30  28  26  32  22  37  21  23  20  29  42  46  20  22  46   2   4  47  34   0  32  25  36  19  17  37  19  24  17  28  35  32   5  15  43   9  47  13  29  49  31   3   1  21   7  25 
 22  43  47  37  18  36   2  47  32  39  34  17  37  18  41   1  38   1   4  46  24   2   4  45   0  38  13  32   4  47  46  35  32   6  15  36  26  27  15  40  40  15   4  42  10  15  45  49  47  25 
 10  30  48  14  17  31  42  33  26  49  32  26  46   5  36  45   1  34  16  44  30  10  32  13  32   0   7  19  29  49  47  47  45  12  45  31  47  22  23   5  36  28  29  33  43  48  24  14  33  34 
 46  10  29  30  44  28   3  31   9  41  36   6  40   5   2   5  11  33  49  26  28  38  43   9  32  36   0  21  20  14  43  38  30  22  45  35   8   4  29  48  31  28  14  41  46  30  21  37  28   9 
 21   2  37  49  44   2  40  48  46  41  10  22  39  41  10  43   3   8  46  12  22  26   4  15   1  29  22   0  18   1  23  15   8  47  23  34  31  25  11  42  37  29   5  17  39  24  46  33  17  28 
 27  39  21  18  10  17  38  24  37  38  10  10  40   4   6  38  39   8  47   8   8   9  17   5   9   8  48  39   0  21  27  30   7  16   8  31   7  17  25  19  24   1  22  28  36  16  18  18  29   5 
 32  10  41   5  24  44  12  17  44  45  21  21   6  21  45  14  38  30   2  25   6  33  46   7  33  22  25  16  15   0  16  22  22  11   8  47  40  39  21   3  33  43  41  45  14  36   9  20  34   9 
 14  24   6  25  44  19  10  17  42  22  24  46   3  43  37   5  46  46  46  42  34  44  43  41  16  14  31   3  26   7   0   1  35  10  23   7  18  37   5  34  39  38  28  34  47   5  36  18   1   8 
 41   8  44   7  23   6  12  22  47  39   8   9  43   2  40  40   7  12  46  36  16  49  44  20  11   2  48  24   8  24  17   0  29   8  18  24  13  36   7  16  37  18  40  47  44  17  45  31  28   4 
 39  39  18  22  34   2  26  12  28  17  32  42  31   4   7  45  41   7  11   5   6   1  46  33  23  18  21  18  23  38  30  12   0  32  17  43  35  34  44  27  46  20  22  22  34   3  33  13  26  47 
 23  37   4  37  40  36  45   2  29  41  28  40  15  21  14  37  31   7  29   2  18  49  21  44  22  14  38  49  19  10  31  42  32   0  19  49  35  31   9  12   2  15  30  18   2  44  33   3  26   2 
  8  18   1  16   8  18  29  15  26  21  48  40  44  46  36  35  18  15  23  37   7   1   5  19  30  40   8  32  44  37  12  32  19  41   0  39  14  32  49  29   5  26  40   5   5  43   4  42  27  34 
 39  15  25   1  24  46  44  28  30  22  23  40   8  42  27   6  16  40  26  36   1  47  44   3  28  28  49  26   5  34  17  26  12  47  34   0  27  16   9  28  43  17  16  24  19  46  21  17   4  16 
 37  15   8  42  12   8  28  23  36  16  22  18   5  20   5  24  22   8  22  40  40  15  27  26  22   2  41   8  33  31   8  44  46  46  43  26   0   3  35  17  11  12  19  15   5  24  25  39   1  40 
 46  24  15  43  18  17   2  41   7   5  26  15   4  45   9   3  34  19  41  39  14  13  42   2  28  18  30  42  33  43  16  34  30  47  46   9  27   0  21  21  41  47  48  29  39  41  35  40  40   4 
 12  15  11  43  18  44  26  21   5  18  32  32  25   6   6  28  25  36  41  16  11  20  28   6  25  26  38  31   6  47  13  11  42  34  21   6  35  22   0  30  38  39  37   9  49  45  26   2   3  45 
  1  46  37   5  23  44  19  39  46  42  35   3   4  14  35  12  14  12  45   3  30  11   9  29  19  36   2  40  31  13   7  21  17  45  10   9  32  12  28   0   2  21  21  32   2  47  24  44   5   2 
  6  23  24  21  36  39   1  37  13  44   2  18  39  30  29  16  38  49   3  43  41  11  28   8   6  10  45  25  25  15  18   1  24  23  10   4  40  17  32  16   0  10  12  40  41   3   3  23  43  16 
  5  23  13   1  11  34  44  16  35   6  42   1   9  10   7  46   7  47  19  33  28  40  16  32  13  11  14  35   5  30   2   2  28  14  35  10  30  33  13  40  42   0   2  12  17  12  40  31  16  29 
 25  45  42  43  14  26   7  31  17   7   9  12  48   9  40  19  13  40  39  30   4  15  49  12   1  19  20  47  40  24  40  34  36  35  16  20  47  26  37   8  28  20   0  29  27  28  41  11  20  18 
 16   7  10  22  28  47   9  26  20  14   7  42  23  15  15  19  47  49  30  33  28  36  20  27  13  19  31  21   4  22  25  22   2  36   9  43   5   3   8  43  19  38  26   0  19  10  38  29  29  46 
 43   7  42   5  29  44  38  34  39  20  13  20   2  29  41  40  18  38  15  12  48  21  36  48  43  20  32   5  41  34  42  22  13  48  32  42  27  16  36  21  43   2  38  42   0   3  12  23  44  13 
  7  28  37  26  28   2  42  34  17  26  10  47  42  47  27  14  47  41  16  38  15  35  49  32  43  21  26  25  28   3  20  12  18   2  12   3  48  48   6  42   9   8  15  13  29   0  25  38  17  44 
 38  48   6   8  34  28   9   2  23  45  16  29   3  29  30  28  25  25  25  32   4  34  40  37   5  10  25  11   1  22  16  20  12  39  42  25  22   1   4   4  47  34  26   3  11   9   0   7  23  11 
 10   5  29  33  49  38  22   1  13  46  16  12  21  32  48  36  27  14  47  40  30  14  32   7  33  34  36  17  13  21  39  13  39  27  36  22   4  35  37  13  30   2   8   6  33   1  30   0  18  45 
  4  18  22  15  30  18  45  37  47   2   4  11  45  29   3  45  37   7   6  35   6  49  48  26  36  12  33  19  19  11  44   2  25   2  36  49  47   6  20  16  23  41  42  23  26  29   7  37   0   9 
 43  38  45  45  40   8  24  17  11  11   2  23  43  24  35  40   5   5  12   7  47  35  12  28  21  34  36   3  29  19  31  34  34  33  17   8   8  28  22  24   2  20  45  15  17   2  28   6  34   0 
Reldue
 1912    6    5
 1654    1    7
 1325    7    4
 1500    9    2
 1675    9    3
 1612    5    7
 1703    4    4
 1458    1    6
 1533    8    9
  814    4    7
 1027    4    8
 1211    3    5
 1715    4    9
 1796    6    3
 1011    8    8
 1595    9    8
 1750    7    7
  587    8    3
 1200    5    4
 1844    7    4
 1021    1    4
 1441    5    6
 1088    7    6
 2096    7    3
 1103    6    7
 2092    8    3
 1976    7    4
 1907    1    1
 2028    5    6
 1683    4    7
  953    7    5
 2053    5    6
 2174    5    2
 1630    1    8
 1754    4    3
 1357    3    5
  636    8    1
 1541    5    8
  924    1    9
 1955    3    5
 1018    6    3
 1307    5    3
 2218    8    4
  680    6    5
 1895    7    2
 2104    8    4
 1258    2    4
  926    7    7
 1745    2    4
 2094    9    8
DDW
 1761  2064
 1528  1781
 1248  1403
 1413  1586
 1582  1767
 1473  1752
 1610  1796
 1359  1558
 1418  1649
  772   857
  933  1120
 1123  1298
 1577  1853
 1669  1923
  927  1095
 1483  1708
 1588  1911
  540   633
 1094  1306
 1670  2018
  920  1122
 1317  1566
  993  1183
 1894  2299
 1008  1198
 1947  2237
 1859  2092
 1788  2026
 1886  2170
 1537  1828
  881  1025
 1929  2178
 2052  2295
 1513  1748
 1657  1850
 1274  1440
  581   692
 1422  1660
  847  1001
 1775  2136
  922  1114
 1184  1429
 2025  2410
  644   716
 1734  2056
 1899  2309
 1146  1370
  878   975
 1581  1909
 1969  2220
