50   8
MD
  4  4  3  5  4  4  3  2
PT
 20  44  74   4  67   8  93  11  21  31  58  93  89  89  12  51  82  44  56  94  49  17  56  76  15  37  96  92  42  13  26  94  53  63  90  64  31  18  47  64  78  13  40  47  38  79  12  55   2  67 
 58  49  73  80   2  43  81  84  88  67  42  70  68  86  72  37  22  44  16  66  45  66  63  87  61  48  89  47  76  70  13  75  46  12  76   8  13  23  26  49  56  45  11  51  31  71  76  54  19  27 
 67  63  62  54  81  62  91  36   5  20  17  39  98  41  47   9  16  39  73  24  10  81  92  19  46  61  32  30  42  20  89  98   1  81  59  47  78  56  63  40  79  16  19  42  23  31  52  90  24  33 
 15  77  10   1  96  90  75  18  81  80  30  69  23  22  39  90  45  52   8  55  73  40  95  89  85  52  83  38  27  26  32   1  52  17  53   6  95  39  94  58   9  26  32  99  66  43   1  67  96  66 
  5  54   2  53  78  45  27  97  99  53  70  23  73  29  42  18  62  94  44  42  65  68  21   3  18  94  73  29  86  41  93   5  40  54  66  40  54  44  95  62  44  80  94   2  35  39  29  54  85  74 
 53  94  78  14   8  49  51  24  58  53  68  86  51  88  52  93  68  74  31  81  90  90  91  35  84  62  11  23  62   5  19  53  32  97  34  27  58  37  95  67  50  17  32  96  43  53  69  48  70  44 
 51  92  48  45   5  60  63  38   8  93   7  88  80  88  68  88  54  93  28  32  31  59  96  88  52  95  75  13  13  85  72  41  84  20  61  93  52  39  98  27  15  75  57  20  16  42  13   2  32  92 
 12  78  42  86   2  77  26  11  92  50  58  71  68  99  22  86  12  30   8  91  96  30  17  82  50  42  63  61  35  17  18  54  56  35  22  18  40  64   9  65  87  72  74  68  88  92  61  10  26  17 
SSD
M0
  0  28  44  44  11  43  29  25  18  31  32  41  49  28  28   3  26  22  20  18  11  21  37  28  36  45   2  18  19  12  40  16   8  30  16  48  31  28  40  34  26  37  32  28  34  42  15  19  15   8 
 14   0  45  46  44   3  29  22  14  30  24  16  17  10  26  48  33  11   4  38  21  14  21  34  37  17  23  26  21  25  14  13  21   4  15  13  10   6  16  14  38   9  37  10  18  25  45  19   2  44 
 33  14   0  12  20  46  23  12  20   6  12   8  41  10  25  42   5  12  16  25  13  48   9  10  32  27  18  20  24  25  23  16  20  36  24  10  45  10  12  47  21  16  22  13  13  10   2   2  29   6 
 17  48   4   0  21  47  45   2   6   2   2  32  20  12  40  19  42   3  27  38   2  38  26   1  18  45  21  46  40  28  24  14  25  39  41   6   9  15  32  35  10   5  12  44  36  20  32   7  33  22 
 26  18  31  40   0   2  26  13  17  15  22  46  45  21  20  26  32  46   6  11  15  42  45  15   5  45  17  46  45   5  18   9  43  41   4   8  11  29  41  19   9  47  11  32  30  40  12  24  11  14 
  2  28   4  24   7   0  45  40  34  14   5  21  39  25  31  28   9  35  38  42  27  49  38  18  40  30  20   7  26  35  26  33   3  47  46  45  19  15  48  18  42   7  18  25  28  34  22  25   6  33 
 27   1  45  40  16  20   0   4   6  14  45  30  36  47   8  49   5  48   5   9  46  26  48  45  17   6  37  36   1  31  20  13  44  28  10  22   3  47  40  32  30  48   2   1  44   2  22  21   2  14 
 46  16  35  17  16   2  40   0  11  29   8  31   1   5   3   5  12  20  41  32  26  30   7   4   4  12   3  28  44  19  33  43  39  28  18  41  35  12  22  42  25  21  14  37  12  16   8  44  23  15 
 30   7   6  36  33  46  36  15   0  11  23   3   8  40   2   5   4   5  46  38  10  42  47  19   7  12  49  38   5  48   6   7  19  43   6  34  40  46  11   6  21   7  27  18  20  31  21  10  40   2 
 36  20  26  14  40  29  31   6  22   0  17  46  36  32   3  38  26  12  26   6  13  14  27  34  39  18  32  30  33  12  34   6  17  37  40  26  40  48  22   3  37   6  32  19   3   8   2  33  31  13 
 21  23  14  40  40  45  10  41  12   3   0   4  32  32  33  42  38  41  29  21   7   6  43  21   2  20  34  34  39  22  28  40  18   8  46  19  17   9  32  35  13  26  42  25  14  26  19  19  25  26 
 26  26  34   3  23  43   7  15  19  29  13   0   8  15   2  10   3   7   8   2  35  24  44  39  47  11  39  49  49  38  30  12  27  40  40   4  33  31  40   7  22  21   2   6  17   4  26  44  10  21 
 43   6   8  13  12  10  19   5   6  17  43  39   0  20  22  24  23  12  32  44   4  14   1  22  45  10   3  16  14   1  19  41  47  36  35  31  31   5  15  25  48  31   7   2  32  44  19  18  43  33 
 43  21   4  34  22  46  37  21  24  21  47  17  31   0  25  42  41  12  35   1  17   6  29  29  29  31  21  25   2  38  49  47  16  11  26  35  45  14  44  12  49   1  34  28  30  34  21  24   3  33 
 43  45  21  24  42  10   2  44  42  21  28  15  22  10   0  13   1  26  29  39  27  29  46  42  25  44  33  44  26  14   6  43  40  41  10  21  39  12   1  13  17  40   7  10  36  37   8   6  37   4 
 28  36  31  36  13  45   6   2  21   1  25  44  20  12  15   0  23  39  20   2  37   9   9   5  10  29  30  40  36  16  27  39  18  47  21  41  38  28   5  46  38  20   2  28  21  48  22  30  32  40 
 29  22  38  34  20  31  27  16   1  43  44  21  32  27  46  37   0  20   7  49  21  13  21  19  17   7  22  25  17  36  33  22   9  49   2   5   9  34  26   5  28  41   8  13  20  48  16   2   9  37 
 28  38  12  26  24  30  28  28  22   9   8  34  21  47   3  23  26   0  17   2  25  34  47  26  41   3  11   6  39  23  11   3  14  25  20  22  49  11   8   3  30  32  44  19  10  18  11  39  33   4 
 17  30  14  31  24   5   7  34  10   7  26  42   4  13  45  42  34  38   0  34  10  10  37   1  36   7  10  21   9  20  27  25  22   3  34  15  19  24  30  32  44  40  31  25  49  47  17  39  20  24 
 32   4  41  36  26  45  19   8  19   9  30  49  20  30  48   9  24  10  37   0   7  19  15  29  33  24  40  34  40   8   4  29  31  15   1  48  45  35   5  49  43  34  30  29  47   5  22  37  12  15 
 25  32  44  22   9  32  21   7   8  26   4  38   2  43  36  33  18  31  38  16   0   3   4  12  45  36  17  37  32  14  30  19  26  21  11  22  48   6  10   5  41   2  29  21  20  38  18  30  21  19 
 30  16  37  17  13  29  34  29  45   8  28  24  42  21  37  14  25  23   7  37  38   0  32  13   8  43  37  41   8  17  47  19  34  21   5  49  34   9  23  13  23  23  22   3  37  13  35  24  25  14 
  7   1  37  45  18  30   3  15  39  17  15  42  35  20  46  49  44  39  26  40  30  45   0  23   7  19  15  13   4  31  44  12  30  10  16  29   8  37  33  22  46  34  44  29  26  22  30  20  19  33 
 25  44  19   2  24   7  19  27   3  10  12  49   4  17  38  24  39  47  28  37  31  26  44   0  14   5  17  18  47  41   2  20  43  12  39  23  17  42  36  48  16   4  31  12  17  15  38  33  47  29 
 13  23  13  23  47  48  28  40  28  32  10  33  18  25  28  40  11  14  27  22  40  45  16  11   0  38  28  14  34  40  32   3  28  13  27  43  48  47  12  33  45  24   9  37  33  19  37   2  38  12 
 47  47  17  29  46  13  41  48  32  48  15  36  34  26  17  29  35   2  45  16  13  38  27  18  44   0  28  46  26  41  36  14  13   5  25  29  27  20   2  18  29   3  36  48  31  18  49  24   3  28 
  5  44  30  28   7   3  36  42  46  21  45  14  11  48  15   1  44  44   6  34  36  12   5  21   9  11   0   8  35  21  31  46  23   2  24  19  38  25  40  24  22  49  18  13  29  23  39  27  22  48 
 31  12   5  45  20  42  22   1  13  33   8  27  39  27   6  12  41   9  29  47  23  16  47  27  40  14  31   0  44  28  37  24  36   4  17  15   2  26  48  46  42  47  18  18  43  10   4   2   3  17 
  6  46   2   3  10  47   8  40   8  29  13  12  11  48  31  13  30  23  48  40  13   5  18  45  18  47  35  38   0  15  46  47   8  11  31  14  18  18   9  43   2  33  20  37  44   3  38  39  14  19 
 36   7  34  46  25   4  17  33   4   7  49  12   8  46  29  34  10  35  14  14  17  48   9  48   9  29  37  44  33   0   3  38  22   1  36  17   4  31  18  11  11  41  20  44   2  32  34  18  14  27 
 15  36   3  23  34  36   4  22  47   3  24  13   1  14   2  27   8  28  35  18  12  34  35  28  26  28   9  38  16  22   0  18  39  34  46  24   7  13  37  44  35  14   7  43  23   5   9  29  45  41 
 10  35  11  12  15  34   2  42  40  33  32   4  15   9   7  18  39  40  24  20  16  33  19  18  49  24  48  33  36   2  10   0  30  15  12  29  32  49  11  30  22  45   5  48  30  47  38  32   5   9 
 12  25  25  32  24  14  32  43   5  41   4  49  24  41  35  35  27  38  36  19  38  36  28   5  38  31  20  47  38  25  41  49   0  49  36  43   9  39  39  15   1  44  30  25   7  22  13   9  36  31 
 26  48   7   2  37  25  17  22  13  11  30  47  20  44  12  38  37  21  44  21  41  18  39  20  39  49   9  23  38  35  13   8   5   0  49  37  40  46  46   4  20  23  43  24  20   3  17  18  29  24 
 30  11   3  23  17  27  14  11  36  40  12   1   2  24  19  26  28  48  41  25   9  26  25   7  24  33  44   8  15  40  45   5   4  41   0  47  14  45  12   3  41  48  20   1   6  41  13  47  10  33 
 25  34  32  39   6  29  39   5  49  25  15   1  21  29  33  24  22   6  32  20  33   2  11  48  33  31  27  11  28  41  25  32   2  18   7   0  17  13  37   6  35  32  44  45  34  49  31  49  13  25 
 13  22  25   7   5  25  19  49  48  31  37  18  27  21  18  11  48  28  19  20  11  15  43  37   8  22  38  28  19  25  25  25   1  37  13  28   0  45  31   3  27  45  47  23  11  19   8  47  37  40 
 14  49  12  39  36  47  19  30  47  21  37  22  38  36   6  38  23  25  13  36  37  48  13  25  20  35   5  43  23  20  17   9   8  28  45  36  34   0   4  20  45  17  10  28  12  19  25  29  28  18 
 28   6  17  27   8   5  24  14  44  38  18  40  43  27  39  23   3  45  14  10   4  13  13  25  14   6  32  11  30  11  15  27  37  49  25  34  43  11   0  41  29  44  39  15  46  38  35  22  30  39 
 38  39  28  36  39  33   4   3  13   1  45  33  38  21   8  15  37  25  34   2   4   1   7   3  32  29   3  25  39  34   9   8  49  46  23  42  24  45  49   0  25  40  25   6   6  20   3  11  21  47 
 16  43  22  46  28  40  46  47  45  32   1  29  10  18  44  22  20  29  32  43  14  20  40  25  15  27  23  42  48   2  14  33  42  24  27  11  17  32   9  36   0  20   6  14   5  35  35  21  22  20 
 29  26  32  49  46  47   8   3   5   4  22  31  29  44  42  32  19  22  42   1   4  30  16  25   7  28  31  24  41  22   1  27  17  29   5  17  11  35  22  31  45   0  35  34   6  47  42   3  14  30 
 16  35  40  34  17   6   1   1  43   3  19  33  29  11  38  14  33  44  46   9  21  42  12  49   6  21  46  21   2  45   2  44  44  24  15  32  20  12  38  12  10  48   0  47  41  48  18  21  26  46 
 26  44   2  40  41  48  46  35  30  40  47  17  40  33  30  38  30  45  11  37   3  11  19   9  25   6  26  21   5  24  34  11  44  16  43  46  31   3  12   2   3  17  13   0  39  35  10  16  33  32 
 12  27  18  21  19  41  45  37  44  16  28   2   2  47  15  13  42  22  12  45  40  30  30  40   4   8   3  30  33   3  46   2   9  16  14  16   2  45  18  44  49  22   6  30   0  46   5  49   5  33 
 41  13   2  25   4  48  33  31   2   9  41  41  16  30  43  24  23  23  48  20  49  16  41  16   2  33  29  36  22  26   1  21  30  14  26  38  34  17  42   3  23  27  27  40  13   0  24  23  47  44 
 13   3  31  14   3   1  21  47  36   9  37  47  39   4  35  38  15  42  43  33   1  18  45   5  13  43   5  34  39  10   7  35  26   8  16  46  21  10   8  48   3  49  19  20  12  17   0  39   9  37 
 42  48  45  31  41  27  23   5   1  14  20  21  11  13  17  28  39  30  27  15  18  37  16  27  48  31  18  45  16  19  47  32   2  16  46  23  33  33  48  48   4  39  30  33   9  31  13   0  48  30 
  6   4  20  11  16  36  39  49  38  20  15  17  43   6   2  48  33   8  43  30  32  16  37  17  32   3  29  46  28   1  43  40  18   2  34  35  47  39   2   8  32   1  30  41  22   6   3  13   0  25 
 14   3  10   9  34   9   9  30  27  32   1  17   6  40  10  49  46  15  36  49   1  40   8  41  31  18  36  17   5   6  20  46  38  14  29  23  25   7   8  42  14  30  40  20  49  29  45  32  33   0 
M1
  0  28  44  44  11  43  29  25  18  31  32  41  49  28  28   3  26  22  20  18  11  21  37  28  36  45   2  18  19  12  40  16   8  30  16  48  31  28  40  34  26  37  32  28  34  42  15  19  15   8 
 14   0  45  46  44   3  29  22  14  30  24  16  17  10  26  48  33  11   4  38  21  14  21  34  37  17  23  26  21  25  14  13  21   4  15  13  10   6  16  14  38   9  37  10  18  25  45  19   2  44 
 33  14   0  12  20  46  23  12  20   6  12   8  41  10  25  42   5  12  16  25  13  48   9  10  32  27  18  20  24  25  23  16  20  36  24  10  45  10  12  47  21  16  22  13  13  10   2   2  29   6 
 17  48   4   0  21  47  45   2   6   2   2  32  20  12  40  19  42   3  27  38   2  38  26   1  18  45  21  46  40  28  24  14  25  39  41   6   9  15  32  35  10   5  12  44  36  20  32   7  33  22 
 26  18  31  40   0   2  26  13  17  15  22  46  45  21  20  26  32  46   6  11  15  42  45  15   5  45  17  46  45   5  18   9  43  41   4   8  11  29  41  19   9  47  11  32  30  40  12  24  11  14 
  2  28   4  24   7   0  45  40  34  14   5  21  39  25  31  28   9  35  38  42  27  49  38  18  40  30  20   7  26  35  26  33   3  47  46  45  19  15  48  18  42   7  18  25  28  34  22  25   6  33 
 27   1  45  40  16  20   0   4   6  14  45  30  36  47   8  49   5  48   5   9  46  26  48  45  17   6  37  36   1  31  20  13  44  28  10  22   3  47  40  32  30  48   2   1  44   2  22  21   2  14 
 46  16  35  17  16   2  40   0  11  29   8  31   1   5   3   5  12  20  41  32  26  30   7   4   4  12   3  28  44  19  33  43  39  28  18  41  35  12  22  42  25  21  14  37  12  16   8  44  23  15 
 30   7   6  36  33  46  36  15   0  11  23   3   8  40   2   5   4   5  46  38  10  42  47  19   7  12  49  38   5  48   6   7  19  43   6  34  40  46  11   6  21   7  27  18  20  31  21  10  40   2 
 36  20  26  14  40  29  31   6  22   0  17  46  36  32   3  38  26  12  26   6  13  14  27  34  39  18  32  30  33  12  34   6  17  37  40  26  40  48  22   3  37   6  32  19   3   8   2  33  31  13 
 21  23  14  40  40  45  10  41  12   3   0   4  32  32  33  42  38  41  29  21   7   6  43  21   2  20  34  34  39  22  28  40  18   8  46  19  17   9  32  35  13  26  42  25  14  26  19  19  25  26 
 26  26  34   3  23  43   7  15  19  29  13   0   8  15   2  10   3   7   8   2  35  24  44  39  47  11  39  49  49  38  30  12  27  40  40   4  33  31  40   7  22  21   2   6  17   4  26  44  10  21 
 43   6   8  13  12  10  19   5   6  17  43  39   0  20  22  24  23  12  32  44   4  14   1  22  45  10   3  16  14   1  19  41  47  36  35  31  31   5  15  25  48  31   7   2  32  44  19  18  43  33 
 43  21   4  34  22  46  37  21  24  21  47  17  31   0  25  42  41  12  35   1  17   6  29  29  29  31  21  25   2  38  49  47  16  11  26  35  45  14  44  12  49   1  34  28  30  34  21  24   3  33 
 43  45  21  24  42  10   2  44  42  21  28  15  22  10   0  13   1  26  29  39  27  29  46  42  25  44  33  44  26  14   6  43  40  41  10  21  39  12   1  13  17  40   7  10  36  37   8   6  37   4 
 28  36  31  36  13  45   6   2  21   1  25  44  20  12  15   0  23  39  20   2  37   9   9   5  10  29  30  40  36  16  27  39  18  47  21  41  38  28   5  46  38  20   2  28  21  48  22  30  32  40 
 29  22  38  34  20  31  27  16   1  43  44  21  32  27  46  37   0  20   7  49  21  13  21  19  17   7  22  25  17  36  33  22   9  49   2   5   9  34  26   5  28  41   8  13  20  48  16   2   9  37 
 28  38  12  26  24  30  28  28  22   9   8  34  21  47   3  23  26   0  17   2  25  34  47  26  41   3  11   6  39  23  11   3  14  25  20  22  49  11   8   3  30  32  44  19  10  18  11  39  33   4 
 17  30  14  31  24   5   7  34  10   7  26  42   4  13  45  42  34  38   0  34  10  10  37   1  36   7  10  21   9  20  27  25  22   3  34  15  19  24  30  32  44  40  31  25  49  47  17  39  20  24 
 32   4  41  36  26  45  19   8  19   9  30  49  20  30  48   9  24  10  37   0   7  19  15  29  33  24  40  34  40   8   4  29  31  15   1  48  45  35   5  49  43  34  30  29  47   5  22  37  12  15 
 25  32  44  22   9  32  21   7   8  26   4  38   2  43  36  33  18  31  38  16   0   3   4  12  45  36  17  37  32  14  30  19  26  21  11  22  48   6  10   5  41   2  29  21  20  38  18  30  21  19 
 30  16  37  17  13  29  34  29  45   8  28  24  42  21  37  14  25  23   7  37  38   0  32  13   8  43  37  41   8  17  47  19  34  21   5  49  34   9  23  13  23  23  22   3  37  13  35  24  25  14 
  7   1  37  45  18  30   3  15  39  17  15  42  35  20  46  49  44  39  26  40  30  45   0  23   7  19  15  13   4  31  44  12  30  10  16  29   8  37  33  22  46  34  44  29  26  22  30  20  19  33 
 25  44  19   2  24   7  19  27   3  10  12  49   4  17  38  24  39  47  28  37  31  26  44   0  14   5  17  18  47  41   2  20  43  12  39  23  17  42  36  48  16   4  31  12  17  15  38  33  47  29 
 13  23  13  23  47  48  28  40  28  32  10  33  18  25  28  40  11  14  27  22  40  45  16  11   0  38  28  14  34  40  32   3  28  13  27  43  48  47  12  33  45  24   9  37  33  19  37   2  38  12 
 47  47  17  29  46  13  41  48  32  48  15  36  34  26  17  29  35   2  45  16  13  38  27  18  44   0  28  46  26  41  36  14  13   5  25  29  27  20   2  18  29   3  36  48  31  18  49  24   3  28 
  5  44  30  28   7   3  36  42  46  21  45  14  11  48  15   1  44  44   6  34  36  12   5  21   9  11   0   8  35  21  31  46  23   2  24  19  38  25  40  24  22  49  18  13  29  23  39  27  22  48 
 31  12   5  45  20  42  22   1  13  33   8  27  39  27   6  12  41   9  29  47  23  16  47  27  40  14  31   0  44  28  37  24  36   4  17  15   2  26  48  46  42  47  18  18  43  10   4   2   3  17 
  6  46   2   3  10  47   8  40   8  29  13  12  11  48  31  13  30  23  48  40  13   5  18  45  18  47  35  38   0  15  46  47   8  11  31  14  18  18   9  43   2  33  20  37  44   3  38  39  14  19 
 36   7  34  46  25   4  17  33   4   7  49  12   8  46  29  34  10  35  14  14  17  48   9  48   9  29  37  44  33   0   3  38  22   1  36  17   4  31  18  11  11  41  20  44   2  32  34  18  14  27 
 15  36   3  23  34  36   4  22  47   3  24  13   1  14   2  27   8  28  35  18  12  34  35  28  26  28   9  38  16  22   0  18  39  34  46  24   7  13  37  44  35  14   7  43  23   5   9  29  45  41 
 10  35  11  12  15  34   2  42  40  33  32   4  15   9   7  18  39  40  24  20  16  33  19  18  49  24  48  33  36   2  10   0  30  15  12  29  32  49  11  30  22  45   5  48  30  47  38  32   5   9 
 12  25  25  32  24  14  32  43   5  41   4  49  24  41  35  35  27  38  36  19  38  36  28   5  38  31  20  47  38  25  41  49   0  49  36  43   9  39  39  15   1  44  30  25   7  22  13   9  36  31 
 26  48   7   2  37  25  17  22  13  11  30  47  20  44  12  38  37  21  44  21  41  18  39  20  39  49   9  23  38  35  13   8   5   0  49  37  40  46  46   4  20  23  43  24  20   3  17  18  29  24 
 30  11   3  23  17  27  14  11  36  40  12   1   2  24  19  26  28  48  41  25   9  26  25   7  24  33  44   8  15  40  45   5   4  41   0  47  14  45  12   3  41  48  20   1   6  41  13  47  10  33 
 25  34  32  39   6  29  39   5  49  25  15   1  21  29  33  24  22   6  32  20  33   2  11  48  33  31  27  11  28  41  25  32   2  18   7   0  17  13  37   6  35  32  44  45  34  49  31  49  13  25 
 13  22  25   7   5  25  19  49  48  31  37  18  27  21  18  11  48  28  19  20  11  15  43  37   8  22  38  28  19  25  25  25   1  37  13  28   0  45  31   3  27  45  47  23  11  19   8  47  37  40 
 14  49  12  39  36  47  19  30  47  21  37  22  38  36   6  38  23  25  13  36  37  48  13  25  20  35   5  43  23  20  17   9   8  28  45  36  34   0   4  20  45  17  10  28  12  19  25  29  28  18 
 28   6  17  27   8   5  24  14  44  38  18  40  43  27  39  23   3  45  14  10   4  13  13  25  14   6  32  11  30  11  15  27  37  49  25  34  43  11   0  41  29  44  39  15  46  38  35  22  30  39 
 38  39  28  36  39  33   4   3  13   1  45  33  38  21   8  15  37  25  34   2   4   1   7   3  32  29   3  25  39  34   9   8  49  46  23  42  24  45  49   0  25  40  25   6   6  20   3  11  21  47 
 16  43  22  46  28  40  46  47  45  32   1  29  10  18  44  22  20  29  32  43  14  20  40  25  15  27  23  42  48   2  14  33  42  24  27  11  17  32   9  36   0  20   6  14   5  35  35  21  22  20 
 29  26  32  49  46  47   8   3   5   4  22  31  29  44  42  32  19  22  42   1   4  30  16  25   7  28  31  24  41  22   1  27  17  29   5  17  11  35  22  31  45   0  35  34   6  47  42   3  14  30 
 16  35  40  34  17   6   1   1  43   3  19  33  29  11  38  14  33  44  46   9  21  42  12  49   6  21  46  21   2  45   2  44  44  24  15  32  20  12  38  12  10  48   0  47  41  48  18  21  26  46 
 26  44   2  40  41  48  46  35  30  40  47  17  40  33  30  38  30  45  11  37   3  11  19   9  25   6  26  21   5  24  34  11  44  16  43  46  31   3  12   2   3  17  13   0  39  35  10  16  33  32 
 12  27  18  21  19  41  45  37  44  16  28   2   2  47  15  13  42  22  12  45  40  30  30  40   4   8   3  30  33   3  46   2   9  16  14  16   2  45  18  44  49  22   6  30   0  46   5  49   5  33 
 41  13   2  25   4  48  33  31   2   9  41  41  16  30  43  24  23  23  48  20  49  16  41  16   2  33  29  36  22  26   1  21  30  14  26  38  34  17  42   3  23  27  27  40  13   0  24  23  47  44 
 13   3  31  14   3   1  21  47  36   9  37  47  39   4  35  38  15  42  43  33   1  18  45   5  13  43   5  34  39  10   7  35  26   8  16  46  21  10   8  48   3  49  19  20  12  17   0  39   9  37 
 42  48  45  31  41  27  23   5   1  14  20  21  11  13  17  28  39  30  27  15  18  37  16  27  48  31  18  45  16  19  47  32   2  16  46  23  33  33  48  48   4  39  30  33   9  31  13   0  48  30 
  6   4  20  11  16  36  39  49  38  20  15  17  43   6   2  48  33   8  43  30  32  16  37  17  32   3  29  46  28   1  43  40  18   2  34  35  47  39   2   8  32   1  30  41  22   6   3  13   0  25 
 14   3  10   9  34   9   9  30  27  32   1  17   6  40  10  49  46  15  36  49   1  40   8  41  31  18  36  17   5   6  20  46  38  14  29  23  25   7   8  42  14  30  40  20  49  29  45  32  33   0 
M2
  0  28  44  44  11  43  29  25  18  31  32  41  49  28  28   3  26  22  20  18  11  21  37  28  36  45   2  18  19  12  40  16   8  30  16  48  31  28  40  34  26  37  32  28  34  42  15  19  15   8 
 14   0  45  46  44   3  29  22  14  30  24  16  17  10  26  48  33  11   4  38  21  14  21  34  37  17  23  26  21  25  14  13  21   4  15  13  10   6  16  14  38   9  37  10  18  25  45  19   2  44 
 33  14   0  12  20  46  23  12  20   6  12   8  41  10  25  42   5  12  16  25  13  48   9  10  32  27  18  20  24  25  23  16  20  36  24  10  45  10  12  47  21  16  22  13  13  10   2   2  29   6 
 17  48   4   0  21  47  45   2   6   2   2  32  20  12  40  19  42   3  27  38   2  38  26   1  18  45  21  46  40  28  24  14  25  39  41   6   9  15  32  35  10   5  12  44  36  20  32   7  33  22 
 26  18  31  40   0   2  26  13  17  15  22  46  45  21  20  26  32  46   6  11  15  42  45  15   5  45  17  46  45   5  18   9  43  41   4   8  11  29  41  19   9  47  11  32  30  40  12  24  11  14 
  2  28   4  24   7   0  45  40  34  14   5  21  39  25  31  28   9  35  38  42  27  49  38  18  40  30  20   7  26  35  26  33   3  47  46  45  19  15  48  18  42   7  18  25  28  34  22  25   6  33 
 27   1  45  40  16  20   0   4   6  14  45  30  36  47   8  49   5  48   5   9  46  26  48  45  17   6  37  36   1  31  20  13  44  28  10  22   3  47  40  32  30  48   2   1  44   2  22  21   2  14 
 46  16  35  17  16   2  40   0  11  29   8  31   1   5   3   5  12  20  41  32  26  30   7   4   4  12   3  28  44  19  33  43  39  28  18  41  35  12  22  42  25  21  14  37  12  16   8  44  23  15 
 30   7   6  36  33  46  36  15   0  11  23   3   8  40   2   5   4   5  46  38  10  42  47  19   7  12  49  38   5  48   6   7  19  43   6  34  40  46  11   6  21   7  27  18  20  31  21  10  40   2 
 36  20  26  14  40  29  31   6  22   0  17  46  36  32   3  38  26  12  26   6  13  14  27  34  39  18  32  30  33  12  34   6  17  37  40  26  40  48  22   3  37   6  32  19   3   8   2  33  31  13 
 21  23  14  40  40  45  10  41  12   3   0   4  32  32  33  42  38  41  29  21   7   6  43  21   2  20  34  34  39  22  28  40  18   8  46  19  17   9  32  35  13  26  42  25  14  26  19  19  25  26 
 26  26  34   3  23  43   7  15  19  29  13   0   8  15   2  10   3   7   8   2  35  24  44  39  47  11  39  49  49  38  30  12  27  40  40   4  33  31  40   7  22  21   2   6  17   4  26  44  10  21 
 43   6   8  13  12  10  19   5   6  17  43  39   0  20  22  24  23  12  32  44   4  14   1  22  45  10   3  16  14   1  19  41  47  36  35  31  31   5  15  25  48  31   7   2  32  44  19  18  43  33 
 43  21   4  34  22  46  37  21  24  21  47  17  31   0  25  42  41  12  35   1  17   6  29  29  29  31  21  25   2  38  49  47  16  11  26  35  45  14  44  12  49   1  34  28  30  34  21  24   3  33 
 43  45  21  24  42  10   2  44  42  21  28  15  22  10   0  13   1  26  29  39  27  29  46  42  25  44  33  44  26  14   6  43  40  41  10  21  39  12   1  13  17  40   7  10  36  37   8   6  37   4 
 28  36  31  36  13  45   6   2  21   1  25  44  20  12  15   0  23  39  20   2  37   9   9   5  10  29  30  40  36  16  27  39  18  47  21  41  38  28   5  46  38  20   2  28  21  48  22  30  32  40 
 29  22  38  34  20  31  27  16   1  43  44  21  32  27  46  37   0  20   7  49  21  13  21  19  17   7  22  25  17  36  33  22   9  49   2   5   9  34  26   5  28  41   8  13  20  48  16   2   9  37 
 28  38  12  26  24  30  28  28  22   9   8  34  21  47   3  23  26   0  17   2  25  34  47  26  41   3  11   6  39  23  11   3  14  25  20  22  49  11   8   3  30  32  44  19  10  18  11  39  33   4 
 17  30  14  31  24   5   7  34  10   7  26  42   4  13  45  42  34  38   0  34  10  10  37   1  36   7  10  21   9  20  27  25  22   3  34  15  19  24  30  32  44  40  31  25  49  47  17  39  20  24 
 32   4  41  36  26  45  19   8  19   9  30  49  20  30  48   9  24  10  37   0   7  19  15  29  33  24  40  34  40   8   4  29  31  15   1  48  45  35   5  49  43  34  30  29  47   5  22  37  12  15 
 25  32  44  22   9  32  21   7   8  26   4  38   2  43  36  33  18  31  38  16   0   3   4  12  45  36  17  37  32  14  30  19  26  21  11  22  48   6  10   5  41   2  29  21  20  38  18  30  21  19 
 30  16  37  17  13  29  34  29  45   8  28  24  42  21  37  14  25  23   7  37  38   0  32  13   8  43  37  41   8  17  47  19  34  21   5  49  34   9  23  13  23  23  22   3  37  13  35  24  25  14 
  7   1  37  45  18  30   3  15  39  17  15  42  35  20  46  49  44  39  26  40  30  45   0  23   7  19  15  13   4  31  44  12  30  10  16  29   8  37  33  22  46  34  44  29  26  22  30  20  19  33 
 25  44  19   2  24   7  19  27   3  10  12  49   4  17  38  24  39  47  28  37  31  26  44   0  14   5  17  18  47  41   2  20  43  12  39  23  17  42  36  48  16   4  31  12  17  15  38  33  47  29 
 13  23  13  23  47  48  28  40  28  32  10  33  18  25  28  40  11  14  27  22  40  45  16  11   0  38  28  14  34  40  32   3  28  13  27  43  48  47  12  33  45  24   9  37  33  19  37   2  38  12 
 47  47  17  29  46  13  41  48  32  48  15  36  34  26  17  29  35   2  45  16  13  38  27  18  44   0  28  46  26  41  36  14  13   5  25  29  27  20   2  18  29   3  36  48  31  18  49  24   3  28 
  5  44  30  28   7   3  36  42  46  21  45  14  11  48  15   1  44  44   6  34  36  12   5  21   9  11   0   8  35  21  31  46  23   2  24  19  38  25  40  24  22  49  18  13  29  23  39  27  22  48 
 31  12   5  45  20  42  22   1  13  33   8  27  39  27   6  12  41   9  29  47  23  16  47  27  40  14  31   0  44  28  37  24  36   4  17  15   2  26  48  46  42  47  18  18  43  10   4   2   3  17 
  6  46   2   3  10  47   8  40   8  29  13  12  11  48  31  13  30  23  48  40  13   5  18  45  18  47  35  38   0  15  46  47   8  11  31  14  18  18   9  43   2  33  20  37  44   3  38  39  14  19 
 36   7  34  46  25   4  17  33   4   7  49  12   8  46  29  34  10  35  14  14  17  48   9  48   9  29  37  44  33   0   3  38  22   1  36  17   4  31  18  11  11  41  20  44   2  32  34  18  14  27 
 15  36   3  23  34  36   4  22  47   3  24  13   1  14   2  27   8  28  35  18  12  34  35  28  26  28   9  38  16  22   0  18  39  34  46  24   7  13  37  44  35  14   7  43  23   5   9  29  45  41 
 10  35  11  12  15  34   2  42  40  33  32   4  15   9   7  18  39  40  24  20  16  33  19  18  49  24  48  33  36   2  10   0  30  15  12  29  32  49  11  30  22  45   5  48  30  47  38  32   5   9 
 12  25  25  32  24  14  32  43   5  41   4  49  24  41  35  35  27  38  36  19  38  36  28   5  38  31  20  47  38  25  41  49   0  49  36  43   9  39  39  15   1  44  30  25   7  22  13   9  36  31 
 26  48   7   2  37  25  17  22  13  11  30  47  20  44  12  38  37  21  44  21  41  18  39  20  39  49   9  23  38  35  13   8   5   0  49  37  40  46  46   4  20  23  43  24  20   3  17  18  29  24 
 30  11   3  23  17  27  14  11  36  40  12   1   2  24  19  26  28  48  41  25   9  26  25   7  24  33  44   8  15  40  45   5   4  41   0  47  14  45  12   3  41  48  20   1   6  41  13  47  10  33 
 25  34  32  39   6  29  39   5  49  25  15   1  21  29  33  24  22   6  32  20  33   2  11  48  33  31  27  11  28  41  25  32   2  18   7   0  17  13  37   6  35  32  44  45  34  49  31  49  13  25 
 13  22  25   7   5  25  19  49  48  31  37  18  27  21  18  11  48  28  19  20  11  15  43  37   8  22  38  28  19  25  25  25   1  37  13  28   0  45  31   3  27  45  47  23  11  19   8  47  37  40 
 14  49  12  39  36  47  19  30  47  21  37  22  38  36   6  38  23  25  13  36  37  48  13  25  20  35   5  43  23  20  17   9   8  28  45  36  34   0   4  20  45  17  10  28  12  19  25  29  28  18 
 28   6  17  27   8   5  24  14  44  38  18  40  43  27  39  23   3  45  14  10   4  13  13  25  14   6  32  11  30  11  15  27  37  49  25  34  43  11   0  41  29  44  39  15  46  38  35  22  30  39 
 38  39  28  36  39  33   4   3  13   1  45  33  38  21   8  15  37  25  34   2   4   1   7   3  32  29   3  25  39  34   9   8  49  46  23  42  24  45  49   0  25  40  25   6   6  20   3  11  21  47 
 16  43  22  46  28  40  46  47  45  32   1  29  10  18  44  22  20  29  32  43  14  20  40  25  15  27  23  42  48   2  14  33  42  24  27  11  17  32   9  36   0  20   6  14   5  35  35  21  22  20 
 29  26  32  49  46  47   8   3   5   4  22  31  29  44  42  32  19  22  42   1   4  30  16  25   7  28  31  24  41  22   1  27  17  29   5  17  11  35  22  31  45   0  35  34   6  47  42   3  14  30 
 16  35  40  34  17   6   1   1  43   3  19  33  29  11  38  14  33  44  46   9  21  42  12  49   6  21  46  21   2  45   2  44  44  24  15  32  20  12  38  12  10  48   0  47  41  48  18  21  26  46 
 26  44   2  40  41  48  46  35  30  40  47  17  40  33  30  38  30  45  11  37   3  11  19   9  25   6  26  21   5  24  34  11  44  16  43  46  31   3  12   2   3  17  13   0  39  35  10  16  33  32 
 12  27  18  21  19  41  45  37  44  16  28   2   2  47  15  13  42  22  12  45  40  30  30  40   4   8   3  30  33   3  46   2   9  16  14  16   2  45  18  44  49  22   6  30   0  46   5  49   5  33 
 41  13   2  25   4  48  33  31   2   9  41  41  16  30  43  24  23  23  48  20  49  16  41  16   2  33  29  36  22  26   1  21  30  14  26  38  34  17  42   3  23  27  27  40  13   0  24  23  47  44 
 13   3  31  14   3   1  21  47  36   9  37  47  39   4  35  38  15  42  43  33   1  18  45   5  13  43   5  34  39  10   7  35  26   8  16  46  21  10   8  48   3  49  19  20  12  17   0  39   9  37 
 42  48  45  31  41  27  23   5   1  14  20  21  11  13  17  28  39  30  27  15  18  37  16  27  48  31  18  45  16  19  47  32   2  16  46  23  33  33  48  48   4  39  30  33   9  31  13   0  48  30 
  6   4  20  11  16  36  39  49  38  20  15  17  43   6   2  48  33   8  43  30  32  16  37  17  32   3  29  46  28   1  43  40  18   2  34  35  47  39   2   8  32   1  30  41  22   6   3  13   0  25 
 14   3  10   9  34   9   9  30  27  32   1  17   6  40  10  49  46  15  36  49   1  40   8  41  31  18  36  17   5   6  20  46  38  14  29  23  25   7   8  42  14  30  40  20  49  29  45  32  33   0 
M3
  0  28  44  44  11  43  29  25  18  31  32  41  49  28  28   3  26  22  20  18  11  21  37  28  36  45   2  18  19  12  40  16   8  30  16  48  31  28  40  34  26  37  32  28  34  42  15  19  15   8 
 14   0  45  46  44   3  29  22  14  30  24  16  17  10  26  48  33  11   4  38  21  14  21  34  37  17  23  26  21  25  14  13  21   4  15  13  10   6  16  14  38   9  37  10  18  25  45  19   2  44 
 33  14   0  12  20  46  23  12  20   6  12   8  41  10  25  42   5  12  16  25  13  48   9  10  32  27  18  20  24  25  23  16  20  36  24  10  45  10  12  47  21  16  22  13  13  10   2   2  29   6 
 17  48   4   0  21  47  45   2   6   2   2  32  20  12  40  19  42   3  27  38   2  38  26   1  18  45  21  46  40  28  24  14  25  39  41   6   9  15  32  35  10   5  12  44  36  20  32   7  33  22 
 26  18  31  40   0   2  26  13  17  15  22  46  45  21  20  26  32  46   6  11  15  42  45  15   5  45  17  46  45   5  18   9  43  41   4   8  11  29  41  19   9  47  11  32  30  40  12  24  11  14 
  2  28   4  24   7   0  45  40  34  14   5  21  39  25  31  28   9  35  38  42  27  49  38  18  40  30  20   7  26  35  26  33   3  47  46  45  19  15  48  18  42   7  18  25  28  34  22  25   6  33 
 27   1  45  40  16  20   0   4   6  14  45  30  36  47   8  49   5  48   5   9  46  26  48  45  17   6  37  36   1  31  20  13  44  28  10  22   3  47  40  32  30  48   2   1  44   2  22  21   2  14 
 46  16  35  17  16   2  40   0  11  29   8  31   1   5   3   5  12  20  41  32  26  30   7   4   4  12   3  28  44  19  33  43  39  28  18  41  35  12  22  42  25  21  14  37  12  16   8  44  23  15 
 30   7   6  36  33  46  36  15   0  11  23   3   8  40   2   5   4   5  46  38  10  42  47  19   7  12  49  38   5  48   6   7  19  43   6  34  40  46  11   6  21   7  27  18  20  31  21  10  40   2 
 36  20  26  14  40  29  31   6  22   0  17  46  36  32   3  38  26  12  26   6  13  14  27  34  39  18  32  30  33  12  34   6  17  37  40  26  40  48  22   3  37   6  32  19   3   8   2  33  31  13 
 21  23  14  40  40  45  10  41  12   3   0   4  32  32  33  42  38  41  29  21   7   6  43  21   2  20  34  34  39  22  28  40  18   8  46  19  17   9  32  35  13  26  42  25  14  26  19  19  25  26 
 26  26  34   3  23  43   7  15  19  29  13   0   8  15   2  10   3   7   8   2  35  24  44  39  47  11  39  49  49  38  30  12  27  40  40   4  33  31  40   7  22  21   2   6  17   4  26  44  10  21 
 43   6   8  13  12  10  19   5   6  17  43  39   0  20  22  24  23  12  32  44   4  14   1  22  45  10   3  16  14   1  19  41  47  36  35  31  31   5  15  25  48  31   7   2  32  44  19  18  43  33 
 43  21   4  34  22  46  37  21  24  21  47  17  31   0  25  42  41  12  35   1  17   6  29  29  29  31  21  25   2  38  49  47  16  11  26  35  45  14  44  12  49   1  34  28  30  34  21  24   3  33 
 43  45  21  24  42  10   2  44  42  21  28  15  22  10   0  13   1  26  29  39  27  29  46  42  25  44  33  44  26  14   6  43  40  41  10  21  39  12   1  13  17  40   7  10  36  37   8   6  37   4 
 28  36  31  36  13  45   6   2  21   1  25  44  20  12  15   0  23  39  20   2  37   9   9   5  10  29  30  40  36  16  27  39  18  47  21  41  38  28   5  46  38  20   2  28  21  48  22  30  32  40 
 29  22  38  34  20  31  27  16   1  43  44  21  32  27  46  37   0  20   7  49  21  13  21  19  17   7  22  25  17  36  33  22   9  49   2   5   9  34  26   5  28  41   8  13  20  48  16   2   9  37 
 28  38  12  26  24  30  28  28  22   9   8  34  21  47   3  23  26   0  17   2  25  34  47  26  41   3  11   6  39  23  11   3  14  25  20  22  49  11   8   3  30  32  44  19  10  18  11  39  33   4 
 17  30  14  31  24   5   7  34  10   7  26  42   4  13  45  42  34  38   0  34  10  10  37   1  36   7  10  21   9  20  27  25  22   3  34  15  19  24  30  32  44  40  31  25  49  47  17  39  20  24 
 32   4  41  36  26  45  19   8  19   9  30  49  20  30  48   9  24  10  37   0   7  19  15  29  33  24  40  34  40   8   4  29  31  15   1  48  45  35   5  49  43  34  30  29  47   5  22  37  12  15 
 25  32  44  22   9  32  21   7   8  26   4  38   2  43  36  33  18  31  38  16   0   3   4  12  45  36  17  37  32  14  30  19  26  21  11  22  48   6  10   5  41   2  29  21  20  38  18  30  21  19 
 30  16  37  17  13  29  34  29  45   8  28  24  42  21  37  14  25  23   7  37  38   0  32  13   8  43  37  41   8  17  47  19  34  21   5  49  34   9  23  13  23  23  22   3  37  13  35  24  25  14 
  7   1  37  45  18  30   3  15  39  17  15  42  35  20  46  49  44  39  26  40  30  45   0  23   7  19  15  13   4  31  44  12  30  10  16  29   8  37  33  22  46  34  44  29  26  22  30  20  19  33 
 25  44  19   2  24   7  19  27   3  10  12  49   4  17  38  24  39  47  28  37  31  26  44   0  14   5  17  18  47  41   2  20  43  12  39  23  17  42  36  48  16   4  31  12  17  15  38  33  47  29 
 13  23  13  23  47  48  28  40  28  32  10  33  18  25  28  40  11  14  27  22  40  45  16  11   0  38  28  14  34  40  32   3  28  13  27  43  48  47  12  33  45  24   9  37  33  19  37   2  38  12 
 47  47  17  29  46  13  41  48  32  48  15  36  34  26  17  29  35   2  45  16  13  38  27  18  44   0  28  46  26  41  36  14  13   5  25  29  27  20   2  18  29   3  36  48  31  18  49  24   3  28 
  5  44  30  28   7   3  36  42  46  21  45  14  11  48  15   1  44  44   6  34  36  12   5  21   9  11   0   8  35  21  31  46  23   2  24  19  38  25  40  24  22  49  18  13  29  23  39  27  22  48 
 31  12   5  45  20  42  22   1  13  33   8  27  39  27   6  12  41   9  29  47  23  16  47  27  40  14  31   0  44  28  37  24  36   4  17  15   2  26  48  46  42  47  18  18  43  10   4   2   3  17 
  6  46   2   3  10  47   8  40   8  29  13  12  11  48  31  13  30  23  48  40  13   5  18  45  18  47  35  38   0  15  46  47   8  11  31  14  18  18   9  43   2  33  20  37  44   3  38  39  14  19 
 36   7  34  46  25   4  17  33   4   7  49  12   8  46  29  34  10  35  14  14  17  48   9  48   9  29  37  44  33   0   3  38  22   1  36  17   4  31  18  11  11  41  20  44   2  32  34  18  14  27 
 15  36   3  23  34  36   4  22  47   3  24  13   1  14   2  27   8  28  35  18  12  34  35  28  26  28   9  38  16  22   0  18  39  34  46  24   7  13  37  44  35  14   7  43  23   5   9  29  45  41 
 10  35  11  12  15  34   2  42  40  33  32   4  15   9   7  18  39  40  24  20  16  33  19  18  49  24  48  33  36   2  10   0  30  15  12  29  32  49  11  30  22  45   5  48  30  47  38  32   5   9 
 12  25  25  32  24  14  32  43   5  41   4  49  24  41  35  35  27  38  36  19  38  36  28   5  38  31  20  47  38  25  41  49   0  49  36  43   9  39  39  15   1  44  30  25   7  22  13   9  36  31 
 26  48   7   2  37  25  17  22  13  11  30  47  20  44  12  38  37  21  44  21  41  18  39  20  39  49   9  23  38  35  13   8   5   0  49  37  40  46  46   4  20  23  43  24  20   3  17  18  29  24 
 30  11   3  23  17  27  14  11  36  40  12   1   2  24  19  26  28  48  41  25   9  26  25   7  24  33  44   8  15  40  45   5   4  41   0  47  14  45  12   3  41  48  20   1   6  41  13  47  10  33 
 25  34  32  39   6  29  39   5  49  25  15   1  21  29  33  24  22   6  32  20  33   2  11  48  33  31  27  11  28  41  25  32   2  18   7   0  17  13  37   6  35  32  44  45  34  49  31  49  13  25 
 13  22  25   7   5  25  19  49  48  31  37  18  27  21  18  11  48  28  19  20  11  15  43  37   8  22  38  28  19  25  25  25   1  37  13  28   0  45  31   3  27  45  47  23  11  19   8  47  37  40 
 14  49  12  39  36  47  19  30  47  21  37  22  38  36   6  38  23  25  13  36  37  48  13  25  20  35   5  43  23  20  17   9   8  28  45  36  34   0   4  20  45  17  10  28  12  19  25  29  28  18 
 28   6  17  27   8   5  24  14  44  38  18  40  43  27  39  23   3  45  14  10   4  13  13  25  14   6  32  11  30  11  15  27  37  49  25  34  43  11   0  41  29  44  39  15  46  38  35  22  30  39 
 38  39  28  36  39  33   4   3  13   1  45  33  38  21   8  15  37  25  34   2   4   1   7   3  32  29   3  25  39  34   9   8  49  46  23  42  24  45  49   0  25  40  25   6   6  20   3  11  21  47 
 16  43  22  46  28  40  46  47  45  32   1  29  10  18  44  22  20  29  32  43  14  20  40  25  15  27  23  42  48   2  14  33  42  24  27  11  17  32   9  36   0  20   6  14   5  35  35  21  22  20 
 29  26  32  49  46  47   8   3   5   4  22  31  29  44  42  32  19  22  42   1   4  30  16  25   7  28  31  24  41  22   1  27  17  29   5  17  11  35  22  31  45   0  35  34   6  47  42   3  14  30 
 16  35  40  34  17   6   1   1  43   3  19  33  29  11  38  14  33  44  46   9  21  42  12  49   6  21  46  21   2  45   2  44  44  24  15  32  20  12  38  12  10  48   0  47  41  48  18  21  26  46 
 26  44   2  40  41  48  46  35  30  40  47  17  40  33  30  38  30  45  11  37   3  11  19   9  25   6  26  21   5  24  34  11  44  16  43  46  31   3  12   2   3  17  13   0  39  35  10  16  33  32 
 12  27  18  21  19  41  45  37  44  16  28   2   2  47  15  13  42  22  12  45  40  30  30  40   4   8   3  30  33   3  46   2   9  16  14  16   2  45  18  44  49  22   6  30   0  46   5  49   5  33 
 41  13   2  25   4  48  33  31   2   9  41  41  16  30  43  24  23  23  48  20  49  16  41  16   2  33  29  36  22  26   1  21  30  14  26  38  34  17  42   3  23  27  27  40  13   0  24  23  47  44 
 13   3  31  14   3   1  21  47  36   9  37  47  39   4  35  38  15  42  43  33   1  18  45   5  13  43   5  34  39  10   7  35  26   8  16  46  21  10   8  48   3  49  19  20  12  17   0  39   9  37 
 42  48  45  31  41  27  23   5   1  14  20  21  11  13  17  28  39  30  27  15  18  37  16  27  48  31  18  45  16  19  47  32   2  16  46  23  33  33  48  48   4  39  30  33   9  31  13   0  48  30 
  6   4  20  11  16  36  39  49  38  20  15  17  43   6   2  48  33   8  43  30  32  16  37  17  32   3  29  46  28   1  43  40  18   2  34  35  47  39   2   8  32   1  30  41  22   6   3  13   0  25 
 14   3  10   9  34   9   9  30  27  32   1  17   6  40  10  49  46  15  36  49   1  40   8  41  31  18  36  17   5   6  20  46  38  14  29  23  25   7   8  42  14  30  40  20  49  29  45  32  33   0 
M4
  0  28  44  44  11  43  29  25  18  31  32  41  49  28  28   3  26  22  20  18  11  21  37  28  36  45   2  18  19  12  40  16   8  30  16  48  31  28  40  34  26  37  32  28  34  42  15  19  15   8 
 14   0  45  46  44   3  29  22  14  30  24  16  17  10  26  48  33  11   4  38  21  14  21  34  37  17  23  26  21  25  14  13  21   4  15  13  10   6  16  14  38   9  37  10  18  25  45  19   2  44 
 33  14   0  12  20  46  23  12  20   6  12   8  41  10  25  42   5  12  16  25  13  48   9  10  32  27  18  20  24  25  23  16  20  36  24  10  45  10  12  47  21  16  22  13  13  10   2   2  29   6 
 17  48   4   0  21  47  45   2   6   2   2  32  20  12  40  19  42   3  27  38   2  38  26   1  18  45  21  46  40  28  24  14  25  39  41   6   9  15  32  35  10   5  12  44  36  20  32   7  33  22 
 26  18  31  40   0   2  26  13  17  15  22  46  45  21  20  26  32  46   6  11  15  42  45  15   5  45  17  46  45   5  18   9  43  41   4   8  11  29  41  19   9  47  11  32  30  40  12  24  11  14 
  2  28   4  24   7   0  45  40  34  14   5  21  39  25  31  28   9  35  38  42  27  49  38  18  40  30  20   7  26  35  26  33   3  47  46  45  19  15  48  18  42   7  18  25  28  34  22  25   6  33 
 27   1  45  40  16  20   0   4   6  14  45  30  36  47   8  49   5  48   5   9  46  26  48  45  17   6  37  36   1  31  20  13  44  28  10  22   3  47  40  32  30  48   2   1  44   2  22  21   2  14 
 46  16  35  17  16   2  40   0  11  29   8  31   1   5   3   5  12  20  41  32  26  30   7   4   4  12   3  28  44  19  33  43  39  28  18  41  35  12  22  42  25  21  14  37  12  16   8  44  23  15 
 30   7   6  36  33  46  36  15   0  11  23   3   8  40   2   5   4   5  46  38  10  42  47  19   7  12  49  38   5  48   6   7  19  43   6  34  40  46  11   6  21   7  27  18  20  31  21  10  40   2 
 36  20  26  14  40  29  31   6  22   0  17  46  36  32   3  38  26  12  26   6  13  14  27  34  39  18  32  30  33  12  34   6  17  37  40  26  40  48  22   3  37   6  32  19   3   8   2  33  31  13 
 21  23  14  40  40  45  10  41  12   3   0   4  32  32  33  42  38  41  29  21   7   6  43  21   2  20  34  34  39  22  28  40  18   8  46  19  17   9  32  35  13  26  42  25  14  26  19  19  25  26 
 26  26  34   3  23  43   7  15  19  29  13   0   8  15   2  10   3   7   8   2  35  24  44  39  47  11  39  49  49  38  30  12  27  40  40   4  33  31  40   7  22  21   2   6  17   4  26  44  10  21 
 43   6   8  13  12  10  19   5   6  17  43  39   0  20  22  24  23  12  32  44   4  14   1  22  45  10   3  16  14   1  19  41  47  36  35  31  31   5  15  25  48  31   7   2  32  44  19  18  43  33 
 43  21   4  34  22  46  37  21  24  21  47  17  31   0  25  42  41  12  35   1  17   6  29  29  29  31  21  25   2  38  49  47  16  11  26  35  45  14  44  12  49   1  34  28  30  34  21  24   3  33 
 43  45  21  24  42  10   2  44  42  21  28  15  22  10   0  13   1  26  29  39  27  29  46  42  25  44  33  44  26  14   6  43  40  41  10  21  39  12   1  13  17  40   7  10  36  37   8   6  37   4 
 28  36  31  36  13  45   6   2  21   1  25  44  20  12  15   0  23  39  20   2  37   9   9   5  10  29  30  40  36  16  27  39  18  47  21  41  38  28   5  46  38  20   2  28  21  48  22  30  32  40 
 29  22  38  34  20  31  27  16   1  43  44  21  32  27  46  37   0  20   7  49  21  13  21  19  17   7  22  25  17  36  33  22   9  49   2   5   9  34  26   5  28  41   8  13  20  48  16   2   9  37 
 28  38  12  26  24  30  28  28  22   9   8  34  21  47   3  23  26   0  17   2  25  34  47  26  41   3  11   6  39  23  11   3  14  25  20  22  49  11   8   3  30  32  44  19  10  18  11  39  33   4 
 17  30  14  31  24   5   7  34  10   7  26  42   4  13  45  42  34  38   0  34  10  10  37   1  36   7  10  21   9  20  27  25  22   3  34  15  19  24  30  32  44  40  31  25  49  47  17  39  20  24 
 32   4  41  36  26  45  19   8  19   9  30  49  20  30  48   9  24  10  37   0   7  19  15  29  33  24  40  34  40   8   4  29  31  15   1  48  45  35   5  49  43  34  30  29  47   5  22  37  12  15 
 25  32  44  22   9  32  21   7   8  26   4  38   2  43  36  33  18  31  38  16   0   3   4  12  45  36  17  37  32  14  30  19  26  21  11  22  48   6  10   5  41   2  29  21  20  38  18  30  21  19 
 30  16  37  17  13  29  34  29  45   8  28  24  42  21  37  14  25  23   7  37  38   0  32  13   8  43  37  41   8  17  47  19  34  21   5  49  34   9  23  13  23  23  22   3  37  13  35  24  25  14 
  7   1  37  45  18  30   3  15  39  17  15  42  35  20  46  49  44  39  26  40  30  45   0  23   7  19  15  13   4  31  44  12  30  10  16  29   8  37  33  22  46  34  44  29  26  22  30  20  19  33 
 25  44  19   2  24   7  19  27   3  10  12  49   4  17  38  24  39  47  28  37  31  26  44   0  14   5  17  18  47  41   2  20  43  12  39  23  17  42  36  48  16   4  31  12  17  15  38  33  47  29 
 13  23  13  23  47  48  28  40  28  32  10  33  18  25  28  40  11  14  27  22  40  45  16  11   0  38  28  14  34  40  32   3  28  13  27  43  48  47  12  33  45  24   9  37  33  19  37   2  38  12 
 47  47  17  29  46  13  41  48  32  48  15  36  34  26  17  29  35   2  45  16  13  38  27  18  44   0  28  46  26  41  36  14  13   5  25  29  27  20   2  18  29   3  36  48  31  18  49  24   3  28 
  5  44  30  28   7   3  36  42  46  21  45  14  11  48  15   1  44  44   6  34  36  12   5  21   9  11   0   8  35  21  31  46  23   2  24  19  38  25  40  24  22  49  18  13  29  23  39  27  22  48 
 31  12   5  45  20  42  22   1  13  33   8  27  39  27   6  12  41   9  29  47  23  16  47  27  40  14  31   0  44  28  37  24  36   4  17  15   2  26  48  46  42  47  18  18  43  10   4   2   3  17 
  6  46   2   3  10  47   8  40   8  29  13  12  11  48  31  13  30  23  48  40  13   5  18  45  18  47  35  38   0  15  46  47   8  11  31  14  18  18   9  43   2  33  20  37  44   3  38  39  14  19 
 36   7  34  46  25   4  17  33   4   7  49  12   8  46  29  34  10  35  14  14  17  48   9  48   9  29  37  44  33   0   3  38  22   1  36  17   4  31  18  11  11  41  20  44   2  32  34  18  14  27 
 15  36   3  23  34  36   4  22  47   3  24  13   1  14   2  27   8  28  35  18  12  34  35  28  26  28   9  38  16  22   0  18  39  34  46  24   7  13  37  44  35  14   7  43  23   5   9  29  45  41 
 10  35  11  12  15  34   2  42  40  33  32   4  15   9   7  18  39  40  24  20  16  33  19  18  49  24  48  33  36   2  10   0  30  15  12  29  32  49  11  30  22  45   5  48  30  47  38  32   5   9 
 12  25  25  32  24  14  32  43   5  41   4  49  24  41  35  35  27  38  36  19  38  36  28   5  38  31  20  47  38  25  41  49   0  49  36  43   9  39  39  15   1  44  30  25   7  22  13   9  36  31 
 26  48   7   2  37  25  17  22  13  11  30  47  20  44  12  38  37  21  44  21  41  18  39  20  39  49   9  23  38  35  13   8   5   0  49  37  40  46  46   4  20  23  43  24  20   3  17  18  29  24 
 30  11   3  23  17  27  14  11  36  40  12   1   2  24  19  26  28  48  41  25   9  26  25   7  24  33  44   8  15  40  45   5   4  41   0  47  14  45  12   3  41  48  20   1   6  41  13  47  10  33 
 25  34  32  39   6  29  39   5  49  25  15   1  21  29  33  24  22   6  32  20  33   2  11  48  33  31  27  11  28  41  25  32   2  18   7   0  17  13  37   6  35  32  44  45  34  49  31  49  13  25 
 13  22  25   7   5  25  19  49  48  31  37  18  27  21  18  11  48  28  19  20  11  15  43  37   8  22  38  28  19  25  25  25   1  37  13  28   0  45  31   3  27  45  47  23  11  19   8  47  37  40 
 14  49  12  39  36  47  19  30  47  21  37  22  38  36   6  38  23  25  13  36  37  48  13  25  20  35   5  43  23  20  17   9   8  28  45  36  34   0   4  20  45  17  10  28  12  19  25  29  28  18 
 28   6  17  27   8   5  24  14  44  38  18  40  43  27  39  23   3  45  14  10   4  13  13  25  14   6  32  11  30  11  15  27  37  49  25  34  43  11   0  41  29  44  39  15  46  38  35  22  30  39 
 38  39  28  36  39  33   4   3  13   1  45  33  38  21   8  15  37  25  34   2   4   1   7   3  32  29   3  25  39  34   9   8  49  46  23  42  24  45  49   0  25  40  25   6   6  20   3  11  21  47 
 16  43  22  46  28  40  46  47  45  32   1  29  10  18  44  22  20  29  32  43  14  20  40  25  15  27  23  42  48   2  14  33  42  24  27  11  17  32   9  36   0  20   6  14   5  35  35  21  22  20 
 29  26  32  49  46  47   8   3   5   4  22  31  29  44  42  32  19  22  42   1   4  30  16  25   7  28  31  24  41  22   1  27  17  29   5  17  11  35  22  31  45   0  35  34   6  47  42   3  14  30 
 16  35  40  34  17   6   1   1  43   3  19  33  29  11  38  14  33  44  46   9  21  42  12  49   6  21  46  21   2  45   2  44  44  24  15  32  20  12  38  12  10  48   0  47  41  48  18  21  26  46 
 26  44   2  40  41  48  46  35  30  40  47  17  40  33  30  38  30  45  11  37   3  11  19   9  25   6  26  21   5  24  34  11  44  16  43  46  31   3  12   2   3  17  13   0  39  35  10  16  33  32 
 12  27  18  21  19  41  45  37  44  16  28   2   2  47  15  13  42  22  12  45  40  30  30  40   4   8   3  30  33   3  46   2   9  16  14  16   2  45  18  44  49  22   6  30   0  46   5  49   5  33 
 41  13   2  25   4  48  33  31   2   9  41  41  16  30  43  24  23  23  48  20  49  16  41  16   2  33  29  36  22  26   1  21  30  14  26  38  34  17  42   3  23  27  27  40  13   0  24  23  47  44 
 13   3  31  14   3   1  21  47  36   9  37  47  39   4  35  38  15  42  43  33   1  18  45   5  13  43   5  34  39  10   7  35  26   8  16  46  21  10   8  48   3  49  19  20  12  17   0  39   9  37 
 42  48  45  31  41  27  23   5   1  14  20  21  11  13  17  28  39  30  27  15  18  37  16  27  48  31  18  45  16  19  47  32   2  16  46  23  33  33  48  48   4  39  30  33   9  31  13   0  48  30 
  6   4  20  11  16  36  39  49  38  20  15  17  43   6   2  48  33   8  43  30  32  16  37  17  32   3  29  46  28   1  43  40  18   2  34  35  47  39   2   8  32   1  30  41  22   6   3  13   0  25 
 14   3  10   9  34   9   9  30  27  32   1  17   6  40  10  49  46  15  36  49   1  40   8  41  31  18  36  17   5   6  20  46  38  14  29  23  25   7   8  42  14  30  40  20  49  29  45  32  33   0 
M5
  0  28  44  44  11  43  29  25  18  31  32  41  49  28  28   3  26  22  20  18  11  21  37  28  36  45   2  18  19  12  40  16   8  30  16  48  31  28  40  34  26  37  32  28  34  42  15  19  15   8 
 14   0  45  46  44   3  29  22  14  30  24  16  17  10  26  48  33  11   4  38  21  14  21  34  37  17  23  26  21  25  14  13  21   4  15  13  10   6  16  14  38   9  37  10  18  25  45  19   2  44 
 33  14   0  12  20  46  23  12  20   6  12   8  41  10  25  42   5  12  16  25  13  48   9  10  32  27  18  20  24  25  23  16  20  36  24  10  45  10  12  47  21  16  22  13  13  10   2   2  29   6 
 17  48   4   0  21  47  45   2   6   2   2  32  20  12  40  19  42   3  27  38   2  38  26   1  18  45  21  46  40  28  24  14  25  39  41   6   9  15  32  35  10   5  12  44  36  20  32   7  33  22 
 26  18  31  40   0   2  26  13  17  15  22  46  45  21  20  26  32  46   6  11  15  42  45  15   5  45  17  46  45   5  18   9  43  41   4   8  11  29  41  19   9  47  11  32  30  40  12  24  11  14 
  2  28   4  24   7   0  45  40  34  14   5  21  39  25  31  28   9  35  38  42  27  49  38  18  40  30  20   7  26  35  26  33   3  47  46  45  19  15  48  18  42   7  18  25  28  34  22  25   6  33 
 27   1  45  40  16  20   0   4   6  14  45  30  36  47   8  49   5  48   5   9  46  26  48  45  17   6  37  36   1  31  20  13  44  28  10  22   3  47  40  32  30  48   2   1  44   2  22  21   2  14 
 46  16  35  17  16   2  40   0  11  29   8  31   1   5   3   5  12  20  41  32  26  30   7   4   4  12   3  28  44  19  33  43  39  28  18  41  35  12  22  42  25  21  14  37  12  16   8  44  23  15 
 30   7   6  36  33  46  36  15   0  11  23   3   8  40   2   5   4   5  46  38  10  42  47  19   7  12  49  38   5  48   6   7  19  43   6  34  40  46  11   6  21   7  27  18  20  31  21  10  40   2 
 36  20  26  14  40  29  31   6  22   0  17  46  36  32   3  38  26  12  26   6  13  14  27  34  39  18  32  30  33  12  34   6  17  37  40  26  40  48  22   3  37   6  32  19   3   8   2  33  31  13 
 21  23  14  40  40  45  10  41  12   3   0   4  32  32  33  42  38  41  29  21   7   6  43  21   2  20  34  34  39  22  28  40  18   8  46  19  17   9  32  35  13  26  42  25  14  26  19  19  25  26 
 26  26  34   3  23  43   7  15  19  29  13   0   8  15   2  10   3   7   8   2  35  24  44  39  47  11  39  49  49  38  30  12  27  40  40   4  33  31  40   7  22  21   2   6  17   4  26  44  10  21 
 43   6   8  13  12  10  19   5   6  17  43  39   0  20  22  24  23  12  32  44   4  14   1  22  45  10   3  16  14   1  19  41  47  36  35  31  31   5  15  25  48  31   7   2  32  44  19  18  43  33 
 43  21   4  34  22  46  37  21  24  21  47  17  31   0  25  42  41  12  35   1  17   6  29  29  29  31  21  25   2  38  49  47  16  11  26  35  45  14  44  12  49   1  34  28  30  34  21  24   3  33 
 43  45  21  24  42  10   2  44  42  21  28  15  22  10   0  13   1  26  29  39  27  29  46  42  25  44  33  44  26  14   6  43  40  41  10  21  39  12   1  13  17  40   7  10  36  37   8   6  37   4 
 28  36  31  36  13  45   6   2  21   1  25  44  20  12  15   0  23  39  20   2  37   9   9   5  10  29  30  40  36  16  27  39  18  47  21  41  38  28   5  46  38  20   2  28  21  48  22  30  32  40 
 29  22  38  34  20  31  27  16   1  43  44  21  32  27  46  37   0  20   7  49  21  13  21  19  17   7  22  25  17  36  33  22   9  49   2   5   9  34  26   5  28  41   8  13  20  48  16   2   9  37 
 28  38  12  26  24  30  28  28  22   9   8  34  21  47   3  23  26   0  17   2  25  34  47  26  41   3  11   6  39  23  11   3  14  25  20  22  49  11   8   3  30  32  44  19  10  18  11  39  33   4 
 17  30  14  31  24   5   7  34  10   7  26  42   4  13  45  42  34  38   0  34  10  10  37   1  36   7  10  21   9  20  27  25  22   3  34  15  19  24  30  32  44  40  31  25  49  47  17  39  20  24 
 32   4  41  36  26  45  19   8  19   9  30  49  20  30  48   9  24  10  37   0   7  19  15  29  33  24  40  34  40   8   4  29  31  15   1  48  45  35   5  49  43  34  30  29  47   5  22  37  12  15 
 25  32  44  22   9  32  21   7   8  26   4  38   2  43  36  33  18  31  38  16   0   3   4  12  45  36  17  37  32  14  30  19  26  21  11  22  48   6  10   5  41   2  29  21  20  38  18  30  21  19 
 30  16  37  17  13  29  34  29  45   8  28  24  42  21  37  14  25  23   7  37  38   0  32  13   8  43  37  41   8  17  47  19  34  21   5  49  34   9  23  13  23  23  22   3  37  13  35  24  25  14 
  7   1  37  45  18  30   3  15  39  17  15  42  35  20  46  49  44  39  26  40  30  45   0  23   7  19  15  13   4  31  44  12  30  10  16  29   8  37  33  22  46  34  44  29  26  22  30  20  19  33 
 25  44  19   2  24   7  19  27   3  10  12  49   4  17  38  24  39  47  28  37  31  26  44   0  14   5  17  18  47  41   2  20  43  12  39  23  17  42  36  48  16   4  31  12  17  15  38  33  47  29 
 13  23  13  23  47  48  28  40  28  32  10  33  18  25  28  40  11  14  27  22  40  45  16  11   0  38  28  14  34  40  32   3  28  13  27  43  48  47  12  33  45  24   9  37  33  19  37   2  38  12 
 47  47  17  29  46  13  41  48  32  48  15  36  34  26  17  29  35   2  45  16  13  38  27  18  44   0  28  46  26  41  36  14  13   5  25  29  27  20   2  18  29   3  36  48  31  18  49  24   3  28 
  5  44  30  28   7   3  36  42  46  21  45  14  11  48  15   1  44  44   6  34  36  12   5  21   9  11   0   8  35  21  31  46  23   2  24  19  38  25  40  24  22  49  18  13  29  23  39  27  22  48 
 31  12   5  45  20  42  22   1  13  33   8  27  39  27   6  12  41   9  29  47  23  16  47  27  40  14  31   0  44  28  37  24  36   4  17  15   2  26  48  46  42  47  18  18  43  10   4   2   3  17 
  6  46   2   3  10  47   8  40   8  29  13  12  11  48  31  13  30  23  48  40  13   5  18  45  18  47  35  38   0  15  46  47   8  11  31  14  18  18   9  43   2  33  20  37  44   3  38  39  14  19 
 36   7  34  46  25   4  17  33   4   7  49  12   8  46  29  34  10  35  14  14  17  48   9  48   9  29  37  44  33   0   3  38  22   1  36  17   4  31  18  11  11  41  20  44   2  32  34  18  14  27 
 15  36   3  23  34  36   4  22  47   3  24  13   1  14   2  27   8  28  35  18  12  34  35  28  26  28   9  38  16  22   0  18  39  34  46  24   7  13  37  44  35  14   7  43  23   5   9  29  45  41 
 10  35  11  12  15  34   2  42  40  33  32   4  15   9   7  18  39  40  24  20  16  33  19  18  49  24  48  33  36   2  10   0  30  15  12  29  32  49  11  30  22  45   5  48  30  47  38  32   5   9 
 12  25  25  32  24  14  32  43   5  41   4  49  24  41  35  35  27  38  36  19  38  36  28   5  38  31  20  47  38  25  41  49   0  49  36  43   9  39  39  15   1  44  30  25   7  22  13   9  36  31 
 26  48   7   2  37  25  17  22  13  11  30  47  20  44  12  38  37  21  44  21  41  18  39  20  39  49   9  23  38  35  13   8   5   0  49  37  40  46  46   4  20  23  43  24  20   3  17  18  29  24 
 30  11   3  23  17  27  14  11  36  40  12   1   2  24  19  26  28  48  41  25   9  26  25   7  24  33  44   8  15  40  45   5   4  41   0  47  14  45  12   3  41  48  20   1   6  41  13  47  10  33 
 25  34  32  39   6  29  39   5  49  25  15   1  21  29  33  24  22   6  32  20  33   2  11  48  33  31  27  11  28  41  25  32   2  18   7   0  17  13  37   6  35  32  44  45  34  49  31  49  13  25 
 13  22  25   7   5  25  19  49  48  31  37  18  27  21  18  11  48  28  19  20  11  15  43  37   8  22  38  28  19  25  25  25   1  37  13  28   0  45  31   3  27  45  47  23  11  19   8  47  37  40 
 14  49  12  39  36  47  19  30  47  21  37  22  38  36   6  38  23  25  13  36  37  48  13  25  20  35   5  43  23  20  17   9   8  28  45  36  34   0   4  20  45  17  10  28  12  19  25  29  28  18 
 28   6  17  27   8   5  24  14  44  38  18  40  43  27  39  23   3  45  14  10   4  13  13  25  14   6  32  11  30  11  15  27  37  49  25  34  43  11   0  41  29  44  39  15  46  38  35  22  30  39 
 38  39  28  36  39  33   4   3  13   1  45  33  38  21   8  15  37  25  34   2   4   1   7   3  32  29   3  25  39  34   9   8  49  46  23  42  24  45  49   0  25  40  25   6   6  20   3  11  21  47 
 16  43  22  46  28  40  46  47  45  32   1  29  10  18  44  22  20  29  32  43  14  20  40  25  15  27  23  42  48   2  14  33  42  24  27  11  17  32   9  36   0  20   6  14   5  35  35  21  22  20 
 29  26  32  49  46  47   8   3   5   4  22  31  29  44  42  32  19  22  42   1   4  30  16  25   7  28  31  24  41  22   1  27  17  29   5  17  11  35  22  31  45   0  35  34   6  47  42   3  14  30 
 16  35  40  34  17   6   1   1  43   3  19  33  29  11  38  14  33  44  46   9  21  42  12  49   6  21  46  21   2  45   2  44  44  24  15  32  20  12  38  12  10  48   0  47  41  48  18  21  26  46 
 26  44   2  40  41  48  46  35  30  40  47  17  40  33  30  38  30  45  11  37   3  11  19   9  25   6  26  21   5  24  34  11  44  16  43  46  31   3  12   2   3  17  13   0  39  35  10  16  33  32 
 12  27  18  21  19  41  45  37  44  16  28   2   2  47  15  13  42  22  12  45  40  30  30  40   4   8   3  30  33   3  46   2   9  16  14  16   2  45  18  44  49  22   6  30   0  46   5  49   5  33 
 41  13   2  25   4  48  33  31   2   9  41  41  16  30  43  24  23  23  48  20  49  16  41  16   2  33  29  36  22  26   1  21  30  14  26  38  34  17  42   3  23  27  27  40  13   0  24  23  47  44 
 13   3  31  14   3   1  21  47  36   9  37  47  39   4  35  38  15  42  43  33   1  18  45   5  13  43   5  34  39  10   7  35  26   8  16  46  21  10   8  48   3  49  19  20  12  17   0  39   9  37 
 42  48  45  31  41  27  23   5   1  14  20  21  11  13  17  28  39  30  27  15  18  37  16  27  48  31  18  45  16  19  47  32   2  16  46  23  33  33  48  48   4  39  30  33   9  31  13   0  48  30 
  6   4  20  11  16  36  39  49  38  20  15  17  43   6   2  48  33   8  43  30  32  16  37  17  32   3  29  46  28   1  43  40  18   2  34  35  47  39   2   8  32   1  30  41  22   6   3  13   0  25 
 14   3  10   9  34   9   9  30  27  32   1  17   6  40  10  49  46  15  36  49   1  40   8  41  31  18  36  17   5   6  20  46  38  14  29  23  25   7   8  42  14  30  40  20  49  29  45  32  33   0 
M6
  0  28  44  44  11  43  29  25  18  31  32  41  49  28  28   3  26  22  20  18  11  21  37  28  36  45   2  18  19  12  40  16   8  30  16  48  31  28  40  34  26  37  32  28  34  42  15  19  15   8 
 14   0  45  46  44   3  29  22  14  30  24  16  17  10  26  48  33  11   4  38  21  14  21  34  37  17  23  26  21  25  14  13  21   4  15  13  10   6  16  14  38   9  37  10  18  25  45  19   2  44 
 33  14   0  12  20  46  23  12  20   6  12   8  41  10  25  42   5  12  16  25  13  48   9  10  32  27  18  20  24  25  23  16  20  36  24  10  45  10  12  47  21  16  22  13  13  10   2   2  29   6 
 17  48   4   0  21  47  45   2   6   2   2  32  20  12  40  19  42   3  27  38   2  38  26   1  18  45  21  46  40  28  24  14  25  39  41   6   9  15  32  35  10   5  12  44  36  20  32   7  33  22 
 26  18  31  40   0   2  26  13  17  15  22  46  45  21  20  26  32  46   6  11  15  42  45  15   5  45  17  46  45   5  18   9  43  41   4   8  11  29  41  19   9  47  11  32  30  40  12  24  11  14 
  2  28   4  24   7   0  45  40  34  14   5  21  39  25  31  28   9  35  38  42  27  49  38  18  40  30  20   7  26  35  26  33   3  47  46  45  19  15  48  18  42   7  18  25  28  34  22  25   6  33 
 27   1  45  40  16  20   0   4   6  14  45  30  36  47   8  49   5  48   5   9  46  26  48  45  17   6  37  36   1  31  20  13  44  28  10  22   3  47  40  32  30  48   2   1  44   2  22  21   2  14 
 46  16  35  17  16   2  40   0  11  29   8  31   1   5   3   5  12  20  41  32  26  30   7   4   4  12   3  28  44  19  33  43  39  28  18  41  35  12  22  42  25  21  14  37  12  16   8  44  23  15 
 30   7   6  36  33  46  36  15   0  11  23   3   8  40   2   5   4   5  46  38  10  42  47  19   7  12  49  38   5  48   6   7  19  43   6  34  40  46  11   6  21   7  27  18  20  31  21  10  40   2 
 36  20  26  14  40  29  31   6  22   0  17  46  36  32   3  38  26  12  26   6  13  14  27  34  39  18  32  30  33  12  34   6  17  37  40  26  40  48  22   3  37   6  32  19   3   8   2  33  31  13 
 21  23  14  40  40  45  10  41  12   3   0   4  32  32  33  42  38  41  29  21   7   6  43  21   2  20  34  34  39  22  28  40  18   8  46  19  17   9  32  35  13  26  42  25  14  26  19  19  25  26 
 26  26  34   3  23  43   7  15  19  29  13   0   8  15   2  10   3   7   8   2  35  24  44  39  47  11  39  49  49  38  30  12  27  40  40   4  33  31  40   7  22  21   2   6  17   4  26  44  10  21 
 43   6   8  13  12  10  19   5   6  17  43  39   0  20  22  24  23  12  32  44   4  14   1  22  45  10   3  16  14   1  19  41  47  36  35  31  31   5  15  25  48  31   7   2  32  44  19  18  43  33 
 43  21   4  34  22  46  37  21  24  21  47  17  31   0  25  42  41  12  35   1  17   6  29  29  29  31  21  25   2  38  49  47  16  11  26  35  45  14  44  12  49   1  34  28  30  34  21  24   3  33 
 43  45  21  24  42  10   2  44  42  21  28  15  22  10   0  13   1  26  29  39  27  29  46  42  25  44  33  44  26  14   6  43  40  41  10  21  39  12   1  13  17  40   7  10  36  37   8   6  37   4 
 28  36  31  36  13  45   6   2  21   1  25  44  20  12  15   0  23  39  20   2  37   9   9   5  10  29  30  40  36  16  27  39  18  47  21  41  38  28   5  46  38  20   2  28  21  48  22  30  32  40 
 29  22  38  34  20  31  27  16   1  43  44  21  32  27  46  37   0  20   7  49  21  13  21  19  17   7  22  25  17  36  33  22   9  49   2   5   9  34  26   5  28  41   8  13  20  48  16   2   9  37 
 28  38  12  26  24  30  28  28  22   9   8  34  21  47   3  23  26   0  17   2  25  34  47  26  41   3  11   6  39  23  11   3  14  25  20  22  49  11   8   3  30  32  44  19  10  18  11  39  33   4 
 17  30  14  31  24   5   7  34  10   7  26  42   4  13  45  42  34  38   0  34  10  10  37   1  36   7  10  21   9  20  27  25  22   3  34  15  19  24  30  32  44  40  31  25  49  47  17  39  20  24 
 32   4  41  36  26  45  19   8  19   9  30  49  20  30  48   9  24  10  37   0   7  19  15  29  33  24  40  34  40   8   4  29  31  15   1  48  45  35   5  49  43  34  30  29  47   5  22  37  12  15 
 25  32  44  22   9  32  21   7   8  26   4  38   2  43  36  33  18  31  38  16   0   3   4  12  45  36  17  37  32  14  30  19  26  21  11  22  48   6  10   5  41   2  29  21  20  38  18  30  21  19 
 30  16  37  17  13  29  34  29  45   8  28  24  42  21  37  14  25  23   7  37  38   0  32  13   8  43  37  41   8  17  47  19  34  21   5  49  34   9  23  13  23  23  22   3  37  13  35  24  25  14 
  7   1  37  45  18  30   3  15  39  17  15  42  35  20  46  49  44  39  26  40  30  45   0  23   7  19  15  13   4  31  44  12  30  10  16  29   8  37  33  22  46  34  44  29  26  22  30  20  19  33 
 25  44  19   2  24   7  19  27   3  10  12  49   4  17  38  24  39  47  28  37  31  26  44   0  14   5  17  18  47  41   2  20  43  12  39  23  17  42  36  48  16   4  31  12  17  15  38  33  47  29 
 13  23  13  23  47  48  28  40  28  32  10  33  18  25  28  40  11  14  27  22  40  45  16  11   0  38  28  14  34  40  32   3  28  13  27  43  48  47  12  33  45  24   9  37  33  19  37   2  38  12 
 47  47  17  29  46  13  41  48  32  48  15  36  34  26  17  29  35   2  45  16  13  38  27  18  44   0  28  46  26  41  36  14  13   5  25  29  27  20   2  18  29   3  36  48  31  18  49  24   3  28 
  5  44  30  28   7   3  36  42  46  21  45  14  11  48  15   1  44  44   6  34  36  12   5  21   9  11   0   8  35  21  31  46  23   2  24  19  38  25  40  24  22  49  18  13  29  23  39  27  22  48 
 31  12   5  45  20  42  22   1  13  33   8  27  39  27   6  12  41   9  29  47  23  16  47  27  40  14  31   0  44  28  37  24  36   4  17  15   2  26  48  46  42  47  18  18  43  10   4   2   3  17 
  6  46   2   3  10  47   8  40   8  29  13  12  11  48  31  13  30  23  48  40  13   5  18  45  18  47  35  38   0  15  46  47   8  11  31  14  18  18   9  43   2  33  20  37  44   3  38  39  14  19 
 36   7  34  46  25   4  17  33   4   7  49  12   8  46  29  34  10  35  14  14  17  48   9  48   9  29  37  44  33   0   3  38  22   1  36  17   4  31  18  11  11  41  20  44   2  32  34  18  14  27 
 15  36   3  23  34  36   4  22  47   3  24  13   1  14   2  27   8  28  35  18  12  34  35  28  26  28   9  38  16  22   0  18  39  34  46  24   7  13  37  44  35  14   7  43  23   5   9  29  45  41 
 10  35  11  12  15  34   2  42  40  33  32   4  15   9   7  18  39  40  24  20  16  33  19  18  49  24  48  33  36   2  10   0  30  15  12  29  32  49  11  30  22  45   5  48  30  47  38  32   5   9 
 12  25  25  32  24  14  32  43   5  41   4  49  24  41  35  35  27  38  36  19  38  36  28   5  38  31  20  47  38  25  41  49   0  49  36  43   9  39  39  15   1  44  30  25   7  22  13   9  36  31 
 26  48   7   2  37  25  17  22  13  11  30  47  20  44  12  38  37  21  44  21  41  18  39  20  39  49   9  23  38  35  13   8   5   0  49  37  40  46  46   4  20  23  43  24  20   3  17  18  29  24 
 30  11   3  23  17  27  14  11  36  40  12   1   2  24  19  26  28  48  41  25   9  26  25   7  24  33  44   8  15  40  45   5   4  41   0  47  14  45  12   3  41  48  20   1   6  41  13  47  10  33 
 25  34  32  39   6  29  39   5  49  25  15   1  21  29  33  24  22   6  32  20  33   2  11  48  33  31  27  11  28  41  25  32   2  18   7   0  17  13  37   6  35  32  44  45  34  49  31  49  13  25 
 13  22  25   7   5  25  19  49  48  31  37  18  27  21  18  11  48  28  19  20  11  15  43  37   8  22  38  28  19  25  25  25   1  37  13  28   0  45  31   3  27  45  47  23  11  19   8  47  37  40 
 14  49  12  39  36  47  19  30  47  21  37  22  38  36   6  38  23  25  13  36  37  48  13  25  20  35   5  43  23  20  17   9   8  28  45  36  34   0   4  20  45  17  10  28  12  19  25  29  28  18 
 28   6  17  27   8   5  24  14  44  38  18  40  43  27  39  23   3  45  14  10   4  13  13  25  14   6  32  11  30  11  15  27  37  49  25  34  43  11   0  41  29  44  39  15  46  38  35  22  30  39 
 38  39  28  36  39  33   4   3  13   1  45  33  38  21   8  15  37  25  34   2   4   1   7   3  32  29   3  25  39  34   9   8  49  46  23  42  24  45  49   0  25  40  25   6   6  20   3  11  21  47 
 16  43  22  46  28  40  46  47  45  32   1  29  10  18  44  22  20  29  32  43  14  20  40  25  15  27  23  42  48   2  14  33  42  24  27  11  17  32   9  36   0  20   6  14   5  35  35  21  22  20 
 29  26  32  49  46  47   8   3   5   4  22  31  29  44  42  32  19  22  42   1   4  30  16  25   7  28  31  24  41  22   1  27  17  29   5  17  11  35  22  31  45   0  35  34   6  47  42   3  14  30 
 16  35  40  34  17   6   1   1  43   3  19  33  29  11  38  14  33  44  46   9  21  42  12  49   6  21  46  21   2  45   2  44  44  24  15  32  20  12  38  12  10  48   0  47  41  48  18  21  26  46 
 26  44   2  40  41  48  46  35  30  40  47  17  40  33  30  38  30  45  11  37   3  11  19   9  25   6  26  21   5  24  34  11  44  16  43  46  31   3  12   2   3  17  13   0  39  35  10  16  33  32 
 12  27  18  21  19  41  45  37  44  16  28   2   2  47  15  13  42  22  12  45  40  30  30  40   4   8   3  30  33   3  46   2   9  16  14  16   2  45  18  44  49  22   6  30   0  46   5  49   5  33 
 41  13   2  25   4  48  33  31   2   9  41  41  16  30  43  24  23  23  48  20  49  16  41  16   2  33  29  36  22  26   1  21  30  14  26  38  34  17  42   3  23  27  27  40  13   0  24  23  47  44 
 13   3  31  14   3   1  21  47  36   9  37  47  39   4  35  38  15  42  43  33   1  18  45   5  13  43   5  34  39  10   7  35  26   8  16  46  21  10   8  48   3  49  19  20  12  17   0  39   9  37 
 42  48  45  31  41  27  23   5   1  14  20  21  11  13  17  28  39  30  27  15  18  37  16  27  48  31  18  45  16  19  47  32   2  16  46  23  33  33  48  48   4  39  30  33   9  31  13   0  48  30 
  6   4  20  11  16  36  39  49  38  20  15  17  43   6   2  48  33   8  43  30  32  16  37  17  32   3  29  46  28   1  43  40  18   2  34  35  47  39   2   8  32   1  30  41  22   6   3  13   0  25 
 14   3  10   9  34   9   9  30  27  32   1  17   6  40  10  49  46  15  36  49   1  40   8  41  31  18  36  17   5   6  20  46  38  14  29  23  25   7   8  42  14  30  40  20  49  29  45  32  33   0 
M7
  0  28  44  44  11  43  29  25  18  31  32  41  49  28  28   3  26  22  20  18  11  21  37  28  36  45   2  18  19  12  40  16   8  30  16  48  31  28  40  34  26  37  32  28  34  42  15  19  15   8 
 14   0  45  46  44   3  29  22  14  30  24  16  17  10  26  48  33  11   4  38  21  14  21  34  37  17  23  26  21  25  14  13  21   4  15  13  10   6  16  14  38   9  37  10  18  25  45  19   2  44 
 33  14   0  12  20  46  23  12  20   6  12   8  41  10  25  42   5  12  16  25  13  48   9  10  32  27  18  20  24  25  23  16  20  36  24  10  45  10  12  47  21  16  22  13  13  10   2   2  29   6 
 17  48   4   0  21  47  45   2   6   2   2  32  20  12  40  19  42   3  27  38   2  38  26   1  18  45  21  46  40  28  24  14  25  39  41   6   9  15  32  35  10   5  12  44  36  20  32   7  33  22 
 26  18  31  40   0   2  26  13  17  15  22  46  45  21  20  26  32  46   6  11  15  42  45  15   5  45  17  46  45   5  18   9  43  41   4   8  11  29  41  19   9  47  11  32  30  40  12  24  11  14 
  2  28   4  24   7   0  45  40  34  14   5  21  39  25  31  28   9  35  38  42  27  49  38  18  40  30  20   7  26  35  26  33   3  47  46  45  19  15  48  18  42   7  18  25  28  34  22  25   6  33 
 27   1  45  40  16  20   0   4   6  14  45  30  36  47   8  49   5  48   5   9  46  26  48  45  17   6  37  36   1  31  20  13  44  28  10  22   3  47  40  32  30  48   2   1  44   2  22  21   2  14 
 46  16  35  17  16   2  40   0  11  29   8  31   1   5   3   5  12  20  41  32  26  30   7   4   4  12   3  28  44  19  33  43  39  28  18  41  35  12  22  42  25  21  14  37  12  16   8  44  23  15 
 30   7   6  36  33  46  36  15   0  11  23   3   8  40   2   5   4   5  46  38  10  42  47  19   7  12  49  38   5  48   6   7  19  43   6  34  40  46  11   6  21   7  27  18  20  31  21  10  40   2 
 36  20  26  14  40  29  31   6  22   0  17  46  36  32   3  38  26  12  26   6  13  14  27  34  39  18  32  30  33  12  34   6  17  37  40  26  40  48  22   3  37   6  32  19   3   8   2  33  31  13 
 21  23  14  40  40  45  10  41  12   3   0   4  32  32  33  42  38  41  29  21   7   6  43  21   2  20  34  34  39  22  28  40  18   8  46  19  17   9  32  35  13  26  42  25  14  26  19  19  25  26 
 26  26  34   3  23  43   7  15  19  29  13   0   8  15   2  10   3   7   8   2  35  24  44  39  47  11  39  49  49  38  30  12  27  40  40   4  33  31  40   7  22  21   2   6  17   4  26  44  10  21 
 43   6   8  13  12  10  19   5   6  17  43  39   0  20  22  24  23  12  32  44   4  14   1  22  45  10   3  16  14   1  19  41  47  36  35  31  31   5  15  25  48  31   7   2  32  44  19  18  43  33 
 43  21   4  34  22  46  37  21  24  21  47  17  31   0  25  42  41  12  35   1  17   6  29  29  29  31  21  25   2  38  49  47  16  11  26  35  45  14  44  12  49   1  34  28  30  34  21  24   3  33 
 43  45  21  24  42  10   2  44  42  21  28  15  22  10   0  13   1  26  29  39  27  29  46  42  25  44  33  44  26  14   6  43  40  41  10  21  39  12   1  13  17  40   7  10  36  37   8   6  37   4 
 28  36  31  36  13  45   6   2  21   1  25  44  20  12  15   0  23  39  20   2  37   9   9   5  10  29  30  40  36  16  27  39  18  47  21  41  38  28   5  46  38  20   2  28  21  48  22  30  32  40 
 29  22  38  34  20  31  27  16   1  43  44  21  32  27  46  37   0  20   7  49  21  13  21  19  17   7  22  25  17  36  33  22   9  49   2   5   9  34  26   5  28  41   8  13  20  48  16   2   9  37 
 28  38  12  26  24  30  28  28  22   9   8  34  21  47   3  23  26   0  17   2  25  34  47  26  41   3  11   6  39  23  11   3  14  25  20  22  49  11   8   3  30  32  44  19  10  18  11  39  33   4 
 17  30  14  31  24   5   7  34  10   7  26  42   4  13  45  42  34  38   0  34  10  10  37   1  36   7  10  21   9  20  27  25  22   3  34  15  19  24  30  32  44  40  31  25  49  47  17  39  20  24 
 32   4  41  36  26  45  19   8  19   9  30  49  20  30  48   9  24  10  37   0   7  19  15  29  33  24  40  34  40   8   4  29  31  15   1  48  45  35   5  49  43  34  30  29  47   5  22  37  12  15 
 25  32  44  22   9  32  21   7   8  26   4  38   2  43  36  33  18  31  38  16   0   3   4  12  45  36  17  37  32  14  30  19  26  21  11  22  48   6  10   5  41   2  29  21  20  38  18  30  21  19 
 30  16  37  17  13  29  34  29  45   8  28  24  42  21  37  14  25  23   7  37  38   0  32  13   8  43  37  41   8  17  47  19  34  21   5  49  34   9  23  13  23  23  22   3  37  13  35  24  25  14 
  7   1  37  45  18  30   3  15  39  17  15  42  35  20  46  49  44  39  26  40  30  45   0  23   7  19  15  13   4  31  44  12  30  10  16  29   8  37  33  22  46  34  44  29  26  22  30  20  19  33 
 25  44  19   2  24   7  19  27   3  10  12  49   4  17  38  24  39  47  28  37  31  26  44   0  14   5  17  18  47  41   2  20  43  12  39  23  17  42  36  48  16   4  31  12  17  15  38  33  47  29 
 13  23  13  23  47  48  28  40  28  32  10  33  18  25  28  40  11  14  27  22  40  45  16  11   0  38  28  14  34  40  32   3  28  13  27  43  48  47  12  33  45  24   9  37  33  19  37   2  38  12 
 47  47  17  29  46  13  41  48  32  48  15  36  34  26  17  29  35   2  45  16  13  38  27  18  44   0  28  46  26  41  36  14  13   5  25  29  27  20   2  18  29   3  36  48  31  18  49  24   3  28 
  5  44  30  28   7   3  36  42  46  21  45  14  11  48  15   1  44  44   6  34  36  12   5  21   9  11   0   8  35  21  31  46  23   2  24  19  38  25  40  24  22  49  18  13  29  23  39  27  22  48 
 31  12   5  45  20  42  22   1  13  33   8  27  39  27   6  12  41   9  29  47  23  16  47  27  40  14  31   0  44  28  37  24  36   4  17  15   2  26  48  46  42  47  18  18  43  10   4   2   3  17 
  6  46   2   3  10  47   8  40   8  29  13  12  11  48  31  13  30  23  48  40  13   5  18  45  18  47  35  38   0  15  46  47   8  11  31  14  18  18   9  43   2  33  20  37  44   3  38  39  14  19 
 36   7  34  46  25   4  17  33   4   7  49  12   8  46  29  34  10  35  14  14  17  48   9  48   9  29  37  44  33   0   3  38  22   1  36  17   4  31  18  11  11  41  20  44   2  32  34  18  14  27 
 15  36   3  23  34  36   4  22  47   3  24  13   1  14   2  27   8  28  35  18  12  34  35  28  26  28   9  38  16  22   0  18  39  34  46  24   7  13  37  44  35  14   7  43  23   5   9  29  45  41 
 10  35  11  12  15  34   2  42  40  33  32   4  15   9   7  18  39  40  24  20  16  33  19  18  49  24  48  33  36   2  10   0  30  15  12  29  32  49  11  30  22  45   5  48  30  47  38  32   5   9 
 12  25  25  32  24  14  32  43   5  41   4  49  24  41  35  35  27  38  36  19  38  36  28   5  38  31  20  47  38  25  41  49   0  49  36  43   9  39  39  15   1  44  30  25   7  22  13   9  36  31 
 26  48   7   2  37  25  17  22  13  11  30  47  20  44  12  38  37  21  44  21  41  18  39  20  39  49   9  23  38  35  13   8   5   0  49  37  40  46  46   4  20  23  43  24  20   3  17  18  29  24 
 30  11   3  23  17  27  14  11  36  40  12   1   2  24  19  26  28  48  41  25   9  26  25   7  24  33  44   8  15  40  45   5   4  41   0  47  14  45  12   3  41  48  20   1   6  41  13  47  10  33 
 25  34  32  39   6  29  39   5  49  25  15   1  21  29  33  24  22   6  32  20  33   2  11  48  33  31  27  11  28  41  25  32   2  18   7   0  17  13  37   6  35  32  44  45  34  49  31  49  13  25 
 13  22  25   7   5  25  19  49  48  31  37  18  27  21  18  11  48  28  19  20  11  15  43  37   8  22  38  28  19  25  25  25   1  37  13  28   0  45  31   3  27  45  47  23  11  19   8  47  37  40 
 14  49  12  39  36  47  19  30  47  21  37  22  38  36   6  38  23  25  13  36  37  48  13  25  20  35   5  43  23  20  17   9   8  28  45  36  34   0   4  20  45  17  10  28  12  19  25  29  28  18 
 28   6  17  27   8   5  24  14  44  38  18  40  43  27  39  23   3  45  14  10   4  13  13  25  14   6  32  11  30  11  15  27  37  49  25  34  43  11   0  41  29  44  39  15  46  38  35  22  30  39 
 38  39  28  36  39  33   4   3  13   1  45  33  38  21   8  15  37  25  34   2   4   1   7   3  32  29   3  25  39  34   9   8  49  46  23  42  24  45  49   0  25  40  25   6   6  20   3  11  21  47 
 16  43  22  46  28  40  46  47  45  32   1  29  10  18  44  22  20  29  32  43  14  20  40  25  15  27  23  42  48   2  14  33  42  24  27  11  17  32   9  36   0  20   6  14   5  35  35  21  22  20 
 29  26  32  49  46  47   8   3   5   4  22  31  29  44  42  32  19  22  42   1   4  30  16  25   7  28  31  24  41  22   1  27  17  29   5  17  11  35  22  31  45   0  35  34   6  47  42   3  14  30 
 16  35  40  34  17   6   1   1  43   3  19  33  29  11  38  14  33  44  46   9  21  42  12  49   6  21  46  21   2  45   2  44  44  24  15  32  20  12  38  12  10  48   0  47  41  48  18  21  26  46 
 26  44   2  40  41  48  46  35  30  40  47  17  40  33  30  38  30  45  11  37   3  11  19   9  25   6  26  21   5  24  34  11  44  16  43  46  31   3  12   2   3  17  13   0  39  35  10  16  33  32 
 12  27  18  21  19  41  45  37  44  16  28   2   2  47  15  13  42  22  12  45  40  30  30  40   4   8   3  30  33   3  46   2   9  16  14  16   2  45  18  44  49  22   6  30   0  46   5  49   5  33 
 41  13   2  25   4  48  33  31   2   9  41  41  16  30  43  24  23  23  48  20  49  16  41  16   2  33  29  36  22  26   1  21  30  14  26  38  34  17  42   3  23  27  27  40  13   0  24  23  47  44 
 13   3  31  14   3   1  21  47  36   9  37  47  39   4  35  38  15  42  43  33   1  18  45   5  13  43   5  34  39  10   7  35  26   8  16  46  21  10   8  48   3  49  19  20  12  17   0  39   9  37 
 42  48  45  31  41  27  23   5   1  14  20  21  11  13  17  28  39  30  27  15  18  37  16  27  48  31  18  45  16  19  47  32   2  16  46  23  33  33  48  48   4  39  30  33   9  31  13   0  48  30 
  6   4  20  11  16  36  39  49  38  20  15  17  43   6   2  48  33   8  43  30  32  16  37  17  32   3  29  46  28   1  43  40  18   2  34  35  47  39   2   8  32   1  30  41  22   6   3  13   0  25 
 14   3  10   9  34   9   9  30  27  32   1  17   6  40  10  49  46  15  36  49   1  40   8  41  31  18  36  17   5   6  20  46  38  14  29  23  25   7   8  42  14  30  40  20  49  29  45  32  33   0 
Reldue
 1656    6    1
  825    1    9
 2070    5    8
  933    2    2
 1502    4    1
 1528    1    8
 1453    1    6
 1294    1    1
 2229    9    8
 1629    9    6
 1043    9    5
 1228    5    4
 2781    3    3
 1588    4    6
 1353    1    4
 1299    6    3
  590    6    7
 1308    4    2
 1788    4    6
 1601    7    4
  801    7    9
 1729    6    1
 1389    3    1
 1906    6    1
 1444    2    1
 1610    9    4
 2312    5    2
 1998    5    3
  912    1    7
  952    6    2
 1035    3    5
 1016    3    3
  966    4    5
 1953    5    3
 2352    8    4
 1366    1    7
 1041    4    3
 1707    8    6
 1736    6    6
 2146    7    4
 1407    8    1
 2101    6    2
 1660    5    2
 1455    3    8
 1758    6    5
 1116    8    4
  632    8    7
  598    9    8
  772    2    7
 1612    7    5
DDW
 1527  1784
  757   892
 1890  2250
  862  1004
 1361  1643
 1428  1628
 1311  1596
 1212  1376
 2105  2352
 1529  1729
  990  1095
 1142  1314
 2528  3034
 1442  1735
 1262  1445
 1176  1423
  560   621
 1194  1422
 1676  1900
 1480  1723
  748   855
 1567  1891
 1309  1469
 1787  2024
 1344  1544
 1515  1705
 2171  2453
 1834  2161
  836   988
  903  1001
  963  1107
  933  1100
  870  1062
 1795  2111
 2165  2538
 1237  1495
  973  1109
 1602  1811
 1649  1823
 1957  2335
 1269  1545
 1943  2258
 1574  1747
 1376  1534
 1645  1871
 1027  1206
  596   669
  567   630
  700   845
 1500  1723
