20   5
MD
  2  3  2  5  3
PT
 44  76  77  80  73   1  91  17  10  12  12  41  78   8  16  71  45  73  83  14 
 97  29   4   7  74  35  46  14  94  63  78  47  17  98  11  28  64  47  58  98 
 22   8  46  41  86  61  26  63  82  48  50  95  85  53  69  25  58  27  93  37 
 95  85  55  35  47  68  64  83   1  58  92   1  84  39  34  93  38  79  65  60 
 51  98  57  36  29  83  46  12  45  62  79  52  95  70  12  68  34  69  91  33 
SSD
M0
  0  46   5  33  44  45  46  40  38  44   6  25   9  30  46  37  26  40  10  18 
 34   0  34  38   5   5  11  24  23   8  34  49  42  40  46  45  20  45   5   5 
 26  30   0  30  18   7  31  20  29  14  25  10  10  29  40  29  33  10  36  41 
  1  28  44   0  33  29  26  46  28  19  13  26  41  42  42  14   9  20  45   8 
 42   1  27  42   0  48  26  18  20  41  22  32   2   7  45  29  30   2  35  43 
 49  32  32  15  11   0  26  29  45   5  15  31  12  35  21  44  14  11  10   9 
 38  20  33  46  25  16   0  37  17  22  24   9  40  41  27  30  34  37  14  39 
  1  15  33   6  34  26  40   0  19  27  40  34   2  12  13  22   7   8  45  43 
 38  11  36   6  32   2  37  36   0  16   5  32  44  35  34  25  35   7  32  14 
 43  34  47  44  25  38  41   7  34   0   7  22  39  24  11  20   5  32  26  38 
  4  19  19  48  12   8   2   1  43   7   0   5   8  19  10  20   4   1  18  10 
  8  19  37   6  22  16  41  37  19  38  21   0   6   5  40   6  17  13  40  40 
 24  20  46  32   8  48   2  21  47  13   7  19   0  17  13  43  19  24  24  29 
 28  11  26  27  17  49  34   8  35  44   6  20   7   0  23  42   2  45   9  25 
 14  19  40  15  16   5   4  29  49   6  16  39  16  31   0  33  33  33  38  28 
 33  12   1   3  41  10   3  11  40  21  27  36  30   2   8   0   8   9  41  26 
 17  20  22  30  42  38  27   2  22  11  45  22  18  19  11  49   0  46  20   8 
 36  32  20  19  12   6   9  29  18  13  15   6  28  19  34   9  21   0  43  22 
 37  10  46  19  44  26  26  36   2  28  35  10  14  23  10  18  24  36   0  43 
 38  37  36   7  42  47  16  41  32  11   5   1  44  21   8  22  13  38   8   0 
M1
  0  46   5  33  44  45  46  40  38  44   6  25   9  30  46  37  26  40  10  18 
 34   0  34  38   5   5  11  24  23   8  34  49  42  40  46  45  20  45   5   5 
 26  30   0  30  18   7  31  20  29  14  25  10  10  29  40  29  33  10  36  41 
  1  28  44   0  33  29  26  46  28  19  13  26  41  42  42  14   9  20  45   8 
 42   1  27  42   0  48  26  18  20  41  22  32   2   7  45  29  30   2  35  43 
 49  32  32  15  11   0  26  29  45   5  15  31  12  35  21  44  14  11  10   9 
 38  20  33  46  25  16   0  37  17  22  24   9  40  41  27  30  34  37  14  39 
  1  15  33   6  34  26  40   0  19  27  40  34   2  12  13  22   7   8  45  43 
 38  11  36   6  32   2  37  36   0  16   5  32  44  35  34  25  35   7  32  14 
 43  34  47  44  25  38  41   7  34   0   7  22  39  24  11  20   5  32  26  38 
  4  19  19  48  12   8   2   1  43   7   0   5   8  19  10  20   4   1  18  10 
  8  19  37   6  22  16  41  37  19  38  21   0   6   5  40   6  17  13  40  40 
 24  20  46  32   8  48   2  21  47  13   7  19   0  17  13  43  19  24  24  29 
 28  11  26  27  17  49  34   8  35  44   6  20   7   0  23  42   2  45   9  25 
 14  19  40  15  16   5   4  29  49   6  16  39  16  31   0  33  33  33  38  28 
 33  12   1   3  41  10   3  11  40  21  27  36  30   2   8   0   8   9  41  26 
 17  20  22  30  42  38  27   2  22  11  45  22  18  19  11  49   0  46  20   8 
 36  32  20  19  12   6   9  29  18  13  15   6  28  19  34   9  21   0  43  22 
 37  10  46  19  44  26  26  36   2  28  35  10  14  23  10  18  24  36   0  43 
 38  37  36   7  42  47  16  41  32  11   5   1  44  21   8  22  13  38   8   0 
M2
  0  46   5  33  44  45  46  40  38  44   6  25   9  30  46  37  26  40  10  18 
 34   0  34  38   5   5  11  24  23   8  34  49  42  40  46  45  20  45   5   5 
 26  30   0  30  18   7  31  20  29  14  25  10  10  29  40  29  33  10  36  41 
  1  28  44   0  33  29  26  46  28  19  13  26  41  42  42  14   9  20  45   8 
 42   1  27  42   0  48  26  18  20  41  22  32   2   7  45  29  30   2  35  43 
 49  32  32  15  11   0  26  29  45   5  15  31  12  35  21  44  14  11  10   9 
 38  20  33  46  25  16   0  37  17  22  24   9  40  41  27  30  34  37  14  39 
  1  15  33   6  34  26  40   0  19  27  40  34   2  12  13  22   7   8  45  43 
 38  11  36   6  32   2  37  36   0  16   5  32  44  35  34  25  35   7  32  14 
 43  34  47  44  25  38  41   7  34   0   7  22  39  24  11  20   5  32  26  38 
  4  19  19  48  12   8   2   1  43   7   0   5   8  19  10  20   4   1  18  10 
  8  19  37   6  22  16  41  37  19  38  21   0   6   5  40   6  17  13  40  40 
 24  20  46  32   8  48   2  21  47  13   7  19   0  17  13  43  19  24  24  29 
 28  11  26  27  17  49  34   8  35  44   6  20   7   0  23  42   2  45   9  25 
 14  19  40  15  16   5   4  29  49   6  16  39  16  31   0  33  33  33  38  28 
 33  12   1   3  41  10   3  11  40  21  27  36  30   2   8   0   8   9  41  26 
 17  20  22  30  42  38  27   2  22  11  45  22  18  19  11  49   0  46  20   8 
 36  32  20  19  12   6   9  29  18  13  15   6  28  19  34   9  21   0  43  22 
 37  10  46  19  44  26  26  36   2  28  35  10  14  23  10  18  24  36   0  43 
 38  37  36   7  42  47  16  41  32  11   5   1  44  21   8  22  13  38   8   0 
M3
  0  46   5  33  44  45  46  40  38  44   6  25   9  30  46  37  26  40  10  18 
 34   0  34  38   5   5  11  24  23   8  34  49  42  40  46  45  20  45   5   5 
 26  30   0  30  18   7  31  20  29  14  25  10  10  29  40  29  33  10  36  41 
  1  28  44   0  33  29  26  46  28  19  13  26  41  42  42  14   9  20  45   8 
 42   1  27  42   0  48  26  18  20  41  22  32   2   7  45  29  30   2  35  43 
 49  32  32  15  11   0  26  29  45   5  15  31  12  35  21  44  14  11  10   9 
 38  20  33  46  25  16   0  37  17  22  24   9  40  41  27  30  34  37  14  39 
  1  15  33   6  34  26  40   0  19  27  40  34   2  12  13  22   7   8  45  43 
 38  11  36   6  32   2  37  36   0  16   5  32  44  35  34  25  35   7  32  14 
 43  34  47  44  25  38  41   7  34   0   7  22  39  24  11  20   5  32  26  38 
  4  19  19  48  12   8   2   1  43   7   0   5   8  19  10  20   4   1  18  10 
  8  19  37   6  22  16  41  37  19  38  21   0   6   5  40   6  17  13  40  40 
 24  20  46  32   8  48   2  21  47  13   7  19   0  17  13  43  19  24  24  29 
 28  11  26  27  17  49  34   8  35  44   6  20   7   0  23  42   2  45   9  25 
 14  19  40  15  16   5   4  29  49   6  16  39  16  31   0  33  33  33  38  28 
 33  12   1   3  41  10   3  11  40  21  27  36  30   2   8   0   8   9  41  26 
 17  20  22  30  42  38  27   2  22  11  45  22  18  19  11  49   0  46  20   8 
 36  32  20  19  12   6   9  29  18  13  15   6  28  19  34   9  21   0  43  22 
 37  10  46  19  44  26  26  36   2  28  35  10  14  23  10  18  24  36   0  43 
 38  37  36   7  42  47  16  41  32  11   5   1  44  21   8  22  13  38   8   0 
M4
  0  46   5  33  44  45  46  40  38  44   6  25   9  30  46  37  26  40  10  18 
 34   0  34  38   5   5  11  24  23   8  34  49  42  40  46  45  20  45   5   5 
 26  30   0  30  18   7  31  20  29  14  25  10  10  29  40  29  33  10  36  41 
  1  28  44   0  33  29  26  46  28  19  13  26  41  42  42  14   9  20  45   8 
 42   1  27  42   0  48  26  18  20  41  22  32   2   7  45  29  30   2  35  43 
 49  32  32  15  11   0  26  29  45   5  15  31  12  35  21  44  14  11  10   9 
 38  20  33  46  25  16   0  37  17  22  24   9  40  41  27  30  34  37  14  39 
  1  15  33   6  34  26  40   0  19  27  40  34   2  12  13  22   7   8  45  43 
 38  11  36   6  32   2  37  36   0  16   5  32  44  35  34  25  35   7  32  14 
 43  34  47  44  25  38  41   7  34   0   7  22  39  24  11  20   5  32  26  38 
  4  19  19  48  12   8   2   1  43   7   0   5   8  19  10  20   4   1  18  10 
  8  19  37   6  22  16  41  37  19  38  21   0   6   5  40   6  17  13  40  40 
 24  20  46  32   8  48   2  21  47  13   7  19   0  17  13  43  19  24  24  29 
 28  11  26  27  17  49  34   8  35  44   6  20   7   0  23  42   2  45   9  25 
 14  19  40  15  16   5   4  29  49   6  16  39  16  31   0  33  33  33  38  28 
 33  12   1   3  41  10   3  11  40  21  27  36  30   2   8   0   8   9  41  26 
 17  20  22  30  42  38  27   2  22  11  45  22  18  19  11  49   0  46  20   8 
 36  32  20  19  12   6   9  29  18  13  15   6  28  19  34   9  21   0  43  22 
 37  10  46  19  44  26  26  36   2  28  35  10  14  23  10  18  24  36   0  43 
 38  37  36   7  42  47  16  41  32  11   5   1  44  21   8  22  13  38   8   0 
Reldue
  956    1    2
  894    4    6
  433    6    6
  425    1    6
 1344    4    1
 1085    2    4
 1194    2    3
  385    9    6
 1090    2    3
  922    9    1
 1286    3    2
  713    8    6
 1307    1    4
 1367    1    8
  417    6    8
 1344    7    1
  669    8    3
 1438    9    5
 1884    8    8
  720    3    8
DDW
  871  1042
  816   972
  407   459
  390   460
 1217  1471
  998  1172
 1100  1287
  364   406
 1035  1146
  832  1012
 1204  1367
  654   771
 1241  1373
 1267  1467
  396   438
 1264  1424
  631   708
 1308  1568
 1786  1982
  678   762
