50   8
MD
  4  4  2  4  3  2  5  5
PT
 56  52  39  28  98  40  79  19  68  27  55  19  13  50  28   3  90  43  62  83  18  79  45  15  35  70  41  12  15  71  20  57  62  70  43  33  36  37  65  40  92  43  90  89  58  22  40   2  33  29 
 29  63  84  85  16  54  34  58  13  26  86  94  18  84   9  14  75  18  51  85  31  72   6  31  10  81  64  10  24  56  19  29   4  45  92  61  98  47  43  74  72   8  93  41   5  39  81  12  93  66 
  1  76  78  31  97  46  42  83  94  29  69  62  79   3  33  84  53  91  71  45  26  45  21  55  74  92  90  22  51  53  42  58  96  40  25  43   3  25  26  45  42  19  53  77  76   6  93  62  58  28 
 90  89  95  89  56  44  94  69   5   4  24   2  48  16  49  83   8  98  28  81  89  54  40  94   7  46  50   6  80  45  18  98  78  10  63  23  77  66  58  79  56  85  82  99  77   6  72  37   6  56 
 26  10  34  19  39  92  13  58  80  16  98  64  94  33  13  30  42  62  35  88  13  20  27  11  77  78  79  45  25  80  44  37   4  93  92  16  58  13  70  17  73  72  20  15  84  88   2  15  93  64 
 46  45  21  77  27  64  22  87  48  16  17   6  44  37  49  56  83  94  40  81  11  58  72  49  56  47  42   6  69  81  85  59  35  80  75  52  81  76  37  61  43  61  78  45  68  47  47  93  40  33 
 44  38  64  73  60  59  85   5  31  82  58  15   1   4  82  93   3  91  62  84  21  94  34   6  13  75  24  85  82  39  57   6  84   9  53  97  78  86  10   5  77  20  69  13  32  50   3  26  16  23 
 79  63  90  91  27  85   7  35  71  63  76  40  42  30  21   2  73  93  86  75   4  27  44  37  15  98  83  87  41  98  76  89  13  33  60  37  32  24  36  11  67  92  25   5  30  52  61  16  90  26 
SSD
M0
  0  29   6   2   6  27  23  34   2  42  29  49  49  49  49  10  42  12   7   2  29  19  30   5  19  42   6  28  32   8  19  20  26  16   6   6  12  11  33  47  29   6  16   3   3  12  14  40   7  40 
 12   0  45  36  44  32  40   3  41  46  10  22  31  32  32   1  28  32   5   3  19  25  48   4  17  42   7  46  12   2  47  39  41  35  14   2  22  43  21  37  26   1   8  25  34  33   5  41  34   6 
 27  26   0  43  41  47  31  31  11  21  39  40  35  43  18  39  36  49  27  45  17  40   2  44  44   5  30  14   3  11  12  44   3  48  35  25  10  24  24  10   6  20  13  14   9   6  32  27  43   7 
 10  28  10   0  13  28  42  49  12  21  12  28  11   9  39   7  12  13  21  41  27  10  12   3  46  47  17  40  21  20  48  44  23  20  17  38  28  18  20  37  36  31  25  29  43  39   3   7  14   7 
 48  33  45  44   0  17  24  46  21  41  27   4  23  19  17   7  39  47   1  20  18  39  22  43  31  40   9  21  11  16  18  41  34   9  41   2  33  30  40  15  27  17  25  13   1  16  44   5   9  18 
  9  27  24  20  29   0  21   3  20  26  25  17  23   7  25  44   4  25  42  31   8  14   7  19  47  16  32  37  29  47  27  25  28   8  11   8  29  17  29  43  20   2  12   1   5   1  37  41  20   2 
 49  44  43  35  42  10   0  21   3  42  47  25  18  10  42  26  44  34  46   1  36  19  40  20  48  35  39   2  22  29  33  26   5  15   6  14  42  27  39  26  35  12   4  38  44  26  24  25  44  21 
  7  38  26  14   4  10  44   0  39  31  26  15  32  42  41  30  15  32   1  28  24  30  35  27  43  38  35   7  48  47   9  14  36  34  22  21  23  34  38  33  20  49   6  48  30  23  26  21  38  39 
 12  15  23  27  21   3  18  26   0  48  23  31   8  14  38  25  16  45  43  34  32   7   8  18  47  31  15  32   8  27  49  26  19  26  35  10  49  12  43  30  39  27  43  33  24  44  21  22  22  47 
 44  31  10   3  23   4  48   5  30   0  10  19  11  28   1   9  12  19  12  13  12  14   2  12   5  29  37  24  37  21  44  12  47  22  47  27   3   3  12  20  21  18  43  12  29  12  29  19  15   7 
  6   5  43  36  41  12  30  20  40  46   0  24  34  17   8  35  30  18  42  12  19  23  20  10  17   6  15  29  28  24  13  36  27  37  37  14   5  45  15   3   3  22  12   5  17  42  28  10  30   2 
 42  10  25   7  21  28  49  11  27  28  21   0  11  49  31  26  45  29  40  26  18  24  37  13  33  47  33  11  12  29  29  44  16  39   7  36   7  28  45  17  37  29   1  10   3  48   4  11  24   1 
 42  25  19  39  31  11  25  28  38  11   6   3   0  12  14  32  37  25  43  49   2  41   9  40  23  42   4  17  11  43  34  40  44  29   9  20   4  16  25  14  46  40   9  30  13  46  11  11   1   2 
 42  29  37  16   8   2  35  31  39  20  38  30   7   0  10  24  43  22  31  32  45   6  26  35  25   5  10  14  19  34  40   9  37   1  32  30  44  32  18  44  12  11  32  14   4   9  24  39  10  34 
  8  41   9   9  28  33  25  49  39  15  40  39  13  15   0  28  26  18   3  33  37  44   3  45  17   6   6  29   9  11  44  36  38  20  39   9  24  17   8  45  19  34  39   6  23  25  15   5  23  45 
 47  18  21  47  12  22  43  17  11   1  43   5  42   5  36   0  31  47  10  13  41   8  43  39  42  25  20  26  38   2  11   2  46  26   4  34   7  47   5  35  16  37  26  14  29  28  37  42  13   9 
 24  18  46  16  19  48  33  28  28  23  26  37  22   4  14  46   0   5  13  10  37  39  35  29  39  48   7  21   7  15  46  33   7  48  41  19  35  45   2  15  34  30  33  11   1  42  40  44  34  43 
 23  36   1   5  26  39  12   1   5  31  10  26   7  49  37  45  20   0   4  25  29  36  37  23  49  21   5  34  44  20  23  48  32   2  22   7  17  26   6  46  44  37  15  30  30  34  45  19  42  36 
 20  29  44  16  31  33   9  23  31  29  37  15  27  25   9  33   6  22   0  40  17  36  13  13  46   1   9  18  10  37  46  30  43  49   8  23   6  17  21   2  49  38   6   5  22  34  10   7  30  22 
  9  16  36  43   1  14  26  27  42  10  39   8  28   8  19   4  41  47  13   0  46  15  39  21  16  37  48  48   3  16  28  46   5  24  26  25  21  21  15  12   3  34  12   6  18  42  12  28  32  38 
 35  39  39  42   1  38  49  35  47  21  25   1  14  25  49  45  12  30  32  42   0  31  48  27  29  11  39  11  47   4  43   4  39  38  40  33  29  25  28  29  12  10  32  40  45  45  47   2  38  40 
 43   9  11  29  47  32  19  28  38  24  23  25  22  46  45   7  28  33  41   3  47   0  34  13  29  36  17  15  11  28  25  19  27  42  16  15  43  40  10  45  20  31  43  18  48  47  45  34   2  33 
 26  16  25  15  33  15  28  35  45   2  24  43  13  45  32   4  19   9  15  11  23  45   0  44  41  40  28  31  12   6   9   2  17   1  39  43  24  21  49  28  22  13  46  49  29  40  33   3   4  18 
 43   2  29  12  49  13  49  48  24  16  34   8  11  11  22  21  22  39  11   8  23  35  21   0  10  45  32  42  34  38   4  10   7  21  26  13  30  39  34  31  39  40  31   5  48  35   6   8  13  37 
 34   5  10  17   3  18  23  18  18  38  19  24   7   5  27  20  49  43  22  10  23  35   9  39   0  14  20  14  30  15  47  16  16   6  16  38  18   7  21  31  25  12  15  14  40   1  13  40  46  44 
 24  30  27  47  34  32  10   1   3   1  14  20   5  39  12  32  12  20  47  24  23  17  43  43  34   0  14  38  12   8  14  42   7  24   7  39  34  36   9  21  16  33  35  32  12  17  34  29  47  25 
 33  23   3   9  35  38  34  29  43  29   9  27  44  39  25   4  23  43  27   7  35   6   4  23  12  38   0   4  36  43  46   5  26  11  14   2  21  16  29  27  43  32   2  42  18  10  40  22   7  16 
 24  36   5  23  25  14  10  47  25  37  29  13  30  18  19  11  35  40  27   6  38  12   2  30  22  31  16   0  19  27  10   4   5   1  35  24  34  36  17  25  43  13  47   9   9  41  25  31  28  47 
  2   9  36  36  33  34  27  38  21  24  21  15  12  35  48  33  24   6  17   8  26  29   3  24  26  29  16  44   0  41  24   2  21   7  33  28  27   7  40  36   2  27  41  20  48  28  19  32   7  28 
 28   1   9  42  15  25  48  25  48   7  26   7  16  23  18   9  33  12  14  29  36  36   4  35  33   4  10  20   4   0  18   4  24   6   3  49  24  36  26  42   3  44  44  23  49  11  18   6  49  47 
 42  13  11  36  14  16  48  32   5  11  17   9  35  12  34  43  11   9  37  45  12  17   3  24  36  19  43  46  37  23   0  22   8  49  40  45  35   9  30   7  22  23  34  30  38  19  34  27  46  32 
 18  14  11  36   4  30   1  34  18  14  30   7  15  26  25  47   9  44  39  11  40  38  33  26  28  19  31   3  38  10  17   0   1   4  43  17  41   4   2  43  37   5  15  10  11  12  29  33  47  38 
 27  14   4  29  16  28  15  11  37  46   8  17  48  14  16  25  11  25  47  15  49  21  24  10  34   5  25  15  16  30  47   7   0  34  35  12  26   6  16  20  13   6  35  19  48  10  23  23  29  11 
 13  47  27   3  35  28   7  47  19  38   4  20   8   6  18  11  35  43   9  45  23  26  24  18  44  40  26  28  41  48  49  26   2   0  39  22  36  16  26  44  19   2  43  17  21  22  20  37  14  29 
 44  20  10  42  47  46  11  12   1   3  25  47  26  36  15  23  41   8   5  44  38   3  13  41   3  42   3  35  40  25  30  44  27  40   0  12   4  21  21   9  18  41  44  36  33  44   5  48   3  41 
 20  33   4   4  10  27   1  22  11  13  14  44  33  49  35   9  39   7  22  25   9  38  43   9  22  30  39  25   3  35   9  32  22  14  31   0  27  27  36  21  35  33   1  47  32   4   8  24  39  39 
 47   4  14  38   2   4  14  26  46  34  34  46  47  15  36  46  39   2  44  14   5   5  21  13  47   6   6   4  14  14  43  25   3   6  48  17   0  35  30  45  14   6  28  20   1  11  43  29   5  23 
 48  29  44  39   9  24  31  39  49   4  12  22   4   1  27  33  45  19  24  30  12  18  39   9  16  49  20   9  30  33   2  32  38  38  23  31  12   0  44  11  13  11  19  11  26  36  14  16  17  16 
 31  32   1   4  22  34  36  16  32  26  31  30   1  18   4  27  37  31  44  13  38  48  34  30  25  17   3   9  22  39  47  29  27  23  14   5  20  29   0  35  41  48  20  38  25  31  48  49  36  45 
 47  45  44  25   1   3   1  13  21  41  49  14   2  14  30   2  34  15  10  26  22  19  12  14  15  15  46  20  17  23  27  30  10  30  10  47   1   5  24   0  15  40   3  49  34   9  20   2  31  29 
 33  43  30  27  47  16  47  48  45  46  29  36   5   3   4  26   5  35  19   5  31  46   7  47  27  36  39  35  26  14  32  26  45  41  39  39  25   7   9  35   0  21  26  41   1  17  24  26   6  20 
  7  40  38  20  30  18   9   8  24  39  26  46  34   6  42   6  40  12   3  21   1   8  17   8  28  19  39  35  23  47   7   5   8  36  41  37  24  41  24  41   9   0  11  43  10  17  38  27  19  44 
  3  44  23  24  36   7  12   1  45  30  16  29  21   7  41  26  15   8  32  11  39  29  28  31   7  22  19  29  40   8  48  16  31  48  44   6  12  17   1  26  10  23   0   3  42  28  42  40  38  26 
 10   1  12  43  44  40  36  48   1   3  37  36  20   6  24  42  31  40  34  16  20   1  22  26  41   9  32  46  22  33  49  14  20   6  42   6   8   2  30  43  21  19  32   0  43  17  40   3  14  24 
 16  18  48  22  10  49  14  28   7  20  45  22  20  37  18  34  44  22  43  29  18   7   9  17   7  28  12  23  38  19  31  15  25  36   6  21  24   6  13   3  19  14   7  19   0  18  45   9   8  23 
 23  27  17   8  21  16   7  29  47  33  23  29  22  43  41  27  15  39  43   3  17   1  48  25   8   9  29  10  10  43  48   6   3  18  29  37  45  32  49  40  27  30  16  13  28   0   5  14  34  22 
  9  10  45  37  40   3   4  44  30  43  46  21   8  23  36  25  13   5  39  48  12  17  43  20  38  41  30  38   4  26  20  16  39   4  27  29   7  27  43  13  48   1  28  10  11   3   0  44  24  39 
 15   2   3  17  24  42  12  29  13  45  18  19   1  20  22  38  45  46   8  12  21  17  15   4  49  24  29  44  12  44  35  12  40  49   9   9   8  41  44  10   4  24  40  48  42   3   5   0  27  37 
 14   3  16  35  31  34  45  19  15  34   1  34  28  17  40  36  48  24  17  44  28  33   2  29   9  27   6   4  18  19  38  30  44  46  49   3  28  46   1  38  36  22   4  18  27  24  44  26   0  26 
 10  31  17  17  15  10  21  24   8  37  48  46  12  43  29  11  24  21  37  30  42   3   7   3  37  45  14  36  17  49  41  19  38  27   9  15  26  14  23  17  16  41   4  32   4   9  45  11  19   0 
M1
  0  29   6   2   6  27  23  34   2  42  29  49  49  49  49  10  42  12   7   2  29  19  30   5  19  42   6  28  32   8  19  20  26  16   6   6  12  11  33  47  29   6  16   3   3  12  14  40   7  40 
 12   0  45  36  44  32  40   3  41  46  10  22  31  32  32   1  28  32   5   3  19  25  48   4  17  42   7  46  12   2  47  39  41  35  14   2  22  43  21  37  26   1   8  25  34  33   5  41  34   6 
 27  26   0  43  41  47  31  31  11  21  39  40  35  43  18  39  36  49  27  45  17  40   2  44  44   5  30  14   3  11  12  44   3  48  35  25  10  24  24  10   6  20  13  14   9   6  32  27  43   7 
 10  28  10   0  13  28  42  49  12  21  12  28  11   9  39   7  12  13  21  41  27  10  12   3  46  47  17  40  21  20  48  44  23  20  17  38  28  18  20  37  36  31  25  29  43  39   3   7  14   7 
 48  33  45  44   0  17  24  46  21  41  27   4  23  19  17   7  39  47   1  20  18  39  22  43  31  40   9  21  11  16  18  41  34   9  41   2  33  30  40  15  27  17  25  13   1  16  44   5   9  18 
  9  27  24  20  29   0  21   3  20  26  25  17  23   7  25  44   4  25  42  31   8  14   7  19  47  16  32  37  29  47  27  25  28   8  11   8  29  17  29  43  20   2  12   1   5   1  37  41  20   2 
 49  44  43  35  42  10   0  21   3  42  47  25  18  10  42  26  44  34  46   1  36  19  40  20  48  35  39   2  22  29  33  26   5  15   6  14  42  27  39  26  35  12   4  38  44  26  24  25  44  21 
  7  38  26  14   4  10  44   0  39  31  26  15  32  42  41  30  15  32   1  28  24  30  35  27  43  38  35   7  48  47   9  14  36  34  22  21  23  34  38  33  20  49   6  48  30  23  26  21  38  39 
 12  15  23  27  21   3  18  26   0  48  23  31   8  14  38  25  16  45  43  34  32   7   8  18  47  31  15  32   8  27  49  26  19  26  35  10  49  12  43  30  39  27  43  33  24  44  21  22  22  47 
 44  31  10   3  23   4  48   5  30   0  10  19  11  28   1   9  12  19  12  13  12  14   2  12   5  29  37  24  37  21  44  12  47  22  47  27   3   3  12  20  21  18  43  12  29  12  29  19  15   7 
  6   5  43  36  41  12  30  20  40  46   0  24  34  17   8  35  30  18  42  12  19  23  20  10  17   6  15  29  28  24  13  36  27  37  37  14   5  45  15   3   3  22  12   5  17  42  28  10  30   2 
 42  10  25   7  21  28  49  11  27  28  21   0  11  49  31  26  45  29  40  26  18  24  37  13  33  47  33  11  12  29  29  44  16  39   7  36   7  28  45  17  37  29   1  10   3  48   4  11  24   1 
 42  25  19  39  31  11  25  28  38  11   6   3   0  12  14  32  37  25  43  49   2  41   9  40  23  42   4  17  11  43  34  40  44  29   9  20   4  16  25  14  46  40   9  30  13  46  11  11   1   2 
 42  29  37  16   8   2  35  31  39  20  38  30   7   0  10  24  43  22  31  32  45   6  26  35  25   5  10  14  19  34  40   9  37   1  32  30  44  32  18  44  12  11  32  14   4   9  24  39  10  34 
  8  41   9   9  28  33  25  49  39  15  40  39  13  15   0  28  26  18   3  33  37  44   3  45  17   6   6  29   9  11  44  36  38  20  39   9  24  17   8  45  19  34  39   6  23  25  15   5  23  45 
 47  18  21  47  12  22  43  17  11   1  43   5  42   5  36   0  31  47  10  13  41   8  43  39  42  25  20  26  38   2  11   2  46  26   4  34   7  47   5  35  16  37  26  14  29  28  37  42  13   9 
 24  18  46  16  19  48  33  28  28  23  26  37  22   4  14  46   0   5  13  10  37  39  35  29  39  48   7  21   7  15  46  33   7  48  41  19  35  45   2  15  34  30  33  11   1  42  40  44  34  43 
 23  36   1   5  26  39  12   1   5  31  10  26   7  49  37  45  20   0   4  25  29  36  37  23  49  21   5  34  44  20  23  48  32   2  22   7  17  26   6  46  44  37  15  30  30  34  45  19  42  36 
 20  29  44  16  31  33   9  23  31  29  37  15  27  25   9  33   6  22   0  40  17  36  13  13  46   1   9  18  10  37  46  30  43  49   8  23   6  17  21   2  49  38   6   5  22  34  10   7  30  22 
  9  16  36  43   1  14  26  27  42  10  39   8  28   8  19   4  41  47  13   0  46  15  39  21  16  37  48  48   3  16  28  46   5  24  26  25  21  21  15  12   3  34  12   6  18  42  12  28  32  38 
 35  39  39  42   1  38  49  35  47  21  25   1  14  25  49  45  12  30  32  42   0  31  48  27  29  11  39  11  47   4  43   4  39  38  40  33  29  25  28  29  12  10  32  40  45  45  47   2  38  40 
 43   9  11  29  47  32  19  28  38  24  23  25  22  46  45   7  28  33  41   3  47   0  34  13  29  36  17  15  11  28  25  19  27  42  16  15  43  40  10  45  20  31  43  18  48  47  45  34   2  33 
 26  16  25  15  33  15  28  35  45   2  24  43  13  45  32   4  19   9  15  11  23  45   0  44  41  40  28  31  12   6   9   2  17   1  39  43  24  21  49  28  22  13  46  49  29  40  33   3   4  18 
 43   2  29  12  49  13  49  48  24  16  34   8  11  11  22  21  22  39  11   8  23  35  21   0  10  45  32  42  34  38   4  10   7  21  26  13  30  39  34  31  39  40  31   5  48  35   6   8  13  37 
 34   5  10  17   3  18  23  18  18  38  19  24   7   5  27  20  49  43  22  10  23  35   9  39   0  14  20  14  30  15  47  16  16   6  16  38  18   7  21  31  25  12  15  14  40   1  13  40  46  44 
 24  30  27  47  34  32  10   1   3   1  14  20   5  39  12  32  12  20  47  24  23  17  43  43  34   0  14  38  12   8  14  42   7  24   7  39  34  36   9  21  16  33  35  32  12  17  34  29  47  25 
 33  23   3   9  35  38  34  29  43  29   9  27  44  39  25   4  23  43  27   7  35   6   4  23  12  38   0   4  36  43  46   5  26  11  14   2  21  16  29  27  43  32   2  42  18  10  40  22   7  16 
 24  36   5  23  25  14  10  47  25  37  29  13  30  18  19  11  35  40  27   6  38  12   2  30  22  31  16   0  19  27  10   4   5   1  35  24  34  36  17  25  43  13  47   9   9  41  25  31  28  47 
  2   9  36  36  33  34  27  38  21  24  21  15  12  35  48  33  24   6  17   8  26  29   3  24  26  29  16  44   0  41  24   2  21   7  33  28  27   7  40  36   2  27  41  20  48  28  19  32   7  28 
 28   1   9  42  15  25  48  25  48   7  26   7  16  23  18   9  33  12  14  29  36  36   4  35  33   4  10  20   4   0  18   4  24   6   3  49  24  36  26  42   3  44  44  23  49  11  18   6  49  47 
 42  13  11  36  14  16  48  32   5  11  17   9  35  12  34  43  11   9  37  45  12  17   3  24  36  19  43  46  37  23   0  22   8  49  40  45  35   9  30   7  22  23  34  30  38  19  34  27  46  32 
 18  14  11  36   4  30   1  34  18  14  30   7  15  26  25  47   9  44  39  11  40  38  33  26  28  19  31   3  38  10  17   0   1   4  43  17  41   4   2  43  37   5  15  10  11  12  29  33  47  38 
 27  14   4  29  16  28  15  11  37  46   8  17  48  14  16  25  11  25  47  15  49  21  24  10  34   5  25  15  16  30  47   7   0  34  35  12  26   6  16  20  13   6  35  19  48  10  23  23  29  11 
 13  47  27   3  35  28   7  47  19  38   4  20   8   6  18  11  35  43   9  45  23  26  24  18  44  40  26  28  41  48  49  26   2   0  39  22  36  16  26  44  19   2  43  17  21  22  20  37  14  29 
 44  20  10  42  47  46  11  12   1   3  25  47  26  36  15  23  41   8   5  44  38   3  13  41   3  42   3  35  40  25  30  44  27  40   0  12   4  21  21   9  18  41  44  36  33  44   5  48   3  41 
 20  33   4   4  10  27   1  22  11  13  14  44  33  49  35   9  39   7  22  25   9  38  43   9  22  30  39  25   3  35   9  32  22  14  31   0  27  27  36  21  35  33   1  47  32   4   8  24  39  39 
 47   4  14  38   2   4  14  26  46  34  34  46  47  15  36  46  39   2  44  14   5   5  21  13  47   6   6   4  14  14  43  25   3   6  48  17   0  35  30  45  14   6  28  20   1  11  43  29   5  23 
 48  29  44  39   9  24  31  39  49   4  12  22   4   1  27  33  45  19  24  30  12  18  39   9  16  49  20   9  30  33   2  32  38  38  23  31  12   0  44  11  13  11  19  11  26  36  14  16  17  16 
 31  32   1   4  22  34  36  16  32  26  31  30   1  18   4  27  37  31  44  13  38  48  34  30  25  17   3   9  22  39  47  29  27  23  14   5  20  29   0  35  41  48  20  38  25  31  48  49  36  45 
 47  45  44  25   1   3   1  13  21  41  49  14   2  14  30   2  34  15  10  26  22  19  12  14  15  15  46  20  17  23  27  30  10  30  10  47   1   5  24   0  15  40   3  49  34   9  20   2  31  29 
 33  43  30  27  47  16  47  48  45  46  29  36   5   3   4  26   5  35  19   5  31  46   7  47  27  36  39  35  26  14  32  26  45  41  39  39  25   7   9  35   0  21  26  41   1  17  24  26   6  20 
  7  40  38  20  30  18   9   8  24  39  26  46  34   6  42   6  40  12   3  21   1   8  17   8  28  19  39  35  23  47   7   5   8  36  41  37  24  41  24  41   9   0  11  43  10  17  38  27  19  44 
  3  44  23  24  36   7  12   1  45  30  16  29  21   7  41  26  15   8  32  11  39  29  28  31   7  22  19  29  40   8  48  16  31  48  44   6  12  17   1  26  10  23   0   3  42  28  42  40  38  26 
 10   1  12  43  44  40  36  48   1   3  37  36  20   6  24  42  31  40  34  16  20   1  22  26  41   9  32  46  22  33  49  14  20   6  42   6   8   2  30  43  21  19  32   0  43  17  40   3  14  24 
 16  18  48  22  10  49  14  28   7  20  45  22  20  37  18  34  44  22  43  29  18   7   9  17   7  28  12  23  38  19  31  15  25  36   6  21  24   6  13   3  19  14   7  19   0  18  45   9   8  23 
 23  27  17   8  21  16   7  29  47  33  23  29  22  43  41  27  15  39  43   3  17   1  48  25   8   9  29  10  10  43  48   6   3  18  29  37  45  32  49  40  27  30  16  13  28   0   5  14  34  22 
  9  10  45  37  40   3   4  44  30  43  46  21   8  23  36  25  13   5  39  48  12  17  43  20  38  41  30  38   4  26  20  16  39   4  27  29   7  27  43  13  48   1  28  10  11   3   0  44  24  39 
 15   2   3  17  24  42  12  29  13  45  18  19   1  20  22  38  45  46   8  12  21  17  15   4  49  24  29  44  12  44  35  12  40  49   9   9   8  41  44  10   4  24  40  48  42   3   5   0  27  37 
 14   3  16  35  31  34  45  19  15  34   1  34  28  17  40  36  48  24  17  44  28  33   2  29   9  27   6   4  18  19  38  30  44  46  49   3  28  46   1  38  36  22   4  18  27  24  44  26   0  26 
 10  31  17  17  15  10  21  24   8  37  48  46  12  43  29  11  24  21  37  30  42   3   7   3  37  45  14  36  17  49  41  19  38  27   9  15  26  14  23  17  16  41   4  32   4   9  45  11  19   0 
M2
  0  29   6   2   6  27  23  34   2  42  29  49  49  49  49  10  42  12   7   2  29  19  30   5  19  42   6  28  32   8  19  20  26  16   6   6  12  11  33  47  29   6  16   3   3  12  14  40   7  40 
 12   0  45  36  44  32  40   3  41  46  10  22  31  32  32   1  28  32   5   3  19  25  48   4  17  42   7  46  12   2  47  39  41  35  14   2  22  43  21  37  26   1   8  25  34  33   5  41  34   6 
 27  26   0  43  41  47  31  31  11  21  39  40  35  43  18  39  36  49  27  45  17  40   2  44  44   5  30  14   3  11  12  44   3  48  35  25  10  24  24  10   6  20  13  14   9   6  32  27  43   7 
 10  28  10   0  13  28  42  49  12  21  12  28  11   9  39   7  12  13  21  41  27  10  12   3  46  47  17  40  21  20  48  44  23  20  17  38  28  18  20  37  36  31  25  29  43  39   3   7  14   7 
 48  33  45  44   0  17  24  46  21  41  27   4  23  19  17   7  39  47   1  20  18  39  22  43  31  40   9  21  11  16  18  41  34   9  41   2  33  30  40  15  27  17  25  13   1  16  44   5   9  18 
  9  27  24  20  29   0  21   3  20  26  25  17  23   7  25  44   4  25  42  31   8  14   7  19  47  16  32  37  29  47  27  25  28   8  11   8  29  17  29  43  20   2  12   1   5   1  37  41  20   2 
 49  44  43  35  42  10   0  21   3  42  47  25  18  10  42  26  44  34  46   1  36  19  40  20  48  35  39   2  22  29  33  26   5  15   6  14  42  27  39  26  35  12   4  38  44  26  24  25  44  21 
  7  38  26  14   4  10  44   0  39  31  26  15  32  42  41  30  15  32   1  28  24  30  35  27  43  38  35   7  48  47   9  14  36  34  22  21  23  34  38  33  20  49   6  48  30  23  26  21  38  39 
 12  15  23  27  21   3  18  26   0  48  23  31   8  14  38  25  16  45  43  34  32   7   8  18  47  31  15  32   8  27  49  26  19  26  35  10  49  12  43  30  39  27  43  33  24  44  21  22  22  47 
 44  31  10   3  23   4  48   5  30   0  10  19  11  28   1   9  12  19  12  13  12  14   2  12   5  29  37  24  37  21  44  12  47  22  47  27   3   3  12  20  21  18  43  12  29  12  29  19  15   7 
  6   5  43  36  41  12  30  20  40  46   0  24  34  17   8  35  30  18  42  12  19  23  20  10  17   6  15  29  28  24  13  36  27  37  37  14   5  45  15   3   3  22  12   5  17  42  28  10  30   2 
 42  10  25   7  21  28  49  11  27  28  21   0  11  49  31  26  45  29  40  26  18  24  37  13  33  47  33  11  12  29  29  44  16  39   7  36   7  28  45  17  37  29   1  10   3  48   4  11  24   1 
 42  25  19  39  31  11  25  28  38  11   6   3   0  12  14  32  37  25  43  49   2  41   9  40  23  42   4  17  11  43  34  40  44  29   9  20   4  16  25  14  46  40   9  30  13  46  11  11   1   2 
 42  29  37  16   8   2  35  31  39  20  38  30   7   0  10  24  43  22  31  32  45   6  26  35  25   5  10  14  19  34  40   9  37   1  32  30  44  32  18  44  12  11  32  14   4   9  24  39  10  34 
  8  41   9   9  28  33  25  49  39  15  40  39  13  15   0  28  26  18   3  33  37  44   3  45  17   6   6  29   9  11  44  36  38  20  39   9  24  17   8  45  19  34  39   6  23  25  15   5  23  45 
 47  18  21  47  12  22  43  17  11   1  43   5  42   5  36   0  31  47  10  13  41   8  43  39  42  25  20  26  38   2  11   2  46  26   4  34   7  47   5  35  16  37  26  14  29  28  37  42  13   9 
 24  18  46  16  19  48  33  28  28  23  26  37  22   4  14  46   0   5  13  10  37  39  35  29  39  48   7  21   7  15  46  33   7  48  41  19  35  45   2  15  34  30  33  11   1  42  40  44  34  43 
 23  36   1   5  26  39  12   1   5  31  10  26   7  49  37  45  20   0   4  25  29  36  37  23  49  21   5  34  44  20  23  48  32   2  22   7  17  26   6  46  44  37  15  30  30  34  45  19  42  36 
 20  29  44  16  31  33   9  23  31  29  37  15  27  25   9  33   6  22   0  40  17  36  13  13  46   1   9  18  10  37  46  30  43  49   8  23   6  17  21   2  49  38   6   5  22  34  10   7  30  22 
  9  16  36  43   1  14  26  27  42  10  39   8  28   8  19   4  41  47  13   0  46  15  39  21  16  37  48  48   3  16  28  46   5  24  26  25  21  21  15  12   3  34  12   6  18  42  12  28  32  38 
 35  39  39  42   1  38  49  35  47  21  25   1  14  25  49  45  12  30  32  42   0  31  48  27  29  11  39  11  47   4  43   4  39  38  40  33  29  25  28  29  12  10  32  40  45  45  47   2  38  40 
 43   9  11  29  47  32  19  28  38  24  23  25  22  46  45   7  28  33  41   3  47   0  34  13  29  36  17  15  11  28  25  19  27  42  16  15  43  40  10  45  20  31  43  18  48  47  45  34   2  33 
 26  16  25  15  33  15  28  35  45   2  24  43  13  45  32   4  19   9  15  11  23  45   0  44  41  40  28  31  12   6   9   2  17   1  39  43  24  21  49  28  22  13  46  49  29  40  33   3   4  18 
 43   2  29  12  49  13  49  48  24  16  34   8  11  11  22  21  22  39  11   8  23  35  21   0  10  45  32  42  34  38   4  10   7  21  26  13  30  39  34  31  39  40  31   5  48  35   6   8  13  37 
 34   5  10  17   3  18  23  18  18  38  19  24   7   5  27  20  49  43  22  10  23  35   9  39   0  14  20  14  30  15  47  16  16   6  16  38  18   7  21  31  25  12  15  14  40   1  13  40  46  44 
 24  30  27  47  34  32  10   1   3   1  14  20   5  39  12  32  12  20  47  24  23  17  43  43  34   0  14  38  12   8  14  42   7  24   7  39  34  36   9  21  16  33  35  32  12  17  34  29  47  25 
 33  23   3   9  35  38  34  29  43  29   9  27  44  39  25   4  23  43  27   7  35   6   4  23  12  38   0   4  36  43  46   5  26  11  14   2  21  16  29  27  43  32   2  42  18  10  40  22   7  16 
 24  36   5  23  25  14  10  47  25  37  29  13  30  18  19  11  35  40  27   6  38  12   2  30  22  31  16   0  19  27  10   4   5   1  35  24  34  36  17  25  43  13  47   9   9  41  25  31  28  47 
  2   9  36  36  33  34  27  38  21  24  21  15  12  35  48  33  24   6  17   8  26  29   3  24  26  29  16  44   0  41  24   2  21   7  33  28  27   7  40  36   2  27  41  20  48  28  19  32   7  28 
 28   1   9  42  15  25  48  25  48   7  26   7  16  23  18   9  33  12  14  29  36  36   4  35  33   4  10  20   4   0  18   4  24   6   3  49  24  36  26  42   3  44  44  23  49  11  18   6  49  47 
 42  13  11  36  14  16  48  32   5  11  17   9  35  12  34  43  11   9  37  45  12  17   3  24  36  19  43  46  37  23   0  22   8  49  40  45  35   9  30   7  22  23  34  30  38  19  34  27  46  32 
 18  14  11  36   4  30   1  34  18  14  30   7  15  26  25  47   9  44  39  11  40  38  33  26  28  19  31   3  38  10  17   0   1   4  43  17  41   4   2  43  37   5  15  10  11  12  29  33  47  38 
 27  14   4  29  16  28  15  11  37  46   8  17  48  14  16  25  11  25  47  15  49  21  24  10  34   5  25  15  16  30  47   7   0  34  35  12  26   6  16  20  13   6  35  19  48  10  23  23  29  11 
 13  47  27   3  35  28   7  47  19  38   4  20   8   6  18  11  35  43   9  45  23  26  24  18  44  40  26  28  41  48  49  26   2   0  39  22  36  16  26  44  19   2  43  17  21  22  20  37  14  29 
 44  20  10  42  47  46  11  12   1   3  25  47  26  36  15  23  41   8   5  44  38   3  13  41   3  42   3  35  40  25  30  44  27  40   0  12   4  21  21   9  18  41  44  36  33  44   5  48   3  41 
 20  33   4   4  10  27   1  22  11  13  14  44  33  49  35   9  39   7  22  25   9  38  43   9  22  30  39  25   3  35   9  32  22  14  31   0  27  27  36  21  35  33   1  47  32   4   8  24  39  39 
 47   4  14  38   2   4  14  26  46  34  34  46  47  15  36  46  39   2  44  14   5   5  21  13  47   6   6   4  14  14  43  25   3   6  48  17   0  35  30  45  14   6  28  20   1  11  43  29   5  23 
 48  29  44  39   9  24  31  39  49   4  12  22   4   1  27  33  45  19  24  30  12  18  39   9  16  49  20   9  30  33   2  32  38  38  23  31  12   0  44  11  13  11  19  11  26  36  14  16  17  16 
 31  32   1   4  22  34  36  16  32  26  31  30   1  18   4  27  37  31  44  13  38  48  34  30  25  17   3   9  22  39  47  29  27  23  14   5  20  29   0  35  41  48  20  38  25  31  48  49  36  45 
 47  45  44  25   1   3   1  13  21  41  49  14   2  14  30   2  34  15  10  26  22  19  12  14  15  15  46  20  17  23  27  30  10  30  10  47   1   5  24   0  15  40   3  49  34   9  20   2  31  29 
 33  43  30  27  47  16  47  48  45  46  29  36   5   3   4  26   5  35  19   5  31  46   7  47  27  36  39  35  26  14  32  26  45  41  39  39  25   7   9  35   0  21  26  41   1  17  24  26   6  20 
  7  40  38  20  30  18   9   8  24  39  26  46  34   6  42   6  40  12   3  21   1   8  17   8  28  19  39  35  23  47   7   5   8  36  41  37  24  41  24  41   9   0  11  43  10  17  38  27  19  44 
  3  44  23  24  36   7  12   1  45  30  16  29  21   7  41  26  15   8  32  11  39  29  28  31   7  22  19  29  40   8  48  16  31  48  44   6  12  17   1  26  10  23   0   3  42  28  42  40  38  26 
 10   1  12  43  44  40  36  48   1   3  37  36  20   6  24  42  31  40  34  16  20   1  22  26  41   9  32  46  22  33  49  14  20   6  42   6   8   2  30  43  21  19  32   0  43  17  40   3  14  24 
 16  18  48  22  10  49  14  28   7  20  45  22  20  37  18  34  44  22  43  29  18   7   9  17   7  28  12  23  38  19  31  15  25  36   6  21  24   6  13   3  19  14   7  19   0  18  45   9   8  23 
 23  27  17   8  21  16   7  29  47  33  23  29  22  43  41  27  15  39  43   3  17   1  48  25   8   9  29  10  10  43  48   6   3  18  29  37  45  32  49  40  27  30  16  13  28   0   5  14  34  22 
  9  10  45  37  40   3   4  44  30  43  46  21   8  23  36  25  13   5  39  48  12  17  43  20  38  41  30  38   4  26  20  16  39   4  27  29   7  27  43  13  48   1  28  10  11   3   0  44  24  39 
 15   2   3  17  24  42  12  29  13  45  18  19   1  20  22  38  45  46   8  12  21  17  15   4  49  24  29  44  12  44  35  12  40  49   9   9   8  41  44  10   4  24  40  48  42   3   5   0  27  37 
 14   3  16  35  31  34  45  19  15  34   1  34  28  17  40  36  48  24  17  44  28  33   2  29   9  27   6   4  18  19  38  30  44  46  49   3  28  46   1  38  36  22   4  18  27  24  44  26   0  26 
 10  31  17  17  15  10  21  24   8  37  48  46  12  43  29  11  24  21  37  30  42   3   7   3  37  45  14  36  17  49  41  19  38  27   9  15  26  14  23  17  16  41   4  32   4   9  45  11  19   0 
M3
  0  29   6   2   6  27  23  34   2  42  29  49  49  49  49  10  42  12   7   2  29  19  30   5  19  42   6  28  32   8  19  20  26  16   6   6  12  11  33  47  29   6  16   3   3  12  14  40   7  40 
 12   0  45  36  44  32  40   3  41  46  10  22  31  32  32   1  28  32   5   3  19  25  48   4  17  42   7  46  12   2  47  39  41  35  14   2  22  43  21  37  26   1   8  25  34  33   5  41  34   6 
 27  26   0  43  41  47  31  31  11  21  39  40  35  43  18  39  36  49  27  45  17  40   2  44  44   5  30  14   3  11  12  44   3  48  35  25  10  24  24  10   6  20  13  14   9   6  32  27  43   7 
 10  28  10   0  13  28  42  49  12  21  12  28  11   9  39   7  12  13  21  41  27  10  12   3  46  47  17  40  21  20  48  44  23  20  17  38  28  18  20  37  36  31  25  29  43  39   3   7  14   7 
 48  33  45  44   0  17  24  46  21  41  27   4  23  19  17   7  39  47   1  20  18  39  22  43  31  40   9  21  11  16  18  41  34   9  41   2  33  30  40  15  27  17  25  13   1  16  44   5   9  18 
  9  27  24  20  29   0  21   3  20  26  25  17  23   7  25  44   4  25  42  31   8  14   7  19  47  16  32  37  29  47  27  25  28   8  11   8  29  17  29  43  20   2  12   1   5   1  37  41  20   2 
 49  44  43  35  42  10   0  21   3  42  47  25  18  10  42  26  44  34  46   1  36  19  40  20  48  35  39   2  22  29  33  26   5  15   6  14  42  27  39  26  35  12   4  38  44  26  24  25  44  21 
  7  38  26  14   4  10  44   0  39  31  26  15  32  42  41  30  15  32   1  28  24  30  35  27  43  38  35   7  48  47   9  14  36  34  22  21  23  34  38  33  20  49   6  48  30  23  26  21  38  39 
 12  15  23  27  21   3  18  26   0  48  23  31   8  14  38  25  16  45  43  34  32   7   8  18  47  31  15  32   8  27  49  26  19  26  35  10  49  12  43  30  39  27  43  33  24  44  21  22  22  47 
 44  31  10   3  23   4  48   5  30   0  10  19  11  28   1   9  12  19  12  13  12  14   2  12   5  29  37  24  37  21  44  12  47  22  47  27   3   3  12  20  21  18  43  12  29  12  29  19  15   7 
  6   5  43  36  41  12  30  20  40  46   0  24  34  17   8  35  30  18  42  12  19  23  20  10  17   6  15  29  28  24  13  36  27  37  37  14   5  45  15   3   3  22  12   5  17  42  28  10  30   2 
 42  10  25   7  21  28  49  11  27  28  21   0  11  49  31  26  45  29  40  26  18  24  37  13  33  47  33  11  12  29  29  44  16  39   7  36   7  28  45  17  37  29   1  10   3  48   4  11  24   1 
 42  25  19  39  31  11  25  28  38  11   6   3   0  12  14  32  37  25  43  49   2  41   9  40  23  42   4  17  11  43  34  40  44  29   9  20   4  16  25  14  46  40   9  30  13  46  11  11   1   2 
 42  29  37  16   8   2  35  31  39  20  38  30   7   0  10  24  43  22  31  32  45   6  26  35  25   5  10  14  19  34  40   9  37   1  32  30  44  32  18  44  12  11  32  14   4   9  24  39  10  34 
  8  41   9   9  28  33  25  49  39  15  40  39  13  15   0  28  26  18   3  33  37  44   3  45  17   6   6  29   9  11  44  36  38  20  39   9  24  17   8  45  19  34  39   6  23  25  15   5  23  45 
 47  18  21  47  12  22  43  17  11   1  43   5  42   5  36   0  31  47  10  13  41   8  43  39  42  25  20  26  38   2  11   2  46  26   4  34   7  47   5  35  16  37  26  14  29  28  37  42  13   9 
 24  18  46  16  19  48  33  28  28  23  26  37  22   4  14  46   0   5  13  10  37  39  35  29  39  48   7  21   7  15  46  33   7  48  41  19  35  45   2  15  34  30  33  11   1  42  40  44  34  43 
 23  36   1   5  26  39  12   1   5  31  10  26   7  49  37  45  20   0   4  25  29  36  37  23  49  21   5  34  44  20  23  48  32   2  22   7  17  26   6  46  44  37  15  30  30  34  45  19  42  36 
 20  29  44  16  31  33   9  23  31  29  37  15  27  25   9  33   6  22   0  40  17  36  13  13  46   1   9  18  10  37  46  30  43  49   8  23   6  17  21   2  49  38   6   5  22  34  10   7  30  22 
  9  16  36  43   1  14  26  27  42  10  39   8  28   8  19   4  41  47  13   0  46  15  39  21  16  37  48  48   3  16  28  46   5  24  26  25  21  21  15  12   3  34  12   6  18  42  12  28  32  38 
 35  39  39  42   1  38  49  35  47  21  25   1  14  25  49  45  12  30  32  42   0  31  48  27  29  11  39  11  47   4  43   4  39  38  40  33  29  25  28  29  12  10  32  40  45  45  47   2  38  40 
 43   9  11  29  47  32  19  28  38  24  23  25  22  46  45   7  28  33  41   3  47   0  34  13  29  36  17  15  11  28  25  19  27  42  16  15  43  40  10  45  20  31  43  18  48  47  45  34   2  33 
 26  16  25  15  33  15  28  35  45   2  24  43  13  45  32   4  19   9  15  11  23  45   0  44  41  40  28  31  12   6   9   2  17   1  39  43  24  21  49  28  22  13  46  49  29  40  33   3   4  18 
 43   2  29  12  49  13  49  48  24  16  34   8  11  11  22  21  22  39  11   8  23  35  21   0  10  45  32  42  34  38   4  10   7  21  26  13  30  39  34  31  39  40  31   5  48  35   6   8  13  37 
 34   5  10  17   3  18  23  18  18  38  19  24   7   5  27  20  49  43  22  10  23  35   9  39   0  14  20  14  30  15  47  16  16   6  16  38  18   7  21  31  25  12  15  14  40   1  13  40  46  44 
 24  30  27  47  34  32  10   1   3   1  14  20   5  39  12  32  12  20  47  24  23  17  43  43  34   0  14  38  12   8  14  42   7  24   7  39  34  36   9  21  16  33  35  32  12  17  34  29  47  25 
 33  23   3   9  35  38  34  29  43  29   9  27  44  39  25   4  23  43  27   7  35   6   4  23  12  38   0   4  36  43  46   5  26  11  14   2  21  16  29  27  43  32   2  42  18  10  40  22   7  16 
 24  36   5  23  25  14  10  47  25  37  29  13  30  18  19  11  35  40  27   6  38  12   2  30  22  31  16   0  19  27  10   4   5   1  35  24  34  36  17  25  43  13  47   9   9  41  25  31  28  47 
  2   9  36  36  33  34  27  38  21  24  21  15  12  35  48  33  24   6  17   8  26  29   3  24  26  29  16  44   0  41  24   2  21   7  33  28  27   7  40  36   2  27  41  20  48  28  19  32   7  28 
 28   1   9  42  15  25  48  25  48   7  26   7  16  23  18   9  33  12  14  29  36  36   4  35  33   4  10  20   4   0  18   4  24   6   3  49  24  36  26  42   3  44  44  23  49  11  18   6  49  47 
 42  13  11  36  14  16  48  32   5  11  17   9  35  12  34  43  11   9  37  45  12  17   3  24  36  19  43  46  37  23   0  22   8  49  40  45  35   9  30   7  22  23  34  30  38  19  34  27  46  32 
 18  14  11  36   4  30   1  34  18  14  30   7  15  26  25  47   9  44  39  11  40  38  33  26  28  19  31   3  38  10  17   0   1   4  43  17  41   4   2  43  37   5  15  10  11  12  29  33  47  38 
 27  14   4  29  16  28  15  11  37  46   8  17  48  14  16  25  11  25  47  15  49  21  24  10  34   5  25  15  16  30  47   7   0  34  35  12  26   6  16  20  13   6  35  19  48  10  23  23  29  11 
 13  47  27   3  35  28   7  47  19  38   4  20   8   6  18  11  35  43   9  45  23  26  24  18  44  40  26  28  41  48  49  26   2   0  39  22  36  16  26  44  19   2  43  17  21  22  20  37  14  29 
 44  20  10  42  47  46  11  12   1   3  25  47  26  36  15  23  41   8   5  44  38   3  13  41   3  42   3  35  40  25  30  44  27  40   0  12   4  21  21   9  18  41  44  36  33  44   5  48   3  41 
 20  33   4   4  10  27   1  22  11  13  14  44  33  49  35   9  39   7  22  25   9  38  43   9  22  30  39  25   3  35   9  32  22  14  31   0  27  27  36  21  35  33   1  47  32   4   8  24  39  39 
 47   4  14  38   2   4  14  26  46  34  34  46  47  15  36  46  39   2  44  14   5   5  21  13  47   6   6   4  14  14  43  25   3   6  48  17   0  35  30  45  14   6  28  20   1  11  43  29   5  23 
 48  29  44  39   9  24  31  39  49   4  12  22   4   1  27  33  45  19  24  30  12  18  39   9  16  49  20   9  30  33   2  32  38  38  23  31  12   0  44  11  13  11  19  11  26  36  14  16  17  16 
 31  32   1   4  22  34  36  16  32  26  31  30   1  18   4  27  37  31  44  13  38  48  34  30  25  17   3   9  22  39  47  29  27  23  14   5  20  29   0  35  41  48  20  38  25  31  48  49  36  45 
 47  45  44  25   1   3   1  13  21  41  49  14   2  14  30   2  34  15  10  26  22  19  12  14  15  15  46  20  17  23  27  30  10  30  10  47   1   5  24   0  15  40   3  49  34   9  20   2  31  29 
 33  43  30  27  47  16  47  48  45  46  29  36   5   3   4  26   5  35  19   5  31  46   7  47  27  36  39  35  26  14  32  26  45  41  39  39  25   7   9  35   0  21  26  41   1  17  24  26   6  20 
  7  40  38  20  30  18   9   8  24  39  26  46  34   6  42   6  40  12   3  21   1   8  17   8  28  19  39  35  23  47   7   5   8  36  41  37  24  41  24  41   9   0  11  43  10  17  38  27  19  44 
  3  44  23  24  36   7  12   1  45  30  16  29  21   7  41  26  15   8  32  11  39  29  28  31   7  22  19  29  40   8  48  16  31  48  44   6  12  17   1  26  10  23   0   3  42  28  42  40  38  26 
 10   1  12  43  44  40  36  48   1   3  37  36  20   6  24  42  31  40  34  16  20   1  22  26  41   9  32  46  22  33  49  14  20   6  42   6   8   2  30  43  21  19  32   0  43  17  40   3  14  24 
 16  18  48  22  10  49  14  28   7  20  45  22  20  37  18  34  44  22  43  29  18   7   9  17   7  28  12  23  38  19  31  15  25  36   6  21  24   6  13   3  19  14   7  19   0  18  45   9   8  23 
 23  27  17   8  21  16   7  29  47  33  23  29  22  43  41  27  15  39  43   3  17   1  48  25   8   9  29  10  10  43  48   6   3  18  29  37  45  32  49  40  27  30  16  13  28   0   5  14  34  22 
  9  10  45  37  40   3   4  44  30  43  46  21   8  23  36  25  13   5  39  48  12  17  43  20  38  41  30  38   4  26  20  16  39   4  27  29   7  27  43  13  48   1  28  10  11   3   0  44  24  39 
 15   2   3  17  24  42  12  29  13  45  18  19   1  20  22  38  45  46   8  12  21  17  15   4  49  24  29  44  12  44  35  12  40  49   9   9   8  41  44  10   4  24  40  48  42   3   5   0  27  37 
 14   3  16  35  31  34  45  19  15  34   1  34  28  17  40  36  48  24  17  44  28  33   2  29   9  27   6   4  18  19  38  30  44  46  49   3  28  46   1  38  36  22   4  18  27  24  44  26   0  26 
 10  31  17  17  15  10  21  24   8  37  48  46  12  43  29  11  24  21  37  30  42   3   7   3  37  45  14  36  17  49  41  19  38  27   9  15  26  14  23  17  16  41   4  32   4   9  45  11  19   0 
M4
  0  29   6   2   6  27  23  34   2  42  29  49  49  49  49  10  42  12   7   2  29  19  30   5  19  42   6  28  32   8  19  20  26  16   6   6  12  11  33  47  29   6  16   3   3  12  14  40   7  40 
 12   0  45  36  44  32  40   3  41  46  10  22  31  32  32   1  28  32   5   3  19  25  48   4  17  42   7  46  12   2  47  39  41  35  14   2  22  43  21  37  26   1   8  25  34  33   5  41  34   6 
 27  26   0  43  41  47  31  31  11  21  39  40  35  43  18  39  36  49  27  45  17  40   2  44  44   5  30  14   3  11  12  44   3  48  35  25  10  24  24  10   6  20  13  14   9   6  32  27  43   7 
 10  28  10   0  13  28  42  49  12  21  12  28  11   9  39   7  12  13  21  41  27  10  12   3  46  47  17  40  21  20  48  44  23  20  17  38  28  18  20  37  36  31  25  29  43  39   3   7  14   7 
 48  33  45  44   0  17  24  46  21  41  27   4  23  19  17   7  39  47   1  20  18  39  22  43  31  40   9  21  11  16  18  41  34   9  41   2  33  30  40  15  27  17  25  13   1  16  44   5   9  18 
  9  27  24  20  29   0  21   3  20  26  25  17  23   7  25  44   4  25  42  31   8  14   7  19  47  16  32  37  29  47  27  25  28   8  11   8  29  17  29  43  20   2  12   1   5   1  37  41  20   2 
 49  44  43  35  42  10   0  21   3  42  47  25  18  10  42  26  44  34  46   1  36  19  40  20  48  35  39   2  22  29  33  26   5  15   6  14  42  27  39  26  35  12   4  38  44  26  24  25  44  21 
  7  38  26  14   4  10  44   0  39  31  26  15  32  42  41  30  15  32   1  28  24  30  35  27  43  38  35   7  48  47   9  14  36  34  22  21  23  34  38  33  20  49   6  48  30  23  26  21  38  39 
 12  15  23  27  21   3  18  26   0  48  23  31   8  14  38  25  16  45  43  34  32   7   8  18  47  31  15  32   8  27  49  26  19  26  35  10  49  12  43  30  39  27  43  33  24  44  21  22  22  47 
 44  31  10   3  23   4  48   5  30   0  10  19  11  28   1   9  12  19  12  13  12  14   2  12   5  29  37  24  37  21  44  12  47  22  47  27   3   3  12  20  21  18  43  12  29  12  29  19  15   7 
  6   5  43  36  41  12  30  20  40  46   0  24  34  17   8  35  30  18  42  12  19  23  20  10  17   6  15  29  28  24  13  36  27  37  37  14   5  45  15   3   3  22  12   5  17  42  28  10  30   2 
 42  10  25   7  21  28  49  11  27  28  21   0  11  49  31  26  45  29  40  26  18  24  37  13  33  47  33  11  12  29  29  44  16  39   7  36   7  28  45  17  37  29   1  10   3  48   4  11  24   1 
 42  25  19  39  31  11  25  28  38  11   6   3   0  12  14  32  37  25  43  49   2  41   9  40  23  42   4  17  11  43  34  40  44  29   9  20   4  16  25  14  46  40   9  30  13  46  11  11   1   2 
 42  29  37  16   8   2  35  31  39  20  38  30   7   0  10  24  43  22  31  32  45   6  26  35  25   5  10  14  19  34  40   9  37   1  32  30  44  32  18  44  12  11  32  14   4   9  24  39  10  34 
  8  41   9   9  28  33  25  49  39  15  40  39  13  15   0  28  26  18   3  33  37  44   3  45  17   6   6  29   9  11  44  36  38  20  39   9  24  17   8  45  19  34  39   6  23  25  15   5  23  45 
 47  18  21  47  12  22  43  17  11   1  43   5  42   5  36   0  31  47  10  13  41   8  43  39  42  25  20  26  38   2  11   2  46  26   4  34   7  47   5  35  16  37  26  14  29  28  37  42  13   9 
 24  18  46  16  19  48  33  28  28  23  26  37  22   4  14  46   0   5  13  10  37  39  35  29  39  48   7  21   7  15  46  33   7  48  41  19  35  45   2  15  34  30  33  11   1  42  40  44  34  43 
 23  36   1   5  26  39  12   1   5  31  10  26   7  49  37  45  20   0   4  25  29  36  37  23  49  21   5  34  44  20  23  48  32   2  22   7  17  26   6  46  44  37  15  30  30  34  45  19  42  36 
 20  29  44  16  31  33   9  23  31  29  37  15  27  25   9  33   6  22   0  40  17  36  13  13  46   1   9  18  10  37  46  30  43  49   8  23   6  17  21   2  49  38   6   5  22  34  10   7  30  22 
  9  16  36  43   1  14  26  27  42  10  39   8  28   8  19   4  41  47  13   0  46  15  39  21  16  37  48  48   3  16  28  46   5  24  26  25  21  21  15  12   3  34  12   6  18  42  12  28  32  38 
 35  39  39  42   1  38  49  35  47  21  25   1  14  25  49  45  12  30  32  42   0  31  48  27  29  11  39  11  47   4  43   4  39  38  40  33  29  25  28  29  12  10  32  40  45  45  47   2  38  40 
 43   9  11  29  47  32  19  28  38  24  23  25  22  46  45   7  28  33  41   3  47   0  34  13  29  36  17  15  11  28  25  19  27  42  16  15  43  40  10  45  20  31  43  18  48  47  45  34   2  33 
 26  16  25  15  33  15  28  35  45   2  24  43  13  45  32   4  19   9  15  11  23  45   0  44  41  40  28  31  12   6   9   2  17   1  39  43  24  21  49  28  22  13  46  49  29  40  33   3   4  18 
 43   2  29  12  49  13  49  48  24  16  34   8  11  11  22  21  22  39  11   8  23  35  21   0  10  45  32  42  34  38   4  10   7  21  26  13  30  39  34  31  39  40  31   5  48  35   6   8  13  37 
 34   5  10  17   3  18  23  18  18  38  19  24   7   5  27  20  49  43  22  10  23  35   9  39   0  14  20  14  30  15  47  16  16   6  16  38  18   7  21  31  25  12  15  14  40   1  13  40  46  44 
 24  30  27  47  34  32  10   1   3   1  14  20   5  39  12  32  12  20  47  24  23  17  43  43  34   0  14  38  12   8  14  42   7  24   7  39  34  36   9  21  16  33  35  32  12  17  34  29  47  25 
 33  23   3   9  35  38  34  29  43  29   9  27  44  39  25   4  23  43  27   7  35   6   4  23  12  38   0   4  36  43  46   5  26  11  14   2  21  16  29  27  43  32   2  42  18  10  40  22   7  16 
 24  36   5  23  25  14  10  47  25  37  29  13  30  18  19  11  35  40  27   6  38  12   2  30  22  31  16   0  19  27  10   4   5   1  35  24  34  36  17  25  43  13  47   9   9  41  25  31  28  47 
  2   9  36  36  33  34  27  38  21  24  21  15  12  35  48  33  24   6  17   8  26  29   3  24  26  29  16  44   0  41  24   2  21   7  33  28  27   7  40  36   2  27  41  20  48  28  19  32   7  28 
 28   1   9  42  15  25  48  25  48   7  26   7  16  23  18   9  33  12  14  29  36  36   4  35  33   4  10  20   4   0  18   4  24   6   3  49  24  36  26  42   3  44  44  23  49  11  18   6  49  47 
 42  13  11  36  14  16  48  32   5  11  17   9  35  12  34  43  11   9  37  45  12  17   3  24  36  19  43  46  37  23   0  22   8  49  40  45  35   9  30   7  22  23  34  30  38  19  34  27  46  32 
 18  14  11  36   4  30   1  34  18  14  30   7  15  26  25  47   9  44  39  11  40  38  33  26  28  19  31   3  38  10  17   0   1   4  43  17  41   4   2  43  37   5  15  10  11  12  29  33  47  38 
 27  14   4  29  16  28  15  11  37  46   8  17  48  14  16  25  11  25  47  15  49  21  24  10  34   5  25  15  16  30  47   7   0  34  35  12  26   6  16  20  13   6  35  19  48  10  23  23  29  11 
 13  47  27   3  35  28   7  47  19  38   4  20   8   6  18  11  35  43   9  45  23  26  24  18  44  40  26  28  41  48  49  26   2   0  39  22  36  16  26  44  19   2  43  17  21  22  20  37  14  29 
 44  20  10  42  47  46  11  12   1   3  25  47  26  36  15  23  41   8   5  44  38   3  13  41   3  42   3  35  40  25  30  44  27  40   0  12   4  21  21   9  18  41  44  36  33  44   5  48   3  41 
 20  33   4   4  10  27   1  22  11  13  14  44  33  49  35   9  39   7  22  25   9  38  43   9  22  30  39  25   3  35   9  32  22  14  31   0  27  27  36  21  35  33   1  47  32   4   8  24  39  39 
 47   4  14  38   2   4  14  26  46  34  34  46  47  15  36  46  39   2  44  14   5   5  21  13  47   6   6   4  14  14  43  25   3   6  48  17   0  35  30  45  14   6  28  20   1  11  43  29   5  23 
 48  29  44  39   9  24  31  39  49   4  12  22   4   1  27  33  45  19  24  30  12  18  39   9  16  49  20   9  30  33   2  32  38  38  23  31  12   0  44  11  13  11  19  11  26  36  14  16  17  16 
 31  32   1   4  22  34  36  16  32  26  31  30   1  18   4  27  37  31  44  13  38  48  34  30  25  17   3   9  22  39  47  29  27  23  14   5  20  29   0  35  41  48  20  38  25  31  48  49  36  45 
 47  45  44  25   1   3   1  13  21  41  49  14   2  14  30   2  34  15  10  26  22  19  12  14  15  15  46  20  17  23  27  30  10  30  10  47   1   5  24   0  15  40   3  49  34   9  20   2  31  29 
 33  43  30  27  47  16  47  48  45  46  29  36   5   3   4  26   5  35  19   5  31  46   7  47  27  36  39  35  26  14  32  26  45  41  39  39  25   7   9  35   0  21  26  41   1  17  24  26   6  20 
  7  40  38  20  30  18   9   8  24  39  26  46  34   6  42   6  40  12   3  21   1   8  17   8  28  19  39  35  23  47   7   5   8  36  41  37  24  41  24  41   9   0  11  43  10  17  38  27  19  44 
  3  44  23  24  36   7  12   1  45  30  16  29  21   7  41  26  15   8  32  11  39  29  28  31   7  22  19  29  40   8  48  16  31  48  44   6  12  17   1  26  10  23   0   3  42  28  42  40  38  26 
 10   1  12  43  44  40  36  48   1   3  37  36  20   6  24  42  31  40  34  16  20   1  22  26  41   9  32  46  22  33  49  14  20   6  42   6   8   2  30  43  21  19  32   0  43  17  40   3  14  24 
 16  18  48  22  10  49  14  28   7  20  45  22  20  37  18  34  44  22  43  29  18   7   9  17   7  28  12  23  38  19  31  15  25  36   6  21  24   6  13   3  19  14   7  19   0  18  45   9   8  23 
 23  27  17   8  21  16   7  29  47  33  23  29  22  43  41  27  15  39  43   3  17   1  48  25   8   9  29  10  10  43  48   6   3  18  29  37  45  32  49  40  27  30  16  13  28   0   5  14  34  22 
  9  10  45  37  40   3   4  44  30  43  46  21   8  23  36  25  13   5  39  48  12  17  43  20  38  41  30  38   4  26  20  16  39   4  27  29   7  27  43  13  48   1  28  10  11   3   0  44  24  39 
 15   2   3  17  24  42  12  29  13  45  18  19   1  20  22  38  45  46   8  12  21  17  15   4  49  24  29  44  12  44  35  12  40  49   9   9   8  41  44  10   4  24  40  48  42   3   5   0  27  37 
 14   3  16  35  31  34  45  19  15  34   1  34  28  17  40  36  48  24  17  44  28  33   2  29   9  27   6   4  18  19  38  30  44  46  49   3  28  46   1  38  36  22   4  18  27  24  44  26   0  26 
 10  31  17  17  15  10  21  24   8  37  48  46  12  43  29  11  24  21  37  30  42   3   7   3  37  45  14  36  17  49  41  19  38  27   9  15  26  14  23  17  16  41   4  32   4   9  45  11  19   0 
M5
  0  29   6   2   6  27  23  34   2  42  29  49  49  49  49  10  42  12   7   2  29  19  30   5  19  42   6  28  32   8  19  20  26  16   6   6  12  11  33  47  29   6  16   3   3  12  14  40   7  40 
 12   0  45  36  44  32  40   3  41  46  10  22  31  32  32   1  28  32   5   3  19  25  48   4  17  42   7  46  12   2  47  39  41  35  14   2  22  43  21  37  26   1   8  25  34  33   5  41  34   6 
 27  26   0  43  41  47  31  31  11  21  39  40  35  43  18  39  36  49  27  45  17  40   2  44  44   5  30  14   3  11  12  44   3  48  35  25  10  24  24  10   6  20  13  14   9   6  32  27  43   7 
 10  28  10   0  13  28  42  49  12  21  12  28  11   9  39   7  12  13  21  41  27  10  12   3  46  47  17  40  21  20  48  44  23  20  17  38  28  18  20  37  36  31  25  29  43  39   3   7  14   7 
 48  33  45  44   0  17  24  46  21  41  27   4  23  19  17   7  39  47   1  20  18  39  22  43  31  40   9  21  11  16  18  41  34   9  41   2  33  30  40  15  27  17  25  13   1  16  44   5   9  18 
  9  27  24  20  29   0  21   3  20  26  25  17  23   7  25  44   4  25  42  31   8  14   7  19  47  16  32  37  29  47  27  25  28   8  11   8  29  17  29  43  20   2  12   1   5   1  37  41  20   2 
 49  44  43  35  42  10   0  21   3  42  47  25  18  10  42  26  44  34  46   1  36  19  40  20  48  35  39   2  22  29  33  26   5  15   6  14  42  27  39  26  35  12   4  38  44  26  24  25  44  21 
  7  38  26  14   4  10  44   0  39  31  26  15  32  42  41  30  15  32   1  28  24  30  35  27  43  38  35   7  48  47   9  14  36  34  22  21  23  34  38  33  20  49   6  48  30  23  26  21  38  39 
 12  15  23  27  21   3  18  26   0  48  23  31   8  14  38  25  16  45  43  34  32   7   8  18  47  31  15  32   8  27  49  26  19  26  35  10  49  12  43  30  39  27  43  33  24  44  21  22  22  47 
 44  31  10   3  23   4  48   5  30   0  10  19  11  28   1   9  12  19  12  13  12  14   2  12   5  29  37  24  37  21  44  12  47  22  47  27   3   3  12  20  21  18  43  12  29  12  29  19  15   7 
  6   5  43  36  41  12  30  20  40  46   0  24  34  17   8  35  30  18  42  12  19  23  20  10  17   6  15  29  28  24  13  36  27  37  37  14   5  45  15   3   3  22  12   5  17  42  28  10  30   2 
 42  10  25   7  21  28  49  11  27  28  21   0  11  49  31  26  45  29  40  26  18  24  37  13  33  47  33  11  12  29  29  44  16  39   7  36   7  28  45  17  37  29   1  10   3  48   4  11  24   1 
 42  25  19  39  31  11  25  28  38  11   6   3   0  12  14  32  37  25  43  49   2  41   9  40  23  42   4  17  11  43  34  40  44  29   9  20   4  16  25  14  46  40   9  30  13  46  11  11   1   2 
 42  29  37  16   8   2  35  31  39  20  38  30   7   0  10  24  43  22  31  32  45   6  26  35  25   5  10  14  19  34  40   9  37   1  32  30  44  32  18  44  12  11  32  14   4   9  24  39  10  34 
  8  41   9   9  28  33  25  49  39  15  40  39  13  15   0  28  26  18   3  33  37  44   3  45  17   6   6  29   9  11  44  36  38  20  39   9  24  17   8  45  19  34  39   6  23  25  15   5  23  45 
 47  18  21  47  12  22  43  17  11   1  43   5  42   5  36   0  31  47  10  13  41   8  43  39  42  25  20  26  38   2  11   2  46  26   4  34   7  47   5  35  16  37  26  14  29  28  37  42  13   9 
 24  18  46  16  19  48  33  28  28  23  26  37  22   4  14  46   0   5  13  10  37  39  35  29  39  48   7  21   7  15  46  33   7  48  41  19  35  45   2  15  34  30  33  11   1  42  40  44  34  43 
 23  36   1   5  26  39  12   1   5  31  10  26   7  49  37  45  20   0   4  25  29  36  37  23  49  21   5  34  44  20  23  48  32   2  22   7  17  26   6  46  44  37  15  30  30  34  45  19  42  36 
 20  29  44  16  31  33   9  23  31  29  37  15  27  25   9  33   6  22   0  40  17  36  13  13  46   1   9  18  10  37  46  30  43  49   8  23   6  17  21   2  49  38   6   5  22  34  10   7  30  22 
  9  16  36  43   1  14  26  27  42  10  39   8  28   8  19   4  41  47  13   0  46  15  39  21  16  37  48  48   3  16  28  46   5  24  26  25  21  21  15  12   3  34  12   6  18  42  12  28  32  38 
 35  39  39  42   1  38  49  35  47  21  25   1  14  25  49  45  12  30  32  42   0  31  48  27  29  11  39  11  47   4  43   4  39  38  40  33  29  25  28  29  12  10  32  40  45  45  47   2  38  40 
 43   9  11  29  47  32  19  28  38  24  23  25  22  46  45   7  28  33  41   3  47   0  34  13  29  36  17  15  11  28  25  19  27  42  16  15  43  40  10  45  20  31  43  18  48  47  45  34   2  33 
 26  16  25  15  33  15  28  35  45   2  24  43  13  45  32   4  19   9  15  11  23  45   0  44  41  40  28  31  12   6   9   2  17   1  39  43  24  21  49  28  22  13  46  49  29  40  33   3   4  18 
 43   2  29  12  49  13  49  48  24  16  34   8  11  11  22  21  22  39  11   8  23  35  21   0  10  45  32  42  34  38   4  10   7  21  26  13  30  39  34  31  39  40  31   5  48  35   6   8  13  37 
 34   5  10  17   3  18  23  18  18  38  19  24   7   5  27  20  49  43  22  10  23  35   9  39   0  14  20  14  30  15  47  16  16   6  16  38  18   7  21  31  25  12  15  14  40   1  13  40  46  44 
 24  30  27  47  34  32  10   1   3   1  14  20   5  39  12  32  12  20  47  24  23  17  43  43  34   0  14  38  12   8  14  42   7  24   7  39  34  36   9  21  16  33  35  32  12  17  34  29  47  25 
 33  23   3   9  35  38  34  29  43  29   9  27  44  39  25   4  23  43  27   7  35   6   4  23  12  38   0   4  36  43  46   5  26  11  14   2  21  16  29  27  43  32   2  42  18  10  40  22   7  16 
 24  36   5  23  25  14  10  47  25  37  29  13  30  18  19  11  35  40  27   6  38  12   2  30  22  31  16   0  19  27  10   4   5   1  35  24  34  36  17  25  43  13  47   9   9  41  25  31  28  47 
  2   9  36  36  33  34  27  38  21  24  21  15  12  35  48  33  24   6  17   8  26  29   3  24  26  29  16  44   0  41  24   2  21   7  33  28  27   7  40  36   2  27  41  20  48  28  19  32   7  28 
 28   1   9  42  15  25  48  25  48   7  26   7  16  23  18   9  33  12  14  29  36  36   4  35  33   4  10  20   4   0  18   4  24   6   3  49  24  36  26  42   3  44  44  23  49  11  18   6  49  47 
 42  13  11  36  14  16  48  32   5  11  17   9  35  12  34  43  11   9  37  45  12  17   3  24  36  19  43  46  37  23   0  22   8  49  40  45  35   9  30   7  22  23  34  30  38  19  34  27  46  32 
 18  14  11  36   4  30   1  34  18  14  30   7  15  26  25  47   9  44  39  11  40  38  33  26  28  19  31   3  38  10  17   0   1   4  43  17  41   4   2  43  37   5  15  10  11  12  29  33  47  38 
 27  14   4  29  16  28  15  11  37  46   8  17  48  14  16  25  11  25  47  15  49  21  24  10  34   5  25  15  16  30  47   7   0  34  35  12  26   6  16  20  13   6  35  19  48  10  23  23  29  11 
 13  47  27   3  35  28   7  47  19  38   4  20   8   6  18  11  35  43   9  45  23  26  24  18  44  40  26  28  41  48  49  26   2   0  39  22  36  16  26  44  19   2  43  17  21  22  20  37  14  29 
 44  20  10  42  47  46  11  12   1   3  25  47  26  36  15  23  41   8   5  44  38   3  13  41   3  42   3  35  40  25  30  44  27  40   0  12   4  21  21   9  18  41  44  36  33  44   5  48   3  41 
 20  33   4   4  10  27   1  22  11  13  14  44  33  49  35   9  39   7  22  25   9  38  43   9  22  30  39  25   3  35   9  32  22  14  31   0  27  27  36  21  35  33   1  47  32   4   8  24  39  39 
 47   4  14  38   2   4  14  26  46  34  34  46  47  15  36  46  39   2  44  14   5   5  21  13  47   6   6   4  14  14  43  25   3   6  48  17   0  35  30  45  14   6  28  20   1  11  43  29   5  23 
 48  29  44  39   9  24  31  39  49   4  12  22   4   1  27  33  45  19  24  30  12  18  39   9  16  49  20   9  30  33   2  32  38  38  23  31  12   0  44  11  13  11  19  11  26  36  14  16  17  16 
 31  32   1   4  22  34  36  16  32  26  31  30   1  18   4  27  37  31  44  13  38  48  34  30  25  17   3   9  22  39  47  29  27  23  14   5  20  29   0  35  41  48  20  38  25  31  48  49  36  45 
 47  45  44  25   1   3   1  13  21  41  49  14   2  14  30   2  34  15  10  26  22  19  12  14  15  15  46  20  17  23  27  30  10  30  10  47   1   5  24   0  15  40   3  49  34   9  20   2  31  29 
 33  43  30  27  47  16  47  48  45  46  29  36   5   3   4  26   5  35  19   5  31  46   7  47  27  36  39  35  26  14  32  26  45  41  39  39  25   7   9  35   0  21  26  41   1  17  24  26   6  20 
  7  40  38  20  30  18   9   8  24  39  26  46  34   6  42   6  40  12   3  21   1   8  17   8  28  19  39  35  23  47   7   5   8  36  41  37  24  41  24  41   9   0  11  43  10  17  38  27  19  44 
  3  44  23  24  36   7  12   1  45  30  16  29  21   7  41  26  15   8  32  11  39  29  28  31   7  22  19  29  40   8  48  16  31  48  44   6  12  17   1  26  10  23   0   3  42  28  42  40  38  26 
 10   1  12  43  44  40  36  48   1   3  37  36  20   6  24  42  31  40  34  16  20   1  22  26  41   9  32  46  22  33  49  14  20   6  42   6   8   2  30  43  21  19  32   0  43  17  40   3  14  24 
 16  18  48  22  10  49  14  28   7  20  45  22  20  37  18  34  44  22  43  29  18   7   9  17   7  28  12  23  38  19  31  15  25  36   6  21  24   6  13   3  19  14   7  19   0  18  45   9   8  23 
 23  27  17   8  21  16   7  29  47  33  23  29  22  43  41  27  15  39  43   3  17   1  48  25   8   9  29  10  10  43  48   6   3  18  29  37  45  32  49  40  27  30  16  13  28   0   5  14  34  22 
  9  10  45  37  40   3   4  44  30  43  46  21   8  23  36  25  13   5  39  48  12  17  43  20  38  41  30  38   4  26  20  16  39   4  27  29   7  27  43  13  48   1  28  10  11   3   0  44  24  39 
 15   2   3  17  24  42  12  29  13  45  18  19   1  20  22  38  45  46   8  12  21  17  15   4  49  24  29  44  12  44  35  12  40  49   9   9   8  41  44  10   4  24  40  48  42   3   5   0  27  37 
 14   3  16  35  31  34  45  19  15  34   1  34  28  17  40  36  48  24  17  44  28  33   2  29   9  27   6   4  18  19  38  30  44  46  49   3  28  46   1  38  36  22   4  18  27  24  44  26   0  26 
 10  31  17  17  15  10  21  24   8  37  48  46  12  43  29  11  24  21  37  30  42   3   7   3  37  45  14  36  17  49  41  19  38  27   9  15  26  14  23  17  16  41   4  32   4   9  45  11  19   0 
M6
  0  29   6   2   6  27  23  34   2  42  29  49  49  49  49  10  42  12   7   2  29  19  30   5  19  42   6  28  32   8  19  20  26  16   6   6  12  11  33  47  29   6  16   3   3  12  14  40   7  40 
 12   0  45  36  44  32  40   3  41  46  10  22  31  32  32   1  28  32   5   3  19  25  48   4  17  42   7  46  12   2  47  39  41  35  14   2  22  43  21  37  26   1   8  25  34  33   5  41  34   6 
 27  26   0  43  41  47  31  31  11  21  39  40  35  43  18  39  36  49  27  45  17  40   2  44  44   5  30  14   3  11  12  44   3  48  35  25  10  24  24  10   6  20  13  14   9   6  32  27  43   7 
 10  28  10   0  13  28  42  49  12  21  12  28  11   9  39   7  12  13  21  41  27  10  12   3  46  47  17  40  21  20  48  44  23  20  17  38  28  18  20  37  36  31  25  29  43  39   3   7  14   7 
 48  33  45  44   0  17  24  46  21  41  27   4  23  19  17   7  39  47   1  20  18  39  22  43  31  40   9  21  11  16  18  41  34   9  41   2  33  30  40  15  27  17  25  13   1  16  44   5   9  18 
  9  27  24  20  29   0  21   3  20  26  25  17  23   7  25  44   4  25  42  31   8  14   7  19  47  16  32  37  29  47  27  25  28   8  11   8  29  17  29  43  20   2  12   1   5   1  37  41  20   2 
 49  44  43  35  42  10   0  21   3  42  47  25  18  10  42  26  44  34  46   1  36  19  40  20  48  35  39   2  22  29  33  26   5  15   6  14  42  27  39  26  35  12   4  38  44  26  24  25  44  21 
  7  38  26  14   4  10  44   0  39  31  26  15  32  42  41  30  15  32   1  28  24  30  35  27  43  38  35   7  48  47   9  14  36  34  22  21  23  34  38  33  20  49   6  48  30  23  26  21  38  39 
 12  15  23  27  21   3  18  26   0  48  23  31   8  14  38  25  16  45  43  34  32   7   8  18  47  31  15  32   8  27  49  26  19  26  35  10  49  12  43  30  39  27  43  33  24  44  21  22  22  47 
 44  31  10   3  23   4  48   5  30   0  10  19  11  28   1   9  12  19  12  13  12  14   2  12   5  29  37  24  37  21  44  12  47  22  47  27   3   3  12  20  21  18  43  12  29  12  29  19  15   7 
  6   5  43  36  41  12  30  20  40  46   0  24  34  17   8  35  30  18  42  12  19  23  20  10  17   6  15  29  28  24  13  36  27  37  37  14   5  45  15   3   3  22  12   5  17  42  28  10  30   2 
 42  10  25   7  21  28  49  11  27  28  21   0  11  49  31  26  45  29  40  26  18  24  37  13  33  47  33  11  12  29  29  44  16  39   7  36   7  28  45  17  37  29   1  10   3  48   4  11  24   1 
 42  25  19  39  31  11  25  28  38  11   6   3   0  12  14  32  37  25  43  49   2  41   9  40  23  42   4  17  11  43  34  40  44  29   9  20   4  16  25  14  46  40   9  30  13  46  11  11   1   2 
 42  29  37  16   8   2  35  31  39  20  38  30   7   0  10  24  43  22  31  32  45   6  26  35  25   5  10  14  19  34  40   9  37   1  32  30  44  32  18  44  12  11  32  14   4   9  24  39  10  34 
  8  41   9   9  28  33  25  49  39  15  40  39  13  15   0  28  26  18   3  33  37  44   3  45  17   6   6  29   9  11  44  36  38  20  39   9  24  17   8  45  19  34  39   6  23  25  15   5  23  45 
 47  18  21  47  12  22  43  17  11   1  43   5  42   5  36   0  31  47  10  13  41   8  43  39  42  25  20  26  38   2  11   2  46  26   4  34   7  47   5  35  16  37  26  14  29  28  37  42  13   9 
 24  18  46  16  19  48  33  28  28  23  26  37  22   4  14  46   0   5  13  10  37  39  35  29  39  48   7  21   7  15  46  33   7  48  41  19  35  45   2  15  34  30  33  11   1  42  40  44  34  43 
 23  36   1   5  26  39  12   1   5  31  10  26   7  49  37  45  20   0   4  25  29  36  37  23  49  21   5  34  44  20  23  48  32   2  22   7  17  26   6  46  44  37  15  30  30  34  45  19  42  36 
 20  29  44  16  31  33   9  23  31  29  37  15  27  25   9  33   6  22   0  40  17  36  13  13  46   1   9  18  10  37  46  30  43  49   8  23   6  17  21   2  49  38   6   5  22  34  10   7  30  22 
  9  16  36  43   1  14  26  27  42  10  39   8  28   8  19   4  41  47  13   0  46  15  39  21  16  37  48  48   3  16  28  46   5  24  26  25  21  21  15  12   3  34  12   6  18  42  12  28  32  38 
 35  39  39  42   1  38  49  35  47  21  25   1  14  25  49  45  12  30  32  42   0  31  48  27  29  11  39  11  47   4  43   4  39  38  40  33  29  25  28  29  12  10  32  40  45  45  47   2  38  40 
 43   9  11  29  47  32  19  28  38  24  23  25  22  46  45   7  28  33  41   3  47   0  34  13  29  36  17  15  11  28  25  19  27  42  16  15  43  40  10  45  20  31  43  18  48  47  45  34   2  33 
 26  16  25  15  33  15  28  35  45   2  24  43  13  45  32   4  19   9  15  11  23  45   0  44  41  40  28  31  12   6   9   2  17   1  39  43  24  21  49  28  22  13  46  49  29  40  33   3   4  18 
 43   2  29  12  49  13  49  48  24  16  34   8  11  11  22  21  22  39  11   8  23  35  21   0  10  45  32  42  34  38   4  10   7  21  26  13  30  39  34  31  39  40  31   5  48  35   6   8  13  37 
 34   5  10  17   3  18  23  18  18  38  19  24   7   5  27  20  49  43  22  10  23  35   9  39   0  14  20  14  30  15  47  16  16   6  16  38  18   7  21  31  25  12  15  14  40   1  13  40  46  44 
 24  30  27  47  34  32  10   1   3   1  14  20   5  39  12  32  12  20  47  24  23  17  43  43  34   0  14  38  12   8  14  42   7  24   7  39  34  36   9  21  16  33  35  32  12  17  34  29  47  25 
 33  23   3   9  35  38  34  29  43  29   9  27  44  39  25   4  23  43  27   7  35   6   4  23  12  38   0   4  36  43  46   5  26  11  14   2  21  16  29  27  43  32   2  42  18  10  40  22   7  16 
 24  36   5  23  25  14  10  47  25  37  29  13  30  18  19  11  35  40  27   6  38  12   2  30  22  31  16   0  19  27  10   4   5   1  35  24  34  36  17  25  43  13  47   9   9  41  25  31  28  47 
  2   9  36  36  33  34  27  38  21  24  21  15  12  35  48  33  24   6  17   8  26  29   3  24  26  29  16  44   0  41  24   2  21   7  33  28  27   7  40  36   2  27  41  20  48  28  19  32   7  28 
 28   1   9  42  15  25  48  25  48   7  26   7  16  23  18   9  33  12  14  29  36  36   4  35  33   4  10  20   4   0  18   4  24   6   3  49  24  36  26  42   3  44  44  23  49  11  18   6  49  47 
 42  13  11  36  14  16  48  32   5  11  17   9  35  12  34  43  11   9  37  45  12  17   3  24  36  19  43  46  37  23   0  22   8  49  40  45  35   9  30   7  22  23  34  30  38  19  34  27  46  32 
 18  14  11  36   4  30   1  34  18  14  30   7  15  26  25  47   9  44  39  11  40  38  33  26  28  19  31   3  38  10  17   0   1   4  43  17  41   4   2  43  37   5  15  10  11  12  29  33  47  38 
 27  14   4  29  16  28  15  11  37  46   8  17  48  14  16  25  11  25  47  15  49  21  24  10  34   5  25  15  16  30  47   7   0  34  35  12  26   6  16  20  13   6  35  19  48  10  23  23  29  11 
 13  47  27   3  35  28   7  47  19  38   4  20   8   6  18  11  35  43   9  45  23  26  24  18  44  40  26  28  41  48  49  26   2   0  39  22  36  16  26  44  19   2  43  17  21  22  20  37  14  29 
 44  20  10  42  47  46  11  12   1   3  25  47  26  36  15  23  41   8   5  44  38   3  13  41   3  42   3  35  40  25  30  44  27  40   0  12   4  21  21   9  18  41  44  36  33  44   5  48   3  41 
 20  33   4   4  10  27   1  22  11  13  14  44  33  49  35   9  39   7  22  25   9  38  43   9  22  30  39  25   3  35   9  32  22  14  31   0  27  27  36  21  35  33   1  47  32   4   8  24  39  39 
 47   4  14  38   2   4  14  26  46  34  34  46  47  15  36  46  39   2  44  14   5   5  21  13  47   6   6   4  14  14  43  25   3   6  48  17   0  35  30  45  14   6  28  20   1  11  43  29   5  23 
 48  29  44  39   9  24  31  39  49   4  12  22   4   1  27  33  45  19  24  30  12  18  39   9  16  49  20   9  30  33   2  32  38  38  23  31  12   0  44  11  13  11  19  11  26  36  14  16  17  16 
 31  32   1   4  22  34  36  16  32  26  31  30   1  18   4  27  37  31  44  13  38  48  34  30  25  17   3   9  22  39  47  29  27  23  14   5  20  29   0  35  41  48  20  38  25  31  48  49  36  45 
 47  45  44  25   1   3   1  13  21  41  49  14   2  14  30   2  34  15  10  26  22  19  12  14  15  15  46  20  17  23  27  30  10  30  10  47   1   5  24   0  15  40   3  49  34   9  20   2  31  29 
 33  43  30  27  47  16  47  48  45  46  29  36   5   3   4  26   5  35  19   5  31  46   7  47  27  36  39  35  26  14  32  26  45  41  39  39  25   7   9  35   0  21  26  41   1  17  24  26   6  20 
  7  40  38  20  30  18   9   8  24  39  26  46  34   6  42   6  40  12   3  21   1   8  17   8  28  19  39  35  23  47   7   5   8  36  41  37  24  41  24  41   9   0  11  43  10  17  38  27  19  44 
  3  44  23  24  36   7  12   1  45  30  16  29  21   7  41  26  15   8  32  11  39  29  28  31   7  22  19  29  40   8  48  16  31  48  44   6  12  17   1  26  10  23   0   3  42  28  42  40  38  26 
 10   1  12  43  44  40  36  48   1   3  37  36  20   6  24  42  31  40  34  16  20   1  22  26  41   9  32  46  22  33  49  14  20   6  42   6   8   2  30  43  21  19  32   0  43  17  40   3  14  24 
 16  18  48  22  10  49  14  28   7  20  45  22  20  37  18  34  44  22  43  29  18   7   9  17   7  28  12  23  38  19  31  15  25  36   6  21  24   6  13   3  19  14   7  19   0  18  45   9   8  23 
 23  27  17   8  21  16   7  29  47  33  23  29  22  43  41  27  15  39  43   3  17   1  48  25   8   9  29  10  10  43  48   6   3  18  29  37  45  32  49  40  27  30  16  13  28   0   5  14  34  22 
  9  10  45  37  40   3   4  44  30  43  46  21   8  23  36  25  13   5  39  48  12  17  43  20  38  41  30  38   4  26  20  16  39   4  27  29   7  27  43  13  48   1  28  10  11   3   0  44  24  39 
 15   2   3  17  24  42  12  29  13  45  18  19   1  20  22  38  45  46   8  12  21  17  15   4  49  24  29  44  12  44  35  12  40  49   9   9   8  41  44  10   4  24  40  48  42   3   5   0  27  37 
 14   3  16  35  31  34  45  19  15  34   1  34  28  17  40  36  48  24  17  44  28  33   2  29   9  27   6   4  18  19  38  30  44  46  49   3  28  46   1  38  36  22   4  18  27  24  44  26   0  26 
 10  31  17  17  15  10  21  24   8  37  48  46  12  43  29  11  24  21  37  30  42   3   7   3  37  45  14  36  17  49  41  19  38  27   9  15  26  14  23  17  16  41   4  32   4   9  45  11  19   0 
M7
  0  29   6   2   6  27  23  34   2  42  29  49  49  49  49  10  42  12   7   2  29  19  30   5  19  42   6  28  32   8  19  20  26  16   6   6  12  11  33  47  29   6  16   3   3  12  14  40   7  40 
 12   0  45  36  44  32  40   3  41  46  10  22  31  32  32   1  28  32   5   3  19  25  48   4  17  42   7  46  12   2  47  39  41  35  14   2  22  43  21  37  26   1   8  25  34  33   5  41  34   6 
 27  26   0  43  41  47  31  31  11  21  39  40  35  43  18  39  36  49  27  45  17  40   2  44  44   5  30  14   3  11  12  44   3  48  35  25  10  24  24  10   6  20  13  14   9   6  32  27  43   7 
 10  28  10   0  13  28  42  49  12  21  12  28  11   9  39   7  12  13  21  41  27  10  12   3  46  47  17  40  21  20  48  44  23  20  17  38  28  18  20  37  36  31  25  29  43  39   3   7  14   7 
 48  33  45  44   0  17  24  46  21  41  27   4  23  19  17   7  39  47   1  20  18  39  22  43  31  40   9  21  11  16  18  41  34   9  41   2  33  30  40  15  27  17  25  13   1  16  44   5   9  18 
  9  27  24  20  29   0  21   3  20  26  25  17  23   7  25  44   4  25  42  31   8  14   7  19  47  16  32  37  29  47  27  25  28   8  11   8  29  17  29  43  20   2  12   1   5   1  37  41  20   2 
 49  44  43  35  42  10   0  21   3  42  47  25  18  10  42  26  44  34  46   1  36  19  40  20  48  35  39   2  22  29  33  26   5  15   6  14  42  27  39  26  35  12   4  38  44  26  24  25  44  21 
  7  38  26  14   4  10  44   0  39  31  26  15  32  42  41  30  15  32   1  28  24  30  35  27  43  38  35   7  48  47   9  14  36  34  22  21  23  34  38  33  20  49   6  48  30  23  26  21  38  39 
 12  15  23  27  21   3  18  26   0  48  23  31   8  14  38  25  16  45  43  34  32   7   8  18  47  31  15  32   8  27  49  26  19  26  35  10  49  12  43  30  39  27  43  33  24  44  21  22  22  47 
 44  31  10   3  23   4  48   5  30   0  10  19  11  28   1   9  12  19  12  13  12  14   2  12   5  29  37  24  37  21  44  12  47  22  47  27   3   3  12  20  21  18  43  12  29  12  29  19  15   7 
  6   5  43  36  41  12  30  20  40  46   0  24  34  17   8  35  30  18  42  12  19  23  20  10  17   6  15  29  28  24  13  36  27  37  37  14   5  45  15   3   3  22  12   5  17  42  28  10  30   2 
 42  10  25   7  21  28  49  11  27  28  21   0  11  49  31  26  45  29  40  26  18  24  37  13  33  47  33  11  12  29  29  44  16  39   7  36   7  28  45  17  37  29   1  10   3  48   4  11  24   1 
 42  25  19  39  31  11  25  28  38  11   6   3   0  12  14  32  37  25  43  49   2  41   9  40  23  42   4  17  11  43  34  40  44  29   9  20   4  16  25  14  46  40   9  30  13  46  11  11   1   2 
 42  29  37  16   8   2  35  31  39  20  38  30   7   0  10  24  43  22  31  32  45   6  26  35  25   5  10  14  19  34  40   9  37   1  32  30  44  32  18  44  12  11  32  14   4   9  24  39  10  34 
  8  41   9   9  28  33  25  49  39  15  40  39  13  15   0  28  26  18   3  33  37  44   3  45  17   6   6  29   9  11  44  36  38  20  39   9  24  17   8  45  19  34  39   6  23  25  15   5  23  45 
 47  18  21  47  12  22  43  17  11   1  43   5  42   5  36   0  31  47  10  13  41   8  43  39  42  25  20  26  38   2  11   2  46  26   4  34   7  47   5  35  16  37  26  14  29  28  37  42  13   9 
 24  18  46  16  19  48  33  28  28  23  26  37  22   4  14  46   0   5  13  10  37  39  35  29  39  48   7  21   7  15  46  33   7  48  41  19  35  45   2  15  34  30  33  11   1  42  40  44  34  43 
 23  36   1   5  26  39  12   1   5  31  10  26   7  49  37  45  20   0   4  25  29  36  37  23  49  21   5  34  44  20  23  48  32   2  22   7  17  26   6  46  44  37  15  30  30  34  45  19  42  36 
 20  29  44  16  31  33   9  23  31  29  37  15  27  25   9  33   6  22   0  40  17  36  13  13  46   1   9  18  10  37  46  30  43  49   8  23   6  17  21   2  49  38   6   5  22  34  10   7  30  22 
  9  16  36  43   1  14  26  27  42  10  39   8  28   8  19   4  41  47  13   0  46  15  39  21  16  37  48  48   3  16  28  46   5  24  26  25  21  21  15  12   3  34  12   6  18  42  12  28  32  38 
 35  39  39  42   1  38  49  35  47  21  25   1  14  25  49  45  12  30  32  42   0  31  48  27  29  11  39  11  47   4  43   4  39  38  40  33  29  25  28  29  12  10  32  40  45  45  47   2  38  40 
 43   9  11  29  47  32  19  28  38  24  23  25  22  46  45   7  28  33  41   3  47   0  34  13  29  36  17  15  11  28  25  19  27  42  16  15  43  40  10  45  20  31  43  18  48  47  45  34   2  33 
 26  16  25  15  33  15  28  35  45   2  24  43  13  45  32   4  19   9  15  11  23  45   0  44  41  40  28  31  12   6   9   2  17   1  39  43  24  21  49  28  22  13  46  49  29  40  33   3   4  18 
 43   2  29  12  49  13  49  48  24  16  34   8  11  11  22  21  22  39  11   8  23  35  21   0  10  45  32  42  34  38   4  10   7  21  26  13  30  39  34  31  39  40  31   5  48  35   6   8  13  37 
 34   5  10  17   3  18  23  18  18  38  19  24   7   5  27  20  49  43  22  10  23  35   9  39   0  14  20  14  30  15  47  16  16   6  16  38  18   7  21  31  25  12  15  14  40   1  13  40  46  44 
 24  30  27  47  34  32  10   1   3   1  14  20   5  39  12  32  12  20  47  24  23  17  43  43  34   0  14  38  12   8  14  42   7  24   7  39  34  36   9  21  16  33  35  32  12  17  34  29  47  25 
 33  23   3   9  35  38  34  29  43  29   9  27  44  39  25   4  23  43  27   7  35   6   4  23  12  38   0   4  36  43  46   5  26  11  14   2  21  16  29  27  43  32   2  42  18  10  40  22   7  16 
 24  36   5  23  25  14  10  47  25  37  29  13  30  18  19  11  35  40  27   6  38  12   2  30  22  31  16   0  19  27  10   4   5   1  35  24  34  36  17  25  43  13  47   9   9  41  25  31  28  47 
  2   9  36  36  33  34  27  38  21  24  21  15  12  35  48  33  24   6  17   8  26  29   3  24  26  29  16  44   0  41  24   2  21   7  33  28  27   7  40  36   2  27  41  20  48  28  19  32   7  28 
 28   1   9  42  15  25  48  25  48   7  26   7  16  23  18   9  33  12  14  29  36  36   4  35  33   4  10  20   4   0  18   4  24   6   3  49  24  36  26  42   3  44  44  23  49  11  18   6  49  47 
 42  13  11  36  14  16  48  32   5  11  17   9  35  12  34  43  11   9  37  45  12  17   3  24  36  19  43  46  37  23   0  22   8  49  40  45  35   9  30   7  22  23  34  30  38  19  34  27  46  32 
 18  14  11  36   4  30   1  34  18  14  30   7  15  26  25  47   9  44  39  11  40  38  33  26  28  19  31   3  38  10  17   0   1   4  43  17  41   4   2  43  37   5  15  10  11  12  29  33  47  38 
 27  14   4  29  16  28  15  11  37  46   8  17  48  14  16  25  11  25  47  15  49  21  24  10  34   5  25  15  16  30  47   7   0  34  35  12  26   6  16  20  13   6  35  19  48  10  23  23  29  11 
 13  47  27   3  35  28   7  47  19  38   4  20   8   6  18  11  35  43   9  45  23  26  24  18  44  40  26  28  41  48  49  26   2   0  39  22  36  16  26  44  19   2  43  17  21  22  20  37  14  29 
 44  20  10  42  47  46  11  12   1   3  25  47  26  36  15  23  41   8   5  44  38   3  13  41   3  42   3  35  40  25  30  44  27  40   0  12   4  21  21   9  18  41  44  36  33  44   5  48   3  41 
 20  33   4   4  10  27   1  22  11  13  14  44  33  49  35   9  39   7  22  25   9  38  43   9  22  30  39  25   3  35   9  32  22  14  31   0  27  27  36  21  35  33   1  47  32   4   8  24  39  39 
 47   4  14  38   2   4  14  26  46  34  34  46  47  15  36  46  39   2  44  14   5   5  21  13  47   6   6   4  14  14  43  25   3   6  48  17   0  35  30  45  14   6  28  20   1  11  43  29   5  23 
 48  29  44  39   9  24  31  39  49   4  12  22   4   1  27  33  45  19  24  30  12  18  39   9  16  49  20   9  30  33   2  32  38  38  23  31  12   0  44  11  13  11  19  11  26  36  14  16  17  16 
 31  32   1   4  22  34  36  16  32  26  31  30   1  18   4  27  37  31  44  13  38  48  34  30  25  17   3   9  22  39  47  29  27  23  14   5  20  29   0  35  41  48  20  38  25  31  48  49  36  45 
 47  45  44  25   1   3   1  13  21  41  49  14   2  14  30   2  34  15  10  26  22  19  12  14  15  15  46  20  17  23  27  30  10  30  10  47   1   5  24   0  15  40   3  49  34   9  20   2  31  29 
 33  43  30  27  47  16  47  48  45  46  29  36   5   3   4  26   5  35  19   5  31  46   7  47  27  36  39  35  26  14  32  26  45  41  39  39  25   7   9  35   0  21  26  41   1  17  24  26   6  20 
  7  40  38  20  30  18   9   8  24  39  26  46  34   6  42   6  40  12   3  21   1   8  17   8  28  19  39  35  23  47   7   5   8  36  41  37  24  41  24  41   9   0  11  43  10  17  38  27  19  44 
  3  44  23  24  36   7  12   1  45  30  16  29  21   7  41  26  15   8  32  11  39  29  28  31   7  22  19  29  40   8  48  16  31  48  44   6  12  17   1  26  10  23   0   3  42  28  42  40  38  26 
 10   1  12  43  44  40  36  48   1   3  37  36  20   6  24  42  31  40  34  16  20   1  22  26  41   9  32  46  22  33  49  14  20   6  42   6   8   2  30  43  21  19  32   0  43  17  40   3  14  24 
 16  18  48  22  10  49  14  28   7  20  45  22  20  37  18  34  44  22  43  29  18   7   9  17   7  28  12  23  38  19  31  15  25  36   6  21  24   6  13   3  19  14   7  19   0  18  45   9   8  23 
 23  27  17   8  21  16   7  29  47  33  23  29  22  43  41  27  15  39  43   3  17   1  48  25   8   9  29  10  10  43  48   6   3  18  29  37  45  32  49  40  27  30  16  13  28   0   5  14  34  22 
  9  10  45  37  40   3   4  44  30  43  46  21   8  23  36  25  13   5  39  48  12  17  43  20  38  41  30  38   4  26  20  16  39   4  27  29   7  27  43  13  48   1  28  10  11   3   0  44  24  39 
 15   2   3  17  24  42  12  29  13  45  18  19   1  20  22  38  45  46   8  12  21  17  15   4  49  24  29  44  12  44  35  12  40  49   9   9   8  41  44  10   4  24  40  48  42   3   5   0  27  37 
 14   3  16  35  31  34  45  19  15  34   1  34  28  17  40  36  48  24  17  44  28  33   2  29   9  27   6   4  18  19  38  30  44  46  49   3  28  46   1  38  36  22   4  18  27  24  44  26   0  26 
 10  31  17  17  15  10  21  24   8  37  48  46  12  43  29  11  24  21  37  30  42   3   7   3  37  45  14  36  17  49  41  19  38  27   9  15  26  14  23  17  16  41   4  32   4   9  45  11  19   0 
Reldue
  969    5    3
 1719    3    5
 2005    1    6
 1798    6    8
 1682    7    3
 2197    8    2
 1444    7    7
 2449    2    4
  963    2    2
  839    5    1
 1075    6    4
 1252    2    8
 1766    6    1
 1591    4    5
 1039    5    5
  794    1    6
 2301    4    6
 1340    9    5
 2485    7    7
 1369    3    8
 1428    9    7
 1629    4    4
 1281    6    5
 1971    7    2
 1093    1    7
 2113    4    6
 2197    1    1
 1469    3    7
 1273    5    2
 2472    2    5
 1508    9    9
 1584    5    3
  887    3    7
  658    2    5
 2627    7    9
  612    4    5
 1723    4    1
 2060    5    6
 1791    9    8
 1922    9    1
 1824    3    3
 1133    3    4
 1787    1    1
 1420    8    6
  959    2    6
 1751    1    6
 1384    4    2
 1758    2    7
  694    5    8
 1296    7    2
DDW
  899  1038
 1580  1857
 1862  2148
 1707  1888
 1597  1767
 2017  2378
 1365  1524
 2283  2615
  908  1017
  789   889
  992  1158
 1127  1377
 1632  1901
 1477  1705
  937  1141
  718   871
 2122  2480
 1216  1464
 2276  2695
 1296  1442
 1354  1503
 1524  1733
 1206  1355
 1833  2109
 1019  1166
 1989  2237
 2045  2350
 1331  1607
 1178  1368
 2242  2702
 1365  1652
 1437  1731
  805   968
  593   723
 2374  2880
  564   660
 1630  1816
 1873  2247
 1661  1922
 1756  2089
 1721  1926
 1044  1222
 1644  1931
 1317  1524
  893  1025
 1655  1847
 1246  1522
 1642  1873
  632   757
 1223  1369
