20  10
MD
  5  3  2  2  2  3  5  5  5  3
PT
 35  51  20  53   3  31  59  78  16  66  86  94  91  86  86  34  98  30  37  49 
 98  31  44  43  58   8  56   9  57   3  82  79  67  62  93   9  73   6  84  43 
 93  93  98  66   7  90  17  87  28  73  61  42  15  38  98  62  12  39  50  37 
 27  68  19  16  97  44  16  83   8  13  53  82  48  23   3  69  59  62   8  95 
 70  93  77  44  99  25  80  36   9  60  12  21  61  10   8  24  52  26  56  31 
 34  53  78  61  40  88  38  89  25   8  57  35  19  66  45  92  12  89  29  39 
 62  73  89  84  36  89  91  11  72  20  38  71  80   2  20   3  86  12  18  66 
 64  94   2  16  39  93  92  58  84  53  72  92  95  43  65  37  26  37  11  32 
 25  94  63  89  84  61  77  16  61   4  11  32  42  26  37  31  81  89  73  14 
 78  26  92   5  13  82  75  15  86  36   5   8  91  46  97  17  14  27  88  23 
SSD
M0
  0   7  47  25  36   5  43  45   8  20  35  34  20  32   2  39  16  31  21   2 
 44   0  15   5  48  11  43  37  37  12  34  30  43  34  46  21  18   5  17   9 
 26  40   0  31  48  20  24   2  31  49  48  41  40  14  20  30   6  22  41   6 
 47  25   5   0  21  25  37   3  10  40  25  26  41  20   8  26  14  27  38   9 
 39  16  48  35   0  10  44  42  49  49  20  46  44  37  35  34  21  18  14  21 
 40  33  34   4  31   0  44   9  28  29   6  36  27   5  49   7  22  13  20  41 
 35  16  48  17  36  22   0   5   6  21  38  33   9  32  16  40  28   9  11  24 
 46  41  13  19  29  36  30   0   4  22  20  23  45  39   8  33  28  10  43  11 
  9  46  42  36  19  18  41   4   0   6  45  19  35  42   4  44  24  36  27  24 
 32  41  42  19   7  49   6   9  34   0  49  38  25  28  14  11  19  30  36  43 
 16  46  41  49  26  10  19  10  39  33   0   8  34  19   7  14  30  38  38  40 
  1   7  41  18  36  31   2  21  27  32  45   0   7  22  36  38  11  47  17  39 
 29   8  47  10  21   6   2   4  18  16  10   9   0  11  24  29  12  17  12  29 
 40   9  16   8  39  47  31  45  47   6   1  27  43   0  39  43  21  40  23   2 
 10  29   6   7   9  49  40  27  21  45  37  36  23   6   0  39  19  48   6  22 
 36  37  45  17  22  34  27   3  26  32  14  20  42   7  12   0  25  42  21  23 
 21   3  49  31  44  27  27  18  40  48  12  10  46  21  38  26   0  32  45  24 
 16   8  21  34  48  14  49  42  46  28  22  48  11   4  28  43  16   0  18  34 
  9   6  40  31  23   4  26   4  38  27   7  36  23   9  45  49  47   6   0  15 
  7  37  48  18   2  21  34  28  11  32  47  39   5  43  26  49  24  12   9   0 
M1
  0   7  47  25  36   5  43  45   8  20  35  34  20  32   2  39  16  31  21   2 
 44   0  15   5  48  11  43  37  37  12  34  30  43  34  46  21  18   5  17   9 
 26  40   0  31  48  20  24   2  31  49  48  41  40  14  20  30   6  22  41   6 
 47  25   5   0  21  25  37   3  10  40  25  26  41  20   8  26  14  27  38   9 
 39  16  48  35   0  10  44  42  49  49  20  46  44  37  35  34  21  18  14  21 
 40  33  34   4  31   0  44   9  28  29   6  36  27   5  49   7  22  13  20  41 
 35  16  48  17  36  22   0   5   6  21  38  33   9  32  16  40  28   9  11  24 
 46  41  13  19  29  36  30   0   4  22  20  23  45  39   8  33  28  10  43  11 
  9  46  42  36  19  18  41   4   0   6  45  19  35  42   4  44  24  36  27  24 
 32  41  42  19   7  49   6   9  34   0  49  38  25  28  14  11  19  30  36  43 
 16  46  41  49  26  10  19  10  39  33   0   8  34  19   7  14  30  38  38  40 
  1   7  41  18  36  31   2  21  27  32  45   0   7  22  36  38  11  47  17  39 
 29   8  47  10  21   6   2   4  18  16  10   9   0  11  24  29  12  17  12  29 
 40   9  16   8  39  47  31  45  47   6   1  27  43   0  39  43  21  40  23   2 
 10  29   6   7   9  49  40  27  21  45  37  36  23   6   0  39  19  48   6  22 
 36  37  45  17  22  34  27   3  26  32  14  20  42   7  12   0  25  42  21  23 
 21   3  49  31  44  27  27  18  40  48  12  10  46  21  38  26   0  32  45  24 
 16   8  21  34  48  14  49  42  46  28  22  48  11   4  28  43  16   0  18  34 
  9   6  40  31  23   4  26   4  38  27   7  36  23   9  45  49  47   6   0  15 
  7  37  48  18   2  21  34  28  11  32  47  39   5  43  26  49  24  12   9   0 
M2
  0   7  47  25  36   5  43  45   8  20  35  34  20  32   2  39  16  31  21   2 
 44   0  15   5  48  11  43  37  37  12  34  30  43  34  46  21  18   5  17   9 
 26  40   0  31  48  20  24   2  31  49  48  41  40  14  20  30   6  22  41   6 
 47  25   5   0  21  25  37   3  10  40  25  26  41  20   8  26  14  27  38   9 
 39  16  48  35   0  10  44  42  49  49  20  46  44  37  35  34  21  18  14  21 
 40  33  34   4  31   0  44   9  28  29   6  36  27   5  49   7  22  13  20  41 
 35  16  48  17  36  22   0   5   6  21  38  33   9  32  16  40  28   9  11  24 
 46  41  13  19  29  36  30   0   4  22  20  23  45  39   8  33  28  10  43  11 
  9  46  42  36  19  18  41   4   0   6  45  19  35  42   4  44  24  36  27  24 
 32  41  42  19   7  49   6   9  34   0  49  38  25  28  14  11  19  30  36  43 
 16  46  41  49  26  10  19  10  39  33   0   8  34  19   7  14  30  38  38  40 
  1   7  41  18  36  31   2  21  27  32  45   0   7  22  36  38  11  47  17  39 
 29   8  47  10  21   6   2   4  18  16  10   9   0  11  24  29  12  17  12  29 
 40   9  16   8  39  47  31  45  47   6   1  27  43   0  39  43  21  40  23   2 
 10  29   6   7   9  49  40  27  21  45  37  36  23   6   0  39  19  48   6  22 
 36  37  45  17  22  34  27   3  26  32  14  20  42   7  12   0  25  42  21  23 
 21   3  49  31  44  27  27  18  40  48  12  10  46  21  38  26   0  32  45  24 
 16   8  21  34  48  14  49  42  46  28  22  48  11   4  28  43  16   0  18  34 
  9   6  40  31  23   4  26   4  38  27   7  36  23   9  45  49  47   6   0  15 
  7  37  48  18   2  21  34  28  11  32  47  39   5  43  26  49  24  12   9   0 
M3
  0   7  47  25  36   5  43  45   8  20  35  34  20  32   2  39  16  31  21   2 
 44   0  15   5  48  11  43  37  37  12  34  30  43  34  46  21  18   5  17   9 
 26  40   0  31  48  20  24   2  31  49  48  41  40  14  20  30   6  22  41   6 
 47  25   5   0  21  25  37   3  10  40  25  26  41  20   8  26  14  27  38   9 
 39  16  48  35   0  10  44  42  49  49  20  46  44  37  35  34  21  18  14  21 
 40  33  34   4  31   0  44   9  28  29   6  36  27   5  49   7  22  13  20  41 
 35  16  48  17  36  22   0   5   6  21  38  33   9  32  16  40  28   9  11  24 
 46  41  13  19  29  36  30   0   4  22  20  23  45  39   8  33  28  10  43  11 
  9  46  42  36  19  18  41   4   0   6  45  19  35  42   4  44  24  36  27  24 
 32  41  42  19   7  49   6   9  34   0  49  38  25  28  14  11  19  30  36  43 
 16  46  41  49  26  10  19  10  39  33   0   8  34  19   7  14  30  38  38  40 
  1   7  41  18  36  31   2  21  27  32  45   0   7  22  36  38  11  47  17  39 
 29   8  47  10  21   6   2   4  18  16  10   9   0  11  24  29  12  17  12  29 
 40   9  16   8  39  47  31  45  47   6   1  27  43   0  39  43  21  40  23   2 
 10  29   6   7   9  49  40  27  21  45  37  36  23   6   0  39  19  48   6  22 
 36  37  45  17  22  34  27   3  26  32  14  20  42   7  12   0  25  42  21  23 
 21   3  49  31  44  27  27  18  40  48  12  10  46  21  38  26   0  32  45  24 
 16   8  21  34  48  14  49  42  46  28  22  48  11   4  28  43  16   0  18  34 
  9   6  40  31  23   4  26   4  38  27   7  36  23   9  45  49  47   6   0  15 
  7  37  48  18   2  21  34  28  11  32  47  39   5  43  26  49  24  12   9   0 
M4
  0   7  47  25  36   5  43  45   8  20  35  34  20  32   2  39  16  31  21   2 
 44   0  15   5  48  11  43  37  37  12  34  30  43  34  46  21  18   5  17   9 
 26  40   0  31  48  20  24   2  31  49  48  41  40  14  20  30   6  22  41   6 
 47  25   5   0  21  25  37   3  10  40  25  26  41  20   8  26  14  27  38   9 
 39  16  48  35   0  10  44  42  49  49  20  46  44  37  35  34  21  18  14  21 
 40  33  34   4  31   0  44   9  28  29   6  36  27   5  49   7  22  13  20  41 
 35  16  48  17  36  22   0   5   6  21  38  33   9  32  16  40  28   9  11  24 
 46  41  13  19  29  36  30   0   4  22  20  23  45  39   8  33  28  10  43  11 
  9  46  42  36  19  18  41   4   0   6  45  19  35  42   4  44  24  36  27  24 
 32  41  42  19   7  49   6   9  34   0  49  38  25  28  14  11  19  30  36  43 
 16  46  41  49  26  10  19  10  39  33   0   8  34  19   7  14  30  38  38  40 
  1   7  41  18  36  31   2  21  27  32  45   0   7  22  36  38  11  47  17  39 
 29   8  47  10  21   6   2   4  18  16  10   9   0  11  24  29  12  17  12  29 
 40   9  16   8  39  47  31  45  47   6   1  27  43   0  39  43  21  40  23   2 
 10  29   6   7   9  49  40  27  21  45  37  36  23   6   0  39  19  48   6  22 
 36  37  45  17  22  34  27   3  26  32  14  20  42   7  12   0  25  42  21  23 
 21   3  49  31  44  27  27  18  40  48  12  10  46  21  38  26   0  32  45  24 
 16   8  21  34  48  14  49  42  46  28  22  48  11   4  28  43  16   0  18  34 
  9   6  40  31  23   4  26   4  38  27   7  36  23   9  45  49  47   6   0  15 
  7  37  48  18   2  21  34  28  11  32  47  39   5  43  26  49  24  12   9   0 
M5
  0   7  47  25  36   5  43  45   8  20  35  34  20  32   2  39  16  31  21   2 
 44   0  15   5  48  11  43  37  37  12  34  30  43  34  46  21  18   5  17   9 
 26  40   0  31  48  20  24   2  31  49  48  41  40  14  20  30   6  22  41   6 
 47  25   5   0  21  25  37   3  10  40  25  26  41  20   8  26  14  27  38   9 
 39  16  48  35   0  10  44  42  49  49  20  46  44  37  35  34  21  18  14  21 
 40  33  34   4  31   0  44   9  28  29   6  36  27   5  49   7  22  13  20  41 
 35  16  48  17  36  22   0   5   6  21  38  33   9  32  16  40  28   9  11  24 
 46  41  13  19  29  36  30   0   4  22  20  23  45  39   8  33  28  10  43  11 
  9  46  42  36  19  18  41   4   0   6  45  19  35  42   4  44  24  36  27  24 
 32  41  42  19   7  49   6   9  34   0  49  38  25  28  14  11  19  30  36  43 
 16  46  41  49  26  10  19  10  39  33   0   8  34  19   7  14  30  38  38  40 
  1   7  41  18  36  31   2  21  27  32  45   0   7  22  36  38  11  47  17  39 
 29   8  47  10  21   6   2   4  18  16  10   9   0  11  24  29  12  17  12  29 
 40   9  16   8  39  47  31  45  47   6   1  27  43   0  39  43  21  40  23   2 
 10  29   6   7   9  49  40  27  21  45  37  36  23   6   0  39  19  48   6  22 
 36  37  45  17  22  34  27   3  26  32  14  20  42   7  12   0  25  42  21  23 
 21   3  49  31  44  27  27  18  40  48  12  10  46  21  38  26   0  32  45  24 
 16   8  21  34  48  14  49  42  46  28  22  48  11   4  28  43  16   0  18  34 
  9   6  40  31  23   4  26   4  38  27   7  36  23   9  45  49  47   6   0  15 
  7  37  48  18   2  21  34  28  11  32  47  39   5  43  26  49  24  12   9   0 
M6
  0   7  47  25  36   5  43  45   8  20  35  34  20  32   2  39  16  31  21   2 
 44   0  15   5  48  11  43  37  37  12  34  30  43  34  46  21  18   5  17   9 
 26  40   0  31  48  20  24   2  31  49  48  41  40  14  20  30   6  22  41   6 
 47  25   5   0  21  25  37   3  10  40  25  26  41  20   8  26  14  27  38   9 
 39  16  48  35   0  10  44  42  49  49  20  46  44  37  35  34  21  18  14  21 
 40  33  34   4  31   0  44   9  28  29   6  36  27   5  49   7  22  13  20  41 
 35  16  48  17  36  22   0   5   6  21  38  33   9  32  16  40  28   9  11  24 
 46  41  13  19  29  36  30   0   4  22  20  23  45  39   8  33  28  10  43  11 
  9  46  42  36  19  18  41   4   0   6  45  19  35  42   4  44  24  36  27  24 
 32  41  42  19   7  49   6   9  34   0  49  38  25  28  14  11  19  30  36  43 
 16  46  41  49  26  10  19  10  39  33   0   8  34  19   7  14  30  38  38  40 
  1   7  41  18  36  31   2  21  27  32  45   0   7  22  36  38  11  47  17  39 
 29   8  47  10  21   6   2   4  18  16  10   9   0  11  24  29  12  17  12  29 
 40   9  16   8  39  47  31  45  47   6   1  27  43   0  39  43  21  40  23   2 
 10  29   6   7   9  49  40  27  21  45  37  36  23   6   0  39  19  48   6  22 
 36  37  45  17  22  34  27   3  26  32  14  20  42   7  12   0  25  42  21  23 
 21   3  49  31  44  27  27  18  40  48  12  10  46  21  38  26   0  32  45  24 
 16   8  21  34  48  14  49  42  46  28  22  48  11   4  28  43  16   0  18  34 
  9   6  40  31  23   4  26   4  38  27   7  36  23   9  45  49  47   6   0  15 
  7  37  48  18   2  21  34  28  11  32  47  39   5  43  26  49  24  12   9   0 
M7
  0   7  47  25  36   5  43  45   8  20  35  34  20  32   2  39  16  31  21   2 
 44   0  15   5  48  11  43  37  37  12  34  30  43  34  46  21  18   5  17   9 
 26  40   0  31  48  20  24   2  31  49  48  41  40  14  20  30   6  22  41   6 
 47  25   5   0  21  25  37   3  10  40  25  26  41  20   8  26  14  27  38   9 
 39  16  48  35   0  10  44  42  49  49  20  46  44  37  35  34  21  18  14  21 
 40  33  34   4  31   0  44   9  28  29   6  36  27   5  49   7  22  13  20  41 
 35  16  48  17  36  22   0   5   6  21  38  33   9  32  16  40  28   9  11  24 
 46  41  13  19  29  36  30   0   4  22  20  23  45  39   8  33  28  10  43  11 
  9  46  42  36  19  18  41   4   0   6  45  19  35  42   4  44  24  36  27  24 
 32  41  42  19   7  49   6   9  34   0  49  38  25  28  14  11  19  30  36  43 
 16  46  41  49  26  10  19  10  39  33   0   8  34  19   7  14  30  38  38  40 
  1   7  41  18  36  31   2  21  27  32  45   0   7  22  36  38  11  47  17  39 
 29   8  47  10  21   6   2   4  18  16  10   9   0  11  24  29  12  17  12  29 
 40   9  16   8  39  47  31  45  47   6   1  27  43   0  39  43  21  40  23   2 
 10  29   6   7   9  49  40  27  21  45  37  36  23   6   0  39  19  48   6  22 
 36  37  45  17  22  34  27   3  26  32  14  20  42   7  12   0  25  42  21  23 
 21   3  49  31  44  27  27  18  40  48  12  10  46  21  38  26   0  32  45  24 
 16   8  21  34  48  14  49  42  46  28  22  48  11   4  28  43  16   0  18  34 
  9   6  40  31  23   4  26   4  38  27   7  36  23   9  45  49  47   6   0  15 
  7  37  48  18   2  21  34  28  11  32  47  39   5  43  26  49  24  12   9   0 
M8
  0   7  47  25  36   5  43  45   8  20  35  34  20  32   2  39  16  31  21   2 
 44   0  15   5  48  11  43  37  37  12  34  30  43  34  46  21  18   5  17   9 
 26  40   0  31  48  20  24   2  31  49  48  41  40  14  20  30   6  22  41   6 
 47  25   5   0  21  25  37   3  10  40  25  26  41  20   8  26  14  27  38   9 
 39  16  48  35   0  10  44  42  49  49  20  46  44  37  35  34  21  18  14  21 
 40  33  34   4  31   0  44   9  28  29   6  36  27   5  49   7  22  13  20  41 
 35  16  48  17  36  22   0   5   6  21  38  33   9  32  16  40  28   9  11  24 
 46  41  13  19  29  36  30   0   4  22  20  23  45  39   8  33  28  10  43  11 
  9  46  42  36  19  18  41   4   0   6  45  19  35  42   4  44  24  36  27  24 
 32  41  42  19   7  49   6   9  34   0  49  38  25  28  14  11  19  30  36  43 
 16  46  41  49  26  10  19  10  39  33   0   8  34  19   7  14  30  38  38  40 
  1   7  41  18  36  31   2  21  27  32  45   0   7  22  36  38  11  47  17  39 
 29   8  47  10  21   6   2   4  18  16  10   9   0  11  24  29  12  17  12  29 
 40   9  16   8  39  47  31  45  47   6   1  27  43   0  39  43  21  40  23   2 
 10  29   6   7   9  49  40  27  21  45  37  36  23   6   0  39  19  48   6  22 
 36  37  45  17  22  34  27   3  26  32  14  20  42   7  12   0  25  42  21  23 
 21   3  49  31  44  27  27  18  40  48  12  10  46  21  38  26   0  32  45  24 
 16   8  21  34  48  14  49  42  46  28  22  48  11   4  28  43  16   0  18  34 
  9   6  40  31  23   4  26   4  38  27   7  36  23   9  45  49  47   6   0  15 
  7  37  48  18   2  21  34  28  11  32  47  39   5  43  26  49  24  12   9   0 
M9
  0   7  47  25  36   5  43  45   8  20  35  34  20  32   2  39  16  31  21   2 
 44   0  15   5  48  11  43  37  37  12  34  30  43  34  46  21  18   5  17   9 
 26  40   0  31  48  20  24   2  31  49  48  41  40  14  20  30   6  22  41   6 
 47  25   5   0  21  25  37   3  10  40  25  26  41  20   8  26  14  27  38   9 
 39  16  48  35   0  10  44  42  49  49  20  46  44  37  35  34  21  18  14  21 
 40  33  34   4  31   0  44   9  28  29   6  36  27   5  49   7  22  13  20  41 
 35  16  48  17  36  22   0   5   6  21  38  33   9  32  16  40  28   9  11  24 
 46  41  13  19  29  36  30   0   4  22  20  23  45  39   8  33  28  10  43  11 
  9  46  42  36  19  18  41   4   0   6  45  19  35  42   4  44  24  36  27  24 
 32  41  42  19   7  49   6   9  34   0  49  38  25  28  14  11  19  30  36  43 
 16  46  41  49  26  10  19  10  39  33   0   8  34  19   7  14  30  38  38  40 
  1   7  41  18  36  31   2  21  27  32  45   0   7  22  36  38  11  47  17  39 
 29   8  47  10  21   6   2   4  18  16  10   9   0  11  24  29  12  17  12  29 
 40   9  16   8  39  47  31  45  47   6   1  27  43   0  39  43  21  40  23   2 
 10  29   6   7   9  49  40  27  21  45  37  36  23   6   0  39  19  48   6  22 
 36  37  45  17  22  34  27   3  26  32  14  20  42   7  12   0  25  42  21  23 
 21   3  49  31  44  27  27  18  40  48  12  10  46  21  38  26   0  32  45  24 
 16   8  21  34  48  14  49  42  46  28  22  48  11   4  28  43  16   0  18  34 
  9   6  40  31  23   4  26   4  38  27   7  36  23   9  45  49  47   6   0  15 
  7  37  48  18   2  21  34  28  11  32  47  39   5  43  26  49  24  12   9   0 
Reldue
 3194    6    6
 1793    7    4
  877    2    5
 2179    6    8
 2476    6    5
 2792    9    4
 1149    5    6
 2379    3    9
 1277    1    5
 1041    5    2
 2254    2    7
 2221    4    3
 2855    9    6
  953    3    4
 2675    4    6
 1584    1    9
 2022    3    7
 1676    8    2
 2513    1    6
 1724    5    2
DDW
 2954  3435
 1637  1948
  824   931
 1966  2391
 2250  2702
 2547  3036
 1048  1250
 2235  2523
 1179  1375
  983  1100
 2092  2416
 2040  2402
 2661  3050
  866  1040
 2409  2942
 1450  1718
 1834  2211
 1546  1806
 2323  2704
 1635  1814
