50   5
MD
  3  5  2  5  4
PT
  3  46  34  27  80   3  43  66  86  35  82  46  90  93  92  40  71   5  53  54  68  91  62  71  72  10   3  88   7   6  14  39   8  55  53  37  74   7  83   4  57  82  44  55  74  10  75  34  87   9 
 80  87   4  46  44  68  80  93  40   4  27  52  66  38  22  75  83  24  21  44  37  35  70  38  47   7  81  24  39  47  82  98  87  49  67  59  20   7  37  62  38  97  81  52  90  53  90  70  33  15 
 43  72  68  70  83   3  74  59  78  97  83  53   4  26  59  82  38  42  58  94  89  36  24  24  43  13  64   1  98  84  31  40   5  94  34  34  58  73  12  54  99  15  53  52  59  28  98  23   5  20 
 11  73  67  46  77  99   1  86  57  15  69  30  48  52  47  51  57  69  47  26  53  18  19  44  83  38  38  75  72  73  19  74  54  74  69  68  19  24  75  19  16  49  97  26  78  57  59  53  45  78 
 55  22  73  72  35  50  14   8  86  20  12  36  43  44  43  30  45  77   7  77  25  73  61  11  91  37   4  47  16  22  95   9  63  24  16  71  13  46  47  45  42  25  63  92  16  21  32  61   3  55 
SSD
M0
  0  14  10  10  30  41  31  41  37  31  20  14  37  12  18  10  35  30  31  34  14  46  47   8  46  21  47  17   8   6  20  30  47  48   5  31   8  34  29  35  18  28  14  35  11   2  47  15  20  26 
  8   0  15  38  21  26  24   5   1  12  16   6  27   9  12  14  39  42   5   3  47  29  35  45  25  31  37  39  40   4   2  46   8   3  25  38  15  40   9  15  23   8  10  20  24  47  32   9  47  13 
 43  30   0  33  30  38  30   8  25  33  28  16  12  18  21  43  23  44  18   4  17  28   3  27   9  48  19  11  16   4  48  49  20  46  16  47  35  38  41   5   8  43  24  43  29  15  18  37  17  17 
 40  39  16   0  29   3  41  43  21  19  44  25  43  35  23  45   9   6   1  49  23  42   5  49  29  31  45  35  16  29   4  34  26   3  38  40  40  27  17  49   5  15  28  26   1  21  34  16  45   8 
 16  23  33  13   0  32  40  44  37  44  36   8  22  33   5  34  38  38  44   3  18  48  33   9  25  11  24  36  43  10  19  38  34  40  18  40  36  33  40   4  37  27   2   8   1  49  38  40  10   2 
 28   2  47  33  37   0  21  18  13   1   9  44  18  47   1  15  13  36  28  17  26   5  11  18  27  47  29  32   2   3   8   7  19  19  20  37  21  19  18  25   2  36  37  42  12  32  32  44  29  22 
  3  15  11   2  13  48   0  26  16   7   7  37  15  14  42   1  12   8  33   6   7   3  43  30  33  34   2  18  13  35  40  36  26  10  26  48  12  14  37  40  22  11  44  27   9  43   3  36  17  22 
 24  19  21  48  37  27   4   0  45  23  25  16  38   8   6   6  43  24  23   3  44  29  46  25  21   2  47  15  21  14  25  18  48   6  25  41  35   8  48  44  24  19  24  32  24  39  17  10  10  14 
 39   1  25   8  15  15  33  38   0  42  22  48   3  17   2  10  32  19   9  45  21   1  42  48  22  49   9  34   3   5  48  36  47   6   1  10  21  37   8   3  10   5  37  39  18  30  31   8   7  26 
 18  26  36  45  25  12  41  34  27   0  34   1   3  32  39  40   8   3  16   4  29   3  21   1  28   5  44  39  41  45  17  28   2  34  30  27  43   5   5   8  42  39  24  36  46  23   8  37  28  40 
 44  23   6  17  36  46  32  48  23   4   0  20  21   4  48  44  45  42  19  35  30   6   8  38   1  37  39  33  44  31  10  10  46  38  20  20  28  24   5  25  30  22  33  11  41  15  26   6  13  10 
 49  21  12  18  12  38  45  47  31   2  41   0  27  46  30  14  15  16  17  42  17  45  49  42  20  11  16  28   7  12  37  47  28  43  37  27  44  20   9  31  44  18  22   4  42  15   5  47  33  34 
 18  49  35  46  16  47  12  15  12  10  20  31   0  44  31  32  49   2  26   8  42  34  34  23  31  48  30  18  45  38  44  43  41  30  44  45  31  41  27  13  31   7  34  46  31  23  44  33  43  17 
  7  44  43  47  33  45  48  44  12  31  47  10  30   0  20  29  46  27   9  44  17   8  19  14  20  15   8  13  11  47   5  16  30  13  28  19  16  10  15  19  20  26  29  18  20  29  27  24  46  38 
  4  24  13  12  10  41   1  22  37  22   3  30  10  19   0  24  39  46   6  13  12  17  49   5  44  48   7  13   8  19  37  41  30  37  33  10  28   9   4  49  34  34  23  48  15  28   8  24  38  23 
 33  38  14  49  16  49  13   2  29  33  16  35  20  32  16   0  25  32  33  12   4  27  42   1   8  31  35  35  28  45  36  23   3  17  47  34  49   6  49  39  47  10  42  35  23  38   3  19  19  28 
 49  36  22   7  49  44   2  26  37   9   8   9  15  27  19  25   0  27  38  35  17  42  23  18  29  27  49  10  22   8  30   8   8  15  30  22  28  25  11  41  36   4  36  17  22  36   6  29  28   3 
 21   3  20  44   9  42   4  47  20  32  27  25  49  16  19  16  11   0  39   3  47   4  19  48  26   2  19  27  46  32  18   9  47  29  27  36  44  24   2  23  44  47  18  47  12  31  42  15  29   4 
 43  28  38  27  15  41  13  26  45  34  44  35   3  44   4  39  41  29   0  43  40  10  20  33  17  48  42  13  43   5  10  34  16  36  43  21  30  11  15  19  48  12  47  37  44  34  30   8  42  14 
  9  27  30  11  18  25  26   2  20  13  33  47  38   2  43  23   2  33  28   0  42  16   2   9  38  19  26  46  14   7  42  22  32  26  18  14  48  34  41   2   6   3  20   5  28  34  45  20   9  31 
 41  37  21  16   8  46  44  37  43  15   2  47  41   5  12  44  20  28  32  26   0  34  30   6  43  11  43  22  19   9  14  36  45  19  27  33  45  18  16   9  25  35  13  46  10  43  49  44  45  29 
 46  13  33  16  21  25  35  11  11   3   1  27  22  23  34   7  18  18  23  30  22   0  43  14   7  36  26   2  18  13   1  19  34  23   3  22   4  25  12  13  13  10  46  47  21  14  18   3  27  35 
  9   8   4  30   5  35  20  44  48  23  44  33   4  43  28  29  11  11  26  26  46  23   0  46  28  21  17  13   8  47  47  24  16  23  14   1   4  41   9  25  32  30  34  28  49  49   9   8  43   6 
 17  23  11  28  35  27  42  16  32  47  49  43  17  13  29  39  42   5  41  29  31  36  41   0  24  23  46  19  29  45  34  40  27  49  48   8  11   7   2  24  24  46  13  19  44  27   6  43  48  26 
  3  33  34  33  34  46  43  17  41   6  49  43   7  39  30   1  15   6   6  21  11  13  29  45   0  36  44  47  45  46  48  36   9  14  28  27  33   1   9  30  19  39  25  24  39  35   1   9  40  24 
 21   7  43  21  38  19  34  17  47  40  10  36  49  22   1  15  25   6  13  13  17  46  41  43  22   0  33  29   9  46  36  40  23   1   3  10  44  16  35  48  41  20  12  28  46  49  45  21  38  21 
 11  48  21  23   3  20  45  23  26  14  25  13   5   5  46  48  23   9  41  42  27  34  28  37  49  14   0  24   7  20   4  12  20  22  13  38  40  27  22   8  21  22  31  11   8  24  33  25   8  18 
 32  29   5  23   7   2  37  30  35  17   7  39   7  47   7  45  24  48  26  14  46  16   7  18  13  49  45   0  49  29  49  42  39  30  38  18  13  41  17  47  42  42  31  23  30  23  28  10  43  22 
 10   5   4   7  23  33  24  19   7  30  39  42  26   8  47  27  30   2  41  36  36   5  16  35  23  17  28  28   0  16  14  13  35  13  11   7  17  42  48   1  31  27  27   5  36  20  20  21  45  20 
 25  17  38  11  11   5   6  19  16  19   2  21  36  16  44  19  24  26  27  17  15  17  28  34  41  22  23  24  22   0   7   4  31  36  15  25  47  29  46  21   5  34  26  25  37  14  39  45   6  20 
 30  18   5  47  43  18  37  21  18   3  18  29  32  40  10  46  32  12  47  19  43  44  36  12  32  11  48   4  34   9   0  21   9  45  45   4  28  23  26  15   2  38   8   4  12  17  29  40  27  46 
 38  14   4  13  21   2  13  41  35  36  14  17   3  15  11  22   2  45  48  19  37  37  29  23  37  48  39  16  32  23  34   0  12  33  49  14  32  34  23  32  49  12  49  34  16  17  47  48  33  12 
 34  36  37  12   5  31  37  49  48  17  18  34  39  12  14   9  12   5  33  30  14  49   3  13  20   6  47  40  46  23  26  13   0  24  24  45  36  39  23   7   2  47  37  19  38   6  43   3  10  43 
 23  15   5  33  31  31  15  13  46  27  17   3  20  19  45  49  11  46  44  26  44   8  49   5   9  23   9  31  33   1  17  20  23   0  11  18   1  27  44  21  43  15  46  34  16   9  38  43   2  13 
 13   6  37  41   3  36  10  31  48  17   2  31  37   9  28  15   1  40  25  14  34  43   9   7  37  32   7  17   6  36  29  17  16  37   0  19  32  35  39  35  30   5  21  17  34  34  44  23  39  44 
 29  32  25  44   4   5   9  26  30  29  31  18   3  20  14  49  44  34  19  40   4  26  15   5  32  36  35  15  43  10  13  30  10  45  44   0  19  34   1  34  11  23  26  17  18   9   5  17   1  13 
 27  14   3  31  36  15  47  42  23   6   4  13  33  32  17  15  43  13  23   6  27  19  32  33  10  35  34  37  23  39  40  20   1  19  24  38   0  36  44  28  10  42  10   7  14   2   8  42  34  14 
 28  26  13   1  32  23  38  15  12   5  18  49   1  23  10  19  27  40  44  23  10  14  48  40  20  48   6   9  13  23  20  13  26  18  35  28  44   0   2  28  42  16  38  26  10  14  43   8   6  23 
 10  26  11  34   3  46  48  18  42  21   9  19  14   4  10  34  17  26  26  46   1  13   3  37  21   9   7  39   7  46  21   4  49  35  12  49  20  25   0  22  19  48  40  23  14  41  26  19  47   8 
 22  33  17  27  24  32  34  33  30  15   5  34  26  37  13  45  31  40   5  34  21  12   2  40   6  39  29  46   1  44  47  31   2  22  19  43  46  27  24   0  11   1  39   3  23  43  19  43  40  22 
 45  40  29  45  42  26  48  37  47  49  47  13  37   1  47  43   1  45  14  13  43  22  42  18  28  34   9  30  41  31   2  30  28   3   6   1  12  10  29  46   0  25  15  36  39  23   5  10  28  33 
 30  18  35   4   1  28   5  38  42  18  42  15  44  25  35   3  46   7  17  39  14  41  42   5  31   9  10  45   3  19  25  12  47  10   7  35  14  29  10  32  24   0  38   5  11   9  10  13  28  46 
  5  12  38  22  14  14  37  43   5  48  36  41  40  19  47   8  47  29  14  36  30  49  30  37  16  13  19   1  28  21  14  26  24  25  41  38  28   7  39  49  19   9   0   6  23  44  10  10   1  44 
 30  21  28  37  16  19  19  12  44  33  29  32  14  21  32   9  22  39  22  48  32  35   5  14  37  27  35  44  33  40  32   4  49  24  18   5  46   9  40  16  18  16   4   0   7  28  21   4  38  16 
  1  12  35  40   7  36   1  30  20  17  43  43   5  30   1  21  11   3  29  41  26  34  30  33  21  41  11  23  30  39  44  25  49  39   3   4  28   5  25   1  19   8  47   6   0  19  35  22   1  33 
 45   6  31  36  43  20  40   1  45   9  18  36  16  14  19  32  49  27   1  37   5  17  26  49  12  45  18  49  34  42  13  10   4  40   1   3  48  15  12  24  32   3  33  12  36   0   2  34  37  14 
 15  20  34  33  34  41  46  15  20  11  15   5  33  21  28   5  21   3   8  10  15  38   5  48  16   7  38  36  35   8  41  12  42  15   1   2   2  45  35  36  18  41   8  35  19  14   0  35  11  22 
 12  40  23  27  44  27  48  48   5  33  26  41  44  26  41   5  15   1   3  34  38  30  10   6   3  26  49   5   8  33  17  13   4   9  40  46  26  38  43  35   6  15  32  13  26  20  10   0  14  33 
 41  11  49  44  10   5  17  33  32  45   8  27  12  13  14  40  19  29  23  11  24   9  10  11  45  28  17  36   2   4  35  29  31  35  43   1  46  46  35  18  36   5   3   4  49  43  37  18   0   2 
 31  33  32   1   8  39   3  17   3  43  46  37  10  23  11  36  14  14  15  40  20  31   4  44   2  46  32  24  41  21  30  44  26  10  13  28  20  49   9  21  48   8  13  23  29  34  19   5   2   0 
M1
  0  14  10  10  30  41  31  41  37  31  20  14  37  12  18  10  35  30  31  34  14  46  47   8  46  21  47  17   8   6  20  30  47  48   5  31   8  34  29  35  18  28  14  35  11   2  47  15  20  26 
  8   0  15  38  21  26  24   5   1  12  16   6  27   9  12  14  39  42   5   3  47  29  35  45  25  31  37  39  40   4   2  46   8   3  25  38  15  40   9  15  23   8  10  20  24  47  32   9  47  13 
 43  30   0  33  30  38  30   8  25  33  28  16  12  18  21  43  23  44  18   4  17  28   3  27   9  48  19  11  16   4  48  49  20  46  16  47  35  38  41   5   8  43  24  43  29  15  18  37  17  17 
 40  39  16   0  29   3  41  43  21  19  44  25  43  35  23  45   9   6   1  49  23  42   5  49  29  31  45  35  16  29   4  34  26   3  38  40  40  27  17  49   5  15  28  26   1  21  34  16  45   8 
 16  23  33  13   0  32  40  44  37  44  36   8  22  33   5  34  38  38  44   3  18  48  33   9  25  11  24  36  43  10  19  38  34  40  18  40  36  33  40   4  37  27   2   8   1  49  38  40  10   2 
 28   2  47  33  37   0  21  18  13   1   9  44  18  47   1  15  13  36  28  17  26   5  11  18  27  47  29  32   2   3   8   7  19  19  20  37  21  19  18  25   2  36  37  42  12  32  32  44  29  22 
  3  15  11   2  13  48   0  26  16   7   7  37  15  14  42   1  12   8  33   6   7   3  43  30  33  34   2  18  13  35  40  36  26  10  26  48  12  14  37  40  22  11  44  27   9  43   3  36  17  22 
 24  19  21  48  37  27   4   0  45  23  25  16  38   8   6   6  43  24  23   3  44  29  46  25  21   2  47  15  21  14  25  18  48   6  25  41  35   8  48  44  24  19  24  32  24  39  17  10  10  14 
 39   1  25   8  15  15  33  38   0  42  22  48   3  17   2  10  32  19   9  45  21   1  42  48  22  49   9  34   3   5  48  36  47   6   1  10  21  37   8   3  10   5  37  39  18  30  31   8   7  26 
 18  26  36  45  25  12  41  34  27   0  34   1   3  32  39  40   8   3  16   4  29   3  21   1  28   5  44  39  41  45  17  28   2  34  30  27  43   5   5   8  42  39  24  36  46  23   8  37  28  40 
 44  23   6  17  36  46  32  48  23   4   0  20  21   4  48  44  45  42  19  35  30   6   8  38   1  37  39  33  44  31  10  10  46  38  20  20  28  24   5  25  30  22  33  11  41  15  26   6  13  10 
 49  21  12  18  12  38  45  47  31   2  41   0  27  46  30  14  15  16  17  42  17  45  49  42  20  11  16  28   7  12  37  47  28  43  37  27  44  20   9  31  44  18  22   4  42  15   5  47  33  34 
 18  49  35  46  16  47  12  15  12  10  20  31   0  44  31  32  49   2  26   8  42  34  34  23  31  48  30  18  45  38  44  43  41  30  44  45  31  41  27  13  31   7  34  46  31  23  44  33  43  17 
  7  44  43  47  33  45  48  44  12  31  47  10  30   0  20  29  46  27   9  44  17   8  19  14  20  15   8  13  11  47   5  16  30  13  28  19  16  10  15  19  20  26  29  18  20  29  27  24  46  38 
  4  24  13  12  10  41   1  22  37  22   3  30  10  19   0  24  39  46   6  13  12  17  49   5  44  48   7  13   8  19  37  41  30  37  33  10  28   9   4  49  34  34  23  48  15  28   8  24  38  23 
 33  38  14  49  16  49  13   2  29  33  16  35  20  32  16   0  25  32  33  12   4  27  42   1   8  31  35  35  28  45  36  23   3  17  47  34  49   6  49  39  47  10  42  35  23  38   3  19  19  28 
 49  36  22   7  49  44   2  26  37   9   8   9  15  27  19  25   0  27  38  35  17  42  23  18  29  27  49  10  22   8  30   8   8  15  30  22  28  25  11  41  36   4  36  17  22  36   6  29  28   3 
 21   3  20  44   9  42   4  47  20  32  27  25  49  16  19  16  11   0  39   3  47   4  19  48  26   2  19  27  46  32  18   9  47  29  27  36  44  24   2  23  44  47  18  47  12  31  42  15  29   4 
 43  28  38  27  15  41  13  26  45  34  44  35   3  44   4  39  41  29   0  43  40  10  20  33  17  48  42  13  43   5  10  34  16  36  43  21  30  11  15  19  48  12  47  37  44  34  30   8  42  14 
  9  27  30  11  18  25  26   2  20  13  33  47  38   2  43  23   2  33  28   0  42  16   2   9  38  19  26  46  14   7  42  22  32  26  18  14  48  34  41   2   6   3  20   5  28  34  45  20   9  31 
 41  37  21  16   8  46  44  37  43  15   2  47  41   5  12  44  20  28  32  26   0  34  30   6  43  11  43  22  19   9  14  36  45  19  27  33  45  18  16   9  25  35  13  46  10  43  49  44  45  29 
 46  13  33  16  21  25  35  11  11   3   1  27  22  23  34   7  18  18  23  30  22   0  43  14   7  36  26   2  18  13   1  19  34  23   3  22   4  25  12  13  13  10  46  47  21  14  18   3  27  35 
  9   8   4  30   5  35  20  44  48  23  44  33   4  43  28  29  11  11  26  26  46  23   0  46  28  21  17  13   8  47  47  24  16  23  14   1   4  41   9  25  32  30  34  28  49  49   9   8  43   6 
 17  23  11  28  35  27  42  16  32  47  49  43  17  13  29  39  42   5  41  29  31  36  41   0  24  23  46  19  29  45  34  40  27  49  48   8  11   7   2  24  24  46  13  19  44  27   6  43  48  26 
  3  33  34  33  34  46  43  17  41   6  49  43   7  39  30   1  15   6   6  21  11  13  29  45   0  36  44  47  45  46  48  36   9  14  28  27  33   1   9  30  19  39  25  24  39  35   1   9  40  24 
 21   7  43  21  38  19  34  17  47  40  10  36  49  22   1  15  25   6  13  13  17  46  41  43  22   0  33  29   9  46  36  40  23   1   3  10  44  16  35  48  41  20  12  28  46  49  45  21  38  21 
 11  48  21  23   3  20  45  23  26  14  25  13   5   5  46  48  23   9  41  42  27  34  28  37  49  14   0  24   7  20   4  12  20  22  13  38  40  27  22   8  21  22  31  11   8  24  33  25   8  18 
 32  29   5  23   7   2  37  30  35  17   7  39   7  47   7  45  24  48  26  14  46  16   7  18  13  49  45   0  49  29  49  42  39  30  38  18  13  41  17  47  42  42  31  23  30  23  28  10  43  22 
 10   5   4   7  23  33  24  19   7  30  39  42  26   8  47  27  30   2  41  36  36   5  16  35  23  17  28  28   0  16  14  13  35  13  11   7  17  42  48   1  31  27  27   5  36  20  20  21  45  20 
 25  17  38  11  11   5   6  19  16  19   2  21  36  16  44  19  24  26  27  17  15  17  28  34  41  22  23  24  22   0   7   4  31  36  15  25  47  29  46  21   5  34  26  25  37  14  39  45   6  20 
 30  18   5  47  43  18  37  21  18   3  18  29  32  40  10  46  32  12  47  19  43  44  36  12  32  11  48   4  34   9   0  21   9  45  45   4  28  23  26  15   2  38   8   4  12  17  29  40  27  46 
 38  14   4  13  21   2  13  41  35  36  14  17   3  15  11  22   2  45  48  19  37  37  29  23  37  48  39  16  32  23  34   0  12  33  49  14  32  34  23  32  49  12  49  34  16  17  47  48  33  12 
 34  36  37  12   5  31  37  49  48  17  18  34  39  12  14   9  12   5  33  30  14  49   3  13  20   6  47  40  46  23  26  13   0  24  24  45  36  39  23   7   2  47  37  19  38   6  43   3  10  43 
 23  15   5  33  31  31  15  13  46  27  17   3  20  19  45  49  11  46  44  26  44   8  49   5   9  23   9  31  33   1  17  20  23   0  11  18   1  27  44  21  43  15  46  34  16   9  38  43   2  13 
 13   6  37  41   3  36  10  31  48  17   2  31  37   9  28  15   1  40  25  14  34  43   9   7  37  32   7  17   6  36  29  17  16  37   0  19  32  35  39  35  30   5  21  17  34  34  44  23  39  44 
 29  32  25  44   4   5   9  26  30  29  31  18   3  20  14  49  44  34  19  40   4  26  15   5  32  36  35  15  43  10  13  30  10  45  44   0  19  34   1  34  11  23  26  17  18   9   5  17   1  13 
 27  14   3  31  36  15  47  42  23   6   4  13  33  32  17  15  43  13  23   6  27  19  32  33  10  35  34  37  23  39  40  20   1  19  24  38   0  36  44  28  10  42  10   7  14   2   8  42  34  14 
 28  26  13   1  32  23  38  15  12   5  18  49   1  23  10  19  27  40  44  23  10  14  48  40  20  48   6   9  13  23  20  13  26  18  35  28  44   0   2  28  42  16  38  26  10  14  43   8   6  23 
 10  26  11  34   3  46  48  18  42  21   9  19  14   4  10  34  17  26  26  46   1  13   3  37  21   9   7  39   7  46  21   4  49  35  12  49  20  25   0  22  19  48  40  23  14  41  26  19  47   8 
 22  33  17  27  24  32  34  33  30  15   5  34  26  37  13  45  31  40   5  34  21  12   2  40   6  39  29  46   1  44  47  31   2  22  19  43  46  27  24   0  11   1  39   3  23  43  19  43  40  22 
 45  40  29  45  42  26  48  37  47  49  47  13  37   1  47  43   1  45  14  13  43  22  42  18  28  34   9  30  41  31   2  30  28   3   6   1  12  10  29  46   0  25  15  36  39  23   5  10  28  33 
 30  18  35   4   1  28   5  38  42  18  42  15  44  25  35   3  46   7  17  39  14  41  42   5  31   9  10  45   3  19  25  12  47  10   7  35  14  29  10  32  24   0  38   5  11   9  10  13  28  46 
  5  12  38  22  14  14  37  43   5  48  36  41  40  19  47   8  47  29  14  36  30  49  30  37  16  13  19   1  28  21  14  26  24  25  41  38  28   7  39  49  19   9   0   6  23  44  10  10   1  44 
 30  21  28  37  16  19  19  12  44  33  29  32  14  21  32   9  22  39  22  48  32  35   5  14  37  27  35  44  33  40  32   4  49  24  18   5  46   9  40  16  18  16   4   0   7  28  21   4  38  16 
  1  12  35  40   7  36   1  30  20  17  43  43   5  30   1  21  11   3  29  41  26  34  30  33  21  41  11  23  30  39  44  25  49  39   3   4  28   5  25   1  19   8  47   6   0  19  35  22   1  33 
 45   6  31  36  43  20  40   1  45   9  18  36  16  14  19  32  49  27   1  37   5  17  26  49  12  45  18  49  34  42  13  10   4  40   1   3  48  15  12  24  32   3  33  12  36   0   2  34  37  14 
 15  20  34  33  34  41  46  15  20  11  15   5  33  21  28   5  21   3   8  10  15  38   5  48  16   7  38  36  35   8  41  12  42  15   1   2   2  45  35  36  18  41   8  35  19  14   0  35  11  22 
 12  40  23  27  44  27  48  48   5  33  26  41  44  26  41   5  15   1   3  34  38  30  10   6   3  26  49   5   8  33  17  13   4   9  40  46  26  38  43  35   6  15  32  13  26  20  10   0  14  33 
 41  11  49  44  10   5  17  33  32  45   8  27  12  13  14  40  19  29  23  11  24   9  10  11  45  28  17  36   2   4  35  29  31  35  43   1  46  46  35  18  36   5   3   4  49  43  37  18   0   2 
 31  33  32   1   8  39   3  17   3  43  46  37  10  23  11  36  14  14  15  40  20  31   4  44   2  46  32  24  41  21  30  44  26  10  13  28  20  49   9  21  48   8  13  23  29  34  19   5   2   0 
M2
  0  14  10  10  30  41  31  41  37  31  20  14  37  12  18  10  35  30  31  34  14  46  47   8  46  21  47  17   8   6  20  30  47  48   5  31   8  34  29  35  18  28  14  35  11   2  47  15  20  26 
  8   0  15  38  21  26  24   5   1  12  16   6  27   9  12  14  39  42   5   3  47  29  35  45  25  31  37  39  40   4   2  46   8   3  25  38  15  40   9  15  23   8  10  20  24  47  32   9  47  13 
 43  30   0  33  30  38  30   8  25  33  28  16  12  18  21  43  23  44  18   4  17  28   3  27   9  48  19  11  16   4  48  49  20  46  16  47  35  38  41   5   8  43  24  43  29  15  18  37  17  17 
 40  39  16   0  29   3  41  43  21  19  44  25  43  35  23  45   9   6   1  49  23  42   5  49  29  31  45  35  16  29   4  34  26   3  38  40  40  27  17  49   5  15  28  26   1  21  34  16  45   8 
 16  23  33  13   0  32  40  44  37  44  36   8  22  33   5  34  38  38  44   3  18  48  33   9  25  11  24  36  43  10  19  38  34  40  18  40  36  33  40   4  37  27   2   8   1  49  38  40  10   2 
 28   2  47  33  37   0  21  18  13   1   9  44  18  47   1  15  13  36  28  17  26   5  11  18  27  47  29  32   2   3   8   7  19  19  20  37  21  19  18  25   2  36  37  42  12  32  32  44  29  22 
  3  15  11   2  13  48   0  26  16   7   7  37  15  14  42   1  12   8  33   6   7   3  43  30  33  34   2  18  13  35  40  36  26  10  26  48  12  14  37  40  22  11  44  27   9  43   3  36  17  22 
 24  19  21  48  37  27   4   0  45  23  25  16  38   8   6   6  43  24  23   3  44  29  46  25  21   2  47  15  21  14  25  18  48   6  25  41  35   8  48  44  24  19  24  32  24  39  17  10  10  14 
 39   1  25   8  15  15  33  38   0  42  22  48   3  17   2  10  32  19   9  45  21   1  42  48  22  49   9  34   3   5  48  36  47   6   1  10  21  37   8   3  10   5  37  39  18  30  31   8   7  26 
 18  26  36  45  25  12  41  34  27   0  34   1   3  32  39  40   8   3  16   4  29   3  21   1  28   5  44  39  41  45  17  28   2  34  30  27  43   5   5   8  42  39  24  36  46  23   8  37  28  40 
 44  23   6  17  36  46  32  48  23   4   0  20  21   4  48  44  45  42  19  35  30   6   8  38   1  37  39  33  44  31  10  10  46  38  20  20  28  24   5  25  30  22  33  11  41  15  26   6  13  10 
 49  21  12  18  12  38  45  47  31   2  41   0  27  46  30  14  15  16  17  42  17  45  49  42  20  11  16  28   7  12  37  47  28  43  37  27  44  20   9  31  44  18  22   4  42  15   5  47  33  34 
 18  49  35  46  16  47  12  15  12  10  20  31   0  44  31  32  49   2  26   8  42  34  34  23  31  48  30  18  45  38  44  43  41  30  44  45  31  41  27  13  31   7  34  46  31  23  44  33  43  17 
  7  44  43  47  33  45  48  44  12  31  47  10  30   0  20  29  46  27   9  44  17   8  19  14  20  15   8  13  11  47   5  16  30  13  28  19  16  10  15  19  20  26  29  18  20  29  27  24  46  38 
  4  24  13  12  10  41   1  22  37  22   3  30  10  19   0  24  39  46   6  13  12  17  49   5  44  48   7  13   8  19  37  41  30  37  33  10  28   9   4  49  34  34  23  48  15  28   8  24  38  23 
 33  38  14  49  16  49  13   2  29  33  16  35  20  32  16   0  25  32  33  12   4  27  42   1   8  31  35  35  28  45  36  23   3  17  47  34  49   6  49  39  47  10  42  35  23  38   3  19  19  28 
 49  36  22   7  49  44   2  26  37   9   8   9  15  27  19  25   0  27  38  35  17  42  23  18  29  27  49  10  22   8  30   8   8  15  30  22  28  25  11  41  36   4  36  17  22  36   6  29  28   3 
 21   3  20  44   9  42   4  47  20  32  27  25  49  16  19  16  11   0  39   3  47   4  19  48  26   2  19  27  46  32  18   9  47  29  27  36  44  24   2  23  44  47  18  47  12  31  42  15  29   4 
 43  28  38  27  15  41  13  26  45  34  44  35   3  44   4  39  41  29   0  43  40  10  20  33  17  48  42  13  43   5  10  34  16  36  43  21  30  11  15  19  48  12  47  37  44  34  30   8  42  14 
  9  27  30  11  18  25  26   2  20  13  33  47  38   2  43  23   2  33  28   0  42  16   2   9  38  19  26  46  14   7  42  22  32  26  18  14  48  34  41   2   6   3  20   5  28  34  45  20   9  31 
 41  37  21  16   8  46  44  37  43  15   2  47  41   5  12  44  20  28  32  26   0  34  30   6  43  11  43  22  19   9  14  36  45  19  27  33  45  18  16   9  25  35  13  46  10  43  49  44  45  29 
 46  13  33  16  21  25  35  11  11   3   1  27  22  23  34   7  18  18  23  30  22   0  43  14   7  36  26   2  18  13   1  19  34  23   3  22   4  25  12  13  13  10  46  47  21  14  18   3  27  35 
  9   8   4  30   5  35  20  44  48  23  44  33   4  43  28  29  11  11  26  26  46  23   0  46  28  21  17  13   8  47  47  24  16  23  14   1   4  41   9  25  32  30  34  28  49  49   9   8  43   6 
 17  23  11  28  35  27  42  16  32  47  49  43  17  13  29  39  42   5  41  29  31  36  41   0  24  23  46  19  29  45  34  40  27  49  48   8  11   7   2  24  24  46  13  19  44  27   6  43  48  26 
  3  33  34  33  34  46  43  17  41   6  49  43   7  39  30   1  15   6   6  21  11  13  29  45   0  36  44  47  45  46  48  36   9  14  28  27  33   1   9  30  19  39  25  24  39  35   1   9  40  24 
 21   7  43  21  38  19  34  17  47  40  10  36  49  22   1  15  25   6  13  13  17  46  41  43  22   0  33  29   9  46  36  40  23   1   3  10  44  16  35  48  41  20  12  28  46  49  45  21  38  21 
 11  48  21  23   3  20  45  23  26  14  25  13   5   5  46  48  23   9  41  42  27  34  28  37  49  14   0  24   7  20   4  12  20  22  13  38  40  27  22   8  21  22  31  11   8  24  33  25   8  18 
 32  29   5  23   7   2  37  30  35  17   7  39   7  47   7  45  24  48  26  14  46  16   7  18  13  49  45   0  49  29  49  42  39  30  38  18  13  41  17  47  42  42  31  23  30  23  28  10  43  22 
 10   5   4   7  23  33  24  19   7  30  39  42  26   8  47  27  30   2  41  36  36   5  16  35  23  17  28  28   0  16  14  13  35  13  11   7  17  42  48   1  31  27  27   5  36  20  20  21  45  20 
 25  17  38  11  11   5   6  19  16  19   2  21  36  16  44  19  24  26  27  17  15  17  28  34  41  22  23  24  22   0   7   4  31  36  15  25  47  29  46  21   5  34  26  25  37  14  39  45   6  20 
 30  18   5  47  43  18  37  21  18   3  18  29  32  40  10  46  32  12  47  19  43  44  36  12  32  11  48   4  34   9   0  21   9  45  45   4  28  23  26  15   2  38   8   4  12  17  29  40  27  46 
 38  14   4  13  21   2  13  41  35  36  14  17   3  15  11  22   2  45  48  19  37  37  29  23  37  48  39  16  32  23  34   0  12  33  49  14  32  34  23  32  49  12  49  34  16  17  47  48  33  12 
 34  36  37  12   5  31  37  49  48  17  18  34  39  12  14   9  12   5  33  30  14  49   3  13  20   6  47  40  46  23  26  13   0  24  24  45  36  39  23   7   2  47  37  19  38   6  43   3  10  43 
 23  15   5  33  31  31  15  13  46  27  17   3  20  19  45  49  11  46  44  26  44   8  49   5   9  23   9  31  33   1  17  20  23   0  11  18   1  27  44  21  43  15  46  34  16   9  38  43   2  13 
 13   6  37  41   3  36  10  31  48  17   2  31  37   9  28  15   1  40  25  14  34  43   9   7  37  32   7  17   6  36  29  17  16  37   0  19  32  35  39  35  30   5  21  17  34  34  44  23  39  44 
 29  32  25  44   4   5   9  26  30  29  31  18   3  20  14  49  44  34  19  40   4  26  15   5  32  36  35  15  43  10  13  30  10  45  44   0  19  34   1  34  11  23  26  17  18   9   5  17   1  13 
 27  14   3  31  36  15  47  42  23   6   4  13  33  32  17  15  43  13  23   6  27  19  32  33  10  35  34  37  23  39  40  20   1  19  24  38   0  36  44  28  10  42  10   7  14   2   8  42  34  14 
 28  26  13   1  32  23  38  15  12   5  18  49   1  23  10  19  27  40  44  23  10  14  48  40  20  48   6   9  13  23  20  13  26  18  35  28  44   0   2  28  42  16  38  26  10  14  43   8   6  23 
 10  26  11  34   3  46  48  18  42  21   9  19  14   4  10  34  17  26  26  46   1  13   3  37  21   9   7  39   7  46  21   4  49  35  12  49  20  25   0  22  19  48  40  23  14  41  26  19  47   8 
 22  33  17  27  24  32  34  33  30  15   5  34  26  37  13  45  31  40   5  34  21  12   2  40   6  39  29  46   1  44  47  31   2  22  19  43  46  27  24   0  11   1  39   3  23  43  19  43  40  22 
 45  40  29  45  42  26  48  37  47  49  47  13  37   1  47  43   1  45  14  13  43  22  42  18  28  34   9  30  41  31   2  30  28   3   6   1  12  10  29  46   0  25  15  36  39  23   5  10  28  33 
 30  18  35   4   1  28   5  38  42  18  42  15  44  25  35   3  46   7  17  39  14  41  42   5  31   9  10  45   3  19  25  12  47  10   7  35  14  29  10  32  24   0  38   5  11   9  10  13  28  46 
  5  12  38  22  14  14  37  43   5  48  36  41  40  19  47   8  47  29  14  36  30  49  30  37  16  13  19   1  28  21  14  26  24  25  41  38  28   7  39  49  19   9   0   6  23  44  10  10   1  44 
 30  21  28  37  16  19  19  12  44  33  29  32  14  21  32   9  22  39  22  48  32  35   5  14  37  27  35  44  33  40  32   4  49  24  18   5  46   9  40  16  18  16   4   0   7  28  21   4  38  16 
  1  12  35  40   7  36   1  30  20  17  43  43   5  30   1  21  11   3  29  41  26  34  30  33  21  41  11  23  30  39  44  25  49  39   3   4  28   5  25   1  19   8  47   6   0  19  35  22   1  33 
 45   6  31  36  43  20  40   1  45   9  18  36  16  14  19  32  49  27   1  37   5  17  26  49  12  45  18  49  34  42  13  10   4  40   1   3  48  15  12  24  32   3  33  12  36   0   2  34  37  14 
 15  20  34  33  34  41  46  15  20  11  15   5  33  21  28   5  21   3   8  10  15  38   5  48  16   7  38  36  35   8  41  12  42  15   1   2   2  45  35  36  18  41   8  35  19  14   0  35  11  22 
 12  40  23  27  44  27  48  48   5  33  26  41  44  26  41   5  15   1   3  34  38  30  10   6   3  26  49   5   8  33  17  13   4   9  40  46  26  38  43  35   6  15  32  13  26  20  10   0  14  33 
 41  11  49  44  10   5  17  33  32  45   8  27  12  13  14  40  19  29  23  11  24   9  10  11  45  28  17  36   2   4  35  29  31  35  43   1  46  46  35  18  36   5   3   4  49  43  37  18   0   2 
 31  33  32   1   8  39   3  17   3  43  46  37  10  23  11  36  14  14  15  40  20  31   4  44   2  46  32  24  41  21  30  44  26  10  13  28  20  49   9  21  48   8  13  23  29  34  19   5   2   0 
M3
  0  14  10  10  30  41  31  41  37  31  20  14  37  12  18  10  35  30  31  34  14  46  47   8  46  21  47  17   8   6  20  30  47  48   5  31   8  34  29  35  18  28  14  35  11   2  47  15  20  26 
  8   0  15  38  21  26  24   5   1  12  16   6  27   9  12  14  39  42   5   3  47  29  35  45  25  31  37  39  40   4   2  46   8   3  25  38  15  40   9  15  23   8  10  20  24  47  32   9  47  13 
 43  30   0  33  30  38  30   8  25  33  28  16  12  18  21  43  23  44  18   4  17  28   3  27   9  48  19  11  16   4  48  49  20  46  16  47  35  38  41   5   8  43  24  43  29  15  18  37  17  17 
 40  39  16   0  29   3  41  43  21  19  44  25  43  35  23  45   9   6   1  49  23  42   5  49  29  31  45  35  16  29   4  34  26   3  38  40  40  27  17  49   5  15  28  26   1  21  34  16  45   8 
 16  23  33  13   0  32  40  44  37  44  36   8  22  33   5  34  38  38  44   3  18  48  33   9  25  11  24  36  43  10  19  38  34  40  18  40  36  33  40   4  37  27   2   8   1  49  38  40  10   2 
 28   2  47  33  37   0  21  18  13   1   9  44  18  47   1  15  13  36  28  17  26   5  11  18  27  47  29  32   2   3   8   7  19  19  20  37  21  19  18  25   2  36  37  42  12  32  32  44  29  22 
  3  15  11   2  13  48   0  26  16   7   7  37  15  14  42   1  12   8  33   6   7   3  43  30  33  34   2  18  13  35  40  36  26  10  26  48  12  14  37  40  22  11  44  27   9  43   3  36  17  22 
 24  19  21  48  37  27   4   0  45  23  25  16  38   8   6   6  43  24  23   3  44  29  46  25  21   2  47  15  21  14  25  18  48   6  25  41  35   8  48  44  24  19  24  32  24  39  17  10  10  14 
 39   1  25   8  15  15  33  38   0  42  22  48   3  17   2  10  32  19   9  45  21   1  42  48  22  49   9  34   3   5  48  36  47   6   1  10  21  37   8   3  10   5  37  39  18  30  31   8   7  26 
 18  26  36  45  25  12  41  34  27   0  34   1   3  32  39  40   8   3  16   4  29   3  21   1  28   5  44  39  41  45  17  28   2  34  30  27  43   5   5   8  42  39  24  36  46  23   8  37  28  40 
 44  23   6  17  36  46  32  48  23   4   0  20  21   4  48  44  45  42  19  35  30   6   8  38   1  37  39  33  44  31  10  10  46  38  20  20  28  24   5  25  30  22  33  11  41  15  26   6  13  10 
 49  21  12  18  12  38  45  47  31   2  41   0  27  46  30  14  15  16  17  42  17  45  49  42  20  11  16  28   7  12  37  47  28  43  37  27  44  20   9  31  44  18  22   4  42  15   5  47  33  34 
 18  49  35  46  16  47  12  15  12  10  20  31   0  44  31  32  49   2  26   8  42  34  34  23  31  48  30  18  45  38  44  43  41  30  44  45  31  41  27  13  31   7  34  46  31  23  44  33  43  17 
  7  44  43  47  33  45  48  44  12  31  47  10  30   0  20  29  46  27   9  44  17   8  19  14  20  15   8  13  11  47   5  16  30  13  28  19  16  10  15  19  20  26  29  18  20  29  27  24  46  38 
  4  24  13  12  10  41   1  22  37  22   3  30  10  19   0  24  39  46   6  13  12  17  49   5  44  48   7  13   8  19  37  41  30  37  33  10  28   9   4  49  34  34  23  48  15  28   8  24  38  23 
 33  38  14  49  16  49  13   2  29  33  16  35  20  32  16   0  25  32  33  12   4  27  42   1   8  31  35  35  28  45  36  23   3  17  47  34  49   6  49  39  47  10  42  35  23  38   3  19  19  28 
 49  36  22   7  49  44   2  26  37   9   8   9  15  27  19  25   0  27  38  35  17  42  23  18  29  27  49  10  22   8  30   8   8  15  30  22  28  25  11  41  36   4  36  17  22  36   6  29  28   3 
 21   3  20  44   9  42   4  47  20  32  27  25  49  16  19  16  11   0  39   3  47   4  19  48  26   2  19  27  46  32  18   9  47  29  27  36  44  24   2  23  44  47  18  47  12  31  42  15  29   4 
 43  28  38  27  15  41  13  26  45  34  44  35   3  44   4  39  41  29   0  43  40  10  20  33  17  48  42  13  43   5  10  34  16  36  43  21  30  11  15  19  48  12  47  37  44  34  30   8  42  14 
  9  27  30  11  18  25  26   2  20  13  33  47  38   2  43  23   2  33  28   0  42  16   2   9  38  19  26  46  14   7  42  22  32  26  18  14  48  34  41   2   6   3  20   5  28  34  45  20   9  31 
 41  37  21  16   8  46  44  37  43  15   2  47  41   5  12  44  20  28  32  26   0  34  30   6  43  11  43  22  19   9  14  36  45  19  27  33  45  18  16   9  25  35  13  46  10  43  49  44  45  29 
 46  13  33  16  21  25  35  11  11   3   1  27  22  23  34   7  18  18  23  30  22   0  43  14   7  36  26   2  18  13   1  19  34  23   3  22   4  25  12  13  13  10  46  47  21  14  18   3  27  35 
  9   8   4  30   5  35  20  44  48  23  44  33   4  43  28  29  11  11  26  26  46  23   0  46  28  21  17  13   8  47  47  24  16  23  14   1   4  41   9  25  32  30  34  28  49  49   9   8  43   6 
 17  23  11  28  35  27  42  16  32  47  49  43  17  13  29  39  42   5  41  29  31  36  41   0  24  23  46  19  29  45  34  40  27  49  48   8  11   7   2  24  24  46  13  19  44  27   6  43  48  26 
  3  33  34  33  34  46  43  17  41   6  49  43   7  39  30   1  15   6   6  21  11  13  29  45   0  36  44  47  45  46  48  36   9  14  28  27  33   1   9  30  19  39  25  24  39  35   1   9  40  24 
 21   7  43  21  38  19  34  17  47  40  10  36  49  22   1  15  25   6  13  13  17  46  41  43  22   0  33  29   9  46  36  40  23   1   3  10  44  16  35  48  41  20  12  28  46  49  45  21  38  21 
 11  48  21  23   3  20  45  23  26  14  25  13   5   5  46  48  23   9  41  42  27  34  28  37  49  14   0  24   7  20   4  12  20  22  13  38  40  27  22   8  21  22  31  11   8  24  33  25   8  18 
 32  29   5  23   7   2  37  30  35  17   7  39   7  47   7  45  24  48  26  14  46  16   7  18  13  49  45   0  49  29  49  42  39  30  38  18  13  41  17  47  42  42  31  23  30  23  28  10  43  22 
 10   5   4   7  23  33  24  19   7  30  39  42  26   8  47  27  30   2  41  36  36   5  16  35  23  17  28  28   0  16  14  13  35  13  11   7  17  42  48   1  31  27  27   5  36  20  20  21  45  20 
 25  17  38  11  11   5   6  19  16  19   2  21  36  16  44  19  24  26  27  17  15  17  28  34  41  22  23  24  22   0   7   4  31  36  15  25  47  29  46  21   5  34  26  25  37  14  39  45   6  20 
 30  18   5  47  43  18  37  21  18   3  18  29  32  40  10  46  32  12  47  19  43  44  36  12  32  11  48   4  34   9   0  21   9  45  45   4  28  23  26  15   2  38   8   4  12  17  29  40  27  46 
 38  14   4  13  21   2  13  41  35  36  14  17   3  15  11  22   2  45  48  19  37  37  29  23  37  48  39  16  32  23  34   0  12  33  49  14  32  34  23  32  49  12  49  34  16  17  47  48  33  12 
 34  36  37  12   5  31  37  49  48  17  18  34  39  12  14   9  12   5  33  30  14  49   3  13  20   6  47  40  46  23  26  13   0  24  24  45  36  39  23   7   2  47  37  19  38   6  43   3  10  43 
 23  15   5  33  31  31  15  13  46  27  17   3  20  19  45  49  11  46  44  26  44   8  49   5   9  23   9  31  33   1  17  20  23   0  11  18   1  27  44  21  43  15  46  34  16   9  38  43   2  13 
 13   6  37  41   3  36  10  31  48  17   2  31  37   9  28  15   1  40  25  14  34  43   9   7  37  32   7  17   6  36  29  17  16  37   0  19  32  35  39  35  30   5  21  17  34  34  44  23  39  44 
 29  32  25  44   4   5   9  26  30  29  31  18   3  20  14  49  44  34  19  40   4  26  15   5  32  36  35  15  43  10  13  30  10  45  44   0  19  34   1  34  11  23  26  17  18   9   5  17   1  13 
 27  14   3  31  36  15  47  42  23   6   4  13  33  32  17  15  43  13  23   6  27  19  32  33  10  35  34  37  23  39  40  20   1  19  24  38   0  36  44  28  10  42  10   7  14   2   8  42  34  14 
 28  26  13   1  32  23  38  15  12   5  18  49   1  23  10  19  27  40  44  23  10  14  48  40  20  48   6   9  13  23  20  13  26  18  35  28  44   0   2  28  42  16  38  26  10  14  43   8   6  23 
 10  26  11  34   3  46  48  18  42  21   9  19  14   4  10  34  17  26  26  46   1  13   3  37  21   9   7  39   7  46  21   4  49  35  12  49  20  25   0  22  19  48  40  23  14  41  26  19  47   8 
 22  33  17  27  24  32  34  33  30  15   5  34  26  37  13  45  31  40   5  34  21  12   2  40   6  39  29  46   1  44  47  31   2  22  19  43  46  27  24   0  11   1  39   3  23  43  19  43  40  22 
 45  40  29  45  42  26  48  37  47  49  47  13  37   1  47  43   1  45  14  13  43  22  42  18  28  34   9  30  41  31   2  30  28   3   6   1  12  10  29  46   0  25  15  36  39  23   5  10  28  33 
 30  18  35   4   1  28   5  38  42  18  42  15  44  25  35   3  46   7  17  39  14  41  42   5  31   9  10  45   3  19  25  12  47  10   7  35  14  29  10  32  24   0  38   5  11   9  10  13  28  46 
  5  12  38  22  14  14  37  43   5  48  36  41  40  19  47   8  47  29  14  36  30  49  30  37  16  13  19   1  28  21  14  26  24  25  41  38  28   7  39  49  19   9   0   6  23  44  10  10   1  44 
 30  21  28  37  16  19  19  12  44  33  29  32  14  21  32   9  22  39  22  48  32  35   5  14  37  27  35  44  33  40  32   4  49  24  18   5  46   9  40  16  18  16   4   0   7  28  21   4  38  16 
  1  12  35  40   7  36   1  30  20  17  43  43   5  30   1  21  11   3  29  41  26  34  30  33  21  41  11  23  30  39  44  25  49  39   3   4  28   5  25   1  19   8  47   6   0  19  35  22   1  33 
 45   6  31  36  43  20  40   1  45   9  18  36  16  14  19  32  49  27   1  37   5  17  26  49  12  45  18  49  34  42  13  10   4  40   1   3  48  15  12  24  32   3  33  12  36   0   2  34  37  14 
 15  20  34  33  34  41  46  15  20  11  15   5  33  21  28   5  21   3   8  10  15  38   5  48  16   7  38  36  35   8  41  12  42  15   1   2   2  45  35  36  18  41   8  35  19  14   0  35  11  22 
 12  40  23  27  44  27  48  48   5  33  26  41  44  26  41   5  15   1   3  34  38  30  10   6   3  26  49   5   8  33  17  13   4   9  40  46  26  38  43  35   6  15  32  13  26  20  10   0  14  33 
 41  11  49  44  10   5  17  33  32  45   8  27  12  13  14  40  19  29  23  11  24   9  10  11  45  28  17  36   2   4  35  29  31  35  43   1  46  46  35  18  36   5   3   4  49  43  37  18   0   2 
 31  33  32   1   8  39   3  17   3  43  46  37  10  23  11  36  14  14  15  40  20  31   4  44   2  46  32  24  41  21  30  44  26  10  13  28  20  49   9  21  48   8  13  23  29  34  19   5   2   0 
M4
  0  14  10  10  30  41  31  41  37  31  20  14  37  12  18  10  35  30  31  34  14  46  47   8  46  21  47  17   8   6  20  30  47  48   5  31   8  34  29  35  18  28  14  35  11   2  47  15  20  26 
  8   0  15  38  21  26  24   5   1  12  16   6  27   9  12  14  39  42   5   3  47  29  35  45  25  31  37  39  40   4   2  46   8   3  25  38  15  40   9  15  23   8  10  20  24  47  32   9  47  13 
 43  30   0  33  30  38  30   8  25  33  28  16  12  18  21  43  23  44  18   4  17  28   3  27   9  48  19  11  16   4  48  49  20  46  16  47  35  38  41   5   8  43  24  43  29  15  18  37  17  17 
 40  39  16   0  29   3  41  43  21  19  44  25  43  35  23  45   9   6   1  49  23  42   5  49  29  31  45  35  16  29   4  34  26   3  38  40  40  27  17  49   5  15  28  26   1  21  34  16  45   8 
 16  23  33  13   0  32  40  44  37  44  36   8  22  33   5  34  38  38  44   3  18  48  33   9  25  11  24  36  43  10  19  38  34  40  18  40  36  33  40   4  37  27   2   8   1  49  38  40  10   2 
 28   2  47  33  37   0  21  18  13   1   9  44  18  47   1  15  13  36  28  17  26   5  11  18  27  47  29  32   2   3   8   7  19  19  20  37  21  19  18  25   2  36  37  42  12  32  32  44  29  22 
  3  15  11   2  13  48   0  26  16   7   7  37  15  14  42   1  12   8  33   6   7   3  43  30  33  34   2  18  13  35  40  36  26  10  26  48  12  14  37  40  22  11  44  27   9  43   3  36  17  22 
 24  19  21  48  37  27   4   0  45  23  25  16  38   8   6   6  43  24  23   3  44  29  46  25  21   2  47  15  21  14  25  18  48   6  25  41  35   8  48  44  24  19  24  32  24  39  17  10  10  14 
 39   1  25   8  15  15  33  38   0  42  22  48   3  17   2  10  32  19   9  45  21   1  42  48  22  49   9  34   3   5  48  36  47   6   1  10  21  37   8   3  10   5  37  39  18  30  31   8   7  26 
 18  26  36  45  25  12  41  34  27   0  34   1   3  32  39  40   8   3  16   4  29   3  21   1  28   5  44  39  41  45  17  28   2  34  30  27  43   5   5   8  42  39  24  36  46  23   8  37  28  40 
 44  23   6  17  36  46  32  48  23   4   0  20  21   4  48  44  45  42  19  35  30   6   8  38   1  37  39  33  44  31  10  10  46  38  20  20  28  24   5  25  30  22  33  11  41  15  26   6  13  10 
 49  21  12  18  12  38  45  47  31   2  41   0  27  46  30  14  15  16  17  42  17  45  49  42  20  11  16  28   7  12  37  47  28  43  37  27  44  20   9  31  44  18  22   4  42  15   5  47  33  34 
 18  49  35  46  16  47  12  15  12  10  20  31   0  44  31  32  49   2  26   8  42  34  34  23  31  48  30  18  45  38  44  43  41  30  44  45  31  41  27  13  31   7  34  46  31  23  44  33  43  17 
  7  44  43  47  33  45  48  44  12  31  47  10  30   0  20  29  46  27   9  44  17   8  19  14  20  15   8  13  11  47   5  16  30  13  28  19  16  10  15  19  20  26  29  18  20  29  27  24  46  38 
  4  24  13  12  10  41   1  22  37  22   3  30  10  19   0  24  39  46   6  13  12  17  49   5  44  48   7  13   8  19  37  41  30  37  33  10  28   9   4  49  34  34  23  48  15  28   8  24  38  23 
 33  38  14  49  16  49  13   2  29  33  16  35  20  32  16   0  25  32  33  12   4  27  42   1   8  31  35  35  28  45  36  23   3  17  47  34  49   6  49  39  47  10  42  35  23  38   3  19  19  28 
 49  36  22   7  49  44   2  26  37   9   8   9  15  27  19  25   0  27  38  35  17  42  23  18  29  27  49  10  22   8  30   8   8  15  30  22  28  25  11  41  36   4  36  17  22  36   6  29  28   3 
 21   3  20  44   9  42   4  47  20  32  27  25  49  16  19  16  11   0  39   3  47   4  19  48  26   2  19  27  46  32  18   9  47  29  27  36  44  24   2  23  44  47  18  47  12  31  42  15  29   4 
 43  28  38  27  15  41  13  26  45  34  44  35   3  44   4  39  41  29   0  43  40  10  20  33  17  48  42  13  43   5  10  34  16  36  43  21  30  11  15  19  48  12  47  37  44  34  30   8  42  14 
  9  27  30  11  18  25  26   2  20  13  33  47  38   2  43  23   2  33  28   0  42  16   2   9  38  19  26  46  14   7  42  22  32  26  18  14  48  34  41   2   6   3  20   5  28  34  45  20   9  31 
 41  37  21  16   8  46  44  37  43  15   2  47  41   5  12  44  20  28  32  26   0  34  30   6  43  11  43  22  19   9  14  36  45  19  27  33  45  18  16   9  25  35  13  46  10  43  49  44  45  29 
 46  13  33  16  21  25  35  11  11   3   1  27  22  23  34   7  18  18  23  30  22   0  43  14   7  36  26   2  18  13   1  19  34  23   3  22   4  25  12  13  13  10  46  47  21  14  18   3  27  35 
  9   8   4  30   5  35  20  44  48  23  44  33   4  43  28  29  11  11  26  26  46  23   0  46  28  21  17  13   8  47  47  24  16  23  14   1   4  41   9  25  32  30  34  28  49  49   9   8  43   6 
 17  23  11  28  35  27  42  16  32  47  49  43  17  13  29  39  42   5  41  29  31  36  41   0  24  23  46  19  29  45  34  40  27  49  48   8  11   7   2  24  24  46  13  19  44  27   6  43  48  26 
  3  33  34  33  34  46  43  17  41   6  49  43   7  39  30   1  15   6   6  21  11  13  29  45   0  36  44  47  45  46  48  36   9  14  28  27  33   1   9  30  19  39  25  24  39  35   1   9  40  24 
 21   7  43  21  38  19  34  17  47  40  10  36  49  22   1  15  25   6  13  13  17  46  41  43  22   0  33  29   9  46  36  40  23   1   3  10  44  16  35  48  41  20  12  28  46  49  45  21  38  21 
 11  48  21  23   3  20  45  23  26  14  25  13   5   5  46  48  23   9  41  42  27  34  28  37  49  14   0  24   7  20   4  12  20  22  13  38  40  27  22   8  21  22  31  11   8  24  33  25   8  18 
 32  29   5  23   7   2  37  30  35  17   7  39   7  47   7  45  24  48  26  14  46  16   7  18  13  49  45   0  49  29  49  42  39  30  38  18  13  41  17  47  42  42  31  23  30  23  28  10  43  22 
 10   5   4   7  23  33  24  19   7  30  39  42  26   8  47  27  30   2  41  36  36   5  16  35  23  17  28  28   0  16  14  13  35  13  11   7  17  42  48   1  31  27  27   5  36  20  20  21  45  20 
 25  17  38  11  11   5   6  19  16  19   2  21  36  16  44  19  24  26  27  17  15  17  28  34  41  22  23  24  22   0   7   4  31  36  15  25  47  29  46  21   5  34  26  25  37  14  39  45   6  20 
 30  18   5  47  43  18  37  21  18   3  18  29  32  40  10  46  32  12  47  19  43  44  36  12  32  11  48   4  34   9   0  21   9  45  45   4  28  23  26  15   2  38   8   4  12  17  29  40  27  46 
 38  14   4  13  21   2  13  41  35  36  14  17   3  15  11  22   2  45  48  19  37  37  29  23  37  48  39  16  32  23  34   0  12  33  49  14  32  34  23  32  49  12  49  34  16  17  47  48  33  12 
 34  36  37  12   5  31  37  49  48  17  18  34  39  12  14   9  12   5  33  30  14  49   3  13  20   6  47  40  46  23  26  13   0  24  24  45  36  39  23   7   2  47  37  19  38   6  43   3  10  43 
 23  15   5  33  31  31  15  13  46  27  17   3  20  19  45  49  11  46  44  26  44   8  49   5   9  23   9  31  33   1  17  20  23   0  11  18   1  27  44  21  43  15  46  34  16   9  38  43   2  13 
 13   6  37  41   3  36  10  31  48  17   2  31  37   9  28  15   1  40  25  14  34  43   9   7  37  32   7  17   6  36  29  17  16  37   0  19  32  35  39  35  30   5  21  17  34  34  44  23  39  44 
 29  32  25  44   4   5   9  26  30  29  31  18   3  20  14  49  44  34  19  40   4  26  15   5  32  36  35  15  43  10  13  30  10  45  44   0  19  34   1  34  11  23  26  17  18   9   5  17   1  13 
 27  14   3  31  36  15  47  42  23   6   4  13  33  32  17  15  43  13  23   6  27  19  32  33  10  35  34  37  23  39  40  20   1  19  24  38   0  36  44  28  10  42  10   7  14   2   8  42  34  14 
 28  26  13   1  32  23  38  15  12   5  18  49   1  23  10  19  27  40  44  23  10  14  48  40  20  48   6   9  13  23  20  13  26  18  35  28  44   0   2  28  42  16  38  26  10  14  43   8   6  23 
 10  26  11  34   3  46  48  18  42  21   9  19  14   4  10  34  17  26  26  46   1  13   3  37  21   9   7  39   7  46  21   4  49  35  12  49  20  25   0  22  19  48  40  23  14  41  26  19  47   8 
 22  33  17  27  24  32  34  33  30  15   5  34  26  37  13  45  31  40   5  34  21  12   2  40   6  39  29  46   1  44  47  31   2  22  19  43  46  27  24   0  11   1  39   3  23  43  19  43  40  22 
 45  40  29  45  42  26  48  37  47  49  47  13  37   1  47  43   1  45  14  13  43  22  42  18  28  34   9  30  41  31   2  30  28   3   6   1  12  10  29  46   0  25  15  36  39  23   5  10  28  33 
 30  18  35   4   1  28   5  38  42  18  42  15  44  25  35   3  46   7  17  39  14  41  42   5  31   9  10  45   3  19  25  12  47  10   7  35  14  29  10  32  24   0  38   5  11   9  10  13  28  46 
  5  12  38  22  14  14  37  43   5  48  36  41  40  19  47   8  47  29  14  36  30  49  30  37  16  13  19   1  28  21  14  26  24  25  41  38  28   7  39  49  19   9   0   6  23  44  10  10   1  44 
 30  21  28  37  16  19  19  12  44  33  29  32  14  21  32   9  22  39  22  48  32  35   5  14  37  27  35  44  33  40  32   4  49  24  18   5  46   9  40  16  18  16   4   0   7  28  21   4  38  16 
  1  12  35  40   7  36   1  30  20  17  43  43   5  30   1  21  11   3  29  41  26  34  30  33  21  41  11  23  30  39  44  25  49  39   3   4  28   5  25   1  19   8  47   6   0  19  35  22   1  33 
 45   6  31  36  43  20  40   1  45   9  18  36  16  14  19  32  49  27   1  37   5  17  26  49  12  45  18  49  34  42  13  10   4  40   1   3  48  15  12  24  32   3  33  12  36   0   2  34  37  14 
 15  20  34  33  34  41  46  15  20  11  15   5  33  21  28   5  21   3   8  10  15  38   5  48  16   7  38  36  35   8  41  12  42  15   1   2   2  45  35  36  18  41   8  35  19  14   0  35  11  22 
 12  40  23  27  44  27  48  48   5  33  26  41  44  26  41   5  15   1   3  34  38  30  10   6   3  26  49   5   8  33  17  13   4   9  40  46  26  38  43  35   6  15  32  13  26  20  10   0  14  33 
 41  11  49  44  10   5  17  33  32  45   8  27  12  13  14  40  19  29  23  11  24   9  10  11  45  28  17  36   2   4  35  29  31  35  43   1  46  46  35  18  36   5   3   4  49  43  37  18   0   2 
 31  33  32   1   8  39   3  17   3  43  46  37  10  23  11  36  14  14  15  40  20  31   4  44   2  46  32  24  41  21  30  44  26  10  13  28  20  49   9  21  48   8  13  23  29  34  19   5   2   0 
Reldue
 1090    1    3
 1676    9    5
  503    4    2
 1539    4    8
 1465    3    3
  662    7    8
  356    4    4
  705    8    6
  486    4    1
 1152    2    1
 1303    1    5
 1252    3    2
 1401    8    6
  521    8    4
  392    1    3
 1290    1    3
  782    7    4
  932    5    9
 1052    5    4
  987    5    1
 1566    4    2
 1454    9    6
  600    5    9
  859    1    3
 1276    7    3
  921    7    8
 1251    9    7
  527    4    2
 1162    5    4
  770    2    3
 1357    2    4
 1130    9    8
  889    3    9
 1083    2    3
  556    4    4
  402    4    9
  671    2    6
 1003    5    6
  882    5    4
  891    8    6
 1467    3    4
  842    5    9
  862    7    7
  886    1    5
 1767    6    6
  915    9    7
 1830    5    9
 1252    1    9
  760    4    7
  820    3    8
DDW
 1017  1163
 1523  1828
  467   539
 1413  1664
 1384  1546
  626   699
  329   384
  667   743
  439   532
 1089  1216
 1225  1380
 1187  1318
 1304  1497
  492   549
  362   421
 1188  1392
  717   848
  880   985
  963  1141
  932  1043
 1428  1704
 1351  1557
  567   632
  778   941
 1181  1370
  867   975
 1160  1341
  482   572
 1065  1259
  712   829
 1246  1467
 1033  1226
  830   947
 1001  1165
  510   602
  376   428
  623   718
  911  1096
  830   935
  830   952
 1348  1586
  799   886
  816   908
  816   956
 1642  1893
  831   999
 1666  1994
 1161  1343
  693   826
  741   900
