50   5
MD
  4  5  3  4  5
PT
 91  18  92  59  36  27  52  42  25   8  64  94  76  99   6   8  58  33  38  36  34  21   6  97  76  35  10  19  49  56  58  56  52  84  71  34  50  79  66  90  30  15  60  29  60  82   3  46  77  95 
 90  41  70  17  95  23  63  50  75  35  49  16   2  28  55  25  83  24  17  50  75  19  72   5  67  71  58  99  73  87  76  11  23  90  84  75  72  35  63  19  47  73   5  45   5  74  22  64  43  29 
 79  72  86  94  59  34   5  17  84  91  67  86  15  87   4  87  40  93  14   8  32  10  56  87  94  67  12  64  18  62  18  26  29  72  29  26  89  77  94  58  52  31  25  13  51   1  30  27  86  59 
 87  61  83   7  42   4  31  76  83  14  86  56  86  27  54  65  97  32  84  87  78  40  29  64  28  58  60  18  99  94  11  53  88   7  56  83  28  31  52   9  47   8  27  47  25  18  34   3  68  68 
 45  81  55  42  94   8  50  65  30  23  92  12  46  14  96  48  76  19  36  93  45  34  15   5  76  53   3  26  86  47  45  49  83  63  10  12  12   4  87  23  71  37  92  95  55  85   6  45   6  27 
SSD
M0
  0  29  42  25  38  47  38   7   4  14   4  44   9  47  20  29   5   2  22  26  35  41  23  11   8  32  11  35   5  42  22  13  31  32  42  30  22   4  43  35  11  19  18  36  20  10  19  28  23   8 
  2   0  34  14   2   8  28  12  33   1  32  28  35  12  34  15  40  20  35  14  42  31  19  29  32  29  27   8  37  11  36  37  49  46  19  27   1  21  19  41   7  47  31  47  16  11   5   4  30   9 
 24  46   0  24  34  36  46  23  47  42  43  12  43  13  41  10  40  17  27  10  40  37  40  32  35  38  41  24  19   6   7  31  34  42  33  38  45  14  29  15   8  31   1  47  10  45   9  22  21  32 
 23  16  29   0  34  11   1  47  36   2  46  27   7  42  32  44  14   6  28  22  42   6  25  34  40  48  48  20   1   5  15  20  15   6  18  39  32  44  29  17  21  18  36  24  27  13  11   4  27  17 
 12  23  35  22   0  22   5  19  33  49  14  49  49  21   4  12  10  46  15  34  34  45   4  44   3  32  12   3  20   9  30  42  29  42  18  40   5  26   7  39   9  26  17  35  39  31  33  42  49  26 
 48  40  14  38  30   0  49  24  36  16  16  25  24  34  38   6  21  17  36  14  20  47  10  45  12  43  10  42  15  39  16  11  30  49  30  20   7  26  22  30  26  36   8  42  31  37  33   3  12   1 
 24  45  12  34   6  28   0  34  25  19  34  15   1  33  37  21  45  25   6   5  43  49  46  27  32  46  14   8   2  38   1  26   1  48   7   3  40  35  44  30   9  25  24   1  12  49  12  25  14  38 
 43  35   5  35  18  15  35   0  31  28   6  46   7  21  25  31  28   2  32  29   8  19  11  40  26  24  34  37  14  28   2   1  37  42  22  32  35  15  25  23   8  16   1   9  40  34  35   9  46  33 
 26  13  23  30  22  24   1  44   0  18  37   3  34  27  12  46  18  48  49  20  13   4  13  49  29  33  29  12  13   8   6   4  42  41  11  43  13   1   6  27  12  29  25   1  18  30  28  42  24  44 
 35  45  36  48  34  19  14  16  23   0  47  36  14   3  15  25  21   5  37  11  11   4  48  31  46  40  45  34  40  18  47   8  28  29  32  26  24  32  12  28  35  32  22  17  11  12   1   2  44  14 
 28  47  43  42   4  39   1  31  24  13   0  11  19  32  18  29  22  29  12  25  43  49  14  29  43  38  47  12   1  29  26  18  15   4  12  36   1  44  22  17  48   1  11  17  39  43  27  36  43  47 
 25  47  33  42  44  19  42   4  34  46  15   0  11   7   4  26  11   9  28  32  30  34   3  16  30  31  41   2  46  14   2  22  27  27  18  43  42  32  24   4  37  14   2  25  34  23  38  39   1   5 
 14  40  45  38  10  49  21  43  48  29  36   3   0  36  22   7  25  29  25  26   9  42  13  33  45  48  27  36  29   2  42   9  10  16  15  32  38  41  28  42  43  24  48  34  18  13  14  16   8  41 
 37   7  21   6  20  25  38  12  36  24  32  49  46   0  30  15  22  17   9  45  19  11   3  47  48  41  24  23  23  33  36  29   1  23  44  17  25  31   3  43  32  38  42  43  22  40   1  45  35  33 
 44  29   1  26  16  43  33  12   4   6  30  15  10   5   0  10  47  32  33  16   8  39  26  39   4  21  37  23  27  31  44  22  22  16   4   6   7  48  48  13  26  10  34  26  32  37  44  30  34   4 
 41   8   4  29   7  21  30  41  42  20   3  37  38  26   1   0  47  21  42   5  46  22  20  12   3  15  18  38   3  46  34  37   7  42  13   5  37   1  26  41  47  16  45  37  44  35   8  28  24  44 
 45  42   4  20  42  19  42  44  38  26  45  22  28   2  14  27   0   4  44  13  48  34  48  47  24   6  13  42  10   3  38   9  33  41  35  48  12  44  40  43  29  43  32  36  30   1  21  30  48  24 
 44   8  47   2  46   7  16  26  34  39   6  42  20   1  49  20  22   0  40  18  23   8  28  16  13  16  29  19  38  13  14  26  35  47   6  37  29  14  35  23  14  38  42  47  37  47  29  33  28  38 
 33  43  20  48  30  39  29   2   7  45  40  20  30  11  26  17  32  34   0  23  10  15  40  25  43  27  27  14  17  15  49   2  48  24   7   5  15  41  38  44  26  12  25   7  41  18  22  42  20  35 
 46  22  44  13  31  44  19  22  29  43   9  12  16   5  44  45  16  24  41   0   9  29  21  40  39  12  44  39   1  22  13  15  11  24  14  41  37  42  49  41  32  33  45  49  23  34   9  22   6  38 
 37  14  48  43  32  19  41  49  13   5  46  47  34   2  47  27  20  37  28  15   0  32  38  19  13  46  14  31  19  32  32  17  15  23  37  19  43  27  42  47  17  35  12  43  45   9  29  29  39  18 
 20   9  32  10  23   2  22  47   4   5   9  34  12   4  20   8  17   8  41  25  44   0  27   9  22  20  48  45  32  48  48  25  24  29  19  44  13   6  30  12  38  44   7  31  31  13  44  46  30   2 
 32  13  12   4  37  19  12   9   2  34  14  23  30  40  13  19  48  19   8  42  18  13   0  22  43   1  44  43  13  19   2   7   4  38  28  49   5  24   8   8  38  21  20  21  34  48  47   7  33  30 
 11  25  26  35  35  16   6  14  23   7  45   1  18  11  46  32   4  15  24  47  17   4   4   0  41  22   4   3   2   4   7  19   5  10  15  20  18  12  12  33   7  20  49  27   3  32  20  25  24  25 
  5  25  18  10  36   1  14   9  13  26  34  10  20  17   1  40  35   5   4  45   3  21  38  42   0  29  22   3  13  39  12  48   4  47  15  36  37  15  13  42  28  39  21  34  30   7  33  27   9  45 
 49   5  18  30  23   8  20  38  43   2  22  10  21  49  13  10  19  12  12  34  22  19  33  11  40   0  17  43  45  18  38  36  29  30  39   7  41  15  37  28  44  21  18  11  48  31   5  40  27   6 
  2  18  14  32   2  17  10  36  13  36  24  19  14   7  20   7  26  29  44   5  13  23  17  18  37  39   0   7  37  26  23   4  27   6  44  16  48  29  31  29  47   7  29  41  27  11  12  41   7  21 
 32   2  31  44  10  13   9  48  17  14  12  47  11  28  24  48  47  17  47  21  40  37  10  15  38  21  10   0  41  47   3   2  11  44  26   3  31  36  38  39  35  40   7  10  20   4  31  38  33  28 
 45  13  38   3  13  29  13  44  42  12  33  15  14  34  37  43  40   5   8  47  16  34  19  16  46  32  37  32   0  29  20   3  41  40  38  37  37  23  14  10   9  30  41   8  20  23   9  19  36  25 
 49  32   1  29  19  24   1  14  34  42   7  16  34  46   4  10  36  23   7  45  26  20  15  34  14  33  24   4  24   0  42   4  35  14  43  49  24  27  18  16  24  40  29  27  16  49   5  47  15  11 
 33  11  30  49   6  32  13  14  49   6  43   2  11   2  29  32  35   8   8  49   9   7  25  12  14  25  29   1  12  34   0  44  33  10  44  39  40  18  26  45   3  40  49  12  21  14  14  47  40  11 
 19  34  27  20  19  44  34  45  22  20   7  11  14  26  27  19  48   9   5  34  17  13  30   1  14  43  12  24  32  47  37   0   7   7   5  21  19  36  23  36  46  29  28  14  17  21  23  11  29  14 
 25  24  11   9   4  30  25   1  24  20  33  41  39  27  33  48  26  21  37  25   9  36  12  41  17  42  30   9  24  31  11  32   0  12  33  29  11  48  40  16  33  33   6  12   4  16   1  40  47  20 
  3  17  42  34   2  23   9   8  46  36  36  38  46  20  46  38  19  25  45  37  47   6  37  18  24  13   9  10  16  41  26  18  37   0  14  31  40  20  31  22   6  10  44  40  36  21  37  24   8  41 
 11  21  30   1  13   4  11  28  34  38  10  16  28  37  15  30  20  18  38  28  43   2  19  35  42  44  42  45  45  27  36  40   8  13   0  37  35  43  23  47  31  24  43  21   9  49   6  44  45  27 
 13  18  22   1  25  30  31  10   1   7   7  32   5  11  20  19  44  17  37  49  31  11  13  14  11  10  15  30  24  14   7   1  15  43  27   0   3   4   2  44  24   4  16  30  47  20  49  45  40  38 
  1  16  47  36  48   3  39  33  27  15  34  47  46   2  17  20  19  25  41  45  11  27  14  41  15  26  18   2  37  21  27  34  20   1   6  22   0   8  14   6  33  36  31  18  26  47  23  34  18  18 
  5   9  40   5  25  35  15   4  30   6  47  14  32  38   5  12  11  16  41  48  27  34  44  44  46  25  20  23   5  39  29  18  13  29   8  29  43   0  34  26   2  38  27  30  46  36   5  25  11  41 
 36   8  41  12  20  39  10  30  19  11  16  38   9   1  35  27  15  17  18  16  48  29  42   5  17   9  30  41   2  15  29  26  32  22   3  19  47  19   0  28  16  49  47  33  19   3  12  33  41  40 
 42  39  13  32  38  16  48  19  37   9  47  30  49  47  27  17  18   9  44   8  39  43  45  41  12  31  18  28  40  16  21  46  36   5   8  37  10   6  38   0  20  29  16  14  37  38   3  30  20   9 
 24   6  45  29  35  40  42  24  44  31  15  34  31  16  31  42  33  17  25  30  49  12  22   7  16  18  23  48   4  14  38  39  14  46  15  25   8   1  42  19   0  22  16   4  31  38  33  31  46  24 
  1  35   1  13  27  12   1  49  41  21   9  29  40   4  23  27  27   5   8  31  41  24  46  38  36  17  42   1  24  33  15  49  24   9   7   4  37   5  46  17  18   0  48   3  18  33   8  36  39  37 
 47  27  48  15  43  34  18  48  43  11  14   4  35  41  33  10  21  13  15   5  25  44  43  41   7  44  14   8  11  14  31  39   8  30  34  29   9  42  23  24  21  49   0  18  29  29  22  31  22  31 
 32  26  34  33  31  47  37   6  22  17  48  46  32  35  45  36   1  13  44  33  14  35  42  45   7  42  34  11  24  25   1  37  31  37  31   6  22   4  47   1  32  33  41   0  37  32   9  36  28  44 
 10  36   7  18   5  16  19   7  35   9  42   8  27  45   1  30   6  30  37   6  36  40   1  41  26  29  10  38  46  27   7  34  20  39  30  14  20  22  27   1  37   1  41  11   0  33  32  20  48  12 
  7  17  11  17  24  43  42  27  43  42   2  41  34   3  29  45  30  37  18  48  30  23   3   4  10  20  20  34  11  30  35   3  36   4  22  42  32  15  26  37   9   7   5   5  13   0  39   3   3  11 
 42  19  44  41  35   1  45  46  14  24  24  10  34  45  49  28  33  31  14  37  34  49  13   3  48  14  26  44  19  29  23  16   6  29  26   6  46  23  29  39  34   9  23  33  44  39   0   8  36  15 
 22  39  16  36  14  13   2  21  47   8  29  34  45   8  49  45  34  18   5  12  14   4  22  10  16  45  26   9  44  15  29  38  12  46   3  42   7  24   6  48  11  14  47  27  17  34  13   0  30   7 
  5  43  42  26   2  15  28  35  13  24   8   9   2  32  19  24  46  38   2  28  16  48   7  43  21  38  18  34  38  46  24  32   8  23  49  39  31  42   8  12   8  41  21   2  37  26   3  15   0  33 
 11  15  18  35  27  23  38  39  42  14  26  33  33  21  37  46  22  33  40  15  22  46  18  20  18  12  42   6  41  17  49  12  28  35   5  35  18  23  36  24  25  33   1   5  20  39  16  38   3   0 
M1
  0  29  42  25  38  47  38   7   4  14   4  44   9  47  20  29   5   2  22  26  35  41  23  11   8  32  11  35   5  42  22  13  31  32  42  30  22   4  43  35  11  19  18  36  20  10  19  28  23   8 
  2   0  34  14   2   8  28  12  33   1  32  28  35  12  34  15  40  20  35  14  42  31  19  29  32  29  27   8  37  11  36  37  49  46  19  27   1  21  19  41   7  47  31  47  16  11   5   4  30   9 
 24  46   0  24  34  36  46  23  47  42  43  12  43  13  41  10  40  17  27  10  40  37  40  32  35  38  41  24  19   6   7  31  34  42  33  38  45  14  29  15   8  31   1  47  10  45   9  22  21  32 
 23  16  29   0  34  11   1  47  36   2  46  27   7  42  32  44  14   6  28  22  42   6  25  34  40  48  48  20   1   5  15  20  15   6  18  39  32  44  29  17  21  18  36  24  27  13  11   4  27  17 
 12  23  35  22   0  22   5  19  33  49  14  49  49  21   4  12  10  46  15  34  34  45   4  44   3  32  12   3  20   9  30  42  29  42  18  40   5  26   7  39   9  26  17  35  39  31  33  42  49  26 
 48  40  14  38  30   0  49  24  36  16  16  25  24  34  38   6  21  17  36  14  20  47  10  45  12  43  10  42  15  39  16  11  30  49  30  20   7  26  22  30  26  36   8  42  31  37  33   3  12   1 
 24  45  12  34   6  28   0  34  25  19  34  15   1  33  37  21  45  25   6   5  43  49  46  27  32  46  14   8   2  38   1  26   1  48   7   3  40  35  44  30   9  25  24   1  12  49  12  25  14  38 
 43  35   5  35  18  15  35   0  31  28   6  46   7  21  25  31  28   2  32  29   8  19  11  40  26  24  34  37  14  28   2   1  37  42  22  32  35  15  25  23   8  16   1   9  40  34  35   9  46  33 
 26  13  23  30  22  24   1  44   0  18  37   3  34  27  12  46  18  48  49  20  13   4  13  49  29  33  29  12  13   8   6   4  42  41  11  43  13   1   6  27  12  29  25   1  18  30  28  42  24  44 
 35  45  36  48  34  19  14  16  23   0  47  36  14   3  15  25  21   5  37  11  11   4  48  31  46  40  45  34  40  18  47   8  28  29  32  26  24  32  12  28  35  32  22  17  11  12   1   2  44  14 
 28  47  43  42   4  39   1  31  24  13   0  11  19  32  18  29  22  29  12  25  43  49  14  29  43  38  47  12   1  29  26  18  15   4  12  36   1  44  22  17  48   1  11  17  39  43  27  36  43  47 
 25  47  33  42  44  19  42   4  34  46  15   0  11   7   4  26  11   9  28  32  30  34   3  16  30  31  41   2  46  14   2  22  27  27  18  43  42  32  24   4  37  14   2  25  34  23  38  39   1   5 
 14  40  45  38  10  49  21  43  48  29  36   3   0  36  22   7  25  29  25  26   9  42  13  33  45  48  27  36  29   2  42   9  10  16  15  32  38  41  28  42  43  24  48  34  18  13  14  16   8  41 
 37   7  21   6  20  25  38  12  36  24  32  49  46   0  30  15  22  17   9  45  19  11   3  47  48  41  24  23  23  33  36  29   1  23  44  17  25  31   3  43  32  38  42  43  22  40   1  45  35  33 
 44  29   1  26  16  43  33  12   4   6  30  15  10   5   0  10  47  32  33  16   8  39  26  39   4  21  37  23  27  31  44  22  22  16   4   6   7  48  48  13  26  10  34  26  32  37  44  30  34   4 
 41   8   4  29   7  21  30  41  42  20   3  37  38  26   1   0  47  21  42   5  46  22  20  12   3  15  18  38   3  46  34  37   7  42  13   5  37   1  26  41  47  16  45  37  44  35   8  28  24  44 
 45  42   4  20  42  19  42  44  38  26  45  22  28   2  14  27   0   4  44  13  48  34  48  47  24   6  13  42  10   3  38   9  33  41  35  48  12  44  40  43  29  43  32  36  30   1  21  30  48  24 
 44   8  47   2  46   7  16  26  34  39   6  42  20   1  49  20  22   0  40  18  23   8  28  16  13  16  29  19  38  13  14  26  35  47   6  37  29  14  35  23  14  38  42  47  37  47  29  33  28  38 
 33  43  20  48  30  39  29   2   7  45  40  20  30  11  26  17  32  34   0  23  10  15  40  25  43  27  27  14  17  15  49   2  48  24   7   5  15  41  38  44  26  12  25   7  41  18  22  42  20  35 
 46  22  44  13  31  44  19  22  29  43   9  12  16   5  44  45  16  24  41   0   9  29  21  40  39  12  44  39   1  22  13  15  11  24  14  41  37  42  49  41  32  33  45  49  23  34   9  22   6  38 
 37  14  48  43  32  19  41  49  13   5  46  47  34   2  47  27  20  37  28  15   0  32  38  19  13  46  14  31  19  32  32  17  15  23  37  19  43  27  42  47  17  35  12  43  45   9  29  29  39  18 
 20   9  32  10  23   2  22  47   4   5   9  34  12   4  20   8  17   8  41  25  44   0  27   9  22  20  48  45  32  48  48  25  24  29  19  44  13   6  30  12  38  44   7  31  31  13  44  46  30   2 
 32  13  12   4  37  19  12   9   2  34  14  23  30  40  13  19  48  19   8  42  18  13   0  22  43   1  44  43  13  19   2   7   4  38  28  49   5  24   8   8  38  21  20  21  34  48  47   7  33  30 
 11  25  26  35  35  16   6  14  23   7  45   1  18  11  46  32   4  15  24  47  17   4   4   0  41  22   4   3   2   4   7  19   5  10  15  20  18  12  12  33   7  20  49  27   3  32  20  25  24  25 
  5  25  18  10  36   1  14   9  13  26  34  10  20  17   1  40  35   5   4  45   3  21  38  42   0  29  22   3  13  39  12  48   4  47  15  36  37  15  13  42  28  39  21  34  30   7  33  27   9  45 
 49   5  18  30  23   8  20  38  43   2  22  10  21  49  13  10  19  12  12  34  22  19  33  11  40   0  17  43  45  18  38  36  29  30  39   7  41  15  37  28  44  21  18  11  48  31   5  40  27   6 
  2  18  14  32   2  17  10  36  13  36  24  19  14   7  20   7  26  29  44   5  13  23  17  18  37  39   0   7  37  26  23   4  27   6  44  16  48  29  31  29  47   7  29  41  27  11  12  41   7  21 
 32   2  31  44  10  13   9  48  17  14  12  47  11  28  24  48  47  17  47  21  40  37  10  15  38  21  10   0  41  47   3   2  11  44  26   3  31  36  38  39  35  40   7  10  20   4  31  38  33  28 
 45  13  38   3  13  29  13  44  42  12  33  15  14  34  37  43  40   5   8  47  16  34  19  16  46  32  37  32   0  29  20   3  41  40  38  37  37  23  14  10   9  30  41   8  20  23   9  19  36  25 
 49  32   1  29  19  24   1  14  34  42   7  16  34  46   4  10  36  23   7  45  26  20  15  34  14  33  24   4  24   0  42   4  35  14  43  49  24  27  18  16  24  40  29  27  16  49   5  47  15  11 
 33  11  30  49   6  32  13  14  49   6  43   2  11   2  29  32  35   8   8  49   9   7  25  12  14  25  29   1  12  34   0  44  33  10  44  39  40  18  26  45   3  40  49  12  21  14  14  47  40  11 
 19  34  27  20  19  44  34  45  22  20   7  11  14  26  27  19  48   9   5  34  17  13  30   1  14  43  12  24  32  47  37   0   7   7   5  21  19  36  23  36  46  29  28  14  17  21  23  11  29  14 
 25  24  11   9   4  30  25   1  24  20  33  41  39  27  33  48  26  21  37  25   9  36  12  41  17  42  30   9  24  31  11  32   0  12  33  29  11  48  40  16  33  33   6  12   4  16   1  40  47  20 
  3  17  42  34   2  23   9   8  46  36  36  38  46  20  46  38  19  25  45  37  47   6  37  18  24  13   9  10  16  41  26  18  37   0  14  31  40  20  31  22   6  10  44  40  36  21  37  24   8  41 
 11  21  30   1  13   4  11  28  34  38  10  16  28  37  15  30  20  18  38  28  43   2  19  35  42  44  42  45  45  27  36  40   8  13   0  37  35  43  23  47  31  24  43  21   9  49   6  44  45  27 
 13  18  22   1  25  30  31  10   1   7   7  32   5  11  20  19  44  17  37  49  31  11  13  14  11  10  15  30  24  14   7   1  15  43  27   0   3   4   2  44  24   4  16  30  47  20  49  45  40  38 
  1  16  47  36  48   3  39  33  27  15  34  47  46   2  17  20  19  25  41  45  11  27  14  41  15  26  18   2  37  21  27  34  20   1   6  22   0   8  14   6  33  36  31  18  26  47  23  34  18  18 
  5   9  40   5  25  35  15   4  30   6  47  14  32  38   5  12  11  16  41  48  27  34  44  44  46  25  20  23   5  39  29  18  13  29   8  29  43   0  34  26   2  38  27  30  46  36   5  25  11  41 
 36   8  41  12  20  39  10  30  19  11  16  38   9   1  35  27  15  17  18  16  48  29  42   5  17   9  30  41   2  15  29  26  32  22   3  19  47  19   0  28  16  49  47  33  19   3  12  33  41  40 
 42  39  13  32  38  16  48  19  37   9  47  30  49  47  27  17  18   9  44   8  39  43  45  41  12  31  18  28  40  16  21  46  36   5   8  37  10   6  38   0  20  29  16  14  37  38   3  30  20   9 
 24   6  45  29  35  40  42  24  44  31  15  34  31  16  31  42  33  17  25  30  49  12  22   7  16  18  23  48   4  14  38  39  14  46  15  25   8   1  42  19   0  22  16   4  31  38  33  31  46  24 
  1  35   1  13  27  12   1  49  41  21   9  29  40   4  23  27  27   5   8  31  41  24  46  38  36  17  42   1  24  33  15  49  24   9   7   4  37   5  46  17  18   0  48   3  18  33   8  36  39  37 
 47  27  48  15  43  34  18  48  43  11  14   4  35  41  33  10  21  13  15   5  25  44  43  41   7  44  14   8  11  14  31  39   8  30  34  29   9  42  23  24  21  49   0  18  29  29  22  31  22  31 
 32  26  34  33  31  47  37   6  22  17  48  46  32  35  45  36   1  13  44  33  14  35  42  45   7  42  34  11  24  25   1  37  31  37  31   6  22   4  47   1  32  33  41   0  37  32   9  36  28  44 
 10  36   7  18   5  16  19   7  35   9  42   8  27  45   1  30   6  30  37   6  36  40   1  41  26  29  10  38  46  27   7  34  20  39  30  14  20  22  27   1  37   1  41  11   0  33  32  20  48  12 
  7  17  11  17  24  43  42  27  43  42   2  41  34   3  29  45  30  37  18  48  30  23   3   4  10  20  20  34  11  30  35   3  36   4  22  42  32  15  26  37   9   7   5   5  13   0  39   3   3  11 
 42  19  44  41  35   1  45  46  14  24  24  10  34  45  49  28  33  31  14  37  34  49  13   3  48  14  26  44  19  29  23  16   6  29  26   6  46  23  29  39  34   9  23  33  44  39   0   8  36  15 
 22  39  16  36  14  13   2  21  47   8  29  34  45   8  49  45  34  18   5  12  14   4  22  10  16  45  26   9  44  15  29  38  12  46   3  42   7  24   6  48  11  14  47  27  17  34  13   0  30   7 
  5  43  42  26   2  15  28  35  13  24   8   9   2  32  19  24  46  38   2  28  16  48   7  43  21  38  18  34  38  46  24  32   8  23  49  39  31  42   8  12   8  41  21   2  37  26   3  15   0  33 
 11  15  18  35  27  23  38  39  42  14  26  33  33  21  37  46  22  33  40  15  22  46  18  20  18  12  42   6  41  17  49  12  28  35   5  35  18  23  36  24  25  33   1   5  20  39  16  38   3   0 
M2
  0  29  42  25  38  47  38   7   4  14   4  44   9  47  20  29   5   2  22  26  35  41  23  11   8  32  11  35   5  42  22  13  31  32  42  30  22   4  43  35  11  19  18  36  20  10  19  28  23   8 
  2   0  34  14   2   8  28  12  33   1  32  28  35  12  34  15  40  20  35  14  42  31  19  29  32  29  27   8  37  11  36  37  49  46  19  27   1  21  19  41   7  47  31  47  16  11   5   4  30   9 
 24  46   0  24  34  36  46  23  47  42  43  12  43  13  41  10  40  17  27  10  40  37  40  32  35  38  41  24  19   6   7  31  34  42  33  38  45  14  29  15   8  31   1  47  10  45   9  22  21  32 
 23  16  29   0  34  11   1  47  36   2  46  27   7  42  32  44  14   6  28  22  42   6  25  34  40  48  48  20   1   5  15  20  15   6  18  39  32  44  29  17  21  18  36  24  27  13  11   4  27  17 
 12  23  35  22   0  22   5  19  33  49  14  49  49  21   4  12  10  46  15  34  34  45   4  44   3  32  12   3  20   9  30  42  29  42  18  40   5  26   7  39   9  26  17  35  39  31  33  42  49  26 
 48  40  14  38  30   0  49  24  36  16  16  25  24  34  38   6  21  17  36  14  20  47  10  45  12  43  10  42  15  39  16  11  30  49  30  20   7  26  22  30  26  36   8  42  31  37  33   3  12   1 
 24  45  12  34   6  28   0  34  25  19  34  15   1  33  37  21  45  25   6   5  43  49  46  27  32  46  14   8   2  38   1  26   1  48   7   3  40  35  44  30   9  25  24   1  12  49  12  25  14  38 
 43  35   5  35  18  15  35   0  31  28   6  46   7  21  25  31  28   2  32  29   8  19  11  40  26  24  34  37  14  28   2   1  37  42  22  32  35  15  25  23   8  16   1   9  40  34  35   9  46  33 
 26  13  23  30  22  24   1  44   0  18  37   3  34  27  12  46  18  48  49  20  13   4  13  49  29  33  29  12  13   8   6   4  42  41  11  43  13   1   6  27  12  29  25   1  18  30  28  42  24  44 
 35  45  36  48  34  19  14  16  23   0  47  36  14   3  15  25  21   5  37  11  11   4  48  31  46  40  45  34  40  18  47   8  28  29  32  26  24  32  12  28  35  32  22  17  11  12   1   2  44  14 
 28  47  43  42   4  39   1  31  24  13   0  11  19  32  18  29  22  29  12  25  43  49  14  29  43  38  47  12   1  29  26  18  15   4  12  36   1  44  22  17  48   1  11  17  39  43  27  36  43  47 
 25  47  33  42  44  19  42   4  34  46  15   0  11   7   4  26  11   9  28  32  30  34   3  16  30  31  41   2  46  14   2  22  27  27  18  43  42  32  24   4  37  14   2  25  34  23  38  39   1   5 
 14  40  45  38  10  49  21  43  48  29  36   3   0  36  22   7  25  29  25  26   9  42  13  33  45  48  27  36  29   2  42   9  10  16  15  32  38  41  28  42  43  24  48  34  18  13  14  16   8  41 
 37   7  21   6  20  25  38  12  36  24  32  49  46   0  30  15  22  17   9  45  19  11   3  47  48  41  24  23  23  33  36  29   1  23  44  17  25  31   3  43  32  38  42  43  22  40   1  45  35  33 
 44  29   1  26  16  43  33  12   4   6  30  15  10   5   0  10  47  32  33  16   8  39  26  39   4  21  37  23  27  31  44  22  22  16   4   6   7  48  48  13  26  10  34  26  32  37  44  30  34   4 
 41   8   4  29   7  21  30  41  42  20   3  37  38  26   1   0  47  21  42   5  46  22  20  12   3  15  18  38   3  46  34  37   7  42  13   5  37   1  26  41  47  16  45  37  44  35   8  28  24  44 
 45  42   4  20  42  19  42  44  38  26  45  22  28   2  14  27   0   4  44  13  48  34  48  47  24   6  13  42  10   3  38   9  33  41  35  48  12  44  40  43  29  43  32  36  30   1  21  30  48  24 
 44   8  47   2  46   7  16  26  34  39   6  42  20   1  49  20  22   0  40  18  23   8  28  16  13  16  29  19  38  13  14  26  35  47   6  37  29  14  35  23  14  38  42  47  37  47  29  33  28  38 
 33  43  20  48  30  39  29   2   7  45  40  20  30  11  26  17  32  34   0  23  10  15  40  25  43  27  27  14  17  15  49   2  48  24   7   5  15  41  38  44  26  12  25   7  41  18  22  42  20  35 
 46  22  44  13  31  44  19  22  29  43   9  12  16   5  44  45  16  24  41   0   9  29  21  40  39  12  44  39   1  22  13  15  11  24  14  41  37  42  49  41  32  33  45  49  23  34   9  22   6  38 
 37  14  48  43  32  19  41  49  13   5  46  47  34   2  47  27  20  37  28  15   0  32  38  19  13  46  14  31  19  32  32  17  15  23  37  19  43  27  42  47  17  35  12  43  45   9  29  29  39  18 
 20   9  32  10  23   2  22  47   4   5   9  34  12   4  20   8  17   8  41  25  44   0  27   9  22  20  48  45  32  48  48  25  24  29  19  44  13   6  30  12  38  44   7  31  31  13  44  46  30   2 
 32  13  12   4  37  19  12   9   2  34  14  23  30  40  13  19  48  19   8  42  18  13   0  22  43   1  44  43  13  19   2   7   4  38  28  49   5  24   8   8  38  21  20  21  34  48  47   7  33  30 
 11  25  26  35  35  16   6  14  23   7  45   1  18  11  46  32   4  15  24  47  17   4   4   0  41  22   4   3   2   4   7  19   5  10  15  20  18  12  12  33   7  20  49  27   3  32  20  25  24  25 
  5  25  18  10  36   1  14   9  13  26  34  10  20  17   1  40  35   5   4  45   3  21  38  42   0  29  22   3  13  39  12  48   4  47  15  36  37  15  13  42  28  39  21  34  30   7  33  27   9  45 
 49   5  18  30  23   8  20  38  43   2  22  10  21  49  13  10  19  12  12  34  22  19  33  11  40   0  17  43  45  18  38  36  29  30  39   7  41  15  37  28  44  21  18  11  48  31   5  40  27   6 
  2  18  14  32   2  17  10  36  13  36  24  19  14   7  20   7  26  29  44   5  13  23  17  18  37  39   0   7  37  26  23   4  27   6  44  16  48  29  31  29  47   7  29  41  27  11  12  41   7  21 
 32   2  31  44  10  13   9  48  17  14  12  47  11  28  24  48  47  17  47  21  40  37  10  15  38  21  10   0  41  47   3   2  11  44  26   3  31  36  38  39  35  40   7  10  20   4  31  38  33  28 
 45  13  38   3  13  29  13  44  42  12  33  15  14  34  37  43  40   5   8  47  16  34  19  16  46  32  37  32   0  29  20   3  41  40  38  37  37  23  14  10   9  30  41   8  20  23   9  19  36  25 
 49  32   1  29  19  24   1  14  34  42   7  16  34  46   4  10  36  23   7  45  26  20  15  34  14  33  24   4  24   0  42   4  35  14  43  49  24  27  18  16  24  40  29  27  16  49   5  47  15  11 
 33  11  30  49   6  32  13  14  49   6  43   2  11   2  29  32  35   8   8  49   9   7  25  12  14  25  29   1  12  34   0  44  33  10  44  39  40  18  26  45   3  40  49  12  21  14  14  47  40  11 
 19  34  27  20  19  44  34  45  22  20   7  11  14  26  27  19  48   9   5  34  17  13  30   1  14  43  12  24  32  47  37   0   7   7   5  21  19  36  23  36  46  29  28  14  17  21  23  11  29  14 
 25  24  11   9   4  30  25   1  24  20  33  41  39  27  33  48  26  21  37  25   9  36  12  41  17  42  30   9  24  31  11  32   0  12  33  29  11  48  40  16  33  33   6  12   4  16   1  40  47  20 
  3  17  42  34   2  23   9   8  46  36  36  38  46  20  46  38  19  25  45  37  47   6  37  18  24  13   9  10  16  41  26  18  37   0  14  31  40  20  31  22   6  10  44  40  36  21  37  24   8  41 
 11  21  30   1  13   4  11  28  34  38  10  16  28  37  15  30  20  18  38  28  43   2  19  35  42  44  42  45  45  27  36  40   8  13   0  37  35  43  23  47  31  24  43  21   9  49   6  44  45  27 
 13  18  22   1  25  30  31  10   1   7   7  32   5  11  20  19  44  17  37  49  31  11  13  14  11  10  15  30  24  14   7   1  15  43  27   0   3   4   2  44  24   4  16  30  47  20  49  45  40  38 
  1  16  47  36  48   3  39  33  27  15  34  47  46   2  17  20  19  25  41  45  11  27  14  41  15  26  18   2  37  21  27  34  20   1   6  22   0   8  14   6  33  36  31  18  26  47  23  34  18  18 
  5   9  40   5  25  35  15   4  30   6  47  14  32  38   5  12  11  16  41  48  27  34  44  44  46  25  20  23   5  39  29  18  13  29   8  29  43   0  34  26   2  38  27  30  46  36   5  25  11  41 
 36   8  41  12  20  39  10  30  19  11  16  38   9   1  35  27  15  17  18  16  48  29  42   5  17   9  30  41   2  15  29  26  32  22   3  19  47  19   0  28  16  49  47  33  19   3  12  33  41  40 
 42  39  13  32  38  16  48  19  37   9  47  30  49  47  27  17  18   9  44   8  39  43  45  41  12  31  18  28  40  16  21  46  36   5   8  37  10   6  38   0  20  29  16  14  37  38   3  30  20   9 
 24   6  45  29  35  40  42  24  44  31  15  34  31  16  31  42  33  17  25  30  49  12  22   7  16  18  23  48   4  14  38  39  14  46  15  25   8   1  42  19   0  22  16   4  31  38  33  31  46  24 
  1  35   1  13  27  12   1  49  41  21   9  29  40   4  23  27  27   5   8  31  41  24  46  38  36  17  42   1  24  33  15  49  24   9   7   4  37   5  46  17  18   0  48   3  18  33   8  36  39  37 
 47  27  48  15  43  34  18  48  43  11  14   4  35  41  33  10  21  13  15   5  25  44  43  41   7  44  14   8  11  14  31  39   8  30  34  29   9  42  23  24  21  49   0  18  29  29  22  31  22  31 
 32  26  34  33  31  47  37   6  22  17  48  46  32  35  45  36   1  13  44  33  14  35  42  45   7  42  34  11  24  25   1  37  31  37  31   6  22   4  47   1  32  33  41   0  37  32   9  36  28  44 
 10  36   7  18   5  16  19   7  35   9  42   8  27  45   1  30   6  30  37   6  36  40   1  41  26  29  10  38  46  27   7  34  20  39  30  14  20  22  27   1  37   1  41  11   0  33  32  20  48  12 
  7  17  11  17  24  43  42  27  43  42   2  41  34   3  29  45  30  37  18  48  30  23   3   4  10  20  20  34  11  30  35   3  36   4  22  42  32  15  26  37   9   7   5   5  13   0  39   3   3  11 
 42  19  44  41  35   1  45  46  14  24  24  10  34  45  49  28  33  31  14  37  34  49  13   3  48  14  26  44  19  29  23  16   6  29  26   6  46  23  29  39  34   9  23  33  44  39   0   8  36  15 
 22  39  16  36  14  13   2  21  47   8  29  34  45   8  49  45  34  18   5  12  14   4  22  10  16  45  26   9  44  15  29  38  12  46   3  42   7  24   6  48  11  14  47  27  17  34  13   0  30   7 
  5  43  42  26   2  15  28  35  13  24   8   9   2  32  19  24  46  38   2  28  16  48   7  43  21  38  18  34  38  46  24  32   8  23  49  39  31  42   8  12   8  41  21   2  37  26   3  15   0  33 
 11  15  18  35  27  23  38  39  42  14  26  33  33  21  37  46  22  33  40  15  22  46  18  20  18  12  42   6  41  17  49  12  28  35   5  35  18  23  36  24  25  33   1   5  20  39  16  38   3   0 
M3
  0  29  42  25  38  47  38   7   4  14   4  44   9  47  20  29   5   2  22  26  35  41  23  11   8  32  11  35   5  42  22  13  31  32  42  30  22   4  43  35  11  19  18  36  20  10  19  28  23   8 
  2   0  34  14   2   8  28  12  33   1  32  28  35  12  34  15  40  20  35  14  42  31  19  29  32  29  27   8  37  11  36  37  49  46  19  27   1  21  19  41   7  47  31  47  16  11   5   4  30   9 
 24  46   0  24  34  36  46  23  47  42  43  12  43  13  41  10  40  17  27  10  40  37  40  32  35  38  41  24  19   6   7  31  34  42  33  38  45  14  29  15   8  31   1  47  10  45   9  22  21  32 
 23  16  29   0  34  11   1  47  36   2  46  27   7  42  32  44  14   6  28  22  42   6  25  34  40  48  48  20   1   5  15  20  15   6  18  39  32  44  29  17  21  18  36  24  27  13  11   4  27  17 
 12  23  35  22   0  22   5  19  33  49  14  49  49  21   4  12  10  46  15  34  34  45   4  44   3  32  12   3  20   9  30  42  29  42  18  40   5  26   7  39   9  26  17  35  39  31  33  42  49  26 
 48  40  14  38  30   0  49  24  36  16  16  25  24  34  38   6  21  17  36  14  20  47  10  45  12  43  10  42  15  39  16  11  30  49  30  20   7  26  22  30  26  36   8  42  31  37  33   3  12   1 
 24  45  12  34   6  28   0  34  25  19  34  15   1  33  37  21  45  25   6   5  43  49  46  27  32  46  14   8   2  38   1  26   1  48   7   3  40  35  44  30   9  25  24   1  12  49  12  25  14  38 
 43  35   5  35  18  15  35   0  31  28   6  46   7  21  25  31  28   2  32  29   8  19  11  40  26  24  34  37  14  28   2   1  37  42  22  32  35  15  25  23   8  16   1   9  40  34  35   9  46  33 
 26  13  23  30  22  24   1  44   0  18  37   3  34  27  12  46  18  48  49  20  13   4  13  49  29  33  29  12  13   8   6   4  42  41  11  43  13   1   6  27  12  29  25   1  18  30  28  42  24  44 
 35  45  36  48  34  19  14  16  23   0  47  36  14   3  15  25  21   5  37  11  11   4  48  31  46  40  45  34  40  18  47   8  28  29  32  26  24  32  12  28  35  32  22  17  11  12   1   2  44  14 
 28  47  43  42   4  39   1  31  24  13   0  11  19  32  18  29  22  29  12  25  43  49  14  29  43  38  47  12   1  29  26  18  15   4  12  36   1  44  22  17  48   1  11  17  39  43  27  36  43  47 
 25  47  33  42  44  19  42   4  34  46  15   0  11   7   4  26  11   9  28  32  30  34   3  16  30  31  41   2  46  14   2  22  27  27  18  43  42  32  24   4  37  14   2  25  34  23  38  39   1   5 
 14  40  45  38  10  49  21  43  48  29  36   3   0  36  22   7  25  29  25  26   9  42  13  33  45  48  27  36  29   2  42   9  10  16  15  32  38  41  28  42  43  24  48  34  18  13  14  16   8  41 
 37   7  21   6  20  25  38  12  36  24  32  49  46   0  30  15  22  17   9  45  19  11   3  47  48  41  24  23  23  33  36  29   1  23  44  17  25  31   3  43  32  38  42  43  22  40   1  45  35  33 
 44  29   1  26  16  43  33  12   4   6  30  15  10   5   0  10  47  32  33  16   8  39  26  39   4  21  37  23  27  31  44  22  22  16   4   6   7  48  48  13  26  10  34  26  32  37  44  30  34   4 
 41   8   4  29   7  21  30  41  42  20   3  37  38  26   1   0  47  21  42   5  46  22  20  12   3  15  18  38   3  46  34  37   7  42  13   5  37   1  26  41  47  16  45  37  44  35   8  28  24  44 
 45  42   4  20  42  19  42  44  38  26  45  22  28   2  14  27   0   4  44  13  48  34  48  47  24   6  13  42  10   3  38   9  33  41  35  48  12  44  40  43  29  43  32  36  30   1  21  30  48  24 
 44   8  47   2  46   7  16  26  34  39   6  42  20   1  49  20  22   0  40  18  23   8  28  16  13  16  29  19  38  13  14  26  35  47   6  37  29  14  35  23  14  38  42  47  37  47  29  33  28  38 
 33  43  20  48  30  39  29   2   7  45  40  20  30  11  26  17  32  34   0  23  10  15  40  25  43  27  27  14  17  15  49   2  48  24   7   5  15  41  38  44  26  12  25   7  41  18  22  42  20  35 
 46  22  44  13  31  44  19  22  29  43   9  12  16   5  44  45  16  24  41   0   9  29  21  40  39  12  44  39   1  22  13  15  11  24  14  41  37  42  49  41  32  33  45  49  23  34   9  22   6  38 
 37  14  48  43  32  19  41  49  13   5  46  47  34   2  47  27  20  37  28  15   0  32  38  19  13  46  14  31  19  32  32  17  15  23  37  19  43  27  42  47  17  35  12  43  45   9  29  29  39  18 
 20   9  32  10  23   2  22  47   4   5   9  34  12   4  20   8  17   8  41  25  44   0  27   9  22  20  48  45  32  48  48  25  24  29  19  44  13   6  30  12  38  44   7  31  31  13  44  46  30   2 
 32  13  12   4  37  19  12   9   2  34  14  23  30  40  13  19  48  19   8  42  18  13   0  22  43   1  44  43  13  19   2   7   4  38  28  49   5  24   8   8  38  21  20  21  34  48  47   7  33  30 
 11  25  26  35  35  16   6  14  23   7  45   1  18  11  46  32   4  15  24  47  17   4   4   0  41  22   4   3   2   4   7  19   5  10  15  20  18  12  12  33   7  20  49  27   3  32  20  25  24  25 
  5  25  18  10  36   1  14   9  13  26  34  10  20  17   1  40  35   5   4  45   3  21  38  42   0  29  22   3  13  39  12  48   4  47  15  36  37  15  13  42  28  39  21  34  30   7  33  27   9  45 
 49   5  18  30  23   8  20  38  43   2  22  10  21  49  13  10  19  12  12  34  22  19  33  11  40   0  17  43  45  18  38  36  29  30  39   7  41  15  37  28  44  21  18  11  48  31   5  40  27   6 
  2  18  14  32   2  17  10  36  13  36  24  19  14   7  20   7  26  29  44   5  13  23  17  18  37  39   0   7  37  26  23   4  27   6  44  16  48  29  31  29  47   7  29  41  27  11  12  41   7  21 
 32   2  31  44  10  13   9  48  17  14  12  47  11  28  24  48  47  17  47  21  40  37  10  15  38  21  10   0  41  47   3   2  11  44  26   3  31  36  38  39  35  40   7  10  20   4  31  38  33  28 
 45  13  38   3  13  29  13  44  42  12  33  15  14  34  37  43  40   5   8  47  16  34  19  16  46  32  37  32   0  29  20   3  41  40  38  37  37  23  14  10   9  30  41   8  20  23   9  19  36  25 
 49  32   1  29  19  24   1  14  34  42   7  16  34  46   4  10  36  23   7  45  26  20  15  34  14  33  24   4  24   0  42   4  35  14  43  49  24  27  18  16  24  40  29  27  16  49   5  47  15  11 
 33  11  30  49   6  32  13  14  49   6  43   2  11   2  29  32  35   8   8  49   9   7  25  12  14  25  29   1  12  34   0  44  33  10  44  39  40  18  26  45   3  40  49  12  21  14  14  47  40  11 
 19  34  27  20  19  44  34  45  22  20   7  11  14  26  27  19  48   9   5  34  17  13  30   1  14  43  12  24  32  47  37   0   7   7   5  21  19  36  23  36  46  29  28  14  17  21  23  11  29  14 
 25  24  11   9   4  30  25   1  24  20  33  41  39  27  33  48  26  21  37  25   9  36  12  41  17  42  30   9  24  31  11  32   0  12  33  29  11  48  40  16  33  33   6  12   4  16   1  40  47  20 
  3  17  42  34   2  23   9   8  46  36  36  38  46  20  46  38  19  25  45  37  47   6  37  18  24  13   9  10  16  41  26  18  37   0  14  31  40  20  31  22   6  10  44  40  36  21  37  24   8  41 
 11  21  30   1  13   4  11  28  34  38  10  16  28  37  15  30  20  18  38  28  43   2  19  35  42  44  42  45  45  27  36  40   8  13   0  37  35  43  23  47  31  24  43  21   9  49   6  44  45  27 
 13  18  22   1  25  30  31  10   1   7   7  32   5  11  20  19  44  17  37  49  31  11  13  14  11  10  15  30  24  14   7   1  15  43  27   0   3   4   2  44  24   4  16  30  47  20  49  45  40  38 
  1  16  47  36  48   3  39  33  27  15  34  47  46   2  17  20  19  25  41  45  11  27  14  41  15  26  18   2  37  21  27  34  20   1   6  22   0   8  14   6  33  36  31  18  26  47  23  34  18  18 
  5   9  40   5  25  35  15   4  30   6  47  14  32  38   5  12  11  16  41  48  27  34  44  44  46  25  20  23   5  39  29  18  13  29   8  29  43   0  34  26   2  38  27  30  46  36   5  25  11  41 
 36   8  41  12  20  39  10  30  19  11  16  38   9   1  35  27  15  17  18  16  48  29  42   5  17   9  30  41   2  15  29  26  32  22   3  19  47  19   0  28  16  49  47  33  19   3  12  33  41  40 
 42  39  13  32  38  16  48  19  37   9  47  30  49  47  27  17  18   9  44   8  39  43  45  41  12  31  18  28  40  16  21  46  36   5   8  37  10   6  38   0  20  29  16  14  37  38   3  30  20   9 
 24   6  45  29  35  40  42  24  44  31  15  34  31  16  31  42  33  17  25  30  49  12  22   7  16  18  23  48   4  14  38  39  14  46  15  25   8   1  42  19   0  22  16   4  31  38  33  31  46  24 
  1  35   1  13  27  12   1  49  41  21   9  29  40   4  23  27  27   5   8  31  41  24  46  38  36  17  42   1  24  33  15  49  24   9   7   4  37   5  46  17  18   0  48   3  18  33   8  36  39  37 
 47  27  48  15  43  34  18  48  43  11  14   4  35  41  33  10  21  13  15   5  25  44  43  41   7  44  14   8  11  14  31  39   8  30  34  29   9  42  23  24  21  49   0  18  29  29  22  31  22  31 
 32  26  34  33  31  47  37   6  22  17  48  46  32  35  45  36   1  13  44  33  14  35  42  45   7  42  34  11  24  25   1  37  31  37  31   6  22   4  47   1  32  33  41   0  37  32   9  36  28  44 
 10  36   7  18   5  16  19   7  35   9  42   8  27  45   1  30   6  30  37   6  36  40   1  41  26  29  10  38  46  27   7  34  20  39  30  14  20  22  27   1  37   1  41  11   0  33  32  20  48  12 
  7  17  11  17  24  43  42  27  43  42   2  41  34   3  29  45  30  37  18  48  30  23   3   4  10  20  20  34  11  30  35   3  36   4  22  42  32  15  26  37   9   7   5   5  13   0  39   3   3  11 
 42  19  44  41  35   1  45  46  14  24  24  10  34  45  49  28  33  31  14  37  34  49  13   3  48  14  26  44  19  29  23  16   6  29  26   6  46  23  29  39  34   9  23  33  44  39   0   8  36  15 
 22  39  16  36  14  13   2  21  47   8  29  34  45   8  49  45  34  18   5  12  14   4  22  10  16  45  26   9  44  15  29  38  12  46   3  42   7  24   6  48  11  14  47  27  17  34  13   0  30   7 
  5  43  42  26   2  15  28  35  13  24   8   9   2  32  19  24  46  38   2  28  16  48   7  43  21  38  18  34  38  46  24  32   8  23  49  39  31  42   8  12   8  41  21   2  37  26   3  15   0  33 
 11  15  18  35  27  23  38  39  42  14  26  33  33  21  37  46  22  33  40  15  22  46  18  20  18  12  42   6  41  17  49  12  28  35   5  35  18  23  36  24  25  33   1   5  20  39  16  38   3   0 
M4
  0  29  42  25  38  47  38   7   4  14   4  44   9  47  20  29   5   2  22  26  35  41  23  11   8  32  11  35   5  42  22  13  31  32  42  30  22   4  43  35  11  19  18  36  20  10  19  28  23   8 
  2   0  34  14   2   8  28  12  33   1  32  28  35  12  34  15  40  20  35  14  42  31  19  29  32  29  27   8  37  11  36  37  49  46  19  27   1  21  19  41   7  47  31  47  16  11   5   4  30   9 
 24  46   0  24  34  36  46  23  47  42  43  12  43  13  41  10  40  17  27  10  40  37  40  32  35  38  41  24  19   6   7  31  34  42  33  38  45  14  29  15   8  31   1  47  10  45   9  22  21  32 
 23  16  29   0  34  11   1  47  36   2  46  27   7  42  32  44  14   6  28  22  42   6  25  34  40  48  48  20   1   5  15  20  15   6  18  39  32  44  29  17  21  18  36  24  27  13  11   4  27  17 
 12  23  35  22   0  22   5  19  33  49  14  49  49  21   4  12  10  46  15  34  34  45   4  44   3  32  12   3  20   9  30  42  29  42  18  40   5  26   7  39   9  26  17  35  39  31  33  42  49  26 
 48  40  14  38  30   0  49  24  36  16  16  25  24  34  38   6  21  17  36  14  20  47  10  45  12  43  10  42  15  39  16  11  30  49  30  20   7  26  22  30  26  36   8  42  31  37  33   3  12   1 
 24  45  12  34   6  28   0  34  25  19  34  15   1  33  37  21  45  25   6   5  43  49  46  27  32  46  14   8   2  38   1  26   1  48   7   3  40  35  44  30   9  25  24   1  12  49  12  25  14  38 
 43  35   5  35  18  15  35   0  31  28   6  46   7  21  25  31  28   2  32  29   8  19  11  40  26  24  34  37  14  28   2   1  37  42  22  32  35  15  25  23   8  16   1   9  40  34  35   9  46  33 
 26  13  23  30  22  24   1  44   0  18  37   3  34  27  12  46  18  48  49  20  13   4  13  49  29  33  29  12  13   8   6   4  42  41  11  43  13   1   6  27  12  29  25   1  18  30  28  42  24  44 
 35  45  36  48  34  19  14  16  23   0  47  36  14   3  15  25  21   5  37  11  11   4  48  31  46  40  45  34  40  18  47   8  28  29  32  26  24  32  12  28  35  32  22  17  11  12   1   2  44  14 
 28  47  43  42   4  39   1  31  24  13   0  11  19  32  18  29  22  29  12  25  43  49  14  29  43  38  47  12   1  29  26  18  15   4  12  36   1  44  22  17  48   1  11  17  39  43  27  36  43  47 
 25  47  33  42  44  19  42   4  34  46  15   0  11   7   4  26  11   9  28  32  30  34   3  16  30  31  41   2  46  14   2  22  27  27  18  43  42  32  24   4  37  14   2  25  34  23  38  39   1   5 
 14  40  45  38  10  49  21  43  48  29  36   3   0  36  22   7  25  29  25  26   9  42  13  33  45  48  27  36  29   2  42   9  10  16  15  32  38  41  28  42  43  24  48  34  18  13  14  16   8  41 
 37   7  21   6  20  25  38  12  36  24  32  49  46   0  30  15  22  17   9  45  19  11   3  47  48  41  24  23  23  33  36  29   1  23  44  17  25  31   3  43  32  38  42  43  22  40   1  45  35  33 
 44  29   1  26  16  43  33  12   4   6  30  15  10   5   0  10  47  32  33  16   8  39  26  39   4  21  37  23  27  31  44  22  22  16   4   6   7  48  48  13  26  10  34  26  32  37  44  30  34   4 
 41   8   4  29   7  21  30  41  42  20   3  37  38  26   1   0  47  21  42   5  46  22  20  12   3  15  18  38   3  46  34  37   7  42  13   5  37   1  26  41  47  16  45  37  44  35   8  28  24  44 
 45  42   4  20  42  19  42  44  38  26  45  22  28   2  14  27   0   4  44  13  48  34  48  47  24   6  13  42  10   3  38   9  33  41  35  48  12  44  40  43  29  43  32  36  30   1  21  30  48  24 
 44   8  47   2  46   7  16  26  34  39   6  42  20   1  49  20  22   0  40  18  23   8  28  16  13  16  29  19  38  13  14  26  35  47   6  37  29  14  35  23  14  38  42  47  37  47  29  33  28  38 
 33  43  20  48  30  39  29   2   7  45  40  20  30  11  26  17  32  34   0  23  10  15  40  25  43  27  27  14  17  15  49   2  48  24   7   5  15  41  38  44  26  12  25   7  41  18  22  42  20  35 
 46  22  44  13  31  44  19  22  29  43   9  12  16   5  44  45  16  24  41   0   9  29  21  40  39  12  44  39   1  22  13  15  11  24  14  41  37  42  49  41  32  33  45  49  23  34   9  22   6  38 
 37  14  48  43  32  19  41  49  13   5  46  47  34   2  47  27  20  37  28  15   0  32  38  19  13  46  14  31  19  32  32  17  15  23  37  19  43  27  42  47  17  35  12  43  45   9  29  29  39  18 
 20   9  32  10  23   2  22  47   4   5   9  34  12   4  20   8  17   8  41  25  44   0  27   9  22  20  48  45  32  48  48  25  24  29  19  44  13   6  30  12  38  44   7  31  31  13  44  46  30   2 
 32  13  12   4  37  19  12   9   2  34  14  23  30  40  13  19  48  19   8  42  18  13   0  22  43   1  44  43  13  19   2   7   4  38  28  49   5  24   8   8  38  21  20  21  34  48  47   7  33  30 
 11  25  26  35  35  16   6  14  23   7  45   1  18  11  46  32   4  15  24  47  17   4   4   0  41  22   4   3   2   4   7  19   5  10  15  20  18  12  12  33   7  20  49  27   3  32  20  25  24  25 
  5  25  18  10  36   1  14   9  13  26  34  10  20  17   1  40  35   5   4  45   3  21  38  42   0  29  22   3  13  39  12  48   4  47  15  36  37  15  13  42  28  39  21  34  30   7  33  27   9  45 
 49   5  18  30  23   8  20  38  43   2  22  10  21  49  13  10  19  12  12  34  22  19  33  11  40   0  17  43  45  18  38  36  29  30  39   7  41  15  37  28  44  21  18  11  48  31   5  40  27   6 
  2  18  14  32   2  17  10  36  13  36  24  19  14   7  20   7  26  29  44   5  13  23  17  18  37  39   0   7  37  26  23   4  27   6  44  16  48  29  31  29  47   7  29  41  27  11  12  41   7  21 
 32   2  31  44  10  13   9  48  17  14  12  47  11  28  24  48  47  17  47  21  40  37  10  15  38  21  10   0  41  47   3   2  11  44  26   3  31  36  38  39  35  40   7  10  20   4  31  38  33  28 
 45  13  38   3  13  29  13  44  42  12  33  15  14  34  37  43  40   5   8  47  16  34  19  16  46  32  37  32   0  29  20   3  41  40  38  37  37  23  14  10   9  30  41   8  20  23   9  19  36  25 
 49  32   1  29  19  24   1  14  34  42   7  16  34  46   4  10  36  23   7  45  26  20  15  34  14  33  24   4  24   0  42   4  35  14  43  49  24  27  18  16  24  40  29  27  16  49   5  47  15  11 
 33  11  30  49   6  32  13  14  49   6  43   2  11   2  29  32  35   8   8  49   9   7  25  12  14  25  29   1  12  34   0  44  33  10  44  39  40  18  26  45   3  40  49  12  21  14  14  47  40  11 
 19  34  27  20  19  44  34  45  22  20   7  11  14  26  27  19  48   9   5  34  17  13  30   1  14  43  12  24  32  47  37   0   7   7   5  21  19  36  23  36  46  29  28  14  17  21  23  11  29  14 
 25  24  11   9   4  30  25   1  24  20  33  41  39  27  33  48  26  21  37  25   9  36  12  41  17  42  30   9  24  31  11  32   0  12  33  29  11  48  40  16  33  33   6  12   4  16   1  40  47  20 
  3  17  42  34   2  23   9   8  46  36  36  38  46  20  46  38  19  25  45  37  47   6  37  18  24  13   9  10  16  41  26  18  37   0  14  31  40  20  31  22   6  10  44  40  36  21  37  24   8  41 
 11  21  30   1  13   4  11  28  34  38  10  16  28  37  15  30  20  18  38  28  43   2  19  35  42  44  42  45  45  27  36  40   8  13   0  37  35  43  23  47  31  24  43  21   9  49   6  44  45  27 
 13  18  22   1  25  30  31  10   1   7   7  32   5  11  20  19  44  17  37  49  31  11  13  14  11  10  15  30  24  14   7   1  15  43  27   0   3   4   2  44  24   4  16  30  47  20  49  45  40  38 
  1  16  47  36  48   3  39  33  27  15  34  47  46   2  17  20  19  25  41  45  11  27  14  41  15  26  18   2  37  21  27  34  20   1   6  22   0   8  14   6  33  36  31  18  26  47  23  34  18  18 
  5   9  40   5  25  35  15   4  30   6  47  14  32  38   5  12  11  16  41  48  27  34  44  44  46  25  20  23   5  39  29  18  13  29   8  29  43   0  34  26   2  38  27  30  46  36   5  25  11  41 
 36   8  41  12  20  39  10  30  19  11  16  38   9   1  35  27  15  17  18  16  48  29  42   5  17   9  30  41   2  15  29  26  32  22   3  19  47  19   0  28  16  49  47  33  19   3  12  33  41  40 
 42  39  13  32  38  16  48  19  37   9  47  30  49  47  27  17  18   9  44   8  39  43  45  41  12  31  18  28  40  16  21  46  36   5   8  37  10   6  38   0  20  29  16  14  37  38   3  30  20   9 
 24   6  45  29  35  40  42  24  44  31  15  34  31  16  31  42  33  17  25  30  49  12  22   7  16  18  23  48   4  14  38  39  14  46  15  25   8   1  42  19   0  22  16   4  31  38  33  31  46  24 
  1  35   1  13  27  12   1  49  41  21   9  29  40   4  23  27  27   5   8  31  41  24  46  38  36  17  42   1  24  33  15  49  24   9   7   4  37   5  46  17  18   0  48   3  18  33   8  36  39  37 
 47  27  48  15  43  34  18  48  43  11  14   4  35  41  33  10  21  13  15   5  25  44  43  41   7  44  14   8  11  14  31  39   8  30  34  29   9  42  23  24  21  49   0  18  29  29  22  31  22  31 
 32  26  34  33  31  47  37   6  22  17  48  46  32  35  45  36   1  13  44  33  14  35  42  45   7  42  34  11  24  25   1  37  31  37  31   6  22   4  47   1  32  33  41   0  37  32   9  36  28  44 
 10  36   7  18   5  16  19   7  35   9  42   8  27  45   1  30   6  30  37   6  36  40   1  41  26  29  10  38  46  27   7  34  20  39  30  14  20  22  27   1  37   1  41  11   0  33  32  20  48  12 
  7  17  11  17  24  43  42  27  43  42   2  41  34   3  29  45  30  37  18  48  30  23   3   4  10  20  20  34  11  30  35   3  36   4  22  42  32  15  26  37   9   7   5   5  13   0  39   3   3  11 
 42  19  44  41  35   1  45  46  14  24  24  10  34  45  49  28  33  31  14  37  34  49  13   3  48  14  26  44  19  29  23  16   6  29  26   6  46  23  29  39  34   9  23  33  44  39   0   8  36  15 
 22  39  16  36  14  13   2  21  47   8  29  34  45   8  49  45  34  18   5  12  14   4  22  10  16  45  26   9  44  15  29  38  12  46   3  42   7  24   6  48  11  14  47  27  17  34  13   0  30   7 
  5  43  42  26   2  15  28  35  13  24   8   9   2  32  19  24  46  38   2  28  16  48   7  43  21  38  18  34  38  46  24  32   8  23  49  39  31  42   8  12   8  41  21   2  37  26   3  15   0  33 
 11  15  18  35  27  23  38  39  42  14  26  33  33  21  37  46  22  33  40  15  22  46  18  20  18  12  42   6  41  17  49  12  28  35   5  35  18  23  36  24  25  33   1   5  20  39  16  38   3   0 
Reldue
  700    7    5
  949    5    9
 1425    3    9
  919    9    3
  791    9    4
  722    7    1
  842    2    7
  668    6    9
  662    5    3
  922    6    6
  721    7    6
  865    3    6
 1113    2    4
  680    8    3
  811    3    3
  767    4    5
 1279    7    3
 1072    9    2
  556    2    7
 1386    2    6
  636    9    7
  296    5    7
  609    6    5
  656    3    6
  754    5    2
  944    6    9
  904    4    1
  689    7    4
 1462    8    3
  729    9    8
  865    6    3
  649    1    8
 1538    5    6
  634    2    6
  630    4    9
  500    4    9
  971    8    7
 1033    5    7
 1254    2    8
 1240    6    9
 1101    5    4
 1009    1    1
  441    1    7
  979    2    5
 1115    4    9
  517    5    5
  762    2    6
  883    4    4
  474    6    1
  858    7    2
DDW
  630   770
  891  1007
 1352  1497
  863   974
  713   868
  663   781
  763   922
  625   710
  596   727
  830  1014
  671   771
  782   948
 1023  1203
  628   731
  757   865
  698   837
 1176  1382
  986  1159
  503   608
 1269  1504
  578   694
  270   322
  571   646
  618   693
  691   816
  858  1030
  817   991
  646   732
 1344  1580
  684   773
  815   916
  601   697
 1399  1677
  579   690
  594   666
  464   537
  881  1061
  978  1087
 1186  1322
 1128  1353
 1005  1196
  918  1099
  404   479
  928  1030
 1038  1192
  468   566
  709   816
  808   959
  429   519
  791   926
