20   5
MD
  2  2  3  5  3
PT
  7  96  25  17  21  92  88   5  79   7  72  83  71   9  69  17  20  87  85  21 
 41   2  54  93  66  30  64   1  94  46  99  93  95  44  67   6  29  76  48  36 
 42  14  76  45  78  37   3  17  42  81  41  27  11  28  43  13  86  11  81  35 
 84  78  37  67  85  87  94  90  95  96   5  85  68  84  46  15  16  11  47  88 
 40  35  48  98  23  70  85  41  29  37  12  60   9  35  89  62  44  38  96  13 
SSD
M0
  0  31   1   1  26  43  43  14  21  28   3  20   5  48  27  19   7   4   6   6 
  4   0  27  37  40  13  43  26  23  30  12  37  25  39  19   8  22  12  10  16 
  6   7   0  26  32   1  35  18  18   8  47  10   7  37  46  23  39   9   4   5 
 27  14  27   0  34   2  42  19  23   2  10  15  28  17  26  27  42  35  22   4 
 43  13  20  25   0  26   9   2  36  13  28  23  38   8  11  19  41  28  36  22 
 34  46  17  20  33   0  21   4  32  34  40   8  41  17  38   1   8  45   1  38 
  5  26  47  17   6  19   0  14  45  15  35  26  41   4  36  40  33  42  43  39 
 31  42  10  42  29  20  35   0  43  14  41  21  48   5  37  34  48  37  11  11 
 38  19  22  43  41  10  37  48   0  24  28  20  16   2  14  31   3   9  36  21 
 34  11  18  43  13  21  10  37  33   0   4  27   5  31  21  46  19  44  18  21 
  9   9  37  45  41  20   5  18  16  18   0   2  22  49  33  21  42  34  43  34 
 13  28  36  31  22  11  29  15  23   2  15   0  17  36  31  17  42  41  44  28 
 30  49  16  39  15  47   7  49  40  48  36  46   0  39  34  11  38   2  26  22 
 32  13  26  41   5  34  37  40  46  19   1   6  38   0   5  26  27  46  41  49 
 41  18   2   2  40   5  14  10  43  11   5  46  41  26   0  18   7  46  48  11 
 23   8  15  28  43  31  45  24  18  32  27  15  35  37  39   0  45   7  31  43 
 39  34  45  13  26  17  18  46  17  29  33  12   3  32  27   9   0  22  38   4 
  2  43   8  49  39  44  31  31  31   9   9   1  45  13  20  15   9   0  25  31 
 31   2  27  45   9  17  18  49  31  38  13  33  21  31  41  40   6  16   0  43 
 14  28  25  24   7  34  13  25  31  21  12  46  42  40  31  36  29  19  16   0 
M1
  0  31   1   1  26  43  43  14  21  28   3  20   5  48  27  19   7   4   6   6 
  4   0  27  37  40  13  43  26  23  30  12  37  25  39  19   8  22  12  10  16 
  6   7   0  26  32   1  35  18  18   8  47  10   7  37  46  23  39   9   4   5 
 27  14  27   0  34   2  42  19  23   2  10  15  28  17  26  27  42  35  22   4 
 43  13  20  25   0  26   9   2  36  13  28  23  38   8  11  19  41  28  36  22 
 34  46  17  20  33   0  21   4  32  34  40   8  41  17  38   1   8  45   1  38 
  5  26  47  17   6  19   0  14  45  15  35  26  41   4  36  40  33  42  43  39 
 31  42  10  42  29  20  35   0  43  14  41  21  48   5  37  34  48  37  11  11 
 38  19  22  43  41  10  37  48   0  24  28  20  16   2  14  31   3   9  36  21 
 34  11  18  43  13  21  10  37  33   0   4  27   5  31  21  46  19  44  18  21 
  9   9  37  45  41  20   5  18  16  18   0   2  22  49  33  21  42  34  43  34 
 13  28  36  31  22  11  29  15  23   2  15   0  17  36  31  17  42  41  44  28 
 30  49  16  39  15  47   7  49  40  48  36  46   0  39  34  11  38   2  26  22 
 32  13  26  41   5  34  37  40  46  19   1   6  38   0   5  26  27  46  41  49 
 41  18   2   2  40   5  14  10  43  11   5  46  41  26   0  18   7  46  48  11 
 23   8  15  28  43  31  45  24  18  32  27  15  35  37  39   0  45   7  31  43 
 39  34  45  13  26  17  18  46  17  29  33  12   3  32  27   9   0  22  38   4 
  2  43   8  49  39  44  31  31  31   9   9   1  45  13  20  15   9   0  25  31 
 31   2  27  45   9  17  18  49  31  38  13  33  21  31  41  40   6  16   0  43 
 14  28  25  24   7  34  13  25  31  21  12  46  42  40  31  36  29  19  16   0 
M2
  0  31   1   1  26  43  43  14  21  28   3  20   5  48  27  19   7   4   6   6 
  4   0  27  37  40  13  43  26  23  30  12  37  25  39  19   8  22  12  10  16 
  6   7   0  26  32   1  35  18  18   8  47  10   7  37  46  23  39   9   4   5 
 27  14  27   0  34   2  42  19  23   2  10  15  28  17  26  27  42  35  22   4 
 43  13  20  25   0  26   9   2  36  13  28  23  38   8  11  19  41  28  36  22 
 34  46  17  20  33   0  21   4  32  34  40   8  41  17  38   1   8  45   1  38 
  5  26  47  17   6  19   0  14  45  15  35  26  41   4  36  40  33  42  43  39 
 31  42  10  42  29  20  35   0  43  14  41  21  48   5  37  34  48  37  11  11 
 38  19  22  43  41  10  37  48   0  24  28  20  16   2  14  31   3   9  36  21 
 34  11  18  43  13  21  10  37  33   0   4  27   5  31  21  46  19  44  18  21 
  9   9  37  45  41  20   5  18  16  18   0   2  22  49  33  21  42  34  43  34 
 13  28  36  31  22  11  29  15  23   2  15   0  17  36  31  17  42  41  44  28 
 30  49  16  39  15  47   7  49  40  48  36  46   0  39  34  11  38   2  26  22 
 32  13  26  41   5  34  37  40  46  19   1   6  38   0   5  26  27  46  41  49 
 41  18   2   2  40   5  14  10  43  11   5  46  41  26   0  18   7  46  48  11 
 23   8  15  28  43  31  45  24  18  32  27  15  35  37  39   0  45   7  31  43 
 39  34  45  13  26  17  18  46  17  29  33  12   3  32  27   9   0  22  38   4 
  2  43   8  49  39  44  31  31  31   9   9   1  45  13  20  15   9   0  25  31 
 31   2  27  45   9  17  18  49  31  38  13  33  21  31  41  40   6  16   0  43 
 14  28  25  24   7  34  13  25  31  21  12  46  42  40  31  36  29  19  16   0 
M3
  0  31   1   1  26  43  43  14  21  28   3  20   5  48  27  19   7   4   6   6 
  4   0  27  37  40  13  43  26  23  30  12  37  25  39  19   8  22  12  10  16 
  6   7   0  26  32   1  35  18  18   8  47  10   7  37  46  23  39   9   4   5 
 27  14  27   0  34   2  42  19  23   2  10  15  28  17  26  27  42  35  22   4 
 43  13  20  25   0  26   9   2  36  13  28  23  38   8  11  19  41  28  36  22 
 34  46  17  20  33   0  21   4  32  34  40   8  41  17  38   1   8  45   1  38 
  5  26  47  17   6  19   0  14  45  15  35  26  41   4  36  40  33  42  43  39 
 31  42  10  42  29  20  35   0  43  14  41  21  48   5  37  34  48  37  11  11 
 38  19  22  43  41  10  37  48   0  24  28  20  16   2  14  31   3   9  36  21 
 34  11  18  43  13  21  10  37  33   0   4  27   5  31  21  46  19  44  18  21 
  9   9  37  45  41  20   5  18  16  18   0   2  22  49  33  21  42  34  43  34 
 13  28  36  31  22  11  29  15  23   2  15   0  17  36  31  17  42  41  44  28 
 30  49  16  39  15  47   7  49  40  48  36  46   0  39  34  11  38   2  26  22 
 32  13  26  41   5  34  37  40  46  19   1   6  38   0   5  26  27  46  41  49 
 41  18   2   2  40   5  14  10  43  11   5  46  41  26   0  18   7  46  48  11 
 23   8  15  28  43  31  45  24  18  32  27  15  35  37  39   0  45   7  31  43 
 39  34  45  13  26  17  18  46  17  29  33  12   3  32  27   9   0  22  38   4 
  2  43   8  49  39  44  31  31  31   9   9   1  45  13  20  15   9   0  25  31 
 31   2  27  45   9  17  18  49  31  38  13  33  21  31  41  40   6  16   0  43 
 14  28  25  24   7  34  13  25  31  21  12  46  42  40  31  36  29  19  16   0 
M4
  0  31   1   1  26  43  43  14  21  28   3  20   5  48  27  19   7   4   6   6 
  4   0  27  37  40  13  43  26  23  30  12  37  25  39  19   8  22  12  10  16 
  6   7   0  26  32   1  35  18  18   8  47  10   7  37  46  23  39   9   4   5 
 27  14  27   0  34   2  42  19  23   2  10  15  28  17  26  27  42  35  22   4 
 43  13  20  25   0  26   9   2  36  13  28  23  38   8  11  19  41  28  36  22 
 34  46  17  20  33   0  21   4  32  34  40   8  41  17  38   1   8  45   1  38 
  5  26  47  17   6  19   0  14  45  15  35  26  41   4  36  40  33  42  43  39 
 31  42  10  42  29  20  35   0  43  14  41  21  48   5  37  34  48  37  11  11 
 38  19  22  43  41  10  37  48   0  24  28  20  16   2  14  31   3   9  36  21 
 34  11  18  43  13  21  10  37  33   0   4  27   5  31  21  46  19  44  18  21 
  9   9  37  45  41  20   5  18  16  18   0   2  22  49  33  21  42  34  43  34 
 13  28  36  31  22  11  29  15  23   2  15   0  17  36  31  17  42  41  44  28 
 30  49  16  39  15  47   7  49  40  48  36  46   0  39  34  11  38   2  26  22 
 32  13  26  41   5  34  37  40  46  19   1   6  38   0   5  26  27  46  41  49 
 41  18   2   2  40   5  14  10  43  11   5  46  41  26   0  18   7  46  48  11 
 23   8  15  28  43  31  45  24  18  32  27  15  35  37  39   0  45   7  31  43 
 39  34  45  13  26  17  18  46  17  29  33  12   3  32  27   9   0  22  38   4 
  2  43   8  49  39  44  31  31  31   9   9   1  45  13  20  15   9   0  25  31 
 31   2  27  45   9  17  18  49  31  38  13  33  21  31  41  40   6  16   0  43 
 14  28  25  24   7  34  13  25  31  21  12  46  42  40  31  36  29  19  16   0 
Reldue
  815    9    5
  921    5    1
 1044    2    2
  900    7    6
 1452    1    6
 1528    4    9
  830    8    2
  603    1    5
  765    7    2
  985    4    6
 1255    6    9
 1542    7    1
  678    5    5
 1052    6    9
 1086    5    1
  409    2    3
 1072    6    4
  718    3    2
  687    5    4
 1188    6    3
DDW
  755   874
  847   996
  968  1121
  814   985
 1375  1529
 1433  1622
  775   886
  554   652
  711   820
  902  1067
 1188  1323
 1419  1665
  643   712
  950  1153
 1000  1172
  385   432
  968  1175
  655   782
  625   749
 1086  1291
