20  10
MD
  2  5  2  3  5  2  2  3  5  2
PT
 16  92  14  89  21  39  71  36  67  93  51  59  51   8  93  21  26   2  71  79 
 41  29  13  54  30  53  78  45   3  94  25  27  53  31  40  32  99  76  74   6 
 34  29  29  87  33  88  69   1  12  88  99  81  19  22   8  67  98  40  72  51 
 53  39  14  77  41  81  84  15   5  42  99  52  58  29  33  39  50   5  76   6 
 38  11  87  94  83  80  50  42  74  86  25  13  88  93  43  12  81  66  67  37 
 11  44  26  88  91  29  18  26  94  75  38  81  13  13  35  11   9  64  18  13 
  9  30  57  79  35  33  84  94  31  91  50  17  68  70  13  14  75  86  81  51 
 92  90  38  68  49  52  64   5  34  19   1  79  80  76  80  68  83  54  43   4 
 29   5  41  65  47  92  18  29  56  17  17  33  59  52  60  59  32  13  87  75 
 57  72  51  48  58  27   7  19  38   3  64  61  68  26   6  17  81  51   8  62 
SSD
M0
  0  52  15  48  38   7  51   1  97  84  32  54   8  62   5   1  31  88  36  38 
 12   0  38  97  51  67  56  21  98  22  50  44  96  49   5   5  27  86  40  35 
 14  44   0  89  97  13  85   6   8  24  42  63  70  38  55  88  10  72   7   7 
 52  77  32   0   3  63  24  33  93  45  26   3  29  50  83  49  46   7  56  14 
 41  82   8  28   0  68  40  58  20  72  56   8  56  79  56  66  56  97  82  88 
 45  62  28  19  20   0  40  63  66  82  25  91  98  33  37  48  51  79  77  48 
 76  58  93  31  51  54   0  23  68  63  48  38  97  65  12  35  34  86  99   5 
 21  29  96  79  77  61  78   0  96  23  10  24  75  32  24  98  38  94  99  93 
 56  97  31  43  48  18  95  61   0  64  15  87  80  69  53  37   1  20  86  93 
 97  99  26  74  76  65  98  43  37   0  21  75  49  75  52   3  98   1  91  80 
 11  40  80   2  66  20  60  90  29  22   0  81  34  42   5  12  49  33  39  78 
 47   5  68   9  86  72  86  92  46  32  29   0  96  45  57  28   9  82  79  10 
 61  26  17  60  29  95  26  62  42  15  16  25   0  68  74   4  52  89  31  36 
 44  74   4   8  71  13  63  57  58  42  73  49  84   0  52  56  97  79  37   1 
 34  39  80  35  34  28   7  71   2   2  78  66  87  97   0  68  85  53  10  97 
 74  14  75   9  36  33  13  52  72  76  12  50  70  14  59   0  72  96  30  80 
 69  81  93  55  31  83  41  72  44   5  86  90  10  54  39  82   0  89  22  28 
 54  39  44  76  58  28  91  67  29  90  77  67  77  30  80  44  59   0  87  14 
 58  56  28  79  88  44  93  85   1  90  27  94  27  88  64  36  93  44   0  83 
 61  85  71  20  46  42  28  49  63  16   3   2  48   8  83  42  91  32  10   0 
M1
  0  52  15  48  38   7  51   1  97  84  32  54   8  62   5   1  31  88  36  38 
 12   0  38  97  51  67  56  21  98  22  50  44  96  49   5   5  27  86  40  35 
 14  44   0  89  97  13  85   6   8  24  42  63  70  38  55  88  10  72   7   7 
 52  77  32   0   3  63  24  33  93  45  26   3  29  50  83  49  46   7  56  14 
 41  82   8  28   0  68  40  58  20  72  56   8  56  79  56  66  56  97  82  88 
 45  62  28  19  20   0  40  63  66  82  25  91  98  33  37  48  51  79  77  48 
 76  58  93  31  51  54   0  23  68  63  48  38  97  65  12  35  34  86  99   5 
 21  29  96  79  77  61  78   0  96  23  10  24  75  32  24  98  38  94  99  93 
 56  97  31  43  48  18  95  61   0  64  15  87  80  69  53  37   1  20  86  93 
 97  99  26  74  76  65  98  43  37   0  21  75  49  75  52   3  98   1  91  80 
 11  40  80   2  66  20  60  90  29  22   0  81  34  42   5  12  49  33  39  78 
 47   5  68   9  86  72  86  92  46  32  29   0  96  45  57  28   9  82  79  10 
 61  26  17  60  29  95  26  62  42  15  16  25   0  68  74   4  52  89  31  36 
 44  74   4   8  71  13  63  57  58  42  73  49  84   0  52  56  97  79  37   1 
 34  39  80  35  34  28   7  71   2   2  78  66  87  97   0  68  85  53  10  97 
 74  14  75   9  36  33  13  52  72  76  12  50  70  14  59   0  72  96  30  80 
 69  81  93  55  31  83  41  72  44   5  86  90  10  54  39  82   0  89  22  28 
 54  39  44  76  58  28  91  67  29  90  77  67  77  30  80  44  59   0  87  14 
 58  56  28  79  88  44  93  85   1  90  27  94  27  88  64  36  93  44   0  83 
 61  85  71  20  46  42  28  49  63  16   3   2  48   8  83  42  91  32  10   0 
M2
  0  52  15  48  38   7  51   1  97  84  32  54   8  62   5   1  31  88  36  38 
 12   0  38  97  51  67  56  21  98  22  50  44  96  49   5   5  27  86  40  35 
 14  44   0  89  97  13  85   6   8  24  42  63  70  38  55  88  10  72   7   7 
 52  77  32   0   3  63  24  33  93  45  26   3  29  50  83  49  46   7  56  14 
 41  82   8  28   0  68  40  58  20  72  56   8  56  79  56  66  56  97  82  88 
 45  62  28  19  20   0  40  63  66  82  25  91  98  33  37  48  51  79  77  48 
 76  58  93  31  51  54   0  23  68  63  48  38  97  65  12  35  34  86  99   5 
 21  29  96  79  77  61  78   0  96  23  10  24  75  32  24  98  38  94  99  93 
 56  97  31  43  48  18  95  61   0  64  15  87  80  69  53  37   1  20  86  93 
 97  99  26  74  76  65  98  43  37   0  21  75  49  75  52   3  98   1  91  80 
 11  40  80   2  66  20  60  90  29  22   0  81  34  42   5  12  49  33  39  78 
 47   5  68   9  86  72  86  92  46  32  29   0  96  45  57  28   9  82  79  10 
 61  26  17  60  29  95  26  62  42  15  16  25   0  68  74   4  52  89  31  36 
 44  74   4   8  71  13  63  57  58  42  73  49  84   0  52  56  97  79  37   1 
 34  39  80  35  34  28   7  71   2   2  78  66  87  97   0  68  85  53  10  97 
 74  14  75   9  36  33  13  52  72  76  12  50  70  14  59   0  72  96  30  80 
 69  81  93  55  31  83  41  72  44   5  86  90  10  54  39  82   0  89  22  28 
 54  39  44  76  58  28  91  67  29  90  77  67  77  30  80  44  59   0  87  14 
 58  56  28  79  88  44  93  85   1  90  27  94  27  88  64  36  93  44   0  83 
 61  85  71  20  46  42  28  49  63  16   3   2  48   8  83  42  91  32  10   0 
M3
  0  52  15  48  38   7  51   1  97  84  32  54   8  62   5   1  31  88  36  38 
 12   0  38  97  51  67  56  21  98  22  50  44  96  49   5   5  27  86  40  35 
 14  44   0  89  97  13  85   6   8  24  42  63  70  38  55  88  10  72   7   7 
 52  77  32   0   3  63  24  33  93  45  26   3  29  50  83  49  46   7  56  14 
 41  82   8  28   0  68  40  58  20  72  56   8  56  79  56  66  56  97  82  88 
 45  62  28  19  20   0  40  63  66  82  25  91  98  33  37  48  51  79  77  48 
 76  58  93  31  51  54   0  23  68  63  48  38  97  65  12  35  34  86  99   5 
 21  29  96  79  77  61  78   0  96  23  10  24  75  32  24  98  38  94  99  93 
 56  97  31  43  48  18  95  61   0  64  15  87  80  69  53  37   1  20  86  93 
 97  99  26  74  76  65  98  43  37   0  21  75  49  75  52   3  98   1  91  80 
 11  40  80   2  66  20  60  90  29  22   0  81  34  42   5  12  49  33  39  78 
 47   5  68   9  86  72  86  92  46  32  29   0  96  45  57  28   9  82  79  10 
 61  26  17  60  29  95  26  62  42  15  16  25   0  68  74   4  52  89  31  36 
 44  74   4   8  71  13  63  57  58  42  73  49  84   0  52  56  97  79  37   1 
 34  39  80  35  34  28   7  71   2   2  78  66  87  97   0  68  85  53  10  97 
 74  14  75   9  36  33  13  52  72  76  12  50  70  14  59   0  72  96  30  80 
 69  81  93  55  31  83  41  72  44   5  86  90  10  54  39  82   0  89  22  28 
 54  39  44  76  58  28  91  67  29  90  77  67  77  30  80  44  59   0  87  14 
 58  56  28  79  88  44  93  85   1  90  27  94  27  88  64  36  93  44   0  83 
 61  85  71  20  46  42  28  49  63  16   3   2  48   8  83  42  91  32  10   0 
M4
  0  52  15  48  38   7  51   1  97  84  32  54   8  62   5   1  31  88  36  38 
 12   0  38  97  51  67  56  21  98  22  50  44  96  49   5   5  27  86  40  35 
 14  44   0  89  97  13  85   6   8  24  42  63  70  38  55  88  10  72   7   7 
 52  77  32   0   3  63  24  33  93  45  26   3  29  50  83  49  46   7  56  14 
 41  82   8  28   0  68  40  58  20  72  56   8  56  79  56  66  56  97  82  88 
 45  62  28  19  20   0  40  63  66  82  25  91  98  33  37  48  51  79  77  48 
 76  58  93  31  51  54   0  23  68  63  48  38  97  65  12  35  34  86  99   5 
 21  29  96  79  77  61  78   0  96  23  10  24  75  32  24  98  38  94  99  93 
 56  97  31  43  48  18  95  61   0  64  15  87  80  69  53  37   1  20  86  93 
 97  99  26  74  76  65  98  43  37   0  21  75  49  75  52   3  98   1  91  80 
 11  40  80   2  66  20  60  90  29  22   0  81  34  42   5  12  49  33  39  78 
 47   5  68   9  86  72  86  92  46  32  29   0  96  45  57  28   9  82  79  10 
 61  26  17  60  29  95  26  62  42  15  16  25   0  68  74   4  52  89  31  36 
 44  74   4   8  71  13  63  57  58  42  73  49  84   0  52  56  97  79  37   1 
 34  39  80  35  34  28   7  71   2   2  78  66  87  97   0  68  85  53  10  97 
 74  14  75   9  36  33  13  52  72  76  12  50  70  14  59   0  72  96  30  80 
 69  81  93  55  31  83  41  72  44   5  86  90  10  54  39  82   0  89  22  28 
 54  39  44  76  58  28  91  67  29  90  77  67  77  30  80  44  59   0  87  14 
 58  56  28  79  88  44  93  85   1  90  27  94  27  88  64  36  93  44   0  83 
 61  85  71  20  46  42  28  49  63  16   3   2  48   8  83  42  91  32  10   0 
M5
  0  52  15  48  38   7  51   1  97  84  32  54   8  62   5   1  31  88  36  38 
 12   0  38  97  51  67  56  21  98  22  50  44  96  49   5   5  27  86  40  35 
 14  44   0  89  97  13  85   6   8  24  42  63  70  38  55  88  10  72   7   7 
 52  77  32   0   3  63  24  33  93  45  26   3  29  50  83  49  46   7  56  14 
 41  82   8  28   0  68  40  58  20  72  56   8  56  79  56  66  56  97  82  88 
 45  62  28  19  20   0  40  63  66  82  25  91  98  33  37  48  51  79  77  48 
 76  58  93  31  51  54   0  23  68  63  48  38  97  65  12  35  34  86  99   5 
 21  29  96  79  77  61  78   0  96  23  10  24  75  32  24  98  38  94  99  93 
 56  97  31  43  48  18  95  61   0  64  15  87  80  69  53  37   1  20  86  93 
 97  99  26  74  76  65  98  43  37   0  21  75  49  75  52   3  98   1  91  80 
 11  40  80   2  66  20  60  90  29  22   0  81  34  42   5  12  49  33  39  78 
 47   5  68   9  86  72  86  92  46  32  29   0  96  45  57  28   9  82  79  10 
 61  26  17  60  29  95  26  62  42  15  16  25   0  68  74   4  52  89  31  36 
 44  74   4   8  71  13  63  57  58  42  73  49  84   0  52  56  97  79  37   1 
 34  39  80  35  34  28   7  71   2   2  78  66  87  97   0  68  85  53  10  97 
 74  14  75   9  36  33  13  52  72  76  12  50  70  14  59   0  72  96  30  80 
 69  81  93  55  31  83  41  72  44   5  86  90  10  54  39  82   0  89  22  28 
 54  39  44  76  58  28  91  67  29  90  77  67  77  30  80  44  59   0  87  14 
 58  56  28  79  88  44  93  85   1  90  27  94  27  88  64  36  93  44   0  83 
 61  85  71  20  46  42  28  49  63  16   3   2  48   8  83  42  91  32  10   0 
M6
  0  52  15  48  38   7  51   1  97  84  32  54   8  62   5   1  31  88  36  38 
 12   0  38  97  51  67  56  21  98  22  50  44  96  49   5   5  27  86  40  35 
 14  44   0  89  97  13  85   6   8  24  42  63  70  38  55  88  10  72   7   7 
 52  77  32   0   3  63  24  33  93  45  26   3  29  50  83  49  46   7  56  14 
 41  82   8  28   0  68  40  58  20  72  56   8  56  79  56  66  56  97  82  88 
 45  62  28  19  20   0  40  63  66  82  25  91  98  33  37  48  51  79  77  48 
 76  58  93  31  51  54   0  23  68  63  48  38  97  65  12  35  34  86  99   5 
 21  29  96  79  77  61  78   0  96  23  10  24  75  32  24  98  38  94  99  93 
 56  97  31  43  48  18  95  61   0  64  15  87  80  69  53  37   1  20  86  93 
 97  99  26  74  76  65  98  43  37   0  21  75  49  75  52   3  98   1  91  80 
 11  40  80   2  66  20  60  90  29  22   0  81  34  42   5  12  49  33  39  78 
 47   5  68   9  86  72  86  92  46  32  29   0  96  45  57  28   9  82  79  10 
 61  26  17  60  29  95  26  62  42  15  16  25   0  68  74   4  52  89  31  36 
 44  74   4   8  71  13  63  57  58  42  73  49  84   0  52  56  97  79  37   1 
 34  39  80  35  34  28   7  71   2   2  78  66  87  97   0  68  85  53  10  97 
 74  14  75   9  36  33  13  52  72  76  12  50  70  14  59   0  72  96  30  80 
 69  81  93  55  31  83  41  72  44   5  86  90  10  54  39  82   0  89  22  28 
 54  39  44  76  58  28  91  67  29  90  77  67  77  30  80  44  59   0  87  14 
 58  56  28  79  88  44  93  85   1  90  27  94  27  88  64  36  93  44   0  83 
 61  85  71  20  46  42  28  49  63  16   3   2  48   8  83  42  91  32  10   0 
M7
  0  52  15  48  38   7  51   1  97  84  32  54   8  62   5   1  31  88  36  38 
 12   0  38  97  51  67  56  21  98  22  50  44  96  49   5   5  27  86  40  35 
 14  44   0  89  97  13  85   6   8  24  42  63  70  38  55  88  10  72   7   7 
 52  77  32   0   3  63  24  33  93  45  26   3  29  50  83  49  46   7  56  14 
 41  82   8  28   0  68  40  58  20  72  56   8  56  79  56  66  56  97  82  88 
 45  62  28  19  20   0  40  63  66  82  25  91  98  33  37  48  51  79  77  48 
 76  58  93  31  51  54   0  23  68  63  48  38  97  65  12  35  34  86  99   5 
 21  29  96  79  77  61  78   0  96  23  10  24  75  32  24  98  38  94  99  93 
 56  97  31  43  48  18  95  61   0  64  15  87  80  69  53  37   1  20  86  93 
 97  99  26  74  76  65  98  43  37   0  21  75  49  75  52   3  98   1  91  80 
 11  40  80   2  66  20  60  90  29  22   0  81  34  42   5  12  49  33  39  78 
 47   5  68   9  86  72  86  92  46  32  29   0  96  45  57  28   9  82  79  10 
 61  26  17  60  29  95  26  62  42  15  16  25   0  68  74   4  52  89  31  36 
 44  74   4   8  71  13  63  57  58  42  73  49  84   0  52  56  97  79  37   1 
 34  39  80  35  34  28   7  71   2   2  78  66  87  97   0  68  85  53  10  97 
 74  14  75   9  36  33  13  52  72  76  12  50  70  14  59   0  72  96  30  80 
 69  81  93  55  31  83  41  72  44   5  86  90  10  54  39  82   0  89  22  28 
 54  39  44  76  58  28  91  67  29  90  77  67  77  30  80  44  59   0  87  14 
 58  56  28  79  88  44  93  85   1  90  27  94  27  88  64  36  93  44   0  83 
 61  85  71  20  46  42  28  49  63  16   3   2  48   8  83  42  91  32  10   0 
M8
  0  52  15  48  38   7  51   1  97  84  32  54   8  62   5   1  31  88  36  38 
 12   0  38  97  51  67  56  21  98  22  50  44  96  49   5   5  27  86  40  35 
 14  44   0  89  97  13  85   6   8  24  42  63  70  38  55  88  10  72   7   7 
 52  77  32   0   3  63  24  33  93  45  26   3  29  50  83  49  46   7  56  14 
 41  82   8  28   0  68  40  58  20  72  56   8  56  79  56  66  56  97  82  88 
 45  62  28  19  20   0  40  63  66  82  25  91  98  33  37  48  51  79  77  48 
 76  58  93  31  51  54   0  23  68  63  48  38  97  65  12  35  34  86  99   5 
 21  29  96  79  77  61  78   0  96  23  10  24  75  32  24  98  38  94  99  93 
 56  97  31  43  48  18  95  61   0  64  15  87  80  69  53  37   1  20  86  93 
 97  99  26  74  76  65  98  43  37   0  21  75  49  75  52   3  98   1  91  80 
 11  40  80   2  66  20  60  90  29  22   0  81  34  42   5  12  49  33  39  78 
 47   5  68   9  86  72  86  92  46  32  29   0  96  45  57  28   9  82  79  10 
 61  26  17  60  29  95  26  62  42  15  16  25   0  68  74   4  52  89  31  36 
 44  74   4   8  71  13  63  57  58  42  73  49  84   0  52  56  97  79  37   1 
 34  39  80  35  34  28   7  71   2   2  78  66  87  97   0  68  85  53  10  97 
 74  14  75   9  36  33  13  52  72  76  12  50  70  14  59   0  72  96  30  80 
 69  81  93  55  31  83  41  72  44   5  86  90  10  54  39  82   0  89  22  28 
 54  39  44  76  58  28  91  67  29  90  77  67  77  30  80  44  59   0  87  14 
 58  56  28  79  88  44  93  85   1  90  27  94  27  88  64  36  93  44   0  83 
 61  85  71  20  46  42  28  49  63  16   3   2  48   8  83  42  91  32  10   0 
M9
  0  52  15  48  38   7  51   1  97  84  32  54   8  62   5   1  31  88  36  38 
 12   0  38  97  51  67  56  21  98  22  50  44  96  49   5   5  27  86  40  35 
 14  44   0  89  97  13  85   6   8  24  42  63  70  38  55  88  10  72   7   7 
 52  77  32   0   3  63  24  33  93  45  26   3  29  50  83  49  46   7  56  14 
 41  82   8  28   0  68  40  58  20  72  56   8  56  79  56  66  56  97  82  88 
 45  62  28  19  20   0  40  63  66  82  25  91  98  33  37  48  51  79  77  48 
 76  58  93  31  51  54   0  23  68  63  48  38  97  65  12  35  34  86  99   5 
 21  29  96  79  77  61  78   0  96  23  10  24  75  32  24  98  38  94  99  93 
 56  97  31  43  48  18  95  61   0  64  15  87  80  69  53  37   1  20  86  93 
 97  99  26  74  76  65  98  43  37   0  21  75  49  75  52   3  98   1  91  80 
 11  40  80   2  66  20  60  90  29  22   0  81  34  42   5  12  49  33  39  78 
 47   5  68   9  86  72  86  92  46  32  29   0  96  45  57  28   9  82  79  10 
 61  26  17  60  29  95  26  62  42  15  16  25   0  68  74   4  52  89  31  36 
 44  74   4   8  71  13  63  57  58  42  73  49  84   0  52  56  97  79  37   1 
 34  39  80  35  34  28   7  71   2   2  78  66  87  97   0  68  85  53  10  97 
 74  14  75   9  36  33  13  52  72  76  12  50  70  14  59   0  72  96  30  80 
 69  81  93  55  31  83  41  72  44   5  86  90  10  54  39  82   0  89  22  28 
 54  39  44  76  58  28  91  67  29  90  77  67  77  30  80  44  59   0  87  14 
 58  56  28  79  88  44  93  85   1  90  27  94  27  88  64  36  93  44   0  83 
 61  85  71  20  46  42  28  49  63  16   3   2  48   8  83  42  91  32  10   0 
Reldue
 2167    5    1
 1781    9    1
 3386    7    6
 4452    5    8
 1412    1    5
 3378    7    5
 1943    9    8
  894    9    5
 1372    8    2
 4203    5    3
 3217    9    1
 1800    3    2
 1817    6    2
 3094    8    2
 2791    3    2
 2174    3    2
 2834    7    4
 2880    4    7
 1490    3    4
 2509    6    3
DDW
 1995  2340
 1635  1928
 3058  3715
 4140  4763
 1301  1523
 3145  3611
 1779  2106
  821   967
 1263  1481
 3831  4575
 2940  3494
 1683  1917
 1701  1933
 2823  3365
 2634  2948
 2045  2302
 2615  3052
 2642  3119
 1412  1569
 2367  2651
