20   8
MD
  2  3  5  2  2  2  5  2
PT
 99  44  79  36  61  18  17  31  66  20  90   7  38   3   1  81  48   7  14   5 
 16  80  16  13  93  32  70  12  62  79  29   8  18  69  85  34  12  90  42  21 
 18  97  20  76  35  96  47  72  98  46  59  94  12  90  95  20  50  34  41  50 
 11   4  31  49  91  59   5  30  39  60  14  73  59  58  35  62  47  61  89  59 
 39  45  67  62  11   2  76  80  17  22  45  90  13  69   7  17  13  10  91  39 
 86  24  43  95  78  48  61  64  91  32  33  78  86  81  11  51  99  96  91  93 
  5   5  39  62  17  35  77  95  24   7  49  94  93  64  93  64  33  16  70  40 
 83  78   9  23  64  54  36  80  10  79  57  18  17  56  70  83  78  43  12  79 
SSD
M0
  0  89   4  21  75  19   2   5  20  91  46  88  49  36  63  46  44  15   5  89 
 61   0  99  43  20  44  52  67  92   3   8   4  84  55  27  83  55  35  44  28 
 36  54   0  17  46  29  82  87  29  74  31   4  30  51  28  17   7  40  80  66 
 49  76  89   0  48   1  33  74  72  96  19  79  39  61  77  98  39  30   9  29 
 86  29  92  41   0  28  84  67  62  84  24  50  64  88  88  57  68  87  75  29 
 96  73  56  76  25   0  74  63  27  26  65  15  54  70  79  74  90  24  38  41 
 70  23  45  76  77  74   0  21   3  75  84  56  30  73  22  59  96  84  45  28 
 87  97  38  28  98  72   1   0  32  63  27  14  83  74  94  94   3  11  52  48 
 68  33  19  66  72  94  38  35   0  60  41  38  85  47  53  23   7  97  43  87 
 16  35  75  34  63  44  88  58  61   0  86  98  24  48  60  52  71  90  40  81 
 80  58  27  12  35   6  86  91  73  32   0   9  20  43  74  40  90  13  73  49 
 20  83  56  31  20  38   2  53  91  10  58   0  85   2  32  26  71  64  63  17 
 61  37  59  40  32  43  49  15  61  48  29  31   0  57  23  46  34  25  32  81 
 50  70  52  82  69  67  56  69  59  71   6   8  75   0  33  35  79  88  53  82 
 64  79  27  51  44   1  43  20   3  33  62  62  82  74   0  99  90  56  45  71 
 41  77  56  40  29  64  63  29  22  42  61  38  69  20  55   0  38  75  34  88 
 47   4  17  15   8  43  23  25  17  88  60  31  63  71  90  36   0  49  19  13 
 11  46  25   3  85  35  95  68  75  11  53  20  47  55   9  56  11   0   7  36 
 96  21  76  44  48  43  32  57  16  86   5   3  55  72  69  37  48  59   0  50 
 27  75  42  81  33   9  99  53  25  64  67  10  96  99  72  86   5  52  66   0 
M1
  0  89   4  21  75  19   2   5  20  91  46  88  49  36  63  46  44  15   5  89 
 61   0  99  43  20  44  52  67  92   3   8   4  84  55  27  83  55  35  44  28 
 36  54   0  17  46  29  82  87  29  74  31   4  30  51  28  17   7  40  80  66 
 49  76  89   0  48   1  33  74  72  96  19  79  39  61  77  98  39  30   9  29 
 86  29  92  41   0  28  84  67  62  84  24  50  64  88  88  57  68  87  75  29 
 96  73  56  76  25   0  74  63  27  26  65  15  54  70  79  74  90  24  38  41 
 70  23  45  76  77  74   0  21   3  75  84  56  30  73  22  59  96  84  45  28 
 87  97  38  28  98  72   1   0  32  63  27  14  83  74  94  94   3  11  52  48 
 68  33  19  66  72  94  38  35   0  60  41  38  85  47  53  23   7  97  43  87 
 16  35  75  34  63  44  88  58  61   0  86  98  24  48  60  52  71  90  40  81 
 80  58  27  12  35   6  86  91  73  32   0   9  20  43  74  40  90  13  73  49 
 20  83  56  31  20  38   2  53  91  10  58   0  85   2  32  26  71  64  63  17 
 61  37  59  40  32  43  49  15  61  48  29  31   0  57  23  46  34  25  32  81 
 50  70  52  82  69  67  56  69  59  71   6   8  75   0  33  35  79  88  53  82 
 64  79  27  51  44   1  43  20   3  33  62  62  82  74   0  99  90  56  45  71 
 41  77  56  40  29  64  63  29  22  42  61  38  69  20  55   0  38  75  34  88 
 47   4  17  15   8  43  23  25  17  88  60  31  63  71  90  36   0  49  19  13 
 11  46  25   3  85  35  95  68  75  11  53  20  47  55   9  56  11   0   7  36 
 96  21  76  44  48  43  32  57  16  86   5   3  55  72  69  37  48  59   0  50 
 27  75  42  81  33   9  99  53  25  64  67  10  96  99  72  86   5  52  66   0 
M2
  0  89   4  21  75  19   2   5  20  91  46  88  49  36  63  46  44  15   5  89 
 61   0  99  43  20  44  52  67  92   3   8   4  84  55  27  83  55  35  44  28 
 36  54   0  17  46  29  82  87  29  74  31   4  30  51  28  17   7  40  80  66 
 49  76  89   0  48   1  33  74  72  96  19  79  39  61  77  98  39  30   9  29 
 86  29  92  41   0  28  84  67  62  84  24  50  64  88  88  57  68  87  75  29 
 96  73  56  76  25   0  74  63  27  26  65  15  54  70  79  74  90  24  38  41 
 70  23  45  76  77  74   0  21   3  75  84  56  30  73  22  59  96  84  45  28 
 87  97  38  28  98  72   1   0  32  63  27  14  83  74  94  94   3  11  52  48 
 68  33  19  66  72  94  38  35   0  60  41  38  85  47  53  23   7  97  43  87 
 16  35  75  34  63  44  88  58  61   0  86  98  24  48  60  52  71  90  40  81 
 80  58  27  12  35   6  86  91  73  32   0   9  20  43  74  40  90  13  73  49 
 20  83  56  31  20  38   2  53  91  10  58   0  85   2  32  26  71  64  63  17 
 61  37  59  40  32  43  49  15  61  48  29  31   0  57  23  46  34  25  32  81 
 50  70  52  82  69  67  56  69  59  71   6   8  75   0  33  35  79  88  53  82 
 64  79  27  51  44   1  43  20   3  33  62  62  82  74   0  99  90  56  45  71 
 41  77  56  40  29  64  63  29  22  42  61  38  69  20  55   0  38  75  34  88 
 47   4  17  15   8  43  23  25  17  88  60  31  63  71  90  36   0  49  19  13 
 11  46  25   3  85  35  95  68  75  11  53  20  47  55   9  56  11   0   7  36 
 96  21  76  44  48  43  32  57  16  86   5   3  55  72  69  37  48  59   0  50 
 27  75  42  81  33   9  99  53  25  64  67  10  96  99  72  86   5  52  66   0 
M3
  0  89   4  21  75  19   2   5  20  91  46  88  49  36  63  46  44  15   5  89 
 61   0  99  43  20  44  52  67  92   3   8   4  84  55  27  83  55  35  44  28 
 36  54   0  17  46  29  82  87  29  74  31   4  30  51  28  17   7  40  80  66 
 49  76  89   0  48   1  33  74  72  96  19  79  39  61  77  98  39  30   9  29 
 86  29  92  41   0  28  84  67  62  84  24  50  64  88  88  57  68  87  75  29 
 96  73  56  76  25   0  74  63  27  26  65  15  54  70  79  74  90  24  38  41 
 70  23  45  76  77  74   0  21   3  75  84  56  30  73  22  59  96  84  45  28 
 87  97  38  28  98  72   1   0  32  63  27  14  83  74  94  94   3  11  52  48 
 68  33  19  66  72  94  38  35   0  60  41  38  85  47  53  23   7  97  43  87 
 16  35  75  34  63  44  88  58  61   0  86  98  24  48  60  52  71  90  40  81 
 80  58  27  12  35   6  86  91  73  32   0   9  20  43  74  40  90  13  73  49 
 20  83  56  31  20  38   2  53  91  10  58   0  85   2  32  26  71  64  63  17 
 61  37  59  40  32  43  49  15  61  48  29  31   0  57  23  46  34  25  32  81 
 50  70  52  82  69  67  56  69  59  71   6   8  75   0  33  35  79  88  53  82 
 64  79  27  51  44   1  43  20   3  33  62  62  82  74   0  99  90  56  45  71 
 41  77  56  40  29  64  63  29  22  42  61  38  69  20  55   0  38  75  34  88 
 47   4  17  15   8  43  23  25  17  88  60  31  63  71  90  36   0  49  19  13 
 11  46  25   3  85  35  95  68  75  11  53  20  47  55   9  56  11   0   7  36 
 96  21  76  44  48  43  32  57  16  86   5   3  55  72  69  37  48  59   0  50 
 27  75  42  81  33   9  99  53  25  64  67  10  96  99  72  86   5  52  66   0 
M4
  0  89   4  21  75  19   2   5  20  91  46  88  49  36  63  46  44  15   5  89 
 61   0  99  43  20  44  52  67  92   3   8   4  84  55  27  83  55  35  44  28 
 36  54   0  17  46  29  82  87  29  74  31   4  30  51  28  17   7  40  80  66 
 49  76  89   0  48   1  33  74  72  96  19  79  39  61  77  98  39  30   9  29 
 86  29  92  41   0  28  84  67  62  84  24  50  64  88  88  57  68  87  75  29 
 96  73  56  76  25   0  74  63  27  26  65  15  54  70  79  74  90  24  38  41 
 70  23  45  76  77  74   0  21   3  75  84  56  30  73  22  59  96  84  45  28 
 87  97  38  28  98  72   1   0  32  63  27  14  83  74  94  94   3  11  52  48 
 68  33  19  66  72  94  38  35   0  60  41  38  85  47  53  23   7  97  43  87 
 16  35  75  34  63  44  88  58  61   0  86  98  24  48  60  52  71  90  40  81 
 80  58  27  12  35   6  86  91  73  32   0   9  20  43  74  40  90  13  73  49 
 20  83  56  31  20  38   2  53  91  10  58   0  85   2  32  26  71  64  63  17 
 61  37  59  40  32  43  49  15  61  48  29  31   0  57  23  46  34  25  32  81 
 50  70  52  82  69  67  56  69  59  71   6   8  75   0  33  35  79  88  53  82 
 64  79  27  51  44   1  43  20   3  33  62  62  82  74   0  99  90  56  45  71 
 41  77  56  40  29  64  63  29  22  42  61  38  69  20  55   0  38  75  34  88 
 47   4  17  15   8  43  23  25  17  88  60  31  63  71  90  36   0  49  19  13 
 11  46  25   3  85  35  95  68  75  11  53  20  47  55   9  56  11   0   7  36 
 96  21  76  44  48  43  32  57  16  86   5   3  55  72  69  37  48  59   0  50 
 27  75  42  81  33   9  99  53  25  64  67  10  96  99  72  86   5  52  66   0 
M5
  0  89   4  21  75  19   2   5  20  91  46  88  49  36  63  46  44  15   5  89 
 61   0  99  43  20  44  52  67  92   3   8   4  84  55  27  83  55  35  44  28 
 36  54   0  17  46  29  82  87  29  74  31   4  30  51  28  17   7  40  80  66 
 49  76  89   0  48   1  33  74  72  96  19  79  39  61  77  98  39  30   9  29 
 86  29  92  41   0  28  84  67  62  84  24  50  64  88  88  57  68  87  75  29 
 96  73  56  76  25   0  74  63  27  26  65  15  54  70  79  74  90  24  38  41 
 70  23  45  76  77  74   0  21   3  75  84  56  30  73  22  59  96  84  45  28 
 87  97  38  28  98  72   1   0  32  63  27  14  83  74  94  94   3  11  52  48 
 68  33  19  66  72  94  38  35   0  60  41  38  85  47  53  23   7  97  43  87 
 16  35  75  34  63  44  88  58  61   0  86  98  24  48  60  52  71  90  40  81 
 80  58  27  12  35   6  86  91  73  32   0   9  20  43  74  40  90  13  73  49 
 20  83  56  31  20  38   2  53  91  10  58   0  85   2  32  26  71  64  63  17 
 61  37  59  40  32  43  49  15  61  48  29  31   0  57  23  46  34  25  32  81 
 50  70  52  82  69  67  56  69  59  71   6   8  75   0  33  35  79  88  53  82 
 64  79  27  51  44   1  43  20   3  33  62  62  82  74   0  99  90  56  45  71 
 41  77  56  40  29  64  63  29  22  42  61  38  69  20  55   0  38  75  34  88 
 47   4  17  15   8  43  23  25  17  88  60  31  63  71  90  36   0  49  19  13 
 11  46  25   3  85  35  95  68  75  11  53  20  47  55   9  56  11   0   7  36 
 96  21  76  44  48  43  32  57  16  86   5   3  55  72  69  37  48  59   0  50 
 27  75  42  81  33   9  99  53  25  64  67  10  96  99  72  86   5  52  66   0 
M6
  0  89   4  21  75  19   2   5  20  91  46  88  49  36  63  46  44  15   5  89 
 61   0  99  43  20  44  52  67  92   3   8   4  84  55  27  83  55  35  44  28 
 36  54   0  17  46  29  82  87  29  74  31   4  30  51  28  17   7  40  80  66 
 49  76  89   0  48   1  33  74  72  96  19  79  39  61  77  98  39  30   9  29 
 86  29  92  41   0  28  84  67  62  84  24  50  64  88  88  57  68  87  75  29 
 96  73  56  76  25   0  74  63  27  26  65  15  54  70  79  74  90  24  38  41 
 70  23  45  76  77  74   0  21   3  75  84  56  30  73  22  59  96  84  45  28 
 87  97  38  28  98  72   1   0  32  63  27  14  83  74  94  94   3  11  52  48 
 68  33  19  66  72  94  38  35   0  60  41  38  85  47  53  23   7  97  43  87 
 16  35  75  34  63  44  88  58  61   0  86  98  24  48  60  52  71  90  40  81 
 80  58  27  12  35   6  86  91  73  32   0   9  20  43  74  40  90  13  73  49 
 20  83  56  31  20  38   2  53  91  10  58   0  85   2  32  26  71  64  63  17 
 61  37  59  40  32  43  49  15  61  48  29  31   0  57  23  46  34  25  32  81 
 50  70  52  82  69  67  56  69  59  71   6   8  75   0  33  35  79  88  53  82 
 64  79  27  51  44   1  43  20   3  33  62  62  82  74   0  99  90  56  45  71 
 41  77  56  40  29  64  63  29  22  42  61  38  69  20  55   0  38  75  34  88 
 47   4  17  15   8  43  23  25  17  88  60  31  63  71  90  36   0  49  19  13 
 11  46  25   3  85  35  95  68  75  11  53  20  47  55   9  56  11   0   7  36 
 96  21  76  44  48  43  32  57  16  86   5   3  55  72  69  37  48  59   0  50 
 27  75  42  81  33   9  99  53  25  64  67  10  96  99  72  86   5  52  66   0 
M7
  0  89   4  21  75  19   2   5  20  91  46  88  49  36  63  46  44  15   5  89 
 61   0  99  43  20  44  52  67  92   3   8   4  84  55  27  83  55  35  44  28 
 36  54   0  17  46  29  82  87  29  74  31   4  30  51  28  17   7  40  80  66 
 49  76  89   0  48   1  33  74  72  96  19  79  39  61  77  98  39  30   9  29 
 86  29  92  41   0  28  84  67  62  84  24  50  64  88  88  57  68  87  75  29 
 96  73  56  76  25   0  74  63  27  26  65  15  54  70  79  74  90  24  38  41 
 70  23  45  76  77  74   0  21   3  75  84  56  30  73  22  59  96  84  45  28 
 87  97  38  28  98  72   1   0  32  63  27  14  83  74  94  94   3  11  52  48 
 68  33  19  66  72  94  38  35   0  60  41  38  85  47  53  23   7  97  43  87 
 16  35  75  34  63  44  88  58  61   0  86  98  24  48  60  52  71  90  40  81 
 80  58  27  12  35   6  86  91  73  32   0   9  20  43  74  40  90  13  73  49 
 20  83  56  31  20  38   2  53  91  10  58   0  85   2  32  26  71  64  63  17 
 61  37  59  40  32  43  49  15  61  48  29  31   0  57  23  46  34  25  32  81 
 50  70  52  82  69  67  56  69  59  71   6   8  75   0  33  35  79  88  53  82 
 64  79  27  51  44   1  43  20   3  33  62  62  82  74   0  99  90  56  45  71 
 41  77  56  40  29  64  63  29  22  42  61  38  69  20  55   0  38  75  34  88 
 47   4  17  15   8  43  23  25  17  88  60  31  63  71  90  36   0  49  19  13 
 11  46  25   3  85  35  95  68  75  11  53  20  47  55   9  56  11   0   7  36 
 96  21  76  44  48  43  32  57  16  86   5   3  55  72  69  37  48  59   0  50 
 27  75  42  81  33   9  99  53  25  64  67  10  96  99  72  86   5  52  66   0 
Reldue
 1033    9    2
 1965    1    5
 1675    3    2
 1744    5    2
 3418    7    6
 2488    8    1
 2615    1    3
 3316    1    7
 1142    7    9
 1232    2    2
 2675    7    6
 1936    6    7
 2849    7    3
 2574    5    9
 2512    9    7
 1511    5    2
 2179    7    2
 1320    1    3
 1848    3    3
 1030    6    3
DDW
  969  1097
 1786  2145
 1530  1821
 1584  1903
 3163  3673
 2281  2694
 2360  2869
 3079  3552
 1083  1202
 1156  1308
 2490  2860
 1835  2036
 2624  3074
 2367  2781
 2358  2666
 1435  1587
 2061  2297
 1193  1446
 1738  1958
  972  1089
