50   8
MD
  4  5  5  3  5  3  3  3
PT
 66  37  17  94  20  90  23  86  63  10  28  30  48  64   8  29  77  26  40  27  32  17  93  92  13  60  13  26  51  36  37  77  83  65  91  11  93  69  48  33  87  68  27  25  55  56  74  91  62  59 
 83  20  58   5  66  64  45  30  99  21  73  44  97  58   7  13  79  94  71  27  68   8  82  91  98  97  24  18  81  56  50  88  22  69  27  47  80  78  17  30  90  77  19  68  53  99   1  88  63  39 
 84   9  79  49  96   7  42  50  57  50  71   4  11  23  86   3   6  44  22  50  97  31  52  94  34  11  74  68  10   3  23  46  21  32  88  40  92  43  67  72   8   7  47   9  40  25  95  62  53  98 
 23  14  50  65  14  90  35  26  13  60  21  59  24  39  35  11  59  15  23  90   3  31  62  28  30  51  11  29  33  51  21  58  83  64  57  72  72  17  91  84  79  80   1   2  97  33  67  81  83   4 
 99  99  81  58  16  49  42  93  27  95   1  89  35   3   9  13  84  78  79  34  67  98  57  48  84  86  33  18  12  14  85  72  43  49  86  52  98  92  58  63  53  64  77  61   8  63  83  69  17  13 
  8  99  32  83  90  63  68  55  86  79  37  66  91  91  60   1  17  10  45  35  27  26  80  55  48  33  23  22  72  38  24  37  76  83  80   5  34  99  16  15  75  15   1  81  68  32  75  87  78  29 
 68  26  93  29  61  56  45  15  91  31   5  76  17  32  56  84  12  30  65   3  29  23  24  14  88  97  98  33  45  20  94  31  32  87  27   8  85  89  23  60  86  85  61   8  47  76  33  90  44  52 
 42  46  94  91   1  97  63  64  38  32  10  77  90  22  97   3  21  88  47  16  80  58  32  60  47  48  63  79  43  61  32  65  40  26  26  35  97  81  50  73  16  97  88  34  34  97  74   5  37  34 
SSD
M0
  0  63  38   1  65  58  55  88  14  32  35  57  12  58  54  20  32   9   5  22  45  19  58  88  52  88  22  20  84  99  97  34  23  32   8  65  49  93  54  91   7  11  87  45  34  21  57  71  92  49 
 80   0  66  44  47   9  82  84  11  55  98  18   7  88   1  54  43  42  39  11  79  33  21  88  43  85  20   8  86  27  63  95  11  55  92  69   9  67  71  99  16  91  34  48  33  74  29  55  99  14 
 42  34   0  36  30  30  30  56  66  30  92   2  45  59  63  76  17   3  72  99  14  71  18  26  25  42  91  14  59  82   1  58  59  24  14   4  84  31  22  14  94  33  39  38  75  19   8  64  81  61 
 63  20  69   0  84  33  45  40  91  56  12  86  23  82  47  60  40  11  79   6  84  77  40  10  48  94  90  67  34  85  73   5  40  48  24  81  91  37  53  34  67  35  56  10  58  31  25  65   4  70 
 51  92  31  31   0  94  15  71  81   6  16  54   2  62  80  53  47  45  69  77  44  53  80  60  25  17  23  26  79  67  42  74  88  90  61  22  17  83  53  20  76  76  29  17  90  88  43  84  70  77 
 68  54  15  19  87   0  94  53  82  50  37  56  30  88  66  16  79  28  62  92  76  19  85  65   5  59  42  56  31  26   6  31  22  46  49  98  67  20   6  21  66   8  24  38  91  21  32  76  13  58 
 62  73  27  59  77  24   0  66   5  42  80  40  93  39  63  85  33  19  38  15  15  83  95  47  89  69  86  25  78  54  37  39  79  72  78  13  96  37  21  59  69  20  91  38  69   9   9  10   8  19 
  6  69  86  86  50   4  86   0   9  51  49   6  30  21  59  74   1  57  88  30  16  89  40  81   7  69  24  26  74  45  15  53  85  96  91  49  47  26   2  75  36  41  81  39  61  16  23  82  22  47 
 42  65  96  85  71  26  98  15   0  50  23  23   6   1   5   2   9  67   7  80  65  31   5  89  50  41  15  87   9  17  38  29  11  58  21  39  47  55  56  40  55  59  18  68  93  47  84  44  77  72 
  8  27  30  39  85   2  34  44  98   0  62  66  70  69  61  78  22  85  64   3  54  73  65  28  30   8  82  69  20  81  45  66  98  53  90  75  97  67   2  60  65  26  54  89  71  73  89  41  60  36 
 88  52  88  70  89  10  24  83  85  25   0  92  95  32  53  37  75  14  31  39  99  86  78  35  64  11  96  56  60  16  38  63  90  77  62  61  16  95  82  35  61  60   2  87  81  96  44  15   1  69 
 75  19  82  35   1  40  52  87   2  57  42   0  25  66  50  30  94  72  58  83  71   5  23   8  30  58  21  28  97  65  84  97  26  42  63   9  44  17  28  53  46  72  88  53   6  20  79   8  41  30 
 56  26  37  28  93  20  89  75  97  10  24  70   0  96  89  35  93  53  87  92  86  75  64  20  15  30  98  83  39  87  76  90  81  57  47  64  69  10  69  19   6  70  81  25  90  90  18  89  30  18 
 62  82  16  23  29  87  43  55  98   1  84  83  68   0  64  63  30  44  46  10  26   2  45  16  98   9  19  94  43  40  78  99  92  55   7  27  10  46  89  36  29  40  37  40  79  40  22   2  27  43 
 59  19  24  80  64   2  41  18   8  91  22  78  52  26   0  94  99  52  55  63  29  96  32   8  52   5  45  23  74  82  37  65  54  88  71  86  61  79  40  47  85   7  29  17  33  88  19  46  64  79 
 75  33  88  17   7   2  74  57  48  54  85  55  44  91  57   0  58   4  75  66  84  54  55  89  87  81  22  20   7   8  82   5  43  64  12  65  11  21  18  76  49  62  57  12  72   8  26  49  60  99 
 96  26  31  15  73  59  20  47  79  13  58  36  56  62  27  77   0   8  47  11  93  87  74   2  53  43  30   3  50  27  85  12  33  59  19  71  96  85  52  98  64  80  25  59  89  52  13  36  30   9 
  4  94  64  48  48  99  87  51  92  15  90  37  20  42  16  30  23   0  93  72  25  91  72  57  65  38  33  57  43   3  83  68  37  73  28  40  78  21  25   1  68  83   4  35  41   1  98  94  12  12 
 67  81  25  73  36  81  80   9  54  61   5  72  91  21   2  81  29  48   0  30  20  27   9  75  45  42   8  29   4  92  57  82  25  31  16  43  38  85  75  90   8  22  16  79  85  47  97  60  79  69 
 56  46  67  77  11  42  70  60  99  93  67  67   7  61   1  35  48  32  74   0  81  29  80  26  24  55  27  69  30  12   2  36  75  51  51  78   4  45  71  26  51   5  63  30  37  81  56   8  19  22 
 67  82   9  87  53  14  56   1  20  25  81  78  64  40  75   5  78  42  23  13   0  88  63   3  74  65  56  31  46  43  68  37   6  68  99  58  55  35  91  69  76  33  68  34   2  40  27  29   6  21 
 22  78  95   7  67   9  16  85  89  69  49  53  48  22  84  12  18  23  91  49  80   0  28  31  19  92  46  81  11  41  75  93  89  17  86  74   1  62  88  52  27  68  29  11  78  82  41  20  77  73 
 71  26   7  29  33  39  37  89  50  42  21  36  20  98  85  48  99  87  85  73  17  57   0  14  81  23  93  88  26   3  90  79  54  89  39  38  61  68  69  12  34  84  60  82  44  52  37  20  72  14 
  6   7  61  16  43  11  41  75  36  75  57  75  78  15  29  95  71  40  45  28  65  71  90   0  95  37  49  24  52  63  16  45  38  76  84  20  16  92  70  66  10  77  79  65  23  75  51  80  90  21 
 67  17  49  34  35  50  71  11  41  75  35  33  56  16   2  89  73  36  15  21   4  92  32  98   0  82  90  45  64  33  29  41  99  77  86  67  50  67  52  28  79  46  41  38  18  10  97  13  94  46 
 64  43  25  61  57  14  81   4  48  87  46  54  47  23  36  49  63  75  65   7   9   8  65  83  37   0  25  13  25  30  26  12  67   9  83  89  92  50  48  58  50  46   4  93  82  23  39  65  58  51 
 31  81  24   2  67  33  16  68  64   3  67  86   7  59  54  47  34  63  43  60  48  20  17  55  17  82   0  33  29  51  86  70  15  90  35  73  21  98  75  19  23  64  91  84  17  28  18  33  77  10 
 92  75  40  41  31  58  34  83  60  72  23  49  57  41  40  42  24  74  71  79  38  72  27  12  20  70  79   0  75  20  93   2  60  38  88  94  51  87  91  28  83  77  60  10  40  11   9  47  39   8 
 93  56  20  56  43  69  23  24  39  77  41  82  60  61  31  27   8  86  46  70  57  80  90  83  56  10   8  21   0  66  42  44  34  78  39  31  14  91  97  81  61  20  49  71  16  63  61  21  77   7 
 10  74  57  51  88  51  92  75  29  60  55  38  90  57  75  46  44  98  47  41  81   8  27  95  72  43  59  43  81   0  47  44  40  52  82  89  86  65  54  33  50  78  79  64  24  52   6  62  78  81 
 81  56  98  34  65  71  65  98  45  88  63  63  64  67  68  16  97  86  31  57  73  22  80  10  20  27   7  74  65  80   0  83  84  33  48  72  15  28  40  44  62  74  16  11  40  98  72   3  16  78 
 23  65  28  26  61  26  83  29  43  59  41  72  83  81  45  67  51  14  56  64  43  13  98   1  40  92  75  13  39  22  37   0  51  38  27  42  50  65  48  80  91  53  51  99  33  40  71  84  50   3 
 90  50   4   6  59   6  50  41  59  80  36  80   6  64  51  46  20   8  51  34  58  80  33  27  67  24  76  63  56   5  81  67   0   3  32  92  98  61   9  95   9  92  29  16  60  74  70  98  67  11 
 15  60   9  22  22  24  34  41  53  16   3  41  82  97   1  39  17  97  88  57  82  15  31  75  51  17   2  71  61  56  91  79  63   0  94  36  98  46  88  38  51  11  95  41  39  84  74  32   6  28 
 37  46   7  75  20  71  65   1  17  70  46  54  21  50  82  50  25  27  91  19   9  22  57  11  28  85   8  85  16  10  84  15  46  38   0  84  97  46  15  53  87  85  34  96  24  66  85  66  13  45 
 27  47  75  95  13  96  64  85   4  99  32  36  66  66  36  66  65  88  19  63  50  55  39  85  87  13  84  93  38   9  69  90   3  24  87   0  23  51  49  38  37  23  37  41  20  65  85  22   3  39 
 44  35  25  55  70  85  82  38  73  82  92  79  69  58  48  17  68   4  83   9  20  43  17  76  93  83  33  85  30  38  24   5  51  85  39  80   0   5  32  50   5  19  25  92  51  76  43  64  71   5 
 63  94  32   7  65  72  84  65  28  96  40  13  62  95  96  50   7  67  44  55  91  77  46  69  66  52  81  62   7  43  41  82  81  99  52  58  53   0  39  43  78  63  12  98  71   8  78  85  67  41 
 89  75  27   4  70  56  99  34  47  95  86  94  50   3  72  12  28  28  26  29   6  73  36  47  70  11  63  22   2  97  10  97  46  15  78  98  73  26   0  96  36  44  92   6  82  64  42  63  21  87 
 21  50   9  95  63  93  14  69  21  96  72  34  83  95  52  28  42  97  17  28  47   8  20  74  21  58  91  18  49  64  40  65  46  63  77  46  33  33   9   0  22  42  76  31  77  20  65  21  43  40 
 42  65  30  35  64  68  69  52   6  65  32  67   1  75  63  63  49  90  77  67  27   7  96  77  75  51  46   5  14  78  15  38  88  16  46  32  97  70  23  12   0  84  23  85  31  83   3  37  47  31 
 55  78   7  84  57  70  82  31  61  55  94  54  62  75  64  19  59  70  98  33  93  32  67  78  24  34  32  19  94  51  40  95  53  47  56  14  73  87  18  67   3   0  77  23  95  96  47  69  11  83 
 96   9  94  12  92   7  32  50   5  44  24  74   7  94  31  56  66  97  34  41  85  39  33  24  38  19  75  11  26  43  51   5  59  60  94  35  59  18  45  67  67  69   0   8  56  87  16  10  20  54 
 54  61  84  58  41  29   4  82   7  25  94  77  82  89   2  43  86  27  19  52  37  95  65  80  68  32  37  69  58  90  96  47  80  12  35  99  75  54   1  83   9  93  46   0  80  84  44  41   4  64 
 34  85  99  64  28  89  29  28  27  11  63  17  97   1  35  64  23  43  69  19  22  94  96  83  46  66  40  55  60  24  56  61  99  12  75  99  85  19  38  67  26  75  84   6   0  47  78  29  88  96 
 29  44  97  24  71  87  67  46  72  77  44  81  42  17  22  42   5  23  21   6   7  64  85  18  26  87  97  83  30  16  76  77  46  81  31  42  81  91  46   9  32  47  87  35  51   0  87  58  72  57 
  4  94  45  88  58  45  96   9  49   4  47  39  73  58   3  64  19  55  76  79  32  47  14  42  33  71   7  49  80  92  93  19  85  71  40   4  45  55  62  67  93  15   4   6  60  88   0  38  24  22 
 34  81  50  67  52  63  75  38  52  24  46  56  92  12  52  54  62   4  75  25  91  75   7  50  22   3   8  43   6  42  19  31  54  53  76  85  64  29  93  69  51  51  56  23  15  38  69   0  29   7 
 48  76   4  51  31  49  81  85  84  83  76  98  66  73  16   8  99  11  12  62  51   9  82  18  45  36  56  96   2  75  41  12  33  11  53  79  17  61  83  27  82  67  77  58  24  67  71  92   0   7 
  2  70   1  50  55  43  29  70  32  64  77  75  15  84  18   8  77  24  50  32  67  63  55  99  99  56  37  64   3  68   3  15  36  79  75  60  68  46  37  35  57  84  50  68  13  45  20  66  40   0 
M1
  0  63  38   1  65  58  55  88  14  32  35  57  12  58  54  20  32   9   5  22  45  19  58  88  52  88  22  20  84  99  97  34  23  32   8  65  49  93  54  91   7  11  87  45  34  21  57  71  92  49 
 80   0  66  44  47   9  82  84  11  55  98  18   7  88   1  54  43  42  39  11  79  33  21  88  43  85  20   8  86  27  63  95  11  55  92  69   9  67  71  99  16  91  34  48  33  74  29  55  99  14 
 42  34   0  36  30  30  30  56  66  30  92   2  45  59  63  76  17   3  72  99  14  71  18  26  25  42  91  14  59  82   1  58  59  24  14   4  84  31  22  14  94  33  39  38  75  19   8  64  81  61 
 63  20  69   0  84  33  45  40  91  56  12  86  23  82  47  60  40  11  79   6  84  77  40  10  48  94  90  67  34  85  73   5  40  48  24  81  91  37  53  34  67  35  56  10  58  31  25  65   4  70 
 51  92  31  31   0  94  15  71  81   6  16  54   2  62  80  53  47  45  69  77  44  53  80  60  25  17  23  26  79  67  42  74  88  90  61  22  17  83  53  20  76  76  29  17  90  88  43  84  70  77 
 68  54  15  19  87   0  94  53  82  50  37  56  30  88  66  16  79  28  62  92  76  19  85  65   5  59  42  56  31  26   6  31  22  46  49  98  67  20   6  21  66   8  24  38  91  21  32  76  13  58 
 62  73  27  59  77  24   0  66   5  42  80  40  93  39  63  85  33  19  38  15  15  83  95  47  89  69  86  25  78  54  37  39  79  72  78  13  96  37  21  59  69  20  91  38  69   9   9  10   8  19 
  6  69  86  86  50   4  86   0   9  51  49   6  30  21  59  74   1  57  88  30  16  89  40  81   7  69  24  26  74  45  15  53  85  96  91  49  47  26   2  75  36  41  81  39  61  16  23  82  22  47 
 42  65  96  85  71  26  98  15   0  50  23  23   6   1   5   2   9  67   7  80  65  31   5  89  50  41  15  87   9  17  38  29  11  58  21  39  47  55  56  40  55  59  18  68  93  47  84  44  77  72 
  8  27  30  39  85   2  34  44  98   0  62  66  70  69  61  78  22  85  64   3  54  73  65  28  30   8  82  69  20  81  45  66  98  53  90  75  97  67   2  60  65  26  54  89  71  73  89  41  60  36 
 88  52  88  70  89  10  24  83  85  25   0  92  95  32  53  37  75  14  31  39  99  86  78  35  64  11  96  56  60  16  38  63  90  77  62  61  16  95  82  35  61  60   2  87  81  96  44  15   1  69 
 75  19  82  35   1  40  52  87   2  57  42   0  25  66  50  30  94  72  58  83  71   5  23   8  30  58  21  28  97  65  84  97  26  42  63   9  44  17  28  53  46  72  88  53   6  20  79   8  41  30 
 56  26  37  28  93  20  89  75  97  10  24  70   0  96  89  35  93  53  87  92  86  75  64  20  15  30  98  83  39  87  76  90  81  57  47  64  69  10  69  19   6  70  81  25  90  90  18  89  30  18 
 62  82  16  23  29  87  43  55  98   1  84  83  68   0  64  63  30  44  46  10  26   2  45  16  98   9  19  94  43  40  78  99  92  55   7  27  10  46  89  36  29  40  37  40  79  40  22   2  27  43 
 59  19  24  80  64   2  41  18   8  91  22  78  52  26   0  94  99  52  55  63  29  96  32   8  52   5  45  23  74  82  37  65  54  88  71  86  61  79  40  47  85   7  29  17  33  88  19  46  64  79 
 75  33  88  17   7   2  74  57  48  54  85  55  44  91  57   0  58   4  75  66  84  54  55  89  87  81  22  20   7   8  82   5  43  64  12  65  11  21  18  76  49  62  57  12  72   8  26  49  60  99 
 96  26  31  15  73  59  20  47  79  13  58  36  56  62  27  77   0   8  47  11  93  87  74   2  53  43  30   3  50  27  85  12  33  59  19  71  96  85  52  98  64  80  25  59  89  52  13  36  30   9 
  4  94  64  48  48  99  87  51  92  15  90  37  20  42  16  30  23   0  93  72  25  91  72  57  65  38  33  57  43   3  83  68  37  73  28  40  78  21  25   1  68  83   4  35  41   1  98  94  12  12 
 67  81  25  73  36  81  80   9  54  61   5  72  91  21   2  81  29  48   0  30  20  27   9  75  45  42   8  29   4  92  57  82  25  31  16  43  38  85  75  90   8  22  16  79  85  47  97  60  79  69 
 56  46  67  77  11  42  70  60  99  93  67  67   7  61   1  35  48  32  74   0  81  29  80  26  24  55  27  69  30  12   2  36  75  51  51  78   4  45  71  26  51   5  63  30  37  81  56   8  19  22 
 67  82   9  87  53  14  56   1  20  25  81  78  64  40  75   5  78  42  23  13   0  88  63   3  74  65  56  31  46  43  68  37   6  68  99  58  55  35  91  69  76  33  68  34   2  40  27  29   6  21 
 22  78  95   7  67   9  16  85  89  69  49  53  48  22  84  12  18  23  91  49  80   0  28  31  19  92  46  81  11  41  75  93  89  17  86  74   1  62  88  52  27  68  29  11  78  82  41  20  77  73 
 71  26   7  29  33  39  37  89  50  42  21  36  20  98  85  48  99  87  85  73  17  57   0  14  81  23  93  88  26   3  90  79  54  89  39  38  61  68  69  12  34  84  60  82  44  52  37  20  72  14 
  6   7  61  16  43  11  41  75  36  75  57  75  78  15  29  95  71  40  45  28  65  71  90   0  95  37  49  24  52  63  16  45  38  76  84  20  16  92  70  66  10  77  79  65  23  75  51  80  90  21 
 67  17  49  34  35  50  71  11  41  75  35  33  56  16   2  89  73  36  15  21   4  92  32  98   0  82  90  45  64  33  29  41  99  77  86  67  50  67  52  28  79  46  41  38  18  10  97  13  94  46 
 64  43  25  61  57  14  81   4  48  87  46  54  47  23  36  49  63  75  65   7   9   8  65  83  37   0  25  13  25  30  26  12  67   9  83  89  92  50  48  58  50  46   4  93  82  23  39  65  58  51 
 31  81  24   2  67  33  16  68  64   3  67  86   7  59  54  47  34  63  43  60  48  20  17  55  17  82   0  33  29  51  86  70  15  90  35  73  21  98  75  19  23  64  91  84  17  28  18  33  77  10 
 92  75  40  41  31  58  34  83  60  72  23  49  57  41  40  42  24  74  71  79  38  72  27  12  20  70  79   0  75  20  93   2  60  38  88  94  51  87  91  28  83  77  60  10  40  11   9  47  39   8 
 93  56  20  56  43  69  23  24  39  77  41  82  60  61  31  27   8  86  46  70  57  80  90  83  56  10   8  21   0  66  42  44  34  78  39  31  14  91  97  81  61  20  49  71  16  63  61  21  77   7 
 10  74  57  51  88  51  92  75  29  60  55  38  90  57  75  46  44  98  47  41  81   8  27  95  72  43  59  43  81   0  47  44  40  52  82  89  86  65  54  33  50  78  79  64  24  52   6  62  78  81 
 81  56  98  34  65  71  65  98  45  88  63  63  64  67  68  16  97  86  31  57  73  22  80  10  20  27   7  74  65  80   0  83  84  33  48  72  15  28  40  44  62  74  16  11  40  98  72   3  16  78 
 23  65  28  26  61  26  83  29  43  59  41  72  83  81  45  67  51  14  56  64  43  13  98   1  40  92  75  13  39  22  37   0  51  38  27  42  50  65  48  80  91  53  51  99  33  40  71  84  50   3 
 90  50   4   6  59   6  50  41  59  80  36  80   6  64  51  46  20   8  51  34  58  80  33  27  67  24  76  63  56   5  81  67   0   3  32  92  98  61   9  95   9  92  29  16  60  74  70  98  67  11 
 15  60   9  22  22  24  34  41  53  16   3  41  82  97   1  39  17  97  88  57  82  15  31  75  51  17   2  71  61  56  91  79  63   0  94  36  98  46  88  38  51  11  95  41  39  84  74  32   6  28 
 37  46   7  75  20  71  65   1  17  70  46  54  21  50  82  50  25  27  91  19   9  22  57  11  28  85   8  85  16  10  84  15  46  38   0  84  97  46  15  53  87  85  34  96  24  66  85  66  13  45 
 27  47  75  95  13  96  64  85   4  99  32  36  66  66  36  66  65  88  19  63  50  55  39  85  87  13  84  93  38   9  69  90   3  24  87   0  23  51  49  38  37  23  37  41  20  65  85  22   3  39 
 44  35  25  55  70  85  82  38  73  82  92  79  69  58  48  17  68   4  83   9  20  43  17  76  93  83  33  85  30  38  24   5  51  85  39  80   0   5  32  50   5  19  25  92  51  76  43  64  71   5 
 63  94  32   7  65  72  84  65  28  96  40  13  62  95  96  50   7  67  44  55  91  77  46  69  66  52  81  62   7  43  41  82  81  99  52  58  53   0  39  43  78  63  12  98  71   8  78  85  67  41 
 89  75  27   4  70  56  99  34  47  95  86  94  50   3  72  12  28  28  26  29   6  73  36  47  70  11  63  22   2  97  10  97  46  15  78  98  73  26   0  96  36  44  92   6  82  64  42  63  21  87 
 21  50   9  95  63  93  14  69  21  96  72  34  83  95  52  28  42  97  17  28  47   8  20  74  21  58  91  18  49  64  40  65  46  63  77  46  33  33   9   0  22  42  76  31  77  20  65  21  43  40 
 42  65  30  35  64  68  69  52   6  65  32  67   1  75  63  63  49  90  77  67  27   7  96  77  75  51  46   5  14  78  15  38  88  16  46  32  97  70  23  12   0  84  23  85  31  83   3  37  47  31 
 55  78   7  84  57  70  82  31  61  55  94  54  62  75  64  19  59  70  98  33  93  32  67  78  24  34  32  19  94  51  40  95  53  47  56  14  73  87  18  67   3   0  77  23  95  96  47  69  11  83 
 96   9  94  12  92   7  32  50   5  44  24  74   7  94  31  56  66  97  34  41  85  39  33  24  38  19  75  11  26  43  51   5  59  60  94  35  59  18  45  67  67  69   0   8  56  87  16  10  20  54 
 54  61  84  58  41  29   4  82   7  25  94  77  82  89   2  43  86  27  19  52  37  95  65  80  68  32  37  69  58  90  96  47  80  12  35  99  75  54   1  83   9  93  46   0  80  84  44  41   4  64 
 34  85  99  64  28  89  29  28  27  11  63  17  97   1  35  64  23  43  69  19  22  94  96  83  46  66  40  55  60  24  56  61  99  12  75  99  85  19  38  67  26  75  84   6   0  47  78  29  88  96 
 29  44  97  24  71  87  67  46  72  77  44  81  42  17  22  42   5  23  21   6   7  64  85  18  26  87  97  83  30  16  76  77  46  81  31  42  81  91  46   9  32  47  87  35  51   0  87  58  72  57 
  4  94  45  88  58  45  96   9  49   4  47  39  73  58   3  64  19  55  76  79  32  47  14  42  33  71   7  49  80  92  93  19  85  71  40   4  45  55  62  67  93  15   4   6  60  88   0  38  24  22 
 34  81  50  67  52  63  75  38  52  24  46  56  92  12  52  54  62   4  75  25  91  75   7  50  22   3   8  43   6  42  19  31  54  53  76  85  64  29  93  69  51  51  56  23  15  38  69   0  29   7 
 48  76   4  51  31  49  81  85  84  83  76  98  66  73  16   8  99  11  12  62  51   9  82  18  45  36  56  96   2  75  41  12  33  11  53  79  17  61  83  27  82  67  77  58  24  67  71  92   0   7 
  2  70   1  50  55  43  29  70  32  64  77  75  15  84  18   8  77  24  50  32  67  63  55  99  99  56  37  64   3  68   3  15  36  79  75  60  68  46  37  35  57  84  50  68  13  45  20  66  40   0 
M2
  0  63  38   1  65  58  55  88  14  32  35  57  12  58  54  20  32   9   5  22  45  19  58  88  52  88  22  20  84  99  97  34  23  32   8  65  49  93  54  91   7  11  87  45  34  21  57  71  92  49 
 80   0  66  44  47   9  82  84  11  55  98  18   7  88   1  54  43  42  39  11  79  33  21  88  43  85  20   8  86  27  63  95  11  55  92  69   9  67  71  99  16  91  34  48  33  74  29  55  99  14 
 42  34   0  36  30  30  30  56  66  30  92   2  45  59  63  76  17   3  72  99  14  71  18  26  25  42  91  14  59  82   1  58  59  24  14   4  84  31  22  14  94  33  39  38  75  19   8  64  81  61 
 63  20  69   0  84  33  45  40  91  56  12  86  23  82  47  60  40  11  79   6  84  77  40  10  48  94  90  67  34  85  73   5  40  48  24  81  91  37  53  34  67  35  56  10  58  31  25  65   4  70 
 51  92  31  31   0  94  15  71  81   6  16  54   2  62  80  53  47  45  69  77  44  53  80  60  25  17  23  26  79  67  42  74  88  90  61  22  17  83  53  20  76  76  29  17  90  88  43  84  70  77 
 68  54  15  19  87   0  94  53  82  50  37  56  30  88  66  16  79  28  62  92  76  19  85  65   5  59  42  56  31  26   6  31  22  46  49  98  67  20   6  21  66   8  24  38  91  21  32  76  13  58 
 62  73  27  59  77  24   0  66   5  42  80  40  93  39  63  85  33  19  38  15  15  83  95  47  89  69  86  25  78  54  37  39  79  72  78  13  96  37  21  59  69  20  91  38  69   9   9  10   8  19 
  6  69  86  86  50   4  86   0   9  51  49   6  30  21  59  74   1  57  88  30  16  89  40  81   7  69  24  26  74  45  15  53  85  96  91  49  47  26   2  75  36  41  81  39  61  16  23  82  22  47 
 42  65  96  85  71  26  98  15   0  50  23  23   6   1   5   2   9  67   7  80  65  31   5  89  50  41  15  87   9  17  38  29  11  58  21  39  47  55  56  40  55  59  18  68  93  47  84  44  77  72 
  8  27  30  39  85   2  34  44  98   0  62  66  70  69  61  78  22  85  64   3  54  73  65  28  30   8  82  69  20  81  45  66  98  53  90  75  97  67   2  60  65  26  54  89  71  73  89  41  60  36 
 88  52  88  70  89  10  24  83  85  25   0  92  95  32  53  37  75  14  31  39  99  86  78  35  64  11  96  56  60  16  38  63  90  77  62  61  16  95  82  35  61  60   2  87  81  96  44  15   1  69 
 75  19  82  35   1  40  52  87   2  57  42   0  25  66  50  30  94  72  58  83  71   5  23   8  30  58  21  28  97  65  84  97  26  42  63   9  44  17  28  53  46  72  88  53   6  20  79   8  41  30 
 56  26  37  28  93  20  89  75  97  10  24  70   0  96  89  35  93  53  87  92  86  75  64  20  15  30  98  83  39  87  76  90  81  57  47  64  69  10  69  19   6  70  81  25  90  90  18  89  30  18 
 62  82  16  23  29  87  43  55  98   1  84  83  68   0  64  63  30  44  46  10  26   2  45  16  98   9  19  94  43  40  78  99  92  55   7  27  10  46  89  36  29  40  37  40  79  40  22   2  27  43 
 59  19  24  80  64   2  41  18   8  91  22  78  52  26   0  94  99  52  55  63  29  96  32   8  52   5  45  23  74  82  37  65  54  88  71  86  61  79  40  47  85   7  29  17  33  88  19  46  64  79 
 75  33  88  17   7   2  74  57  48  54  85  55  44  91  57   0  58   4  75  66  84  54  55  89  87  81  22  20   7   8  82   5  43  64  12  65  11  21  18  76  49  62  57  12  72   8  26  49  60  99 
 96  26  31  15  73  59  20  47  79  13  58  36  56  62  27  77   0   8  47  11  93  87  74   2  53  43  30   3  50  27  85  12  33  59  19  71  96  85  52  98  64  80  25  59  89  52  13  36  30   9 
  4  94  64  48  48  99  87  51  92  15  90  37  20  42  16  30  23   0  93  72  25  91  72  57  65  38  33  57  43   3  83  68  37  73  28  40  78  21  25   1  68  83   4  35  41   1  98  94  12  12 
 67  81  25  73  36  81  80   9  54  61   5  72  91  21   2  81  29  48   0  30  20  27   9  75  45  42   8  29   4  92  57  82  25  31  16  43  38  85  75  90   8  22  16  79  85  47  97  60  79  69 
 56  46  67  77  11  42  70  60  99  93  67  67   7  61   1  35  48  32  74   0  81  29  80  26  24  55  27  69  30  12   2  36  75  51  51  78   4  45  71  26  51   5  63  30  37  81  56   8  19  22 
 67  82   9  87  53  14  56   1  20  25  81  78  64  40  75   5  78  42  23  13   0  88  63   3  74  65  56  31  46  43  68  37   6  68  99  58  55  35  91  69  76  33  68  34   2  40  27  29   6  21 
 22  78  95   7  67   9  16  85  89  69  49  53  48  22  84  12  18  23  91  49  80   0  28  31  19  92  46  81  11  41  75  93  89  17  86  74   1  62  88  52  27  68  29  11  78  82  41  20  77  73 
 71  26   7  29  33  39  37  89  50  42  21  36  20  98  85  48  99  87  85  73  17  57   0  14  81  23  93  88  26   3  90  79  54  89  39  38  61  68  69  12  34  84  60  82  44  52  37  20  72  14 
  6   7  61  16  43  11  41  75  36  75  57  75  78  15  29  95  71  40  45  28  65  71  90   0  95  37  49  24  52  63  16  45  38  76  84  20  16  92  70  66  10  77  79  65  23  75  51  80  90  21 
 67  17  49  34  35  50  71  11  41  75  35  33  56  16   2  89  73  36  15  21   4  92  32  98   0  82  90  45  64  33  29  41  99  77  86  67  50  67  52  28  79  46  41  38  18  10  97  13  94  46 
 64  43  25  61  57  14  81   4  48  87  46  54  47  23  36  49  63  75  65   7   9   8  65  83  37   0  25  13  25  30  26  12  67   9  83  89  92  50  48  58  50  46   4  93  82  23  39  65  58  51 
 31  81  24   2  67  33  16  68  64   3  67  86   7  59  54  47  34  63  43  60  48  20  17  55  17  82   0  33  29  51  86  70  15  90  35  73  21  98  75  19  23  64  91  84  17  28  18  33  77  10 
 92  75  40  41  31  58  34  83  60  72  23  49  57  41  40  42  24  74  71  79  38  72  27  12  20  70  79   0  75  20  93   2  60  38  88  94  51  87  91  28  83  77  60  10  40  11   9  47  39   8 
 93  56  20  56  43  69  23  24  39  77  41  82  60  61  31  27   8  86  46  70  57  80  90  83  56  10   8  21   0  66  42  44  34  78  39  31  14  91  97  81  61  20  49  71  16  63  61  21  77   7 
 10  74  57  51  88  51  92  75  29  60  55  38  90  57  75  46  44  98  47  41  81   8  27  95  72  43  59  43  81   0  47  44  40  52  82  89  86  65  54  33  50  78  79  64  24  52   6  62  78  81 
 81  56  98  34  65  71  65  98  45  88  63  63  64  67  68  16  97  86  31  57  73  22  80  10  20  27   7  74  65  80   0  83  84  33  48  72  15  28  40  44  62  74  16  11  40  98  72   3  16  78 
 23  65  28  26  61  26  83  29  43  59  41  72  83  81  45  67  51  14  56  64  43  13  98   1  40  92  75  13  39  22  37   0  51  38  27  42  50  65  48  80  91  53  51  99  33  40  71  84  50   3 
 90  50   4   6  59   6  50  41  59  80  36  80   6  64  51  46  20   8  51  34  58  80  33  27  67  24  76  63  56   5  81  67   0   3  32  92  98  61   9  95   9  92  29  16  60  74  70  98  67  11 
 15  60   9  22  22  24  34  41  53  16   3  41  82  97   1  39  17  97  88  57  82  15  31  75  51  17   2  71  61  56  91  79  63   0  94  36  98  46  88  38  51  11  95  41  39  84  74  32   6  28 
 37  46   7  75  20  71  65   1  17  70  46  54  21  50  82  50  25  27  91  19   9  22  57  11  28  85   8  85  16  10  84  15  46  38   0  84  97  46  15  53  87  85  34  96  24  66  85  66  13  45 
 27  47  75  95  13  96  64  85   4  99  32  36  66  66  36  66  65  88  19  63  50  55  39  85  87  13  84  93  38   9  69  90   3  24  87   0  23  51  49  38  37  23  37  41  20  65  85  22   3  39 
 44  35  25  55  70  85  82  38  73  82  92  79  69  58  48  17  68   4  83   9  20  43  17  76  93  83  33  85  30  38  24   5  51  85  39  80   0   5  32  50   5  19  25  92  51  76  43  64  71   5 
 63  94  32   7  65  72  84  65  28  96  40  13  62  95  96  50   7  67  44  55  91  77  46  69  66  52  81  62   7  43  41  82  81  99  52  58  53   0  39  43  78  63  12  98  71   8  78  85  67  41 
 89  75  27   4  70  56  99  34  47  95  86  94  50   3  72  12  28  28  26  29   6  73  36  47  70  11  63  22   2  97  10  97  46  15  78  98  73  26   0  96  36  44  92   6  82  64  42  63  21  87 
 21  50   9  95  63  93  14  69  21  96  72  34  83  95  52  28  42  97  17  28  47   8  20  74  21  58  91  18  49  64  40  65  46  63  77  46  33  33   9   0  22  42  76  31  77  20  65  21  43  40 
 42  65  30  35  64  68  69  52   6  65  32  67   1  75  63  63  49  90  77  67  27   7  96  77  75  51  46   5  14  78  15  38  88  16  46  32  97  70  23  12   0  84  23  85  31  83   3  37  47  31 
 55  78   7  84  57  70  82  31  61  55  94  54  62  75  64  19  59  70  98  33  93  32  67  78  24  34  32  19  94  51  40  95  53  47  56  14  73  87  18  67   3   0  77  23  95  96  47  69  11  83 
 96   9  94  12  92   7  32  50   5  44  24  74   7  94  31  56  66  97  34  41  85  39  33  24  38  19  75  11  26  43  51   5  59  60  94  35  59  18  45  67  67  69   0   8  56  87  16  10  20  54 
 54  61  84  58  41  29   4  82   7  25  94  77  82  89   2  43  86  27  19  52  37  95  65  80  68  32  37  69  58  90  96  47  80  12  35  99  75  54   1  83   9  93  46   0  80  84  44  41   4  64 
 34  85  99  64  28  89  29  28  27  11  63  17  97   1  35  64  23  43  69  19  22  94  96  83  46  66  40  55  60  24  56  61  99  12  75  99  85  19  38  67  26  75  84   6   0  47  78  29  88  96 
 29  44  97  24  71  87  67  46  72  77  44  81  42  17  22  42   5  23  21   6   7  64  85  18  26  87  97  83  30  16  76  77  46  81  31  42  81  91  46   9  32  47  87  35  51   0  87  58  72  57 
  4  94  45  88  58  45  96   9  49   4  47  39  73  58   3  64  19  55  76  79  32  47  14  42  33  71   7  49  80  92  93  19  85  71  40   4  45  55  62  67  93  15   4   6  60  88   0  38  24  22 
 34  81  50  67  52  63  75  38  52  24  46  56  92  12  52  54  62   4  75  25  91  75   7  50  22   3   8  43   6  42  19  31  54  53  76  85  64  29  93  69  51  51  56  23  15  38  69   0  29   7 
 48  76   4  51  31  49  81  85  84  83  76  98  66  73  16   8  99  11  12  62  51   9  82  18  45  36  56  96   2  75  41  12  33  11  53  79  17  61  83  27  82  67  77  58  24  67  71  92   0   7 
  2  70   1  50  55  43  29  70  32  64  77  75  15  84  18   8  77  24  50  32  67  63  55  99  99  56  37  64   3  68   3  15  36  79  75  60  68  46  37  35  57  84  50  68  13  45  20  66  40   0 
M3
  0  63  38   1  65  58  55  88  14  32  35  57  12  58  54  20  32   9   5  22  45  19  58  88  52  88  22  20  84  99  97  34  23  32   8  65  49  93  54  91   7  11  87  45  34  21  57  71  92  49 
 80   0  66  44  47   9  82  84  11  55  98  18   7  88   1  54  43  42  39  11  79  33  21  88  43  85  20   8  86  27  63  95  11  55  92  69   9  67  71  99  16  91  34  48  33  74  29  55  99  14 
 42  34   0  36  30  30  30  56  66  30  92   2  45  59  63  76  17   3  72  99  14  71  18  26  25  42  91  14  59  82   1  58  59  24  14   4  84  31  22  14  94  33  39  38  75  19   8  64  81  61 
 63  20  69   0  84  33  45  40  91  56  12  86  23  82  47  60  40  11  79   6  84  77  40  10  48  94  90  67  34  85  73   5  40  48  24  81  91  37  53  34  67  35  56  10  58  31  25  65   4  70 
 51  92  31  31   0  94  15  71  81   6  16  54   2  62  80  53  47  45  69  77  44  53  80  60  25  17  23  26  79  67  42  74  88  90  61  22  17  83  53  20  76  76  29  17  90  88  43  84  70  77 
 68  54  15  19  87   0  94  53  82  50  37  56  30  88  66  16  79  28  62  92  76  19  85  65   5  59  42  56  31  26   6  31  22  46  49  98  67  20   6  21  66   8  24  38  91  21  32  76  13  58 
 62  73  27  59  77  24   0  66   5  42  80  40  93  39  63  85  33  19  38  15  15  83  95  47  89  69  86  25  78  54  37  39  79  72  78  13  96  37  21  59  69  20  91  38  69   9   9  10   8  19 
  6  69  86  86  50   4  86   0   9  51  49   6  30  21  59  74   1  57  88  30  16  89  40  81   7  69  24  26  74  45  15  53  85  96  91  49  47  26   2  75  36  41  81  39  61  16  23  82  22  47 
 42  65  96  85  71  26  98  15   0  50  23  23   6   1   5   2   9  67   7  80  65  31   5  89  50  41  15  87   9  17  38  29  11  58  21  39  47  55  56  40  55  59  18  68  93  47  84  44  77  72 
  8  27  30  39  85   2  34  44  98   0  62  66  70  69  61  78  22  85  64   3  54  73  65  28  30   8  82  69  20  81  45  66  98  53  90  75  97  67   2  60  65  26  54  89  71  73  89  41  60  36 
 88  52  88  70  89  10  24  83  85  25   0  92  95  32  53  37  75  14  31  39  99  86  78  35  64  11  96  56  60  16  38  63  90  77  62  61  16  95  82  35  61  60   2  87  81  96  44  15   1  69 
 75  19  82  35   1  40  52  87   2  57  42   0  25  66  50  30  94  72  58  83  71   5  23   8  30  58  21  28  97  65  84  97  26  42  63   9  44  17  28  53  46  72  88  53   6  20  79   8  41  30 
 56  26  37  28  93  20  89  75  97  10  24  70   0  96  89  35  93  53  87  92  86  75  64  20  15  30  98  83  39  87  76  90  81  57  47  64  69  10  69  19   6  70  81  25  90  90  18  89  30  18 
 62  82  16  23  29  87  43  55  98   1  84  83  68   0  64  63  30  44  46  10  26   2  45  16  98   9  19  94  43  40  78  99  92  55   7  27  10  46  89  36  29  40  37  40  79  40  22   2  27  43 
 59  19  24  80  64   2  41  18   8  91  22  78  52  26   0  94  99  52  55  63  29  96  32   8  52   5  45  23  74  82  37  65  54  88  71  86  61  79  40  47  85   7  29  17  33  88  19  46  64  79 
 75  33  88  17   7   2  74  57  48  54  85  55  44  91  57   0  58   4  75  66  84  54  55  89  87  81  22  20   7   8  82   5  43  64  12  65  11  21  18  76  49  62  57  12  72   8  26  49  60  99 
 96  26  31  15  73  59  20  47  79  13  58  36  56  62  27  77   0   8  47  11  93  87  74   2  53  43  30   3  50  27  85  12  33  59  19  71  96  85  52  98  64  80  25  59  89  52  13  36  30   9 
  4  94  64  48  48  99  87  51  92  15  90  37  20  42  16  30  23   0  93  72  25  91  72  57  65  38  33  57  43   3  83  68  37  73  28  40  78  21  25   1  68  83   4  35  41   1  98  94  12  12 
 67  81  25  73  36  81  80   9  54  61   5  72  91  21   2  81  29  48   0  30  20  27   9  75  45  42   8  29   4  92  57  82  25  31  16  43  38  85  75  90   8  22  16  79  85  47  97  60  79  69 
 56  46  67  77  11  42  70  60  99  93  67  67   7  61   1  35  48  32  74   0  81  29  80  26  24  55  27  69  30  12   2  36  75  51  51  78   4  45  71  26  51   5  63  30  37  81  56   8  19  22 
 67  82   9  87  53  14  56   1  20  25  81  78  64  40  75   5  78  42  23  13   0  88  63   3  74  65  56  31  46  43  68  37   6  68  99  58  55  35  91  69  76  33  68  34   2  40  27  29   6  21 
 22  78  95   7  67   9  16  85  89  69  49  53  48  22  84  12  18  23  91  49  80   0  28  31  19  92  46  81  11  41  75  93  89  17  86  74   1  62  88  52  27  68  29  11  78  82  41  20  77  73 
 71  26   7  29  33  39  37  89  50  42  21  36  20  98  85  48  99  87  85  73  17  57   0  14  81  23  93  88  26   3  90  79  54  89  39  38  61  68  69  12  34  84  60  82  44  52  37  20  72  14 
  6   7  61  16  43  11  41  75  36  75  57  75  78  15  29  95  71  40  45  28  65  71  90   0  95  37  49  24  52  63  16  45  38  76  84  20  16  92  70  66  10  77  79  65  23  75  51  80  90  21 
 67  17  49  34  35  50  71  11  41  75  35  33  56  16   2  89  73  36  15  21   4  92  32  98   0  82  90  45  64  33  29  41  99  77  86  67  50  67  52  28  79  46  41  38  18  10  97  13  94  46 
 64  43  25  61  57  14  81   4  48  87  46  54  47  23  36  49  63  75  65   7   9   8  65  83  37   0  25  13  25  30  26  12  67   9  83  89  92  50  48  58  50  46   4  93  82  23  39  65  58  51 
 31  81  24   2  67  33  16  68  64   3  67  86   7  59  54  47  34  63  43  60  48  20  17  55  17  82   0  33  29  51  86  70  15  90  35  73  21  98  75  19  23  64  91  84  17  28  18  33  77  10 
 92  75  40  41  31  58  34  83  60  72  23  49  57  41  40  42  24  74  71  79  38  72  27  12  20  70  79   0  75  20  93   2  60  38  88  94  51  87  91  28  83  77  60  10  40  11   9  47  39   8 
 93  56  20  56  43  69  23  24  39  77  41  82  60  61  31  27   8  86  46  70  57  80  90  83  56  10   8  21   0  66  42  44  34  78  39  31  14  91  97  81  61  20  49  71  16  63  61  21  77   7 
 10  74  57  51  88  51  92  75  29  60  55  38  90  57  75  46  44  98  47  41  81   8  27  95  72  43  59  43  81   0  47  44  40  52  82  89  86  65  54  33  50  78  79  64  24  52   6  62  78  81 
 81  56  98  34  65  71  65  98  45  88  63  63  64  67  68  16  97  86  31  57  73  22  80  10  20  27   7  74  65  80   0  83  84  33  48  72  15  28  40  44  62  74  16  11  40  98  72   3  16  78 
 23  65  28  26  61  26  83  29  43  59  41  72  83  81  45  67  51  14  56  64  43  13  98   1  40  92  75  13  39  22  37   0  51  38  27  42  50  65  48  80  91  53  51  99  33  40  71  84  50   3 
 90  50   4   6  59   6  50  41  59  80  36  80   6  64  51  46  20   8  51  34  58  80  33  27  67  24  76  63  56   5  81  67   0   3  32  92  98  61   9  95   9  92  29  16  60  74  70  98  67  11 
 15  60   9  22  22  24  34  41  53  16   3  41  82  97   1  39  17  97  88  57  82  15  31  75  51  17   2  71  61  56  91  79  63   0  94  36  98  46  88  38  51  11  95  41  39  84  74  32   6  28 
 37  46   7  75  20  71  65   1  17  70  46  54  21  50  82  50  25  27  91  19   9  22  57  11  28  85   8  85  16  10  84  15  46  38   0  84  97  46  15  53  87  85  34  96  24  66  85  66  13  45 
 27  47  75  95  13  96  64  85   4  99  32  36  66  66  36  66  65  88  19  63  50  55  39  85  87  13  84  93  38   9  69  90   3  24  87   0  23  51  49  38  37  23  37  41  20  65  85  22   3  39 
 44  35  25  55  70  85  82  38  73  82  92  79  69  58  48  17  68   4  83   9  20  43  17  76  93  83  33  85  30  38  24   5  51  85  39  80   0   5  32  50   5  19  25  92  51  76  43  64  71   5 
 63  94  32   7  65  72  84  65  28  96  40  13  62  95  96  50   7  67  44  55  91  77  46  69  66  52  81  62   7  43  41  82  81  99  52  58  53   0  39  43  78  63  12  98  71   8  78  85  67  41 
 89  75  27   4  70  56  99  34  47  95  86  94  50   3  72  12  28  28  26  29   6  73  36  47  70  11  63  22   2  97  10  97  46  15  78  98  73  26   0  96  36  44  92   6  82  64  42  63  21  87 
 21  50   9  95  63  93  14  69  21  96  72  34  83  95  52  28  42  97  17  28  47   8  20  74  21  58  91  18  49  64  40  65  46  63  77  46  33  33   9   0  22  42  76  31  77  20  65  21  43  40 
 42  65  30  35  64  68  69  52   6  65  32  67   1  75  63  63  49  90  77  67  27   7  96  77  75  51  46   5  14  78  15  38  88  16  46  32  97  70  23  12   0  84  23  85  31  83   3  37  47  31 
 55  78   7  84  57  70  82  31  61  55  94  54  62  75  64  19  59  70  98  33  93  32  67  78  24  34  32  19  94  51  40  95  53  47  56  14  73  87  18  67   3   0  77  23  95  96  47  69  11  83 
 96   9  94  12  92   7  32  50   5  44  24  74   7  94  31  56  66  97  34  41  85  39  33  24  38  19  75  11  26  43  51   5  59  60  94  35  59  18  45  67  67  69   0   8  56  87  16  10  20  54 
 54  61  84  58  41  29   4  82   7  25  94  77  82  89   2  43  86  27  19  52  37  95  65  80  68  32  37  69  58  90  96  47  80  12  35  99  75  54   1  83   9  93  46   0  80  84  44  41   4  64 
 34  85  99  64  28  89  29  28  27  11  63  17  97   1  35  64  23  43  69  19  22  94  96  83  46  66  40  55  60  24  56  61  99  12  75  99  85  19  38  67  26  75  84   6   0  47  78  29  88  96 
 29  44  97  24  71  87  67  46  72  77  44  81  42  17  22  42   5  23  21   6   7  64  85  18  26  87  97  83  30  16  76  77  46  81  31  42  81  91  46   9  32  47  87  35  51   0  87  58  72  57 
  4  94  45  88  58  45  96   9  49   4  47  39  73  58   3  64  19  55  76  79  32  47  14  42  33  71   7  49  80  92  93  19  85  71  40   4  45  55  62  67  93  15   4   6  60  88   0  38  24  22 
 34  81  50  67  52  63  75  38  52  24  46  56  92  12  52  54  62   4  75  25  91  75   7  50  22   3   8  43   6  42  19  31  54  53  76  85  64  29  93  69  51  51  56  23  15  38  69   0  29   7 
 48  76   4  51  31  49  81  85  84  83  76  98  66  73  16   8  99  11  12  62  51   9  82  18  45  36  56  96   2  75  41  12  33  11  53  79  17  61  83  27  82  67  77  58  24  67  71  92   0   7 
  2  70   1  50  55  43  29  70  32  64  77  75  15  84  18   8  77  24  50  32  67  63  55  99  99  56  37  64   3  68   3  15  36  79  75  60  68  46  37  35  57  84  50  68  13  45  20  66  40   0 
M4
  0  63  38   1  65  58  55  88  14  32  35  57  12  58  54  20  32   9   5  22  45  19  58  88  52  88  22  20  84  99  97  34  23  32   8  65  49  93  54  91   7  11  87  45  34  21  57  71  92  49 
 80   0  66  44  47   9  82  84  11  55  98  18   7  88   1  54  43  42  39  11  79  33  21  88  43  85  20   8  86  27  63  95  11  55  92  69   9  67  71  99  16  91  34  48  33  74  29  55  99  14 
 42  34   0  36  30  30  30  56  66  30  92   2  45  59  63  76  17   3  72  99  14  71  18  26  25  42  91  14  59  82   1  58  59  24  14   4  84  31  22  14  94  33  39  38  75  19   8  64  81  61 
 63  20  69   0  84  33  45  40  91  56  12  86  23  82  47  60  40  11  79   6  84  77  40  10  48  94  90  67  34  85  73   5  40  48  24  81  91  37  53  34  67  35  56  10  58  31  25  65   4  70 
 51  92  31  31   0  94  15  71  81   6  16  54   2  62  80  53  47  45  69  77  44  53  80  60  25  17  23  26  79  67  42  74  88  90  61  22  17  83  53  20  76  76  29  17  90  88  43  84  70  77 
 68  54  15  19  87   0  94  53  82  50  37  56  30  88  66  16  79  28  62  92  76  19  85  65   5  59  42  56  31  26   6  31  22  46  49  98  67  20   6  21  66   8  24  38  91  21  32  76  13  58 
 62  73  27  59  77  24   0  66   5  42  80  40  93  39  63  85  33  19  38  15  15  83  95  47  89  69  86  25  78  54  37  39  79  72  78  13  96  37  21  59  69  20  91  38  69   9   9  10   8  19 
  6  69  86  86  50   4  86   0   9  51  49   6  30  21  59  74   1  57  88  30  16  89  40  81   7  69  24  26  74  45  15  53  85  96  91  49  47  26   2  75  36  41  81  39  61  16  23  82  22  47 
 42  65  96  85  71  26  98  15   0  50  23  23   6   1   5   2   9  67   7  80  65  31   5  89  50  41  15  87   9  17  38  29  11  58  21  39  47  55  56  40  55  59  18  68  93  47  84  44  77  72 
  8  27  30  39  85   2  34  44  98   0  62  66  70  69  61  78  22  85  64   3  54  73  65  28  30   8  82  69  20  81  45  66  98  53  90  75  97  67   2  60  65  26  54  89  71  73  89  41  60  36 
 88  52  88  70  89  10  24  83  85  25   0  92  95  32  53  37  75  14  31  39  99  86  78  35  64  11  96  56  60  16  38  63  90  77  62  61  16  95  82  35  61  60   2  87  81  96  44  15   1  69 
 75  19  82  35   1  40  52  87   2  57  42   0  25  66  50  30  94  72  58  83  71   5  23   8  30  58  21  28  97  65  84  97  26  42  63   9  44  17  28  53  46  72  88  53   6  20  79   8  41  30 
 56  26  37  28  93  20  89  75  97  10  24  70   0  96  89  35  93  53  87  92  86  75  64  20  15  30  98  83  39  87  76  90  81  57  47  64  69  10  69  19   6  70  81  25  90  90  18  89  30  18 
 62  82  16  23  29  87  43  55  98   1  84  83  68   0  64  63  30  44  46  10  26   2  45  16  98   9  19  94  43  40  78  99  92  55   7  27  10  46  89  36  29  40  37  40  79  40  22   2  27  43 
 59  19  24  80  64   2  41  18   8  91  22  78  52  26   0  94  99  52  55  63  29  96  32   8  52   5  45  23  74  82  37  65  54  88  71  86  61  79  40  47  85   7  29  17  33  88  19  46  64  79 
 75  33  88  17   7   2  74  57  48  54  85  55  44  91  57   0  58   4  75  66  84  54  55  89  87  81  22  20   7   8  82   5  43  64  12  65  11  21  18  76  49  62  57  12  72   8  26  49  60  99 
 96  26  31  15  73  59  20  47  79  13  58  36  56  62  27  77   0   8  47  11  93  87  74   2  53  43  30   3  50  27  85  12  33  59  19  71  96  85  52  98  64  80  25  59  89  52  13  36  30   9 
  4  94  64  48  48  99  87  51  92  15  90  37  20  42  16  30  23   0  93  72  25  91  72  57  65  38  33  57  43   3  83  68  37  73  28  40  78  21  25   1  68  83   4  35  41   1  98  94  12  12 
 67  81  25  73  36  81  80   9  54  61   5  72  91  21   2  81  29  48   0  30  20  27   9  75  45  42   8  29   4  92  57  82  25  31  16  43  38  85  75  90   8  22  16  79  85  47  97  60  79  69 
 56  46  67  77  11  42  70  60  99  93  67  67   7  61   1  35  48  32  74   0  81  29  80  26  24  55  27  69  30  12   2  36  75  51  51  78   4  45  71  26  51   5  63  30  37  81  56   8  19  22 
 67  82   9  87  53  14  56   1  20  25  81  78  64  40  75   5  78  42  23  13   0  88  63   3  74  65  56  31  46  43  68  37   6  68  99  58  55  35  91  69  76  33  68  34   2  40  27  29   6  21 
 22  78  95   7  67   9  16  85  89  69  49  53  48  22  84  12  18  23  91  49  80   0  28  31  19  92  46  81  11  41  75  93  89  17  86  74   1  62  88  52  27  68  29  11  78  82  41  20  77  73 
 71  26   7  29  33  39  37  89  50  42  21  36  20  98  85  48  99  87  85  73  17  57   0  14  81  23  93  88  26   3  90  79  54  89  39  38  61  68  69  12  34  84  60  82  44  52  37  20  72  14 
  6   7  61  16  43  11  41  75  36  75  57  75  78  15  29  95  71  40  45  28  65  71  90   0  95  37  49  24  52  63  16  45  38  76  84  20  16  92  70  66  10  77  79  65  23  75  51  80  90  21 
 67  17  49  34  35  50  71  11  41  75  35  33  56  16   2  89  73  36  15  21   4  92  32  98   0  82  90  45  64  33  29  41  99  77  86  67  50  67  52  28  79  46  41  38  18  10  97  13  94  46 
 64  43  25  61  57  14  81   4  48  87  46  54  47  23  36  49  63  75  65   7   9   8  65  83  37   0  25  13  25  30  26  12  67   9  83  89  92  50  48  58  50  46   4  93  82  23  39  65  58  51 
 31  81  24   2  67  33  16  68  64   3  67  86   7  59  54  47  34  63  43  60  48  20  17  55  17  82   0  33  29  51  86  70  15  90  35  73  21  98  75  19  23  64  91  84  17  28  18  33  77  10 
 92  75  40  41  31  58  34  83  60  72  23  49  57  41  40  42  24  74  71  79  38  72  27  12  20  70  79   0  75  20  93   2  60  38  88  94  51  87  91  28  83  77  60  10  40  11   9  47  39   8 
 93  56  20  56  43  69  23  24  39  77  41  82  60  61  31  27   8  86  46  70  57  80  90  83  56  10   8  21   0  66  42  44  34  78  39  31  14  91  97  81  61  20  49  71  16  63  61  21  77   7 
 10  74  57  51  88  51  92  75  29  60  55  38  90  57  75  46  44  98  47  41  81   8  27  95  72  43  59  43  81   0  47  44  40  52  82  89  86  65  54  33  50  78  79  64  24  52   6  62  78  81 
 81  56  98  34  65  71  65  98  45  88  63  63  64  67  68  16  97  86  31  57  73  22  80  10  20  27   7  74  65  80   0  83  84  33  48  72  15  28  40  44  62  74  16  11  40  98  72   3  16  78 
 23  65  28  26  61  26  83  29  43  59  41  72  83  81  45  67  51  14  56  64  43  13  98   1  40  92  75  13  39  22  37   0  51  38  27  42  50  65  48  80  91  53  51  99  33  40  71  84  50   3 
 90  50   4   6  59   6  50  41  59  80  36  80   6  64  51  46  20   8  51  34  58  80  33  27  67  24  76  63  56   5  81  67   0   3  32  92  98  61   9  95   9  92  29  16  60  74  70  98  67  11 
 15  60   9  22  22  24  34  41  53  16   3  41  82  97   1  39  17  97  88  57  82  15  31  75  51  17   2  71  61  56  91  79  63   0  94  36  98  46  88  38  51  11  95  41  39  84  74  32   6  28 
 37  46   7  75  20  71  65   1  17  70  46  54  21  50  82  50  25  27  91  19   9  22  57  11  28  85   8  85  16  10  84  15  46  38   0  84  97  46  15  53  87  85  34  96  24  66  85  66  13  45 
 27  47  75  95  13  96  64  85   4  99  32  36  66  66  36  66  65  88  19  63  50  55  39  85  87  13  84  93  38   9  69  90   3  24  87   0  23  51  49  38  37  23  37  41  20  65  85  22   3  39 
 44  35  25  55  70  85  82  38  73  82  92  79  69  58  48  17  68   4  83   9  20  43  17  76  93  83  33  85  30  38  24   5  51  85  39  80   0   5  32  50   5  19  25  92  51  76  43  64  71   5 
 63  94  32   7  65  72  84  65  28  96  40  13  62  95  96  50   7  67  44  55  91  77  46  69  66  52  81  62   7  43  41  82  81  99  52  58  53   0  39  43  78  63  12  98  71   8  78  85  67  41 
 89  75  27   4  70  56  99  34  47  95  86  94  50   3  72  12  28  28  26  29   6  73  36  47  70  11  63  22   2  97  10  97  46  15  78  98  73  26   0  96  36  44  92   6  82  64  42  63  21  87 
 21  50   9  95  63  93  14  69  21  96  72  34  83  95  52  28  42  97  17  28  47   8  20  74  21  58  91  18  49  64  40  65  46  63  77  46  33  33   9   0  22  42  76  31  77  20  65  21  43  40 
 42  65  30  35  64  68  69  52   6  65  32  67   1  75  63  63  49  90  77  67  27   7  96  77  75  51  46   5  14  78  15  38  88  16  46  32  97  70  23  12   0  84  23  85  31  83   3  37  47  31 
 55  78   7  84  57  70  82  31  61  55  94  54  62  75  64  19  59  70  98  33  93  32  67  78  24  34  32  19  94  51  40  95  53  47  56  14  73  87  18  67   3   0  77  23  95  96  47  69  11  83 
 96   9  94  12  92   7  32  50   5  44  24  74   7  94  31  56  66  97  34  41  85  39  33  24  38  19  75  11  26  43  51   5  59  60  94  35  59  18  45  67  67  69   0   8  56  87  16  10  20  54 
 54  61  84  58  41  29   4  82   7  25  94  77  82  89   2  43  86  27  19  52  37  95  65  80  68  32  37  69  58  90  96  47  80  12  35  99  75  54   1  83   9  93  46   0  80  84  44  41   4  64 
 34  85  99  64  28  89  29  28  27  11  63  17  97   1  35  64  23  43  69  19  22  94  96  83  46  66  40  55  60  24  56  61  99  12  75  99  85  19  38  67  26  75  84   6   0  47  78  29  88  96 
 29  44  97  24  71  87  67  46  72  77  44  81  42  17  22  42   5  23  21   6   7  64  85  18  26  87  97  83  30  16  76  77  46  81  31  42  81  91  46   9  32  47  87  35  51   0  87  58  72  57 
  4  94  45  88  58  45  96   9  49   4  47  39  73  58   3  64  19  55  76  79  32  47  14  42  33  71   7  49  80  92  93  19  85  71  40   4  45  55  62  67  93  15   4   6  60  88   0  38  24  22 
 34  81  50  67  52  63  75  38  52  24  46  56  92  12  52  54  62   4  75  25  91  75   7  50  22   3   8  43   6  42  19  31  54  53  76  85  64  29  93  69  51  51  56  23  15  38  69   0  29   7 
 48  76   4  51  31  49  81  85  84  83  76  98  66  73  16   8  99  11  12  62  51   9  82  18  45  36  56  96   2  75  41  12  33  11  53  79  17  61  83  27  82  67  77  58  24  67  71  92   0   7 
  2  70   1  50  55  43  29  70  32  64  77  75  15  84  18   8  77  24  50  32  67  63  55  99  99  56  37  64   3  68   3  15  36  79  75  60  68  46  37  35  57  84  50  68  13  45  20  66  40   0 
M5
  0  63  38   1  65  58  55  88  14  32  35  57  12  58  54  20  32   9   5  22  45  19  58  88  52  88  22  20  84  99  97  34  23  32   8  65  49  93  54  91   7  11  87  45  34  21  57  71  92  49 
 80   0  66  44  47   9  82  84  11  55  98  18   7  88   1  54  43  42  39  11  79  33  21  88  43  85  20   8  86  27  63  95  11  55  92  69   9  67  71  99  16  91  34  48  33  74  29  55  99  14 
 42  34   0  36  30  30  30  56  66  30  92   2  45  59  63  76  17   3  72  99  14  71  18  26  25  42  91  14  59  82   1  58  59  24  14   4  84  31  22  14  94  33  39  38  75  19   8  64  81  61 
 63  20  69   0  84  33  45  40  91  56  12  86  23  82  47  60  40  11  79   6  84  77  40  10  48  94  90  67  34  85  73   5  40  48  24  81  91  37  53  34  67  35  56  10  58  31  25  65   4  70 
 51  92  31  31   0  94  15  71  81   6  16  54   2  62  80  53  47  45  69  77  44  53  80  60  25  17  23  26  79  67  42  74  88  90  61  22  17  83  53  20  76  76  29  17  90  88  43  84  70  77 
 68  54  15  19  87   0  94  53  82  50  37  56  30  88  66  16  79  28  62  92  76  19  85  65   5  59  42  56  31  26   6  31  22  46  49  98  67  20   6  21  66   8  24  38  91  21  32  76  13  58 
 62  73  27  59  77  24   0  66   5  42  80  40  93  39  63  85  33  19  38  15  15  83  95  47  89  69  86  25  78  54  37  39  79  72  78  13  96  37  21  59  69  20  91  38  69   9   9  10   8  19 
  6  69  86  86  50   4  86   0   9  51  49   6  30  21  59  74   1  57  88  30  16  89  40  81   7  69  24  26  74  45  15  53  85  96  91  49  47  26   2  75  36  41  81  39  61  16  23  82  22  47 
 42  65  96  85  71  26  98  15   0  50  23  23   6   1   5   2   9  67   7  80  65  31   5  89  50  41  15  87   9  17  38  29  11  58  21  39  47  55  56  40  55  59  18  68  93  47  84  44  77  72 
  8  27  30  39  85   2  34  44  98   0  62  66  70  69  61  78  22  85  64   3  54  73  65  28  30   8  82  69  20  81  45  66  98  53  90  75  97  67   2  60  65  26  54  89  71  73  89  41  60  36 
 88  52  88  70  89  10  24  83  85  25   0  92  95  32  53  37  75  14  31  39  99  86  78  35  64  11  96  56  60  16  38  63  90  77  62  61  16  95  82  35  61  60   2  87  81  96  44  15   1  69 
 75  19  82  35   1  40  52  87   2  57  42   0  25  66  50  30  94  72  58  83  71   5  23   8  30  58  21  28  97  65  84  97  26  42  63   9  44  17  28  53  46  72  88  53   6  20  79   8  41  30 
 56  26  37  28  93  20  89  75  97  10  24  70   0  96  89  35  93  53  87  92  86  75  64  20  15  30  98  83  39  87  76  90  81  57  47  64  69  10  69  19   6  70  81  25  90  90  18  89  30  18 
 62  82  16  23  29  87  43  55  98   1  84  83  68   0  64  63  30  44  46  10  26   2  45  16  98   9  19  94  43  40  78  99  92  55   7  27  10  46  89  36  29  40  37  40  79  40  22   2  27  43 
 59  19  24  80  64   2  41  18   8  91  22  78  52  26   0  94  99  52  55  63  29  96  32   8  52   5  45  23  74  82  37  65  54  88  71  86  61  79  40  47  85   7  29  17  33  88  19  46  64  79 
 75  33  88  17   7   2  74  57  48  54  85  55  44  91  57   0  58   4  75  66  84  54  55  89  87  81  22  20   7   8  82   5  43  64  12  65  11  21  18  76  49  62  57  12  72   8  26  49  60  99 
 96  26  31  15  73  59  20  47  79  13  58  36  56  62  27  77   0   8  47  11  93  87  74   2  53  43  30   3  50  27  85  12  33  59  19  71  96  85  52  98  64  80  25  59  89  52  13  36  30   9 
  4  94  64  48  48  99  87  51  92  15  90  37  20  42  16  30  23   0  93  72  25  91  72  57  65  38  33  57  43   3  83  68  37  73  28  40  78  21  25   1  68  83   4  35  41   1  98  94  12  12 
 67  81  25  73  36  81  80   9  54  61   5  72  91  21   2  81  29  48   0  30  20  27   9  75  45  42   8  29   4  92  57  82  25  31  16  43  38  85  75  90   8  22  16  79  85  47  97  60  79  69 
 56  46  67  77  11  42  70  60  99  93  67  67   7  61   1  35  48  32  74   0  81  29  80  26  24  55  27  69  30  12   2  36  75  51  51  78   4  45  71  26  51   5  63  30  37  81  56   8  19  22 
 67  82   9  87  53  14  56   1  20  25  81  78  64  40  75   5  78  42  23  13   0  88  63   3  74  65  56  31  46  43  68  37   6  68  99  58  55  35  91  69  76  33  68  34   2  40  27  29   6  21 
 22  78  95   7  67   9  16  85  89  69  49  53  48  22  84  12  18  23  91  49  80   0  28  31  19  92  46  81  11  41  75  93  89  17  86  74   1  62  88  52  27  68  29  11  78  82  41  20  77  73 
 71  26   7  29  33  39  37  89  50  42  21  36  20  98  85  48  99  87  85  73  17  57   0  14  81  23  93  88  26   3  90  79  54  89  39  38  61  68  69  12  34  84  60  82  44  52  37  20  72  14 
  6   7  61  16  43  11  41  75  36  75  57  75  78  15  29  95  71  40  45  28  65  71  90   0  95  37  49  24  52  63  16  45  38  76  84  20  16  92  70  66  10  77  79  65  23  75  51  80  90  21 
 67  17  49  34  35  50  71  11  41  75  35  33  56  16   2  89  73  36  15  21   4  92  32  98   0  82  90  45  64  33  29  41  99  77  86  67  50  67  52  28  79  46  41  38  18  10  97  13  94  46 
 64  43  25  61  57  14  81   4  48  87  46  54  47  23  36  49  63  75  65   7   9   8  65  83  37   0  25  13  25  30  26  12  67   9  83  89  92  50  48  58  50  46   4  93  82  23  39  65  58  51 
 31  81  24   2  67  33  16  68  64   3  67  86   7  59  54  47  34  63  43  60  48  20  17  55  17  82   0  33  29  51  86  70  15  90  35  73  21  98  75  19  23  64  91  84  17  28  18  33  77  10 
 92  75  40  41  31  58  34  83  60  72  23  49  57  41  40  42  24  74  71  79  38  72  27  12  20  70  79   0  75  20  93   2  60  38  88  94  51  87  91  28  83  77  60  10  40  11   9  47  39   8 
 93  56  20  56  43  69  23  24  39  77  41  82  60  61  31  27   8  86  46  70  57  80  90  83  56  10   8  21   0  66  42  44  34  78  39  31  14  91  97  81  61  20  49  71  16  63  61  21  77   7 
 10  74  57  51  88  51  92  75  29  60  55  38  90  57  75  46  44  98  47  41  81   8  27  95  72  43  59  43  81   0  47  44  40  52  82  89  86  65  54  33  50  78  79  64  24  52   6  62  78  81 
 81  56  98  34  65  71  65  98  45  88  63  63  64  67  68  16  97  86  31  57  73  22  80  10  20  27   7  74  65  80   0  83  84  33  48  72  15  28  40  44  62  74  16  11  40  98  72   3  16  78 
 23  65  28  26  61  26  83  29  43  59  41  72  83  81  45  67  51  14  56  64  43  13  98   1  40  92  75  13  39  22  37   0  51  38  27  42  50  65  48  80  91  53  51  99  33  40  71  84  50   3 
 90  50   4   6  59   6  50  41  59  80  36  80   6  64  51  46  20   8  51  34  58  80  33  27  67  24  76  63  56   5  81  67   0   3  32  92  98  61   9  95   9  92  29  16  60  74  70  98  67  11 
 15  60   9  22  22  24  34  41  53  16   3  41  82  97   1  39  17  97  88  57  82  15  31  75  51  17   2  71  61  56  91  79  63   0  94  36  98  46  88  38  51  11  95  41  39  84  74  32   6  28 
 37  46   7  75  20  71  65   1  17  70  46  54  21  50  82  50  25  27  91  19   9  22  57  11  28  85   8  85  16  10  84  15  46  38   0  84  97  46  15  53  87  85  34  96  24  66  85  66  13  45 
 27  47  75  95  13  96  64  85   4  99  32  36  66  66  36  66  65  88  19  63  50  55  39  85  87  13  84  93  38   9  69  90   3  24  87   0  23  51  49  38  37  23  37  41  20  65  85  22   3  39 
 44  35  25  55  70  85  82  38  73  82  92  79  69  58  48  17  68   4  83   9  20  43  17  76  93  83  33  85  30  38  24   5  51  85  39  80   0   5  32  50   5  19  25  92  51  76  43  64  71   5 
 63  94  32   7  65  72  84  65  28  96  40  13  62  95  96  50   7  67  44  55  91  77  46  69  66  52  81  62   7  43  41  82  81  99  52  58  53   0  39  43  78  63  12  98  71   8  78  85  67  41 
 89  75  27   4  70  56  99  34  47  95  86  94  50   3  72  12  28  28  26  29   6  73  36  47  70  11  63  22   2  97  10  97  46  15  78  98  73  26   0  96  36  44  92   6  82  64  42  63  21  87 
 21  50   9  95  63  93  14  69  21  96  72  34  83  95  52  28  42  97  17  28  47   8  20  74  21  58  91  18  49  64  40  65  46  63  77  46  33  33   9   0  22  42  76  31  77  20  65  21  43  40 
 42  65  30  35  64  68  69  52   6  65  32  67   1  75  63  63  49  90  77  67  27   7  96  77  75  51  46   5  14  78  15  38  88  16  46  32  97  70  23  12   0  84  23  85  31  83   3  37  47  31 
 55  78   7  84  57  70  82  31  61  55  94  54  62  75  64  19  59  70  98  33  93  32  67  78  24  34  32  19  94  51  40  95  53  47  56  14  73  87  18  67   3   0  77  23  95  96  47  69  11  83 
 96   9  94  12  92   7  32  50   5  44  24  74   7  94  31  56  66  97  34  41  85  39  33  24  38  19  75  11  26  43  51   5  59  60  94  35  59  18  45  67  67  69   0   8  56  87  16  10  20  54 
 54  61  84  58  41  29   4  82   7  25  94  77  82  89   2  43  86  27  19  52  37  95  65  80  68  32  37  69  58  90  96  47  80  12  35  99  75  54   1  83   9  93  46   0  80  84  44  41   4  64 
 34  85  99  64  28  89  29  28  27  11  63  17  97   1  35  64  23  43  69  19  22  94  96  83  46  66  40  55  60  24  56  61  99  12  75  99  85  19  38  67  26  75  84   6   0  47  78  29  88  96 
 29  44  97  24  71  87  67  46  72  77  44  81  42  17  22  42   5  23  21   6   7  64  85  18  26  87  97  83  30  16  76  77  46  81  31  42  81  91  46   9  32  47  87  35  51   0  87  58  72  57 
  4  94  45  88  58  45  96   9  49   4  47  39  73  58   3  64  19  55  76  79  32  47  14  42  33  71   7  49  80  92  93  19  85  71  40   4  45  55  62  67  93  15   4   6  60  88   0  38  24  22 
 34  81  50  67  52  63  75  38  52  24  46  56  92  12  52  54  62   4  75  25  91  75   7  50  22   3   8  43   6  42  19  31  54  53  76  85  64  29  93  69  51  51  56  23  15  38  69   0  29   7 
 48  76   4  51  31  49  81  85  84  83  76  98  66  73  16   8  99  11  12  62  51   9  82  18  45  36  56  96   2  75  41  12  33  11  53  79  17  61  83  27  82  67  77  58  24  67  71  92   0   7 
  2  70   1  50  55  43  29  70  32  64  77  75  15  84  18   8  77  24  50  32  67  63  55  99  99  56  37  64   3  68   3  15  36  79  75  60  68  46  37  35  57  84  50  68  13  45  20  66  40   0 
M6
  0  63  38   1  65  58  55  88  14  32  35  57  12  58  54  20  32   9   5  22  45  19  58  88  52  88  22  20  84  99  97  34  23  32   8  65  49  93  54  91   7  11  87  45  34  21  57  71  92  49 
 80   0  66  44  47   9  82  84  11  55  98  18   7  88   1  54  43  42  39  11  79  33  21  88  43  85  20   8  86  27  63  95  11  55  92  69   9  67  71  99  16  91  34  48  33  74  29  55  99  14 
 42  34   0  36  30  30  30  56  66  30  92   2  45  59  63  76  17   3  72  99  14  71  18  26  25  42  91  14  59  82   1  58  59  24  14   4  84  31  22  14  94  33  39  38  75  19   8  64  81  61 
 63  20  69   0  84  33  45  40  91  56  12  86  23  82  47  60  40  11  79   6  84  77  40  10  48  94  90  67  34  85  73   5  40  48  24  81  91  37  53  34  67  35  56  10  58  31  25  65   4  70 
 51  92  31  31   0  94  15  71  81   6  16  54   2  62  80  53  47  45  69  77  44  53  80  60  25  17  23  26  79  67  42  74  88  90  61  22  17  83  53  20  76  76  29  17  90  88  43  84  70  77 
 68  54  15  19  87   0  94  53  82  50  37  56  30  88  66  16  79  28  62  92  76  19  85  65   5  59  42  56  31  26   6  31  22  46  49  98  67  20   6  21  66   8  24  38  91  21  32  76  13  58 
 62  73  27  59  77  24   0  66   5  42  80  40  93  39  63  85  33  19  38  15  15  83  95  47  89  69  86  25  78  54  37  39  79  72  78  13  96  37  21  59  69  20  91  38  69   9   9  10   8  19 
  6  69  86  86  50   4  86   0   9  51  49   6  30  21  59  74   1  57  88  30  16  89  40  81   7  69  24  26  74  45  15  53  85  96  91  49  47  26   2  75  36  41  81  39  61  16  23  82  22  47 
 42  65  96  85  71  26  98  15   0  50  23  23   6   1   5   2   9  67   7  80  65  31   5  89  50  41  15  87   9  17  38  29  11  58  21  39  47  55  56  40  55  59  18  68  93  47  84  44  77  72 
  8  27  30  39  85   2  34  44  98   0  62  66  70  69  61  78  22  85  64   3  54  73  65  28  30   8  82  69  20  81  45  66  98  53  90  75  97  67   2  60  65  26  54  89  71  73  89  41  60  36 
 88  52  88  70  89  10  24  83  85  25   0  92  95  32  53  37  75  14  31  39  99  86  78  35  64  11  96  56  60  16  38  63  90  77  62  61  16  95  82  35  61  60   2  87  81  96  44  15   1  69 
 75  19  82  35   1  40  52  87   2  57  42   0  25  66  50  30  94  72  58  83  71   5  23   8  30  58  21  28  97  65  84  97  26  42  63   9  44  17  28  53  46  72  88  53   6  20  79   8  41  30 
 56  26  37  28  93  20  89  75  97  10  24  70   0  96  89  35  93  53  87  92  86  75  64  20  15  30  98  83  39  87  76  90  81  57  47  64  69  10  69  19   6  70  81  25  90  90  18  89  30  18 
 62  82  16  23  29  87  43  55  98   1  84  83  68   0  64  63  30  44  46  10  26   2  45  16  98   9  19  94  43  40  78  99  92  55   7  27  10  46  89  36  29  40  37  40  79  40  22   2  27  43 
 59  19  24  80  64   2  41  18   8  91  22  78  52  26   0  94  99  52  55  63  29  96  32   8  52   5  45  23  74  82  37  65  54  88  71  86  61  79  40  47  85   7  29  17  33  88  19  46  64  79 
 75  33  88  17   7   2  74  57  48  54  85  55  44  91  57   0  58   4  75  66  84  54  55  89  87  81  22  20   7   8  82   5  43  64  12  65  11  21  18  76  49  62  57  12  72   8  26  49  60  99 
 96  26  31  15  73  59  20  47  79  13  58  36  56  62  27  77   0   8  47  11  93  87  74   2  53  43  30   3  50  27  85  12  33  59  19  71  96  85  52  98  64  80  25  59  89  52  13  36  30   9 
  4  94  64  48  48  99  87  51  92  15  90  37  20  42  16  30  23   0  93  72  25  91  72  57  65  38  33  57  43   3  83  68  37  73  28  40  78  21  25   1  68  83   4  35  41   1  98  94  12  12 
 67  81  25  73  36  81  80   9  54  61   5  72  91  21   2  81  29  48   0  30  20  27   9  75  45  42   8  29   4  92  57  82  25  31  16  43  38  85  75  90   8  22  16  79  85  47  97  60  79  69 
 56  46  67  77  11  42  70  60  99  93  67  67   7  61   1  35  48  32  74   0  81  29  80  26  24  55  27  69  30  12   2  36  75  51  51  78   4  45  71  26  51   5  63  30  37  81  56   8  19  22 
 67  82   9  87  53  14  56   1  20  25  81  78  64  40  75   5  78  42  23  13   0  88  63   3  74  65  56  31  46  43  68  37   6  68  99  58  55  35  91  69  76  33  68  34   2  40  27  29   6  21 
 22  78  95   7  67   9  16  85  89  69  49  53  48  22  84  12  18  23  91  49  80   0  28  31  19  92  46  81  11  41  75  93  89  17  86  74   1  62  88  52  27  68  29  11  78  82  41  20  77  73 
 71  26   7  29  33  39  37  89  50  42  21  36  20  98  85  48  99  87  85  73  17  57   0  14  81  23  93  88  26   3  90  79  54  89  39  38  61  68  69  12  34  84  60  82  44  52  37  20  72  14 
  6   7  61  16  43  11  41  75  36  75  57  75  78  15  29  95  71  40  45  28  65  71  90   0  95  37  49  24  52  63  16  45  38  76  84  20  16  92  70  66  10  77  79  65  23  75  51  80  90  21 
 67  17  49  34  35  50  71  11  41  75  35  33  56  16   2  89  73  36  15  21   4  92  32  98   0  82  90  45  64  33  29  41  99  77  86  67  50  67  52  28  79  46  41  38  18  10  97  13  94  46 
 64  43  25  61  57  14  81   4  48  87  46  54  47  23  36  49  63  75  65   7   9   8  65  83  37   0  25  13  25  30  26  12  67   9  83  89  92  50  48  58  50  46   4  93  82  23  39  65  58  51 
 31  81  24   2  67  33  16  68  64   3  67  86   7  59  54  47  34  63  43  60  48  20  17  55  17  82   0  33  29  51  86  70  15  90  35  73  21  98  75  19  23  64  91  84  17  28  18  33  77  10 
 92  75  40  41  31  58  34  83  60  72  23  49  57  41  40  42  24  74  71  79  38  72  27  12  20  70  79   0  75  20  93   2  60  38  88  94  51  87  91  28  83  77  60  10  40  11   9  47  39   8 
 93  56  20  56  43  69  23  24  39  77  41  82  60  61  31  27   8  86  46  70  57  80  90  83  56  10   8  21   0  66  42  44  34  78  39  31  14  91  97  81  61  20  49  71  16  63  61  21  77   7 
 10  74  57  51  88  51  92  75  29  60  55  38  90  57  75  46  44  98  47  41  81   8  27  95  72  43  59  43  81   0  47  44  40  52  82  89  86  65  54  33  50  78  79  64  24  52   6  62  78  81 
 81  56  98  34  65  71  65  98  45  88  63  63  64  67  68  16  97  86  31  57  73  22  80  10  20  27   7  74  65  80   0  83  84  33  48  72  15  28  40  44  62  74  16  11  40  98  72   3  16  78 
 23  65  28  26  61  26  83  29  43  59  41  72  83  81  45  67  51  14  56  64  43  13  98   1  40  92  75  13  39  22  37   0  51  38  27  42  50  65  48  80  91  53  51  99  33  40  71  84  50   3 
 90  50   4   6  59   6  50  41  59  80  36  80   6  64  51  46  20   8  51  34  58  80  33  27  67  24  76  63  56   5  81  67   0   3  32  92  98  61   9  95   9  92  29  16  60  74  70  98  67  11 
 15  60   9  22  22  24  34  41  53  16   3  41  82  97   1  39  17  97  88  57  82  15  31  75  51  17   2  71  61  56  91  79  63   0  94  36  98  46  88  38  51  11  95  41  39  84  74  32   6  28 
 37  46   7  75  20  71  65   1  17  70  46  54  21  50  82  50  25  27  91  19   9  22  57  11  28  85   8  85  16  10  84  15  46  38   0  84  97  46  15  53  87  85  34  96  24  66  85  66  13  45 
 27  47  75  95  13  96  64  85   4  99  32  36  66  66  36  66  65  88  19  63  50  55  39  85  87  13  84  93  38   9  69  90   3  24  87   0  23  51  49  38  37  23  37  41  20  65  85  22   3  39 
 44  35  25  55  70  85  82  38  73  82  92  79  69  58  48  17  68   4  83   9  20  43  17  76  93  83  33  85  30  38  24   5  51  85  39  80   0   5  32  50   5  19  25  92  51  76  43  64  71   5 
 63  94  32   7  65  72  84  65  28  96  40  13  62  95  96  50   7  67  44  55  91  77  46  69  66  52  81  62   7  43  41  82  81  99  52  58  53   0  39  43  78  63  12  98  71   8  78  85  67  41 
 89  75  27   4  70  56  99  34  47  95  86  94  50   3  72  12  28  28  26  29   6  73  36  47  70  11  63  22   2  97  10  97  46  15  78  98  73  26   0  96  36  44  92   6  82  64  42  63  21  87 
 21  50   9  95  63  93  14  69  21  96  72  34  83  95  52  28  42  97  17  28  47   8  20  74  21  58  91  18  49  64  40  65  46  63  77  46  33  33   9   0  22  42  76  31  77  20  65  21  43  40 
 42  65  30  35  64  68  69  52   6  65  32  67   1  75  63  63  49  90  77  67  27   7  96  77  75  51  46   5  14  78  15  38  88  16  46  32  97  70  23  12   0  84  23  85  31  83   3  37  47  31 
 55  78   7  84  57  70  82  31  61  55  94  54  62  75  64  19  59  70  98  33  93  32  67  78  24  34  32  19  94  51  40  95  53  47  56  14  73  87  18  67   3   0  77  23  95  96  47  69  11  83 
 96   9  94  12  92   7  32  50   5  44  24  74   7  94  31  56  66  97  34  41  85  39  33  24  38  19  75  11  26  43  51   5  59  60  94  35  59  18  45  67  67  69   0   8  56  87  16  10  20  54 
 54  61  84  58  41  29   4  82   7  25  94  77  82  89   2  43  86  27  19  52  37  95  65  80  68  32  37  69  58  90  96  47  80  12  35  99  75  54   1  83   9  93  46   0  80  84  44  41   4  64 
 34  85  99  64  28  89  29  28  27  11  63  17  97   1  35  64  23  43  69  19  22  94  96  83  46  66  40  55  60  24  56  61  99  12  75  99  85  19  38  67  26  75  84   6   0  47  78  29  88  96 
 29  44  97  24  71  87  67  46  72  77  44  81  42  17  22  42   5  23  21   6   7  64  85  18  26  87  97  83  30  16  76  77  46  81  31  42  81  91  46   9  32  47  87  35  51   0  87  58  72  57 
  4  94  45  88  58  45  96   9  49   4  47  39  73  58   3  64  19  55  76  79  32  47  14  42  33  71   7  49  80  92  93  19  85  71  40   4  45  55  62  67  93  15   4   6  60  88   0  38  24  22 
 34  81  50  67  52  63  75  38  52  24  46  56  92  12  52  54  62   4  75  25  91  75   7  50  22   3   8  43   6  42  19  31  54  53  76  85  64  29  93  69  51  51  56  23  15  38  69   0  29   7 
 48  76   4  51  31  49  81  85  84  83  76  98  66  73  16   8  99  11  12  62  51   9  82  18  45  36  56  96   2  75  41  12  33  11  53  79  17  61  83  27  82  67  77  58  24  67  71  92   0   7 
  2  70   1  50  55  43  29  70  32  64  77  75  15  84  18   8  77  24  50  32  67  63  55  99  99  56  37  64   3  68   3  15  36  79  75  60  68  46  37  35  57  84  50  68  13  45  20  66  40   0 
M7
  0  63  38   1  65  58  55  88  14  32  35  57  12  58  54  20  32   9   5  22  45  19  58  88  52  88  22  20  84  99  97  34  23  32   8  65  49  93  54  91   7  11  87  45  34  21  57  71  92  49 
 80   0  66  44  47   9  82  84  11  55  98  18   7  88   1  54  43  42  39  11  79  33  21  88  43  85  20   8  86  27  63  95  11  55  92  69   9  67  71  99  16  91  34  48  33  74  29  55  99  14 
 42  34   0  36  30  30  30  56  66  30  92   2  45  59  63  76  17   3  72  99  14  71  18  26  25  42  91  14  59  82   1  58  59  24  14   4  84  31  22  14  94  33  39  38  75  19   8  64  81  61 
 63  20  69   0  84  33  45  40  91  56  12  86  23  82  47  60  40  11  79   6  84  77  40  10  48  94  90  67  34  85  73   5  40  48  24  81  91  37  53  34  67  35  56  10  58  31  25  65   4  70 
 51  92  31  31   0  94  15  71  81   6  16  54   2  62  80  53  47  45  69  77  44  53  80  60  25  17  23  26  79  67  42  74  88  90  61  22  17  83  53  20  76  76  29  17  90  88  43  84  70  77 
 68  54  15  19  87   0  94  53  82  50  37  56  30  88  66  16  79  28  62  92  76  19  85  65   5  59  42  56  31  26   6  31  22  46  49  98  67  20   6  21  66   8  24  38  91  21  32  76  13  58 
 62  73  27  59  77  24   0  66   5  42  80  40  93  39  63  85  33  19  38  15  15  83  95  47  89  69  86  25  78  54  37  39  79  72  78  13  96  37  21  59  69  20  91  38  69   9   9  10   8  19 
  6  69  86  86  50   4  86   0   9  51  49   6  30  21  59  74   1  57  88  30  16  89  40  81   7  69  24  26  74  45  15  53  85  96  91  49  47  26   2  75  36  41  81  39  61  16  23  82  22  47 
 42  65  96  85  71  26  98  15   0  50  23  23   6   1   5   2   9  67   7  80  65  31   5  89  50  41  15  87   9  17  38  29  11  58  21  39  47  55  56  40  55  59  18  68  93  47  84  44  77  72 
  8  27  30  39  85   2  34  44  98   0  62  66  70  69  61  78  22  85  64   3  54  73  65  28  30   8  82  69  20  81  45  66  98  53  90  75  97  67   2  60  65  26  54  89  71  73  89  41  60  36 
 88  52  88  70  89  10  24  83  85  25   0  92  95  32  53  37  75  14  31  39  99  86  78  35  64  11  96  56  60  16  38  63  90  77  62  61  16  95  82  35  61  60   2  87  81  96  44  15   1  69 
 75  19  82  35   1  40  52  87   2  57  42   0  25  66  50  30  94  72  58  83  71   5  23   8  30  58  21  28  97  65  84  97  26  42  63   9  44  17  28  53  46  72  88  53   6  20  79   8  41  30 
 56  26  37  28  93  20  89  75  97  10  24  70   0  96  89  35  93  53  87  92  86  75  64  20  15  30  98  83  39  87  76  90  81  57  47  64  69  10  69  19   6  70  81  25  90  90  18  89  30  18 
 62  82  16  23  29  87  43  55  98   1  84  83  68   0  64  63  30  44  46  10  26   2  45  16  98   9  19  94  43  40  78  99  92  55   7  27  10  46  89  36  29  40  37  40  79  40  22   2  27  43 
 59  19  24  80  64   2  41  18   8  91  22  78  52  26   0  94  99  52  55  63  29  96  32   8  52   5  45  23  74  82  37  65  54  88  71  86  61  79  40  47  85   7  29  17  33  88  19  46  64  79 
 75  33  88  17   7   2  74  57  48  54  85  55  44  91  57   0  58   4  75  66  84  54  55  89  87  81  22  20   7   8  82   5  43  64  12  65  11  21  18  76  49  62  57  12  72   8  26  49  60  99 
 96  26  31  15  73  59  20  47  79  13  58  36  56  62  27  77   0   8  47  11  93  87  74   2  53  43  30   3  50  27  85  12  33  59  19  71  96  85  52  98  64  80  25  59  89  52  13  36  30   9 
  4  94  64  48  48  99  87  51  92  15  90  37  20  42  16  30  23   0  93  72  25  91  72  57  65  38  33  57  43   3  83  68  37  73  28  40  78  21  25   1  68  83   4  35  41   1  98  94  12  12 
 67  81  25  73  36  81  80   9  54  61   5  72  91  21   2  81  29  48   0  30  20  27   9  75  45  42   8  29   4  92  57  82  25  31  16  43  38  85  75  90   8  22  16  79  85  47  97  60  79  69 
 56  46  67  77  11  42  70  60  99  93  67  67   7  61   1  35  48  32  74   0  81  29  80  26  24  55  27  69  30  12   2  36  75  51  51  78   4  45  71  26  51   5  63  30  37  81  56   8  19  22 
 67  82   9  87  53  14  56   1  20  25  81  78  64  40  75   5  78  42  23  13   0  88  63   3  74  65  56  31  46  43  68  37   6  68  99  58  55  35  91  69  76  33  68  34   2  40  27  29   6  21 
 22  78  95   7  67   9  16  85  89  69  49  53  48  22  84  12  18  23  91  49  80   0  28  31  19  92  46  81  11  41  75  93  89  17  86  74   1  62  88  52  27  68  29  11  78  82  41  20  77  73 
 71  26   7  29  33  39  37  89  50  42  21  36  20  98  85  48  99  87  85  73  17  57   0  14  81  23  93  88  26   3  90  79  54  89  39  38  61  68  69  12  34  84  60  82  44  52  37  20  72  14 
  6   7  61  16  43  11  41  75  36  75  57  75  78  15  29  95  71  40  45  28  65  71  90   0  95  37  49  24  52  63  16  45  38  76  84  20  16  92  70  66  10  77  79  65  23  75  51  80  90  21 
 67  17  49  34  35  50  71  11  41  75  35  33  56  16   2  89  73  36  15  21   4  92  32  98   0  82  90  45  64  33  29  41  99  77  86  67  50  67  52  28  79  46  41  38  18  10  97  13  94  46 
 64  43  25  61  57  14  81   4  48  87  46  54  47  23  36  49  63  75  65   7   9   8  65  83  37   0  25  13  25  30  26  12  67   9  83  89  92  50  48  58  50  46   4  93  82  23  39  65  58  51 
 31  81  24   2  67  33  16  68  64   3  67  86   7  59  54  47  34  63  43  60  48  20  17  55  17  82   0  33  29  51  86  70  15  90  35  73  21  98  75  19  23  64  91  84  17  28  18  33  77  10 
 92  75  40  41  31  58  34  83  60  72  23  49  57  41  40  42  24  74  71  79  38  72  27  12  20  70  79   0  75  20  93   2  60  38  88  94  51  87  91  28  83  77  60  10  40  11   9  47  39   8 
 93  56  20  56  43  69  23  24  39  77  41  82  60  61  31  27   8  86  46  70  57  80  90  83  56  10   8  21   0  66  42  44  34  78  39  31  14  91  97  81  61  20  49  71  16  63  61  21  77   7 
 10  74  57  51  88  51  92  75  29  60  55  38  90  57  75  46  44  98  47  41  81   8  27  95  72  43  59  43  81   0  47  44  40  52  82  89  86  65  54  33  50  78  79  64  24  52   6  62  78  81 
 81  56  98  34  65  71  65  98  45  88  63  63  64  67  68  16  97  86  31  57  73  22  80  10  20  27   7  74  65  80   0  83  84  33  48  72  15  28  40  44  62  74  16  11  40  98  72   3  16  78 
 23  65  28  26  61  26  83  29  43  59  41  72  83  81  45  67  51  14  56  64  43  13  98   1  40  92  75  13  39  22  37   0  51  38  27  42  50  65  48  80  91  53  51  99  33  40  71  84  50   3 
 90  50   4   6  59   6  50  41  59  80  36  80   6  64  51  46  20   8  51  34  58  80  33  27  67  24  76  63  56   5  81  67   0   3  32  92  98  61   9  95   9  92  29  16  60  74  70  98  67  11 
 15  60   9  22  22  24  34  41  53  16   3  41  82  97   1  39  17  97  88  57  82  15  31  75  51  17   2  71  61  56  91  79  63   0  94  36  98  46  88  38  51  11  95  41  39  84  74  32   6  28 
 37  46   7  75  20  71  65   1  17  70  46  54  21  50  82  50  25  27  91  19   9  22  57  11  28  85   8  85  16  10  84  15  46  38   0  84  97  46  15  53  87  85  34  96  24  66  85  66  13  45 
 27  47  75  95  13  96  64  85   4  99  32  36  66  66  36  66  65  88  19  63  50  55  39  85  87  13  84  93  38   9  69  90   3  24  87   0  23  51  49  38  37  23  37  41  20  65  85  22   3  39 
 44  35  25  55  70  85  82  38  73  82  92  79  69  58  48  17  68   4  83   9  20  43  17  76  93  83  33  85  30  38  24   5  51  85  39  80   0   5  32  50   5  19  25  92  51  76  43  64  71   5 
 63  94  32   7  65  72  84  65  28  96  40  13  62  95  96  50   7  67  44  55  91  77  46  69  66  52  81  62   7  43  41  82  81  99  52  58  53   0  39  43  78  63  12  98  71   8  78  85  67  41 
 89  75  27   4  70  56  99  34  47  95  86  94  50   3  72  12  28  28  26  29   6  73  36  47  70  11  63  22   2  97  10  97  46  15  78  98  73  26   0  96  36  44  92   6  82  64  42  63  21  87 
 21  50   9  95  63  93  14  69  21  96  72  34  83  95  52  28  42  97  17  28  47   8  20  74  21  58  91  18  49  64  40  65  46  63  77  46  33  33   9   0  22  42  76  31  77  20  65  21  43  40 
 42  65  30  35  64  68  69  52   6  65  32  67   1  75  63  63  49  90  77  67  27   7  96  77  75  51  46   5  14  78  15  38  88  16  46  32  97  70  23  12   0  84  23  85  31  83   3  37  47  31 
 55  78   7  84  57  70  82  31  61  55  94  54  62  75  64  19  59  70  98  33  93  32  67  78  24  34  32  19  94  51  40  95  53  47  56  14  73  87  18  67   3   0  77  23  95  96  47  69  11  83 
 96   9  94  12  92   7  32  50   5  44  24  74   7  94  31  56  66  97  34  41  85  39  33  24  38  19  75  11  26  43  51   5  59  60  94  35  59  18  45  67  67  69   0   8  56  87  16  10  20  54 
 54  61  84  58  41  29   4  82   7  25  94  77  82  89   2  43  86  27  19  52  37  95  65  80  68  32  37  69  58  90  96  47  80  12  35  99  75  54   1  83   9  93  46   0  80  84  44  41   4  64 
 34  85  99  64  28  89  29  28  27  11  63  17  97   1  35  64  23  43  69  19  22  94  96  83  46  66  40  55  60  24  56  61  99  12  75  99  85  19  38  67  26  75  84   6   0  47  78  29  88  96 
 29  44  97  24  71  87  67  46  72  77  44  81  42  17  22  42   5  23  21   6   7  64  85  18  26  87  97  83  30  16  76  77  46  81  31  42  81  91  46   9  32  47  87  35  51   0  87  58  72  57 
  4  94  45  88  58  45  96   9  49   4  47  39  73  58   3  64  19  55  76  79  32  47  14  42  33  71   7  49  80  92  93  19  85  71  40   4  45  55  62  67  93  15   4   6  60  88   0  38  24  22 
 34  81  50  67  52  63  75  38  52  24  46  56  92  12  52  54  62   4  75  25  91  75   7  50  22   3   8  43   6  42  19  31  54  53  76  85  64  29  93  69  51  51  56  23  15  38  69   0  29   7 
 48  76   4  51  31  49  81  85  84  83  76  98  66  73  16   8  99  11  12  62  51   9  82  18  45  36  56  96   2  75  41  12  33  11  53  79  17  61  83  27  82  67  77  58  24  67  71  92   0   7 
  2  70   1  50  55  43  29  70  32  64  77  75  15  84  18   8  77  24  50  32  67  63  55  99  99  56  37  64   3  68   3  15  36  79  75  60  68  46  37  35  57  84  50  68  13  45  20  66  40   0 
Reldue
 2631    1    6
 2494    9    2
 3467    5    8
 3192    8    7
 1079    4    3
 1141    2    6
 1285    1    7
 1244    6    7
 3117    8    6
 2703    4    5
 1370    2    7
 1035    6    9
 2571    5    2
 2057    7    7
 1681    4    2
 2167    5    7
 1746    1    6
 2043    6    3
 3142    1    4
 1372    4    2
 2698    6    6
  797    6    8
 1693    7    9
 2218    1    9
 2082    6    4
 1334    1    6
 2240    3    6
 2597    7    2
 1094    5    9
 1996    3    9
 3034    4    9
 3305    3    3
  839    8    1
 3176    9    4
 2331    4    4
 1065    6    3
 3089    5    9
 1602    6    2
  951    7    2
 1629    4    3
 2487    2    4
 1205    5    3
 2413    1    7
 1037    1    4
 1054    8    2
 1083    5    3
 2255    1    8
 2509    7    2
 2926    5    5
 1070    3    9
DDW
 2457  2805
 2262  2726
 3196  3737
 2940  3444
  972  1186
 1072  1209
 1191  1379
 1145  1344
 2831  3403
 2437  2969
 1291  1448
  981  1088
 2318  2825
 1945  2169
 1515  1848
 2032  2303
 1647  1845
 1885  2201
 2907  3378
 1246  1498
 2507  2888
  746   849
 1570  1815
 2047  2389
 1945  2219
 1201  1467
 2057  2422
 2413  2780
 1007  1182
 1850  2141
 2741  3327
 3012  3598
  764   914
 2926  3425
 2195  2468
  998  1131
 2923  3256
 1446  1758
  863  1039
 1479  1779
 2349  2625
 1102  1309
 2217  2609
  977  1097
  987  1120
 1013  1153
 2135  2374
 2270  2748
 2746  3106
 1004  1136
