20   5
MD
  5  3  5  3  5
PT
 70  59  57  30  84  74  37  17  40  95  98  61  20  21  68  42  45  40  45  90 
 35  92  78  65  23  88  28  76  51  46  46  69  81  87  26  51   5  30  69  90 
 37  58   5  85  58  73  15  70  98  38  48  23  12  91  50  27  88  63  31  12 
 67  69  90  98  88  44  95  22  41  45  20  36  62  53   5   4  20  25  47  47 
 25  25  61  17  58  96  35  53  98  72   9  29  41  92  93  75  21  34  83  81 
SSD
M0
  0  21  73  12  24  94  84   1  77  42  88   8  49   1  95  93  98  97  68  66 
 34   0  54  89  81   8  20  20  33  30  36  37  65  52  60  61  21   4  86  49 
 74  50   0   6  96  27  77  95  11  12   4  33  27  83  31  80  32  90  22  12 
 81  33  52   0  90  19  50  11  73  94  38   1  36  30  54  79  43  99  62  51 
 16   6  60  44   0  79  30  67  76  13  85  29   1   6  70  29  96  97  60   5 
 61  36  43  70  78   0  14  86  77   6  41  35  50  60  24  86  43  85  95  41 
 84  69  11  58   8  53   0  93   6   4  43  18  38  23  95  22  22  65  99  65 
 18  34  89  24  22  51  97   0  82  34  49  85  35  73  20   6  80  49  50  86 
 24   5  56   8  43  72  17  13   0  52  23  25   9   2  26  15  43  74  57  94 
 48  90   3  45  92  98  16   1  44   0  89  17  45  61   3  82  66  61  52   1 
 49  98   2  42  72  87  30  74  58  73   0  17  26  89  67  12  85   7  98  94 
 49  61  30  88  40  95   7  47  46  90  17   0  55  86  19  40  80  77   2  71 
 45  17   2  12   8  85  57  60   2  87  87  28   0  13  11  12  99  64  23  33 
 88  21  65  81  68  39  20  18  64  93  66  22  16   0  97   5  61   3  78  80 
 53  89  65  88  79  50   3  52  10  81   7  54  73  97   0  66  87  43  80  12 
 42  18  79  36  93   5  60  73  84  55  99  90  64  92  84   0  15  34  27  74 
 48  14  57  53  14  18  97  54  94  86  54  36  87  69  29  70   0   6  80  88 
 20  82  31  12  56  26  42  33  69  54  96  78  78  56  31  12  82   0  36  24 
  7  63  48  99  87  93  94  68  25  72  31  92  11  54  21  84  92  91   0  15 
 33  14  92   4  90  89   1  21  63  39  50  18  13  98  72  37  66  54  38   0 
M1
  0  21  73  12  24  94  84   1  77  42  88   8  49   1  95  93  98  97  68  66 
 34   0  54  89  81   8  20  20  33  30  36  37  65  52  60  61  21   4  86  49 
 74  50   0   6  96  27  77  95  11  12   4  33  27  83  31  80  32  90  22  12 
 81  33  52   0  90  19  50  11  73  94  38   1  36  30  54  79  43  99  62  51 
 16   6  60  44   0  79  30  67  76  13  85  29   1   6  70  29  96  97  60   5 
 61  36  43  70  78   0  14  86  77   6  41  35  50  60  24  86  43  85  95  41 
 84  69  11  58   8  53   0  93   6   4  43  18  38  23  95  22  22  65  99  65 
 18  34  89  24  22  51  97   0  82  34  49  85  35  73  20   6  80  49  50  86 
 24   5  56   8  43  72  17  13   0  52  23  25   9   2  26  15  43  74  57  94 
 48  90   3  45  92  98  16   1  44   0  89  17  45  61   3  82  66  61  52   1 
 49  98   2  42  72  87  30  74  58  73   0  17  26  89  67  12  85   7  98  94 
 49  61  30  88  40  95   7  47  46  90  17   0  55  86  19  40  80  77   2  71 
 45  17   2  12   8  85  57  60   2  87  87  28   0  13  11  12  99  64  23  33 
 88  21  65  81  68  39  20  18  64  93  66  22  16   0  97   5  61   3  78  80 
 53  89  65  88  79  50   3  52  10  81   7  54  73  97   0  66  87  43  80  12 
 42  18  79  36  93   5  60  73  84  55  99  90  64  92  84   0  15  34  27  74 
 48  14  57  53  14  18  97  54  94  86  54  36  87  69  29  70   0   6  80  88 
 20  82  31  12  56  26  42  33  69  54  96  78  78  56  31  12  82   0  36  24 
  7  63  48  99  87  93  94  68  25  72  31  92  11  54  21  84  92  91   0  15 
 33  14  92   4  90  89   1  21  63  39  50  18  13  98  72  37  66  54  38   0 
M2
  0  21  73  12  24  94  84   1  77  42  88   8  49   1  95  93  98  97  68  66 
 34   0  54  89  81   8  20  20  33  30  36  37  65  52  60  61  21   4  86  49 
 74  50   0   6  96  27  77  95  11  12   4  33  27  83  31  80  32  90  22  12 
 81  33  52   0  90  19  50  11  73  94  38   1  36  30  54  79  43  99  62  51 
 16   6  60  44   0  79  30  67  76  13  85  29   1   6  70  29  96  97  60   5 
 61  36  43  70  78   0  14  86  77   6  41  35  50  60  24  86  43  85  95  41 
 84  69  11  58   8  53   0  93   6   4  43  18  38  23  95  22  22  65  99  65 
 18  34  89  24  22  51  97   0  82  34  49  85  35  73  20   6  80  49  50  86 
 24   5  56   8  43  72  17  13   0  52  23  25   9   2  26  15  43  74  57  94 
 48  90   3  45  92  98  16   1  44   0  89  17  45  61   3  82  66  61  52   1 
 49  98   2  42  72  87  30  74  58  73   0  17  26  89  67  12  85   7  98  94 
 49  61  30  88  40  95   7  47  46  90  17   0  55  86  19  40  80  77   2  71 
 45  17   2  12   8  85  57  60   2  87  87  28   0  13  11  12  99  64  23  33 
 88  21  65  81  68  39  20  18  64  93  66  22  16   0  97   5  61   3  78  80 
 53  89  65  88  79  50   3  52  10  81   7  54  73  97   0  66  87  43  80  12 
 42  18  79  36  93   5  60  73  84  55  99  90  64  92  84   0  15  34  27  74 
 48  14  57  53  14  18  97  54  94  86  54  36  87  69  29  70   0   6  80  88 
 20  82  31  12  56  26  42  33  69  54  96  78  78  56  31  12  82   0  36  24 
  7  63  48  99  87  93  94  68  25  72  31  92  11  54  21  84  92  91   0  15 
 33  14  92   4  90  89   1  21  63  39  50  18  13  98  72  37  66  54  38   0 
M3
  0  21  73  12  24  94  84   1  77  42  88   8  49   1  95  93  98  97  68  66 
 34   0  54  89  81   8  20  20  33  30  36  37  65  52  60  61  21   4  86  49 
 74  50   0   6  96  27  77  95  11  12   4  33  27  83  31  80  32  90  22  12 
 81  33  52   0  90  19  50  11  73  94  38   1  36  30  54  79  43  99  62  51 
 16   6  60  44   0  79  30  67  76  13  85  29   1   6  70  29  96  97  60   5 
 61  36  43  70  78   0  14  86  77   6  41  35  50  60  24  86  43  85  95  41 
 84  69  11  58   8  53   0  93   6   4  43  18  38  23  95  22  22  65  99  65 
 18  34  89  24  22  51  97   0  82  34  49  85  35  73  20   6  80  49  50  86 
 24   5  56   8  43  72  17  13   0  52  23  25   9   2  26  15  43  74  57  94 
 48  90   3  45  92  98  16   1  44   0  89  17  45  61   3  82  66  61  52   1 
 49  98   2  42  72  87  30  74  58  73   0  17  26  89  67  12  85   7  98  94 
 49  61  30  88  40  95   7  47  46  90  17   0  55  86  19  40  80  77   2  71 
 45  17   2  12   8  85  57  60   2  87  87  28   0  13  11  12  99  64  23  33 
 88  21  65  81  68  39  20  18  64  93  66  22  16   0  97   5  61   3  78  80 
 53  89  65  88  79  50   3  52  10  81   7  54  73  97   0  66  87  43  80  12 
 42  18  79  36  93   5  60  73  84  55  99  90  64  92  84   0  15  34  27  74 
 48  14  57  53  14  18  97  54  94  86  54  36  87  69  29  70   0   6  80  88 
 20  82  31  12  56  26  42  33  69  54  96  78  78  56  31  12  82   0  36  24 
  7  63  48  99  87  93  94  68  25  72  31  92  11  54  21  84  92  91   0  15 
 33  14  92   4  90  89   1  21  63  39  50  18  13  98  72  37  66  54  38   0 
M4
  0  21  73  12  24  94  84   1  77  42  88   8  49   1  95  93  98  97  68  66 
 34   0  54  89  81   8  20  20  33  30  36  37  65  52  60  61  21   4  86  49 
 74  50   0   6  96  27  77  95  11  12   4  33  27  83  31  80  32  90  22  12 
 81  33  52   0  90  19  50  11  73  94  38   1  36  30  54  79  43  99  62  51 
 16   6  60  44   0  79  30  67  76  13  85  29   1   6  70  29  96  97  60   5 
 61  36  43  70  78   0  14  86  77   6  41  35  50  60  24  86  43  85  95  41 
 84  69  11  58   8  53   0  93   6   4  43  18  38  23  95  22  22  65  99  65 
 18  34  89  24  22  51  97   0  82  34  49  85  35  73  20   6  80  49  50  86 
 24   5  56   8  43  72  17  13   0  52  23  25   9   2  26  15  43  74  57  94 
 48  90   3  45  92  98  16   1  44   0  89  17  45  61   3  82  66  61  52   1 
 49  98   2  42  72  87  30  74  58  73   0  17  26  89  67  12  85   7  98  94 
 49  61  30  88  40  95   7  47  46  90  17   0  55  86  19  40  80  77   2  71 
 45  17   2  12   8  85  57  60   2  87  87  28   0  13  11  12  99  64  23  33 
 88  21  65  81  68  39  20  18  64  93  66  22  16   0  97   5  61   3  78  80 
 53  89  65  88  79  50   3  52  10  81   7  54  73  97   0  66  87  43  80  12 
 42  18  79  36  93   5  60  73  84  55  99  90  64  92  84   0  15  34  27  74 
 48  14  57  53  14  18  97  54  94  86  54  36  87  69  29  70   0   6  80  88 
 20  82  31  12  56  26  42  33  69  54  96  78  78  56  31  12  82   0  36  24 
  7  63  48  99  87  93  94  68  25  72  31  92  11  54  21  84  92  91   0  15 
 33  14  92   4  90  89   1  21  63  39  50  18  13  98  72  37  66  54  38   0 
Reldue
 1745    2    1
  821    5    8
 1767    3    4
  798    3    9
 1001    6    9
 1560    6    4
  746    2    3
 1388    9    6
 1686    8    1
 1902    4    8
 1543    5    9
 1595    5    2
 1041    5    8
 2099    5    1
 1164    2    4
  757    5    5
  544    2    8
 1181    1    7
 1169    2    2
 1063    3    7
DDW
 1624  1866
  755   886
 1591  1942
  731   865
  935  1067
 1420  1700
  694   799
 1260  1516
 1546  1825
 1744  2059
 1398  1688
 1496  1695
  943  1138
 1890  2308
 1066  1261
  686   829
  508   580
 1099  1262
 1096  1242
  991  1135
