20  10
MD
  2  3  4  3  3  3  5  2  5  4
PT
 37  25  19   7  81  66  62  95  18  64  74  18  23  14  16  27  95   5  44  21 
 22  57  75  89  80  29  98  17   1  52  90  67  94  40  76  37  82  95   1  66 
 25  89  76  43  14  73  21  57  82  92  10  25  72  41   7  67  78  88  35  16 
  8  38  57  39  52  77  42  44  85  33  77   3  96  24  32  86  55  73  97  97 
 97  84  11  92  49  12   1  15  60  38  18  30  85  88  80  55  89  51   2  91 
 64  74  84  97  62  56  31  82  78  48  58  71  87  80  99  85  65   6  43  14 
 84  19  77  72   5  62  28  42  79  22  20  96  70  42  98  76  85  90  51  34 
 75   2  41  46  93  18  28  24  87  59  43  26  53  94  19  38  92  52  84  63 
 77  45  67  19  52  36  43  42  36   4  59  75  71  86  98  26  11  56  55  16 
  9  60  39  28  46  16   6  64  86  30  72  64  41  23  13  67  26  93  40  31 
SSD
M0
  0  57   7  60  63  97  37  40  72  64   6  74  31  49  93  24  64  64  64  29 
 68   0  86  89  93  46  46  88   3   8  44   8  98  45  14  68   5  63  40  16 
 38  38   0  83  98  27  34  59  59  33  24  57  74  87  32   7  57   1  61  86 
 18  64  99   0  26  38  99  54  38  54  45  94  82  48  24  82  60  70  89  54 
 72  11  23   8   0  32  67  11  93  38  60  65  27  31  89   1  10  25  27   6 
 31  42  55  19   1   0  36  73   4  39  35  60  97  82  61  25  56  58   3  78 
 68  23  38  36  25  57   0   3  55   8  52  65  77   4  90  22  90  15  61  52 
 35  38  73  77  89  40  79   0  22  54  22  62  38  57  25  71   3  58  33  87 
 64   8  94  97  88  40  10  98   0  42  82  45  13  11  32  35  68  18  83  61 
 15  41  87  26  53  22  20  79  97   0  22  70  96  33  35  65  14  47  53  19 
 33  10   9   8  73  59  73  94  59  11   0  84   4  42   3  73  95  90  77  97 
 46  79  18   5  26  85  23   5  29  16  17   0  23  13  85  91  66  90  42  86 
 71  39  31  62  13  97  79  27  41  99  40  43   0  46   8  33  68  62   3  84 
 29  19  42  43   9  10   2  20  58   9  26  99  58   0  24  30  88  27  41  92 
 49  60  35  64  50  44  59  87   5   9  78  14  86  54   0  82  38  15  98  71 
  5  55  30  27  83  44  80  34  83   6  97  33  80  65  34   0  16  64  82  20 
 68  26  38  73  44  23  20  69  54  23  92  51  37  25  73  23   0  84  35  13 
 66  93  90  76  30  76  99  53  91  92  68  18  76  35  10  52  54   0  22  89 
 26  89  75  12  82  82  25  83  71  87  89  59  46  49  20  68  84  27   0  39 
 18  22  10  86  89  94  49   6  26  90  83   8  31  59  64  17  62  75  38   0 
M1
  0  57   7  60  63  97  37  40  72  64   6  74  31  49  93  24  64  64  64  29 
 68   0  86  89  93  46  46  88   3   8  44   8  98  45  14  68   5  63  40  16 
 38  38   0  83  98  27  34  59  59  33  24  57  74  87  32   7  57   1  61  86 
 18  64  99   0  26  38  99  54  38  54  45  94  82  48  24  82  60  70  89  54 
 72  11  23   8   0  32  67  11  93  38  60  65  27  31  89   1  10  25  27   6 
 31  42  55  19   1   0  36  73   4  39  35  60  97  82  61  25  56  58   3  78 
 68  23  38  36  25  57   0   3  55   8  52  65  77   4  90  22  90  15  61  52 
 35  38  73  77  89  40  79   0  22  54  22  62  38  57  25  71   3  58  33  87 
 64   8  94  97  88  40  10  98   0  42  82  45  13  11  32  35  68  18  83  61 
 15  41  87  26  53  22  20  79  97   0  22  70  96  33  35  65  14  47  53  19 
 33  10   9   8  73  59  73  94  59  11   0  84   4  42   3  73  95  90  77  97 
 46  79  18   5  26  85  23   5  29  16  17   0  23  13  85  91  66  90  42  86 
 71  39  31  62  13  97  79  27  41  99  40  43   0  46   8  33  68  62   3  84 
 29  19  42  43   9  10   2  20  58   9  26  99  58   0  24  30  88  27  41  92 
 49  60  35  64  50  44  59  87   5   9  78  14  86  54   0  82  38  15  98  71 
  5  55  30  27  83  44  80  34  83   6  97  33  80  65  34   0  16  64  82  20 
 68  26  38  73  44  23  20  69  54  23  92  51  37  25  73  23   0  84  35  13 
 66  93  90  76  30  76  99  53  91  92  68  18  76  35  10  52  54   0  22  89 
 26  89  75  12  82  82  25  83  71  87  89  59  46  49  20  68  84  27   0  39 
 18  22  10  86  89  94  49   6  26  90  83   8  31  59  64  17  62  75  38   0 
M2
  0  57   7  60  63  97  37  40  72  64   6  74  31  49  93  24  64  64  64  29 
 68   0  86  89  93  46  46  88   3   8  44   8  98  45  14  68   5  63  40  16 
 38  38   0  83  98  27  34  59  59  33  24  57  74  87  32   7  57   1  61  86 
 18  64  99   0  26  38  99  54  38  54  45  94  82  48  24  82  60  70  89  54 
 72  11  23   8   0  32  67  11  93  38  60  65  27  31  89   1  10  25  27   6 
 31  42  55  19   1   0  36  73   4  39  35  60  97  82  61  25  56  58   3  78 
 68  23  38  36  25  57   0   3  55   8  52  65  77   4  90  22  90  15  61  52 
 35  38  73  77  89  40  79   0  22  54  22  62  38  57  25  71   3  58  33  87 
 64   8  94  97  88  40  10  98   0  42  82  45  13  11  32  35  68  18  83  61 
 15  41  87  26  53  22  20  79  97   0  22  70  96  33  35  65  14  47  53  19 
 33  10   9   8  73  59  73  94  59  11   0  84   4  42   3  73  95  90  77  97 
 46  79  18   5  26  85  23   5  29  16  17   0  23  13  85  91  66  90  42  86 
 71  39  31  62  13  97  79  27  41  99  40  43   0  46   8  33  68  62   3  84 
 29  19  42  43   9  10   2  20  58   9  26  99  58   0  24  30  88  27  41  92 
 49  60  35  64  50  44  59  87   5   9  78  14  86  54   0  82  38  15  98  71 
  5  55  30  27  83  44  80  34  83   6  97  33  80  65  34   0  16  64  82  20 
 68  26  38  73  44  23  20  69  54  23  92  51  37  25  73  23   0  84  35  13 
 66  93  90  76  30  76  99  53  91  92  68  18  76  35  10  52  54   0  22  89 
 26  89  75  12  82  82  25  83  71  87  89  59  46  49  20  68  84  27   0  39 
 18  22  10  86  89  94  49   6  26  90  83   8  31  59  64  17  62  75  38   0 
M3
  0  57   7  60  63  97  37  40  72  64   6  74  31  49  93  24  64  64  64  29 
 68   0  86  89  93  46  46  88   3   8  44   8  98  45  14  68   5  63  40  16 
 38  38   0  83  98  27  34  59  59  33  24  57  74  87  32   7  57   1  61  86 
 18  64  99   0  26  38  99  54  38  54  45  94  82  48  24  82  60  70  89  54 
 72  11  23   8   0  32  67  11  93  38  60  65  27  31  89   1  10  25  27   6 
 31  42  55  19   1   0  36  73   4  39  35  60  97  82  61  25  56  58   3  78 
 68  23  38  36  25  57   0   3  55   8  52  65  77   4  90  22  90  15  61  52 
 35  38  73  77  89  40  79   0  22  54  22  62  38  57  25  71   3  58  33  87 
 64   8  94  97  88  40  10  98   0  42  82  45  13  11  32  35  68  18  83  61 
 15  41  87  26  53  22  20  79  97   0  22  70  96  33  35  65  14  47  53  19 
 33  10   9   8  73  59  73  94  59  11   0  84   4  42   3  73  95  90  77  97 
 46  79  18   5  26  85  23   5  29  16  17   0  23  13  85  91  66  90  42  86 
 71  39  31  62  13  97  79  27  41  99  40  43   0  46   8  33  68  62   3  84 
 29  19  42  43   9  10   2  20  58   9  26  99  58   0  24  30  88  27  41  92 
 49  60  35  64  50  44  59  87   5   9  78  14  86  54   0  82  38  15  98  71 
  5  55  30  27  83  44  80  34  83   6  97  33  80  65  34   0  16  64  82  20 
 68  26  38  73  44  23  20  69  54  23  92  51  37  25  73  23   0  84  35  13 
 66  93  90  76  30  76  99  53  91  92  68  18  76  35  10  52  54   0  22  89 
 26  89  75  12  82  82  25  83  71  87  89  59  46  49  20  68  84  27   0  39 
 18  22  10  86  89  94  49   6  26  90  83   8  31  59  64  17  62  75  38   0 
M4
  0  57   7  60  63  97  37  40  72  64   6  74  31  49  93  24  64  64  64  29 
 68   0  86  89  93  46  46  88   3   8  44   8  98  45  14  68   5  63  40  16 
 38  38   0  83  98  27  34  59  59  33  24  57  74  87  32   7  57   1  61  86 
 18  64  99   0  26  38  99  54  38  54  45  94  82  48  24  82  60  70  89  54 
 72  11  23   8   0  32  67  11  93  38  60  65  27  31  89   1  10  25  27   6 
 31  42  55  19   1   0  36  73   4  39  35  60  97  82  61  25  56  58   3  78 
 68  23  38  36  25  57   0   3  55   8  52  65  77   4  90  22  90  15  61  52 
 35  38  73  77  89  40  79   0  22  54  22  62  38  57  25  71   3  58  33  87 
 64   8  94  97  88  40  10  98   0  42  82  45  13  11  32  35  68  18  83  61 
 15  41  87  26  53  22  20  79  97   0  22  70  96  33  35  65  14  47  53  19 
 33  10   9   8  73  59  73  94  59  11   0  84   4  42   3  73  95  90  77  97 
 46  79  18   5  26  85  23   5  29  16  17   0  23  13  85  91  66  90  42  86 
 71  39  31  62  13  97  79  27  41  99  40  43   0  46   8  33  68  62   3  84 
 29  19  42  43   9  10   2  20  58   9  26  99  58   0  24  30  88  27  41  92 
 49  60  35  64  50  44  59  87   5   9  78  14  86  54   0  82  38  15  98  71 
  5  55  30  27  83  44  80  34  83   6  97  33  80  65  34   0  16  64  82  20 
 68  26  38  73  44  23  20  69  54  23  92  51  37  25  73  23   0  84  35  13 
 66  93  90  76  30  76  99  53  91  92  68  18  76  35  10  52  54   0  22  89 
 26  89  75  12  82  82  25  83  71  87  89  59  46  49  20  68  84  27   0  39 
 18  22  10  86  89  94  49   6  26  90  83   8  31  59  64  17  62  75  38   0 
M5
  0  57   7  60  63  97  37  40  72  64   6  74  31  49  93  24  64  64  64  29 
 68   0  86  89  93  46  46  88   3   8  44   8  98  45  14  68   5  63  40  16 
 38  38   0  83  98  27  34  59  59  33  24  57  74  87  32   7  57   1  61  86 
 18  64  99   0  26  38  99  54  38  54  45  94  82  48  24  82  60  70  89  54 
 72  11  23   8   0  32  67  11  93  38  60  65  27  31  89   1  10  25  27   6 
 31  42  55  19   1   0  36  73   4  39  35  60  97  82  61  25  56  58   3  78 
 68  23  38  36  25  57   0   3  55   8  52  65  77   4  90  22  90  15  61  52 
 35  38  73  77  89  40  79   0  22  54  22  62  38  57  25  71   3  58  33  87 
 64   8  94  97  88  40  10  98   0  42  82  45  13  11  32  35  68  18  83  61 
 15  41  87  26  53  22  20  79  97   0  22  70  96  33  35  65  14  47  53  19 
 33  10   9   8  73  59  73  94  59  11   0  84   4  42   3  73  95  90  77  97 
 46  79  18   5  26  85  23   5  29  16  17   0  23  13  85  91  66  90  42  86 
 71  39  31  62  13  97  79  27  41  99  40  43   0  46   8  33  68  62   3  84 
 29  19  42  43   9  10   2  20  58   9  26  99  58   0  24  30  88  27  41  92 
 49  60  35  64  50  44  59  87   5   9  78  14  86  54   0  82  38  15  98  71 
  5  55  30  27  83  44  80  34  83   6  97  33  80  65  34   0  16  64  82  20 
 68  26  38  73  44  23  20  69  54  23  92  51  37  25  73  23   0  84  35  13 
 66  93  90  76  30  76  99  53  91  92  68  18  76  35  10  52  54   0  22  89 
 26  89  75  12  82  82  25  83  71  87  89  59  46  49  20  68  84  27   0  39 
 18  22  10  86  89  94  49   6  26  90  83   8  31  59  64  17  62  75  38   0 
M6
  0  57   7  60  63  97  37  40  72  64   6  74  31  49  93  24  64  64  64  29 
 68   0  86  89  93  46  46  88   3   8  44   8  98  45  14  68   5  63  40  16 
 38  38   0  83  98  27  34  59  59  33  24  57  74  87  32   7  57   1  61  86 
 18  64  99   0  26  38  99  54  38  54  45  94  82  48  24  82  60  70  89  54 
 72  11  23   8   0  32  67  11  93  38  60  65  27  31  89   1  10  25  27   6 
 31  42  55  19   1   0  36  73   4  39  35  60  97  82  61  25  56  58   3  78 
 68  23  38  36  25  57   0   3  55   8  52  65  77   4  90  22  90  15  61  52 
 35  38  73  77  89  40  79   0  22  54  22  62  38  57  25  71   3  58  33  87 
 64   8  94  97  88  40  10  98   0  42  82  45  13  11  32  35  68  18  83  61 
 15  41  87  26  53  22  20  79  97   0  22  70  96  33  35  65  14  47  53  19 
 33  10   9   8  73  59  73  94  59  11   0  84   4  42   3  73  95  90  77  97 
 46  79  18   5  26  85  23   5  29  16  17   0  23  13  85  91  66  90  42  86 
 71  39  31  62  13  97  79  27  41  99  40  43   0  46   8  33  68  62   3  84 
 29  19  42  43   9  10   2  20  58   9  26  99  58   0  24  30  88  27  41  92 
 49  60  35  64  50  44  59  87   5   9  78  14  86  54   0  82  38  15  98  71 
  5  55  30  27  83  44  80  34  83   6  97  33  80  65  34   0  16  64  82  20 
 68  26  38  73  44  23  20  69  54  23  92  51  37  25  73  23   0  84  35  13 
 66  93  90  76  30  76  99  53  91  92  68  18  76  35  10  52  54   0  22  89 
 26  89  75  12  82  82  25  83  71  87  89  59  46  49  20  68  84  27   0  39 
 18  22  10  86  89  94  49   6  26  90  83   8  31  59  64  17  62  75  38   0 
M7
  0  57   7  60  63  97  37  40  72  64   6  74  31  49  93  24  64  64  64  29 
 68   0  86  89  93  46  46  88   3   8  44   8  98  45  14  68   5  63  40  16 
 38  38   0  83  98  27  34  59  59  33  24  57  74  87  32   7  57   1  61  86 
 18  64  99   0  26  38  99  54  38  54  45  94  82  48  24  82  60  70  89  54 
 72  11  23   8   0  32  67  11  93  38  60  65  27  31  89   1  10  25  27   6 
 31  42  55  19   1   0  36  73   4  39  35  60  97  82  61  25  56  58   3  78 
 68  23  38  36  25  57   0   3  55   8  52  65  77   4  90  22  90  15  61  52 
 35  38  73  77  89  40  79   0  22  54  22  62  38  57  25  71   3  58  33  87 
 64   8  94  97  88  40  10  98   0  42  82  45  13  11  32  35  68  18  83  61 
 15  41  87  26  53  22  20  79  97   0  22  70  96  33  35  65  14  47  53  19 
 33  10   9   8  73  59  73  94  59  11   0  84   4  42   3  73  95  90  77  97 
 46  79  18   5  26  85  23   5  29  16  17   0  23  13  85  91  66  90  42  86 
 71  39  31  62  13  97  79  27  41  99  40  43   0  46   8  33  68  62   3  84 
 29  19  42  43   9  10   2  20  58   9  26  99  58   0  24  30  88  27  41  92 
 49  60  35  64  50  44  59  87   5   9  78  14  86  54   0  82  38  15  98  71 
  5  55  30  27  83  44  80  34  83   6  97  33  80  65  34   0  16  64  82  20 
 68  26  38  73  44  23  20  69  54  23  92  51  37  25  73  23   0  84  35  13 
 66  93  90  76  30  76  99  53  91  92  68  18  76  35  10  52  54   0  22  89 
 26  89  75  12  82  82  25  83  71  87  89  59  46  49  20  68  84  27   0  39 
 18  22  10  86  89  94  49   6  26  90  83   8  31  59  64  17  62  75  38   0 
M8
  0  57   7  60  63  97  37  40  72  64   6  74  31  49  93  24  64  64  64  29 
 68   0  86  89  93  46  46  88   3   8  44   8  98  45  14  68   5  63  40  16 
 38  38   0  83  98  27  34  59  59  33  24  57  74  87  32   7  57   1  61  86 
 18  64  99   0  26  38  99  54  38  54  45  94  82  48  24  82  60  70  89  54 
 72  11  23   8   0  32  67  11  93  38  60  65  27  31  89   1  10  25  27   6 
 31  42  55  19   1   0  36  73   4  39  35  60  97  82  61  25  56  58   3  78 
 68  23  38  36  25  57   0   3  55   8  52  65  77   4  90  22  90  15  61  52 
 35  38  73  77  89  40  79   0  22  54  22  62  38  57  25  71   3  58  33  87 
 64   8  94  97  88  40  10  98   0  42  82  45  13  11  32  35  68  18  83  61 
 15  41  87  26  53  22  20  79  97   0  22  70  96  33  35  65  14  47  53  19 
 33  10   9   8  73  59  73  94  59  11   0  84   4  42   3  73  95  90  77  97 
 46  79  18   5  26  85  23   5  29  16  17   0  23  13  85  91  66  90  42  86 
 71  39  31  62  13  97  79  27  41  99  40  43   0  46   8  33  68  62   3  84 
 29  19  42  43   9  10   2  20  58   9  26  99  58   0  24  30  88  27  41  92 
 49  60  35  64  50  44  59  87   5   9  78  14  86  54   0  82  38  15  98  71 
  5  55  30  27  83  44  80  34  83   6  97  33  80  65  34   0  16  64  82  20 
 68  26  38  73  44  23  20  69  54  23  92  51  37  25  73  23   0  84  35  13 
 66  93  90  76  30  76  99  53  91  92  68  18  76  35  10  52  54   0  22  89 
 26  89  75  12  82  82  25  83  71  87  89  59  46  49  20  68  84  27   0  39 
 18  22  10  86  89  94  49   6  26  90  83   8  31  59  64  17  62  75  38   0 
M9
  0  57   7  60  63  97  37  40  72  64   6  74  31  49  93  24  64  64  64  29 
 68   0  86  89  93  46  46  88   3   8  44   8  98  45  14  68   5  63  40  16 
 38  38   0  83  98  27  34  59  59  33  24  57  74  87  32   7  57   1  61  86 
 18  64  99   0  26  38  99  54  38  54  45  94  82  48  24  82  60  70  89  54 
 72  11  23   8   0  32  67  11  93  38  60  65  27  31  89   1  10  25  27   6 
 31  42  55  19   1   0  36  73   4  39  35  60  97  82  61  25  56  58   3  78 
 68  23  38  36  25  57   0   3  55   8  52  65  77   4  90  22  90  15  61  52 
 35  38  73  77  89  40  79   0  22  54  22  62  38  57  25  71   3  58  33  87 
 64   8  94  97  88  40  10  98   0  42  82  45  13  11  32  35  68  18  83  61 
 15  41  87  26  53  22  20  79  97   0  22  70  96  33  35  65  14  47  53  19 
 33  10   9   8  73  59  73  94  59  11   0  84   4  42   3  73  95  90  77  97 
 46  79  18   5  26  85  23   5  29  16  17   0  23  13  85  91  66  90  42  86 
 71  39  31  62  13  97  79  27  41  99  40  43   0  46   8  33  68  62   3  84 
 29  19  42  43   9  10   2  20  58   9  26  99  58   0  24  30  88  27  41  92 
 49  60  35  64  50  44  59  87   5   9  78  14  86  54   0  82  38  15  98  71 
  5  55  30  27  83  44  80  34  83   6  97  33  80  65  34   0  16  64  82  20 
 68  26  38  73  44  23  20  69  54  23  92  51  37  25  73  23   0  84  35  13 
 66  93  90  76  30  76  99  53  91  92  68  18  76  35  10  52  54   0  22  89 
 26  89  75  12  82  82  25  83  71  87  89  59  46  49  20  68  84  27   0  39 
 18  22  10  86  89  94  49   6  26  90  83   8  31  59  64  17  62  75  38   0 
Reldue
 3328    7    3
 1611    4    5
 3585    3    5
 4021    9    7
 2332    2    8
 1481    9    6
 1913    6    3
 2935    7    3
 1200    5    8
 1851    8    8
 1179    4    2
 3117    5    6
 3793    4    2
 1747    3    2
 2195    4    2
 3862    8    7
 2808    3    2
 3604    9    8
 2287    6    7
 3186    9    5
DDW
 3109  3548
 1461  1761
 3228  3942
 3712  4330
 2124  2539
 1334  1627
 1722  2104
 2717  3153
 1101  1299
 1688  2015
 1118  1240
 2880  3354
 3572  4015
 1574  1919
 2041  2349
 3506  4218
 2548  3068
 3323  3885
 2140  2434
 2982  3390
