20   8
MD
  5  4  3  2  4  4  2  3
PT
 88  89  11  91  48  61  78  16   6   9  39  52  10  99  94  10  19  91  48  92 
  7  79  49  40  62   5   3  66  31  14  60  61  16  90  19   8  86   2  97  18 
 57  98  26  12  59   4  16  36  48  17  25  61  94  32  23   8   7  92  55  71 
 81  55  96  38  23  21  57  71  39  36  74  97  94  34  57  14  28  58  48  94 
 89  52  40  75  53  97  62  27  43  64  57  60  93  79  18  93  87   8  81  87 
 24  48  27  86  35  96  85  61  93  79  98  62  62  35  80  84  91  29  90  13 
 97  48  43  81  30  13  90  60  65   9  20  43  88  72  54   9  74  96  28  26 
 75  56  79   9  37  81  18   3   6   7  26   8  69  26  74  48  67  70  97  33 
SSD
M0
  0  34  79  88  55  88  41  12  70  29  66   4  22  77   3  54  12  19  87  86 
 47   0  83  45  86  88  83  82  68  11   4  68  67  62  79  58  92  93  52   7 
 73  37   0   2  78  43  70  42   1  98  66  29  47  72  82  59  60  83  57  99 
 55  58  12   0  16  89  97  65  80  11  52  27  62  19  14  94   7  17  10  95 
 59  54  11  69   0  48  76  59   4  54  60  92  19  14  90  65  49  59  18  11 
 10  70  90  35  77   0   8  95   1  44  81  79  70  77  60  93  50  71  93   4 
 51  49  20  63   7   3   0   1  83  69  32  43  94  27  79  92  53   9  72  60 
 12   7  82  65  13  37  42   0   2  49  71   9  66  89  71  71  35  11  67  72 
 71  92  70  69  75  58   6  53   0  41  48  36  88  34  72  84  82  76  31  84 
 96  40  70  49  59   6  46  52  21   0  63  17  50  26  68  45   6  37  25  58 
 82  28  93  38  41  39  40  43  76  61   0  96  46  72  62   2  79  10  61  28 
 45  15  18  67  21  31  83  96  98  36  76   0  52  28  68  84  72   4   9  31 
 92  14  83  46  99  99  50  56  82  31  21   3   0  34  63  68  74  86  22   6 
 25  51  64  81  28  38  58  52  37  89  62   7  45   0  56  57  72  73  21  73 
 25  20  14  70  95  95  59  26  44  81   6   5  54  24   0  98  23  90  29  55 
 22  12  10  77   4  67  24  49  18   2  59   8  79  66  66   0  81  79  84  93 
 16  27  43  79  78  89  41  43  12  60  83  44  74  84  63   5   0   5  21  43 
 25   2  84   7  76   3   5  69   2  40  80  96  80  36  53  39  26   0   1  78 
 13  69  79  34  85  26  47  96  95   1  69  15   8  63  74  64  99  16   0  39 
 51  80  52  74  35   1  21  85  85  28  62  84   7  94  51  75  45  57   4   0 
M1
  0  34  79  88  55  88  41  12  70  29  66   4  22  77   3  54  12  19  87  86 
 47   0  83  45  86  88  83  82  68  11   4  68  67  62  79  58  92  93  52   7 
 73  37   0   2  78  43  70  42   1  98  66  29  47  72  82  59  60  83  57  99 
 55  58  12   0  16  89  97  65  80  11  52  27  62  19  14  94   7  17  10  95 
 59  54  11  69   0  48  76  59   4  54  60  92  19  14  90  65  49  59  18  11 
 10  70  90  35  77   0   8  95   1  44  81  79  70  77  60  93  50  71  93   4 
 51  49  20  63   7   3   0   1  83  69  32  43  94  27  79  92  53   9  72  60 
 12   7  82  65  13  37  42   0   2  49  71   9  66  89  71  71  35  11  67  72 
 71  92  70  69  75  58   6  53   0  41  48  36  88  34  72  84  82  76  31  84 
 96  40  70  49  59   6  46  52  21   0  63  17  50  26  68  45   6  37  25  58 
 82  28  93  38  41  39  40  43  76  61   0  96  46  72  62   2  79  10  61  28 
 45  15  18  67  21  31  83  96  98  36  76   0  52  28  68  84  72   4   9  31 
 92  14  83  46  99  99  50  56  82  31  21   3   0  34  63  68  74  86  22   6 
 25  51  64  81  28  38  58  52  37  89  62   7  45   0  56  57  72  73  21  73 
 25  20  14  70  95  95  59  26  44  81   6   5  54  24   0  98  23  90  29  55 
 22  12  10  77   4  67  24  49  18   2  59   8  79  66  66   0  81  79  84  93 
 16  27  43  79  78  89  41  43  12  60  83  44  74  84  63   5   0   5  21  43 
 25   2  84   7  76   3   5  69   2  40  80  96  80  36  53  39  26   0   1  78 
 13  69  79  34  85  26  47  96  95   1  69  15   8  63  74  64  99  16   0  39 
 51  80  52  74  35   1  21  85  85  28  62  84   7  94  51  75  45  57   4   0 
M2
  0  34  79  88  55  88  41  12  70  29  66   4  22  77   3  54  12  19  87  86 
 47   0  83  45  86  88  83  82  68  11   4  68  67  62  79  58  92  93  52   7 
 73  37   0   2  78  43  70  42   1  98  66  29  47  72  82  59  60  83  57  99 
 55  58  12   0  16  89  97  65  80  11  52  27  62  19  14  94   7  17  10  95 
 59  54  11  69   0  48  76  59   4  54  60  92  19  14  90  65  49  59  18  11 
 10  70  90  35  77   0   8  95   1  44  81  79  70  77  60  93  50  71  93   4 
 51  49  20  63   7   3   0   1  83  69  32  43  94  27  79  92  53   9  72  60 
 12   7  82  65  13  37  42   0   2  49  71   9  66  89  71  71  35  11  67  72 
 71  92  70  69  75  58   6  53   0  41  48  36  88  34  72  84  82  76  31  84 
 96  40  70  49  59   6  46  52  21   0  63  17  50  26  68  45   6  37  25  58 
 82  28  93  38  41  39  40  43  76  61   0  96  46  72  62   2  79  10  61  28 
 45  15  18  67  21  31  83  96  98  36  76   0  52  28  68  84  72   4   9  31 
 92  14  83  46  99  99  50  56  82  31  21   3   0  34  63  68  74  86  22   6 
 25  51  64  81  28  38  58  52  37  89  62   7  45   0  56  57  72  73  21  73 
 25  20  14  70  95  95  59  26  44  81   6   5  54  24   0  98  23  90  29  55 
 22  12  10  77   4  67  24  49  18   2  59   8  79  66  66   0  81  79  84  93 
 16  27  43  79  78  89  41  43  12  60  83  44  74  84  63   5   0   5  21  43 
 25   2  84   7  76   3   5  69   2  40  80  96  80  36  53  39  26   0   1  78 
 13  69  79  34  85  26  47  96  95   1  69  15   8  63  74  64  99  16   0  39 
 51  80  52  74  35   1  21  85  85  28  62  84   7  94  51  75  45  57   4   0 
M3
  0  34  79  88  55  88  41  12  70  29  66   4  22  77   3  54  12  19  87  86 
 47   0  83  45  86  88  83  82  68  11   4  68  67  62  79  58  92  93  52   7 
 73  37   0   2  78  43  70  42   1  98  66  29  47  72  82  59  60  83  57  99 
 55  58  12   0  16  89  97  65  80  11  52  27  62  19  14  94   7  17  10  95 
 59  54  11  69   0  48  76  59   4  54  60  92  19  14  90  65  49  59  18  11 
 10  70  90  35  77   0   8  95   1  44  81  79  70  77  60  93  50  71  93   4 
 51  49  20  63   7   3   0   1  83  69  32  43  94  27  79  92  53   9  72  60 
 12   7  82  65  13  37  42   0   2  49  71   9  66  89  71  71  35  11  67  72 
 71  92  70  69  75  58   6  53   0  41  48  36  88  34  72  84  82  76  31  84 
 96  40  70  49  59   6  46  52  21   0  63  17  50  26  68  45   6  37  25  58 
 82  28  93  38  41  39  40  43  76  61   0  96  46  72  62   2  79  10  61  28 
 45  15  18  67  21  31  83  96  98  36  76   0  52  28  68  84  72   4   9  31 
 92  14  83  46  99  99  50  56  82  31  21   3   0  34  63  68  74  86  22   6 
 25  51  64  81  28  38  58  52  37  89  62   7  45   0  56  57  72  73  21  73 
 25  20  14  70  95  95  59  26  44  81   6   5  54  24   0  98  23  90  29  55 
 22  12  10  77   4  67  24  49  18   2  59   8  79  66  66   0  81  79  84  93 
 16  27  43  79  78  89  41  43  12  60  83  44  74  84  63   5   0   5  21  43 
 25   2  84   7  76   3   5  69   2  40  80  96  80  36  53  39  26   0   1  78 
 13  69  79  34  85  26  47  96  95   1  69  15   8  63  74  64  99  16   0  39 
 51  80  52  74  35   1  21  85  85  28  62  84   7  94  51  75  45  57   4   0 
M4
  0  34  79  88  55  88  41  12  70  29  66   4  22  77   3  54  12  19  87  86 
 47   0  83  45  86  88  83  82  68  11   4  68  67  62  79  58  92  93  52   7 
 73  37   0   2  78  43  70  42   1  98  66  29  47  72  82  59  60  83  57  99 
 55  58  12   0  16  89  97  65  80  11  52  27  62  19  14  94   7  17  10  95 
 59  54  11  69   0  48  76  59   4  54  60  92  19  14  90  65  49  59  18  11 
 10  70  90  35  77   0   8  95   1  44  81  79  70  77  60  93  50  71  93   4 
 51  49  20  63   7   3   0   1  83  69  32  43  94  27  79  92  53   9  72  60 
 12   7  82  65  13  37  42   0   2  49  71   9  66  89  71  71  35  11  67  72 
 71  92  70  69  75  58   6  53   0  41  48  36  88  34  72  84  82  76  31  84 
 96  40  70  49  59   6  46  52  21   0  63  17  50  26  68  45   6  37  25  58 
 82  28  93  38  41  39  40  43  76  61   0  96  46  72  62   2  79  10  61  28 
 45  15  18  67  21  31  83  96  98  36  76   0  52  28  68  84  72   4   9  31 
 92  14  83  46  99  99  50  56  82  31  21   3   0  34  63  68  74  86  22   6 
 25  51  64  81  28  38  58  52  37  89  62   7  45   0  56  57  72  73  21  73 
 25  20  14  70  95  95  59  26  44  81   6   5  54  24   0  98  23  90  29  55 
 22  12  10  77   4  67  24  49  18   2  59   8  79  66  66   0  81  79  84  93 
 16  27  43  79  78  89  41  43  12  60  83  44  74  84  63   5   0   5  21  43 
 25   2  84   7  76   3   5  69   2  40  80  96  80  36  53  39  26   0   1  78 
 13  69  79  34  85  26  47  96  95   1  69  15   8  63  74  64  99  16   0  39 
 51  80  52  74  35   1  21  85  85  28  62  84   7  94  51  75  45  57   4   0 
M5
  0  34  79  88  55  88  41  12  70  29  66   4  22  77   3  54  12  19  87  86 
 47   0  83  45  86  88  83  82  68  11   4  68  67  62  79  58  92  93  52   7 
 73  37   0   2  78  43  70  42   1  98  66  29  47  72  82  59  60  83  57  99 
 55  58  12   0  16  89  97  65  80  11  52  27  62  19  14  94   7  17  10  95 
 59  54  11  69   0  48  76  59   4  54  60  92  19  14  90  65  49  59  18  11 
 10  70  90  35  77   0   8  95   1  44  81  79  70  77  60  93  50  71  93   4 
 51  49  20  63   7   3   0   1  83  69  32  43  94  27  79  92  53   9  72  60 
 12   7  82  65  13  37  42   0   2  49  71   9  66  89  71  71  35  11  67  72 
 71  92  70  69  75  58   6  53   0  41  48  36  88  34  72  84  82  76  31  84 
 96  40  70  49  59   6  46  52  21   0  63  17  50  26  68  45   6  37  25  58 
 82  28  93  38  41  39  40  43  76  61   0  96  46  72  62   2  79  10  61  28 
 45  15  18  67  21  31  83  96  98  36  76   0  52  28  68  84  72   4   9  31 
 92  14  83  46  99  99  50  56  82  31  21   3   0  34  63  68  74  86  22   6 
 25  51  64  81  28  38  58  52  37  89  62   7  45   0  56  57  72  73  21  73 
 25  20  14  70  95  95  59  26  44  81   6   5  54  24   0  98  23  90  29  55 
 22  12  10  77   4  67  24  49  18   2  59   8  79  66  66   0  81  79  84  93 
 16  27  43  79  78  89  41  43  12  60  83  44  74  84  63   5   0   5  21  43 
 25   2  84   7  76   3   5  69   2  40  80  96  80  36  53  39  26   0   1  78 
 13  69  79  34  85  26  47  96  95   1  69  15   8  63  74  64  99  16   0  39 
 51  80  52  74  35   1  21  85  85  28  62  84   7  94  51  75  45  57   4   0 
M6
  0  34  79  88  55  88  41  12  70  29  66   4  22  77   3  54  12  19  87  86 
 47   0  83  45  86  88  83  82  68  11   4  68  67  62  79  58  92  93  52   7 
 73  37   0   2  78  43  70  42   1  98  66  29  47  72  82  59  60  83  57  99 
 55  58  12   0  16  89  97  65  80  11  52  27  62  19  14  94   7  17  10  95 
 59  54  11  69   0  48  76  59   4  54  60  92  19  14  90  65  49  59  18  11 
 10  70  90  35  77   0   8  95   1  44  81  79  70  77  60  93  50  71  93   4 
 51  49  20  63   7   3   0   1  83  69  32  43  94  27  79  92  53   9  72  60 
 12   7  82  65  13  37  42   0   2  49  71   9  66  89  71  71  35  11  67  72 
 71  92  70  69  75  58   6  53   0  41  48  36  88  34  72  84  82  76  31  84 
 96  40  70  49  59   6  46  52  21   0  63  17  50  26  68  45   6  37  25  58 
 82  28  93  38  41  39  40  43  76  61   0  96  46  72  62   2  79  10  61  28 
 45  15  18  67  21  31  83  96  98  36  76   0  52  28  68  84  72   4   9  31 
 92  14  83  46  99  99  50  56  82  31  21   3   0  34  63  68  74  86  22   6 
 25  51  64  81  28  38  58  52  37  89  62   7  45   0  56  57  72  73  21  73 
 25  20  14  70  95  95  59  26  44  81   6   5  54  24   0  98  23  90  29  55 
 22  12  10  77   4  67  24  49  18   2  59   8  79  66  66   0  81  79  84  93 
 16  27  43  79  78  89  41  43  12  60  83  44  74  84  63   5   0   5  21  43 
 25   2  84   7  76   3   5  69   2  40  80  96  80  36  53  39  26   0   1  78 
 13  69  79  34  85  26  47  96  95   1  69  15   8  63  74  64  99  16   0  39 
 51  80  52  74  35   1  21  85  85  28  62  84   7  94  51  75  45  57   4   0 
M7
  0  34  79  88  55  88  41  12  70  29  66   4  22  77   3  54  12  19  87  86 
 47   0  83  45  86  88  83  82  68  11   4  68  67  62  79  58  92  93  52   7 
 73  37   0   2  78  43  70  42   1  98  66  29  47  72  82  59  60  83  57  99 
 55  58  12   0  16  89  97  65  80  11  52  27  62  19  14  94   7  17  10  95 
 59  54  11  69   0  48  76  59   4  54  60  92  19  14  90  65  49  59  18  11 
 10  70  90  35  77   0   8  95   1  44  81  79  70  77  60  93  50  71  93   4 
 51  49  20  63   7   3   0   1  83  69  32  43  94  27  79  92  53   9  72  60 
 12   7  82  65  13  37  42   0   2  49  71   9  66  89  71  71  35  11  67  72 
 71  92  70  69  75  58   6  53   0  41  48  36  88  34  72  84  82  76  31  84 
 96  40  70  49  59   6  46  52  21   0  63  17  50  26  68  45   6  37  25  58 
 82  28  93  38  41  39  40  43  76  61   0  96  46  72  62   2  79  10  61  28 
 45  15  18  67  21  31  83  96  98  36  76   0  52  28  68  84  72   4   9  31 
 92  14  83  46  99  99  50  56  82  31  21   3   0  34  63  68  74  86  22   6 
 25  51  64  81  28  38  58  52  37  89  62   7  45   0  56  57  72  73  21  73 
 25  20  14  70  95  95  59  26  44  81   6   5  54  24   0  98  23  90  29  55 
 22  12  10  77   4  67  24  49  18   2  59   8  79  66  66   0  81  79  84  93 
 16  27  43  79  78  89  41  43  12  60  83  44  74  84  63   5   0   5  21  43 
 25   2  84   7  76   3   5  69   2  40  80  96  80  36  53  39  26   0   1  78 
 13  69  79  34  85  26  47  96  95   1  69  15   8  63  74  64  99  16   0  39 
 51  80  52  74  35   1  21  85  85  28  62  84   7  94  51  75  45  57   4   0 
Reldue
 2967    9    9
 2028    2    9
 1931    9    8
 3186    7    7
 2390    2    5
  866    5    4
 1659    5    7
 2042    1    6
  807    3    4
 1527    1    9
  847    5    2
 1530    3    6
 1044    2    7
 2372    2    4
 2481    1    1
 2571    3    1
 2830    4    7
 2314    6    5
 1020    4    5
 2706    3    7
DDW
 2814  3120
 1863  2194
 1783  2079
 2907  3466
 2191  2588
  820   913
 1535  1783
 1891  2193
  757   856
 1445  1610
  780   914
 1381  1679
  940  1148
 2222  2523
 2336  2626
 2411  2731
 2599  3060
 2088  2539
  951  1088
 2492  2921
