20  10
MD
  4  4  3  2  4  5  5  2  2  4
PT
 20  16  93  48  99  81  78  72  98  39   3  37  74  44  71  78  50  33  27  89 
 21  63  22  11  60  26  49  54   4  13  82  59  87  45  62  96  65  81  28  47 
 91  15  40  25  35  43  71  67  94  47  37  52  41  35  24  78  54  99  44  16 
 15  49  11  99  52  27   1   5  83  11  72  59  15  43  59  85  76  91  20  40 
 98  77  53  80  73  36  69  25   8  72  61  74  34  33   3  44  67  46  58  86 
 24  33  22  25  84   3  14  94  34   1  98  90  64   6  80  60   3  60   7   5 
 73   5  64  25  72  43  96  53  33  36  26  32  15  75  53   1  17  76  45  70 
 55  83   8  57  80  80  83  35  44  45   6  58  66  52  19  82  12  96  65  51 
 77  39   7  38  40  14  14  22  10  49  23  17  64   1  63  20  73  70  20  21 
  4  68  38  39  50  94  22  58  59  46  79  81  38  93  96  20  78  80  64  62 
SSD
M0
  0  45  22  12  95  62   5  13  64  95  92   4   2  14   9  67   2  53  26  16 
 68   0  34  60  24  70  53  49  53  35  56  84  98  94  32  97  67  55  82  43 
 48  16   0  95   5  74  61  69   6  50  87  79  17  52   7   3  23   7  30  45 
 30  29  96   0  42  65  67  39   9   4  61  95  14  64  95  73  22  47   6   7 
 81  91  58  61   0  74  82  89  73  24  99  80  39  71  54  39  56  53  42  29 
 30  61  89  85  69   0  13  83  75  40  10  23  16  15  68  83  83   1  84   3 
 75  17  49  16  56  83   0  10  69  93  13  52  47  24  83  54  43  67  68  49 
 65   4  27   4  27  88  68   0  97  11  76  49  71  28  79  83  37  95  52  91 
 85  50  48  90  16   4  45  91   0  28  53  53  69  27  83  83   1  25  14  12 
  2  21  31  97  67  70  29  59  94   0  67  38  29  82  95  75  19  86   8  63 
 19  68  29  12  22   3  90  82  36  43   0  45  25  25  80  96  89  74  97  85 
 78  81  93  21   2  67  59  66  31  34  99   0  79   2  79   7  95  77  33  48 
 58   7  98  62  80  52  78  89  70  25  77   8   0  64  30  97  18  10  46  82 
 90  19  67  41   1  80  72  19  88  56  31  16  67   0  39  47   8  89  60  33 
 28  10  67  67  98  70  89  64  74  35  67  27  50  60   0  42  24  29  25  37 
 71   8   9  24  71  71  27  27  19  37  53  59  89   8  39   0  51  56  58   5 
 32  86  47  94   6  74  42   5  15  32  33  87  26  20  29  26   0   2  29  12 
 12  58   2  78  62  57  44  87  25  96  29   4  39  56  63  67  35   0  43   6 
 12  51  65  66  63  81  90  93  61   5  88  70  61  28  19  83  12  50   0  44 
 54  66  57  69  11  67  68  76  42  60  93  45  33  55  66  26   8  36   3   0 
M1
  0  45  22  12  95  62   5  13  64  95  92   4   2  14   9  67   2  53  26  16 
 68   0  34  60  24  70  53  49  53  35  56  84  98  94  32  97  67  55  82  43 
 48  16   0  95   5  74  61  69   6  50  87  79  17  52   7   3  23   7  30  45 
 30  29  96   0  42  65  67  39   9   4  61  95  14  64  95  73  22  47   6   7 
 81  91  58  61   0  74  82  89  73  24  99  80  39  71  54  39  56  53  42  29 
 30  61  89  85  69   0  13  83  75  40  10  23  16  15  68  83  83   1  84   3 
 75  17  49  16  56  83   0  10  69  93  13  52  47  24  83  54  43  67  68  49 
 65   4  27   4  27  88  68   0  97  11  76  49  71  28  79  83  37  95  52  91 
 85  50  48  90  16   4  45  91   0  28  53  53  69  27  83  83   1  25  14  12 
  2  21  31  97  67  70  29  59  94   0  67  38  29  82  95  75  19  86   8  63 
 19  68  29  12  22   3  90  82  36  43   0  45  25  25  80  96  89  74  97  85 
 78  81  93  21   2  67  59  66  31  34  99   0  79   2  79   7  95  77  33  48 
 58   7  98  62  80  52  78  89  70  25  77   8   0  64  30  97  18  10  46  82 
 90  19  67  41   1  80  72  19  88  56  31  16  67   0  39  47   8  89  60  33 
 28  10  67  67  98  70  89  64  74  35  67  27  50  60   0  42  24  29  25  37 
 71   8   9  24  71  71  27  27  19  37  53  59  89   8  39   0  51  56  58   5 
 32  86  47  94   6  74  42   5  15  32  33  87  26  20  29  26   0   2  29  12 
 12  58   2  78  62  57  44  87  25  96  29   4  39  56  63  67  35   0  43   6 
 12  51  65  66  63  81  90  93  61   5  88  70  61  28  19  83  12  50   0  44 
 54  66  57  69  11  67  68  76  42  60  93  45  33  55  66  26   8  36   3   0 
M2
  0  45  22  12  95  62   5  13  64  95  92   4   2  14   9  67   2  53  26  16 
 68   0  34  60  24  70  53  49  53  35  56  84  98  94  32  97  67  55  82  43 
 48  16   0  95   5  74  61  69   6  50  87  79  17  52   7   3  23   7  30  45 
 30  29  96   0  42  65  67  39   9   4  61  95  14  64  95  73  22  47   6   7 
 81  91  58  61   0  74  82  89  73  24  99  80  39  71  54  39  56  53  42  29 
 30  61  89  85  69   0  13  83  75  40  10  23  16  15  68  83  83   1  84   3 
 75  17  49  16  56  83   0  10  69  93  13  52  47  24  83  54  43  67  68  49 
 65   4  27   4  27  88  68   0  97  11  76  49  71  28  79  83  37  95  52  91 
 85  50  48  90  16   4  45  91   0  28  53  53  69  27  83  83   1  25  14  12 
  2  21  31  97  67  70  29  59  94   0  67  38  29  82  95  75  19  86   8  63 
 19  68  29  12  22   3  90  82  36  43   0  45  25  25  80  96  89  74  97  85 
 78  81  93  21   2  67  59  66  31  34  99   0  79   2  79   7  95  77  33  48 
 58   7  98  62  80  52  78  89  70  25  77   8   0  64  30  97  18  10  46  82 
 90  19  67  41   1  80  72  19  88  56  31  16  67   0  39  47   8  89  60  33 
 28  10  67  67  98  70  89  64  74  35  67  27  50  60   0  42  24  29  25  37 
 71   8   9  24  71  71  27  27  19  37  53  59  89   8  39   0  51  56  58   5 
 32  86  47  94   6  74  42   5  15  32  33  87  26  20  29  26   0   2  29  12 
 12  58   2  78  62  57  44  87  25  96  29   4  39  56  63  67  35   0  43   6 
 12  51  65  66  63  81  90  93  61   5  88  70  61  28  19  83  12  50   0  44 
 54  66  57  69  11  67  68  76  42  60  93  45  33  55  66  26   8  36   3   0 
M3
  0  45  22  12  95  62   5  13  64  95  92   4   2  14   9  67   2  53  26  16 
 68   0  34  60  24  70  53  49  53  35  56  84  98  94  32  97  67  55  82  43 
 48  16   0  95   5  74  61  69   6  50  87  79  17  52   7   3  23   7  30  45 
 30  29  96   0  42  65  67  39   9   4  61  95  14  64  95  73  22  47   6   7 
 81  91  58  61   0  74  82  89  73  24  99  80  39  71  54  39  56  53  42  29 
 30  61  89  85  69   0  13  83  75  40  10  23  16  15  68  83  83   1  84   3 
 75  17  49  16  56  83   0  10  69  93  13  52  47  24  83  54  43  67  68  49 
 65   4  27   4  27  88  68   0  97  11  76  49  71  28  79  83  37  95  52  91 
 85  50  48  90  16   4  45  91   0  28  53  53  69  27  83  83   1  25  14  12 
  2  21  31  97  67  70  29  59  94   0  67  38  29  82  95  75  19  86   8  63 
 19  68  29  12  22   3  90  82  36  43   0  45  25  25  80  96  89  74  97  85 
 78  81  93  21   2  67  59  66  31  34  99   0  79   2  79   7  95  77  33  48 
 58   7  98  62  80  52  78  89  70  25  77   8   0  64  30  97  18  10  46  82 
 90  19  67  41   1  80  72  19  88  56  31  16  67   0  39  47   8  89  60  33 
 28  10  67  67  98  70  89  64  74  35  67  27  50  60   0  42  24  29  25  37 
 71   8   9  24  71  71  27  27  19  37  53  59  89   8  39   0  51  56  58   5 
 32  86  47  94   6  74  42   5  15  32  33  87  26  20  29  26   0   2  29  12 
 12  58   2  78  62  57  44  87  25  96  29   4  39  56  63  67  35   0  43   6 
 12  51  65  66  63  81  90  93  61   5  88  70  61  28  19  83  12  50   0  44 
 54  66  57  69  11  67  68  76  42  60  93  45  33  55  66  26   8  36   3   0 
M4
  0  45  22  12  95  62   5  13  64  95  92   4   2  14   9  67   2  53  26  16 
 68   0  34  60  24  70  53  49  53  35  56  84  98  94  32  97  67  55  82  43 
 48  16   0  95   5  74  61  69   6  50  87  79  17  52   7   3  23   7  30  45 
 30  29  96   0  42  65  67  39   9   4  61  95  14  64  95  73  22  47   6   7 
 81  91  58  61   0  74  82  89  73  24  99  80  39  71  54  39  56  53  42  29 
 30  61  89  85  69   0  13  83  75  40  10  23  16  15  68  83  83   1  84   3 
 75  17  49  16  56  83   0  10  69  93  13  52  47  24  83  54  43  67  68  49 
 65   4  27   4  27  88  68   0  97  11  76  49  71  28  79  83  37  95  52  91 
 85  50  48  90  16   4  45  91   0  28  53  53  69  27  83  83   1  25  14  12 
  2  21  31  97  67  70  29  59  94   0  67  38  29  82  95  75  19  86   8  63 
 19  68  29  12  22   3  90  82  36  43   0  45  25  25  80  96  89  74  97  85 
 78  81  93  21   2  67  59  66  31  34  99   0  79   2  79   7  95  77  33  48 
 58   7  98  62  80  52  78  89  70  25  77   8   0  64  30  97  18  10  46  82 
 90  19  67  41   1  80  72  19  88  56  31  16  67   0  39  47   8  89  60  33 
 28  10  67  67  98  70  89  64  74  35  67  27  50  60   0  42  24  29  25  37 
 71   8   9  24  71  71  27  27  19  37  53  59  89   8  39   0  51  56  58   5 
 32  86  47  94   6  74  42   5  15  32  33  87  26  20  29  26   0   2  29  12 
 12  58   2  78  62  57  44  87  25  96  29   4  39  56  63  67  35   0  43   6 
 12  51  65  66  63  81  90  93  61   5  88  70  61  28  19  83  12  50   0  44 
 54  66  57  69  11  67  68  76  42  60  93  45  33  55  66  26   8  36   3   0 
M5
  0  45  22  12  95  62   5  13  64  95  92   4   2  14   9  67   2  53  26  16 
 68   0  34  60  24  70  53  49  53  35  56  84  98  94  32  97  67  55  82  43 
 48  16   0  95   5  74  61  69   6  50  87  79  17  52   7   3  23   7  30  45 
 30  29  96   0  42  65  67  39   9   4  61  95  14  64  95  73  22  47   6   7 
 81  91  58  61   0  74  82  89  73  24  99  80  39  71  54  39  56  53  42  29 
 30  61  89  85  69   0  13  83  75  40  10  23  16  15  68  83  83   1  84   3 
 75  17  49  16  56  83   0  10  69  93  13  52  47  24  83  54  43  67  68  49 
 65   4  27   4  27  88  68   0  97  11  76  49  71  28  79  83  37  95  52  91 
 85  50  48  90  16   4  45  91   0  28  53  53  69  27  83  83   1  25  14  12 
  2  21  31  97  67  70  29  59  94   0  67  38  29  82  95  75  19  86   8  63 
 19  68  29  12  22   3  90  82  36  43   0  45  25  25  80  96  89  74  97  85 
 78  81  93  21   2  67  59  66  31  34  99   0  79   2  79   7  95  77  33  48 
 58   7  98  62  80  52  78  89  70  25  77   8   0  64  30  97  18  10  46  82 
 90  19  67  41   1  80  72  19  88  56  31  16  67   0  39  47   8  89  60  33 
 28  10  67  67  98  70  89  64  74  35  67  27  50  60   0  42  24  29  25  37 
 71   8   9  24  71  71  27  27  19  37  53  59  89   8  39   0  51  56  58   5 
 32  86  47  94   6  74  42   5  15  32  33  87  26  20  29  26   0   2  29  12 
 12  58   2  78  62  57  44  87  25  96  29   4  39  56  63  67  35   0  43   6 
 12  51  65  66  63  81  90  93  61   5  88  70  61  28  19  83  12  50   0  44 
 54  66  57  69  11  67  68  76  42  60  93  45  33  55  66  26   8  36   3   0 
M6
  0  45  22  12  95  62   5  13  64  95  92   4   2  14   9  67   2  53  26  16 
 68   0  34  60  24  70  53  49  53  35  56  84  98  94  32  97  67  55  82  43 
 48  16   0  95   5  74  61  69   6  50  87  79  17  52   7   3  23   7  30  45 
 30  29  96   0  42  65  67  39   9   4  61  95  14  64  95  73  22  47   6   7 
 81  91  58  61   0  74  82  89  73  24  99  80  39  71  54  39  56  53  42  29 
 30  61  89  85  69   0  13  83  75  40  10  23  16  15  68  83  83   1  84   3 
 75  17  49  16  56  83   0  10  69  93  13  52  47  24  83  54  43  67  68  49 
 65   4  27   4  27  88  68   0  97  11  76  49  71  28  79  83  37  95  52  91 
 85  50  48  90  16   4  45  91   0  28  53  53  69  27  83  83   1  25  14  12 
  2  21  31  97  67  70  29  59  94   0  67  38  29  82  95  75  19  86   8  63 
 19  68  29  12  22   3  90  82  36  43   0  45  25  25  80  96  89  74  97  85 
 78  81  93  21   2  67  59  66  31  34  99   0  79   2  79   7  95  77  33  48 
 58   7  98  62  80  52  78  89  70  25  77   8   0  64  30  97  18  10  46  82 
 90  19  67  41   1  80  72  19  88  56  31  16  67   0  39  47   8  89  60  33 
 28  10  67  67  98  70  89  64  74  35  67  27  50  60   0  42  24  29  25  37 
 71   8   9  24  71  71  27  27  19  37  53  59  89   8  39   0  51  56  58   5 
 32  86  47  94   6  74  42   5  15  32  33  87  26  20  29  26   0   2  29  12 
 12  58   2  78  62  57  44  87  25  96  29   4  39  56  63  67  35   0  43   6 
 12  51  65  66  63  81  90  93  61   5  88  70  61  28  19  83  12  50   0  44 
 54  66  57  69  11  67  68  76  42  60  93  45  33  55  66  26   8  36   3   0 
M7
  0  45  22  12  95  62   5  13  64  95  92   4   2  14   9  67   2  53  26  16 
 68   0  34  60  24  70  53  49  53  35  56  84  98  94  32  97  67  55  82  43 
 48  16   0  95   5  74  61  69   6  50  87  79  17  52   7   3  23   7  30  45 
 30  29  96   0  42  65  67  39   9   4  61  95  14  64  95  73  22  47   6   7 
 81  91  58  61   0  74  82  89  73  24  99  80  39  71  54  39  56  53  42  29 
 30  61  89  85  69   0  13  83  75  40  10  23  16  15  68  83  83   1  84   3 
 75  17  49  16  56  83   0  10  69  93  13  52  47  24  83  54  43  67  68  49 
 65   4  27   4  27  88  68   0  97  11  76  49  71  28  79  83  37  95  52  91 
 85  50  48  90  16   4  45  91   0  28  53  53  69  27  83  83   1  25  14  12 
  2  21  31  97  67  70  29  59  94   0  67  38  29  82  95  75  19  86   8  63 
 19  68  29  12  22   3  90  82  36  43   0  45  25  25  80  96  89  74  97  85 
 78  81  93  21   2  67  59  66  31  34  99   0  79   2  79   7  95  77  33  48 
 58   7  98  62  80  52  78  89  70  25  77   8   0  64  30  97  18  10  46  82 
 90  19  67  41   1  80  72  19  88  56  31  16  67   0  39  47   8  89  60  33 
 28  10  67  67  98  70  89  64  74  35  67  27  50  60   0  42  24  29  25  37 
 71   8   9  24  71  71  27  27  19  37  53  59  89   8  39   0  51  56  58   5 
 32  86  47  94   6  74  42   5  15  32  33  87  26  20  29  26   0   2  29  12 
 12  58   2  78  62  57  44  87  25  96  29   4  39  56  63  67  35   0  43   6 
 12  51  65  66  63  81  90  93  61   5  88  70  61  28  19  83  12  50   0  44 
 54  66  57  69  11  67  68  76  42  60  93  45  33  55  66  26   8  36   3   0 
M8
  0  45  22  12  95  62   5  13  64  95  92   4   2  14   9  67   2  53  26  16 
 68   0  34  60  24  70  53  49  53  35  56  84  98  94  32  97  67  55  82  43 
 48  16   0  95   5  74  61  69   6  50  87  79  17  52   7   3  23   7  30  45 
 30  29  96   0  42  65  67  39   9   4  61  95  14  64  95  73  22  47   6   7 
 81  91  58  61   0  74  82  89  73  24  99  80  39  71  54  39  56  53  42  29 
 30  61  89  85  69   0  13  83  75  40  10  23  16  15  68  83  83   1  84   3 
 75  17  49  16  56  83   0  10  69  93  13  52  47  24  83  54  43  67  68  49 
 65   4  27   4  27  88  68   0  97  11  76  49  71  28  79  83  37  95  52  91 
 85  50  48  90  16   4  45  91   0  28  53  53  69  27  83  83   1  25  14  12 
  2  21  31  97  67  70  29  59  94   0  67  38  29  82  95  75  19  86   8  63 
 19  68  29  12  22   3  90  82  36  43   0  45  25  25  80  96  89  74  97  85 
 78  81  93  21   2  67  59  66  31  34  99   0  79   2  79   7  95  77  33  48 
 58   7  98  62  80  52  78  89  70  25  77   8   0  64  30  97  18  10  46  82 
 90  19  67  41   1  80  72  19  88  56  31  16  67   0  39  47   8  89  60  33 
 28  10  67  67  98  70  89  64  74  35  67  27  50  60   0  42  24  29  25  37 
 71   8   9  24  71  71  27  27  19  37  53  59  89   8  39   0  51  56  58   5 
 32  86  47  94   6  74  42   5  15  32  33  87  26  20  29  26   0   2  29  12 
 12  58   2  78  62  57  44  87  25  96  29   4  39  56  63  67  35   0  43   6 
 12  51  65  66  63  81  90  93  61   5  88  70  61  28  19  83  12  50   0  44 
 54  66  57  69  11  67  68  76  42  60  93  45  33  55  66  26   8  36   3   0 
M9
  0  45  22  12  95  62   5  13  64  95  92   4   2  14   9  67   2  53  26  16 
 68   0  34  60  24  70  53  49  53  35  56  84  98  94  32  97  67  55  82  43 
 48  16   0  95   5  74  61  69   6  50  87  79  17  52   7   3  23   7  30  45 
 30  29  96   0  42  65  67  39   9   4  61  95  14  64  95  73  22  47   6   7 
 81  91  58  61   0  74  82  89  73  24  99  80  39  71  54  39  56  53  42  29 
 30  61  89  85  69   0  13  83  75  40  10  23  16  15  68  83  83   1  84   3 
 75  17  49  16  56  83   0  10  69  93  13  52  47  24  83  54  43  67  68  49 
 65   4  27   4  27  88  68   0  97  11  76  49  71  28  79  83  37  95  52  91 
 85  50  48  90  16   4  45  91   0  28  53  53  69  27  83  83   1  25  14  12 
  2  21  31  97  67  70  29  59  94   0  67  38  29  82  95  75  19  86   8  63 
 19  68  29  12  22   3  90  82  36  43   0  45  25  25  80  96  89  74  97  85 
 78  81  93  21   2  67  59  66  31  34  99   0  79   2  79   7  95  77  33  48 
 58   7  98  62  80  52  78  89  70  25  77   8   0  64  30  97  18  10  46  82 
 90  19  67  41   1  80  72  19  88  56  31  16  67   0  39  47   8  89  60  33 
 28  10  67  67  98  70  89  64  74  35  67  27  50  60   0  42  24  29  25  37 
 71   8   9  24  71  71  27  27  19  37  53  59  89   8  39   0  51  56  58   5 
 32  86  47  94   6  74  42   5  15  32  33  87  26  20  29  26   0   2  29  12 
 12  58   2  78  62  57  44  87  25  96  29   4  39  56  63  67  35   0  43   6 
 12  51  65  66  63  81  90  93  61   5  88  70  61  28  19  83  12  50   0  44 
 54  66  57  69  11  67  68  76  42  60  93  45  33  55  66  26   8  36   3   0 
Reldue
 1969    7    9
 1487    9    7
 2186    9    8
 1348    1    7
 2642    6    7
 1014    6    6
 1701    1    8
 1462    2    5
 1885    3    3
 1668    2    3
 1582    7    4
 3297    8    1
 3627    7    8
 2108    5    2
 1571    9    6
 2478    9    9
 3746    1    1
 2917    1    5
 1608    3    3
 2900    3    7
DDW
 1810  2128
 1368  1605
 1999  2374
 1232  1465
 2402  2881
  938  1090
 1604  1798
 1317  1607
 1775  1995
 1541  1796
 1434  1730
 3003  3591
 3294  3959
 1939  2277
 1426  1717
 2298  2658
 3438  4055
 2714  3120
 1470  1747
 2665  3136
