50   8
MD
  5  4  4  4  2  5  5  3
PT
  7  86   3  90  13  99  35  30  82  32  60  41  39  79  59  18  37  48  42  24   6  60  64  23  95  44  28  37  55  60  14  33  37  85  30  46  81  42  63  35   6  42  28  10  57  72  43  96  62  82 
  5  46  72   8  60  31  55  83  11  16  57  28  46  72   2  17  35  67  75  69  13  46  98  25  84  40  58  58  29  73  22  40  50  75  34  47  99  43   8  81  63  98  38  61  79  52  45  51   3  15 
 10  66  32  78   1   9  16  82  66  10  82   4  63  66  32   6  51  72  31  54   5  42  40  20   8  69  13  94  15  83  40  71   5  80  56  12  20  86  37  63  46  92  20  55  48  58  80  29  20  30 
  7  46  76  57  82  89  55  49  68  83  21   8   4  26  94  59  74  69  15  78  55  65   3  23  57  79  20  50  69  23  40  71  86  33  66  15  65  90  94  11  19  49  50  20  98  28  49  31  45  62 
  5  45  22  58   9  10  94  12  77  80   2  46   9   3  69  25  99  61  87  78   1  50  99   7   1  38  64  14  69  31  88  62  96  21  62  34  41  92  27  17  72  35  32  12   5  68  68  50  42  54 
 38  33   5  83  66   5  11  94   2  96  58  71  89   2  35  47   7  78  16  59  18  77  76  55  93  32  52  62  98  42  10  40  29  74  27  67  50  60   9  19  44  49  94  31  33   8  96   1  36  14 
 54  87  31  17  50  13  84  67  95  23  26  71   2  43  93  41  75   9  70  36  96   3  20  11  48  34  19  36  84  49  44  22  34  11  95  50  62  18  43  21  10  44  12  34  46   4  82  10  30  71 
 95  12  33  55  54  21   9  15  63  62  74  30   9  71  81   3  85  66  73  69  23  91  56  16   3  53  11  37  27  24  98   6  50  59  50  68  86  28  37  36  96  67  26  91  11  75  89  59   2  50 
SSD
M0
  0  77   3  79  86  52  98  65  34  68  16  27  31  72  80   6  61  26  23  94  79  65  41  76   4  16  48  85  57  24  34  39  44  37  35  10  78  37  47  87  44  79  42  22  67  13  18  50  42  40 
 99   0  64  26  36  13   1  88  12  93  82  83  17  57  41  61  95  76  45  58  83  80  48  39  12  71  12  14  53  93  83  49  48  23  54  24  95   2  53  48  78  25  49  70  41  22  70  42  77  93 
 33  23   0  79  30  70  21  16  97   4  99  28  46  65  51  81  90  34  45  76  14  20  76  20  78  32  85   6  96  89  70  18  20  77  56  52  20   6  17  89  26  36  39  91  21  89  67  10  39  58 
 48  67  73   0  98  92  13  88  68  12  56  91   3  63  16  59  80  47  45  17  54  65  29  79  40  28  73  78  51  27   4  97  55  87  13  19   6  53  51  55  43  75  96  46   3   3  34  39   5  10 
 52  25  24  68   0  76  58  22  17  21  90   9  24  78  86  71  46   1  76  10  69  68  54   4   8  89  36  39  79  39  35  71   8  85  67  35   7  67  24  48  22  48  68  60  14  67  90  10  60  13 
 92  54  32  23  17   0  59  84  36  22  73  53  95  94  68  18  79  79  87  35  58  86  78  38  35  58  65  32  25  41  23  12  18  10  85  37  94   7  13  68  43  22  63  39  29  69  39  16  42  79 
 31  61  18  22  50  63   0  64  71  94  93  60  22  18  93  79  92  45  55  55   6  11  75  30  56  71  72  75  12  73   9  25  78  77  72  58  49  67  83  44  79  66  92  78   3  68  51  62  82  21 
 50  57  76  41  36  82  92   0  71  10  47  70  64  84  90  95  10  13  98  56  80  19  83  81  87   1  80  71   4  87  66  62  44  74  13  53   6  80  80  97  33  53  47   3   2  42  51  75  29  34 
 39  39  98   7  36  99  38  22   0  19  85  44  42  76  94  24  89  68  23  23   6  77  42  15  19  85  11   5  44  99  58  43  61  44  45  64   2  84  54  29  72  85   2  70  78  39   8  33  43  51 
 54  69  38  97  49  53  22  93  48   0  95  96  60  72  91  32  20  71  18  22  13  56   3  98  24  99  22  79  76  79  61  32  40  58   7   7  89  35  88  73  90  31  49  42  46  38  74  43  90  54 
 49  16   8  17  58  34  40  58  59  23   0  32  49  87  50  82  98  47  72  81  32   4  34  14  32  39  84  98  58  83   6  47  63  39  92  59  47  68   9  58  95  83  11  75  73  61  19  47  98  95 
 48  91  75  58  62  50  63  20  11  36   3   0  12  74  96  48   1  21   3  18  24  29  26  83  47  23  67  71  45  16  91  13  99  28  67  15   3  72  41  78  29  47  69  82  61  48  21  96  45  65 
 25  54  20  18  12  47  96  82  81  40  89  78   0  32  84  95   9  48  38  36  91  75  14  90  64  20  60  11  56  99  23  26  80  56  63  62  48  53  27  73  69  57   1  91  76  60  91  66  63  57 
 91   4   7  70  83  52  98  65  91  49  63  63  77   0  97  62  48  95  35  75  42  77  78  75  37  44   5  35  35  82  26  86  34  28  70  93  23  86  40  50  99  97  45  65  24  30   7   7  64  48 
 89  82  93  65  35  99   5  62  91  98  39  10  20  54   0  40  18   7  23  38  70  45  72  21  78  44  30   2  35  94  22  16  24  15  59  51  18  25  42  13  64  81  73  70   1  88  33  85  36  75 
 53  28  58   6  53  27  52  88  23  52  90  51  93  74  98   0  74  99   3  32  48  59  39  55  53  13  48  64  45  42  14  79  48  78   4  72  23  58  95  95  86  83  20  27  30  79  85  46  60   6 
 10  88  89  24   5  80  87  40  79  84  84  85  13  41  80  28   0  40  97  18  98  39  81  33  61  96  44  43  75  27  60  23  95  78  36  39  32  19   6  18  11  23  41  25  50  29  95  67   6  19 
 41   6  95   5  20  70  11   1  71  20  20   1  27  55  30  46  25   0  46  83  41  99  14  80  99  42  22  47  33  33  91  32  98  61  18  53  57  22   6  64  82  28  74  51  26  68  48  94  66  81 
 56  79  49  57  58  74  20  66  14  86  31  90  29  64  87  22  89  82   0  34  42  65  41  38  37  17   2   2  16  32  95  72  82   5  92  34  92  38  84  94  69  24  72  32   8  26  21  30  53  85 
 85  42  99  92  73  69  67  92  51  91  65  27  92  37  89  24  94   8  64   0  71  67  93  73  33  96   9  68  19  96  92  15  10  35   8  10  56  69   4  65  56  25  55  28  54  84  96  61  28  59 
 59  20  41  40  83  77  86  65  77  37  39  84  91  33  96  28  78  74  80  99   0  18  58  27  31  27  51  77  78  51  78  75   3  18  34   2  39  95  67  43  79  77  22  99  61  37   6  41  21  40 
 49  79  72  40  59  69  57  11  61  75  29  56  13  46  74  54  51  23  70  29  14   0  81  58  80  81  56  40  41  44  20  96  11  77  60  82  45  18  46  45  52  54  27  26  97  55  18  49  37   7 
 10  70  22   4  24  22  51  62  89  54  31  41  78  63  76  53  32  84  33  34  10  59   0  85  49  71  25  18  38  99  23  38  84  77  40  90  22  59  42  12  55  66  14  64   5  64  76  84  69  62 
 92  98  84  69  27  70  93  53   6  66  76  52  33  88  34  14  26  47  39  89  80  27  69   0  78  29  79  98  65  93  99  37  15  51  42  67  67  19  81  16  38   1  73  15  30  10  34  51   8  97 
 26  26  67  63  60  60  94  56  84  46  62  31  60  25  22  39  77   2  68  84   5  24   9  53   0  65  91  29  40  53  47  82  49  41  87  15  11  34  38  81  61  14  54  95   2  47  98  32  79  29 
 25  48  45  22  14  16  54  36  57  50  34  61   1  48  14  71  38  48  66  29  44  12  74   1  62   0  22  39  39  69  80  33  58  53  91  26  33  91  23  36  68  65  93  52  34  95  83  58  83  94 
 71  92   7  76  50  30  95  85  83  69  22  36  80  29  84  83   4  65  50  50  35   4  81  74  79  38   0  69  51  79  21  91  27  11  25  61  47  75  76  72  85  97  10  90  64  63   4  16  80  66 
 81  33   9  51  57  80  58  90  25  95  99  43  95  89  14  16   6  30  54  60  60  58  58  38  92  79  74   0  41  66  59  20  17  94  32  91  47  77  26  95   8  97  96  77  23  88  14  17  58  97 
 10  70  74  68  11  88  32  20  88  60  75  63  33  71  77  21  29  45  96   2  63  81  46   4  63  34  93  50   0  96  73  11   9  90  27  45  11  60  53  55  67  26  11  80  82  24  22  71  65  74 
 35  88  59  78  34  51  18  28  55  67  37  91  68   4  96  91  91  44  53  95  29  34  42  76  78  53  34  77   9   0  91  96  35  87  67  67   7  17  21  72  18  22  25  15  58  79  53  16  29  95 
 61  17  27   3  48  77  79  58  47  56   8  45  53  48  45   7  12   6  41  67  32  20  81  61  17  74  85  99   7  38   0  39  87  73  69  23  30  34   4  11  38  60  55  75  96   8  29  38  53  45 
 71  51  73  38  33  71  70  57  68  24  53  14  47  31  79  41  19  68  88  55  34  11  60   8  56  55  97  67  35  30  44   0  44  71  55  72  77  77  83  17  34  89  15   7  82  50  94  67  88  94 
 48  70  29  72  73  40  38  77  14  86  65  63  47  27  18   1  94  24  30  28  24  76  44  37  41  18  64  50  93  11  59  30   0  77  27   7  43  81  59  61  78  57  78  76  21  17  46  26  83  80 
 81  80   4  70   1  94  35   1  78  16  25  70  85  86  39  81  27   9  74  32  70  39  64  52  14  63  17  32  99  35  23  53  77   0  88  39  76  66  12  51  78  28  65  67  81  33  58  76   9  98 
 23  71  23  64  50  53  55  18  92  40  71  49  62  59   6  39  17  37  24  89  86  40  61  67  81  98  69  24  97  83  33  40  83  85   0  60  92  94  17  39  30  78  36  47   4  67  91  33  19  16 
 20  77  45  86  58   5  30  61  57  43  81  55  95  25  26  56  64   3  67   3  69  85   3  87  18  59  51  34   2  26  40  68  95  79  23   0  72  25  42  44  79  55  63  28  84  18  38  96  60  56 
 89   9  16  16  78   3  13  53  73  39  16  12  69  19  54  42  99  49  17  79  48  76   6  20  45  31  58  54  72  59  73  53  60  74  69  92   0  90  82  39  84  75   4  63  59  80  52  85  80  47 
 74  50  51  89  43  38  28   7  21   5   2  67  59  36   6  55  19  76  47  56  29  76   4  73  47   5  82  99  18  66  45  51  44  69  58   5  34   0  63  69  89  21  98  64  46   2  87  54  16  91 
 85  72   3  12  33  40  59  24  24  59  51  47  16   4  36  33  96  89  86  29  32  33  68  60  56   7  71  32   8  95  94  17  91   1  10   5   8  54   0  79  46  29  96  31  72  28  36  97   2  11 
 24  68  31  16  13  95   8  60  28  32  80   8   9   2  99  50  54  65  59  30  94  68  52  59   1  36  42  16  82   4  19   7  43  57  37  65  18  26  25   0   9  73  89  29   2  61  56  26  68  77 
 22  78  41  55  34  99   5  15  81  74  32  14  20  72  17  80  57   5  18  64  68  35  76  99  78  41  71  54  42  27  27  42  66   1  80  36  91  56  67  90   0  59  84  75   8  93  44  47   1  81 
 67  36  83  32  61   3  46  67  76  92  48  60  74  26  41  15  15  15  67  93  26  33  12  34  69  32  20  70   8  47  55   1  29  62  95  44  43  74  17  74  18   0  61  67  31  48  33  78  91  36 
 92  80  98  81  43  73  48  82  55   9  28   6   1  13  42  96  41   7  96  94  63  40  97  89  43  80  82  83  67  70  66  23  33  75  66  46  25  47  97  29  99   2   0  78  31  18   9  66  58  60 
 21  32  78  75  55  19  61  78  62  39  16  21   2  30  71  16  34  88  75  16  57  78  47  99  36  97  86  18  95  82  13  11   8  85  15   9  45  44  15  35  23  46  93   0  61  20  25  50  51  90 
 26  60  35  38  56   7  24   7  28  47  93  36  16  63  32  44  26  60  37  81  53  92  34  48  38  65  17  17  66  58   6  92  97  92  49  97  17  73  97  77  67  88  64  75   0   7  47  17  33  80 
 64  24  78  85  54  72   6  25  75  83  57  78  44   4  73  56  68  85  62  52  71  40  11  91  19  79  11  84  50  83  83  69   8  39  71  92  20  76  73  40  16  92  76  77  33   0  68  30  73  16 
 13  65  51  80  57  11  19  23   4  34  18   5  61  89  59  37  40  13  90  62  66  54   7  50  91  72   9   8  21  64  59  98  21  46  16  56  46  90  14  18  23  35  28  42  60  53   0   7  23  43 
 23  74  89  99  48  17  30  27  42  53  86  33  85  70   1  88  82  16  92  35  72  35  14  42  41   7  29  94  31  51  47  30  52  98  41  71  78  82  21  26  58  81  46  19  30  42  53   0  72  49 
 44  27  15  74  93  39  36  74  12  26  76  85  61  53   5  49  53  54  11  15   8  68  59  10  10  49  37  72  60  44  71  70  44  81  45  40  33  15  36  16  48  14  13   6   4   7  15  90   0  90 
 25  29  81  41  69   6   6  54   4  72  43   7  67  84  19  36  66  25  22  60  20  70  14  94   5  40  63  13  18  75   5  76  28  33  50  76   8  13  89  28  55  35  70  16  19   3   9  76  37   0 
M1
  0  77   3  79  86  52  98  65  34  68  16  27  31  72  80   6  61  26  23  94  79  65  41  76   4  16  48  85  57  24  34  39  44  37  35  10  78  37  47  87  44  79  42  22  67  13  18  50  42  40 
 99   0  64  26  36  13   1  88  12  93  82  83  17  57  41  61  95  76  45  58  83  80  48  39  12  71  12  14  53  93  83  49  48  23  54  24  95   2  53  48  78  25  49  70  41  22  70  42  77  93 
 33  23   0  79  30  70  21  16  97   4  99  28  46  65  51  81  90  34  45  76  14  20  76  20  78  32  85   6  96  89  70  18  20  77  56  52  20   6  17  89  26  36  39  91  21  89  67  10  39  58 
 48  67  73   0  98  92  13  88  68  12  56  91   3  63  16  59  80  47  45  17  54  65  29  79  40  28  73  78  51  27   4  97  55  87  13  19   6  53  51  55  43  75  96  46   3   3  34  39   5  10 
 52  25  24  68   0  76  58  22  17  21  90   9  24  78  86  71  46   1  76  10  69  68  54   4   8  89  36  39  79  39  35  71   8  85  67  35   7  67  24  48  22  48  68  60  14  67  90  10  60  13 
 92  54  32  23  17   0  59  84  36  22  73  53  95  94  68  18  79  79  87  35  58  86  78  38  35  58  65  32  25  41  23  12  18  10  85  37  94   7  13  68  43  22  63  39  29  69  39  16  42  79 
 31  61  18  22  50  63   0  64  71  94  93  60  22  18  93  79  92  45  55  55   6  11  75  30  56  71  72  75  12  73   9  25  78  77  72  58  49  67  83  44  79  66  92  78   3  68  51  62  82  21 
 50  57  76  41  36  82  92   0  71  10  47  70  64  84  90  95  10  13  98  56  80  19  83  81  87   1  80  71   4  87  66  62  44  74  13  53   6  80  80  97  33  53  47   3   2  42  51  75  29  34 
 39  39  98   7  36  99  38  22   0  19  85  44  42  76  94  24  89  68  23  23   6  77  42  15  19  85  11   5  44  99  58  43  61  44  45  64   2  84  54  29  72  85   2  70  78  39   8  33  43  51 
 54  69  38  97  49  53  22  93  48   0  95  96  60  72  91  32  20  71  18  22  13  56   3  98  24  99  22  79  76  79  61  32  40  58   7   7  89  35  88  73  90  31  49  42  46  38  74  43  90  54 
 49  16   8  17  58  34  40  58  59  23   0  32  49  87  50  82  98  47  72  81  32   4  34  14  32  39  84  98  58  83   6  47  63  39  92  59  47  68   9  58  95  83  11  75  73  61  19  47  98  95 
 48  91  75  58  62  50  63  20  11  36   3   0  12  74  96  48   1  21   3  18  24  29  26  83  47  23  67  71  45  16  91  13  99  28  67  15   3  72  41  78  29  47  69  82  61  48  21  96  45  65 
 25  54  20  18  12  47  96  82  81  40  89  78   0  32  84  95   9  48  38  36  91  75  14  90  64  20  60  11  56  99  23  26  80  56  63  62  48  53  27  73  69  57   1  91  76  60  91  66  63  57 
 91   4   7  70  83  52  98  65  91  49  63  63  77   0  97  62  48  95  35  75  42  77  78  75  37  44   5  35  35  82  26  86  34  28  70  93  23  86  40  50  99  97  45  65  24  30   7   7  64  48 
 89  82  93  65  35  99   5  62  91  98  39  10  20  54   0  40  18   7  23  38  70  45  72  21  78  44  30   2  35  94  22  16  24  15  59  51  18  25  42  13  64  81  73  70   1  88  33  85  36  75 
 53  28  58   6  53  27  52  88  23  52  90  51  93  74  98   0  74  99   3  32  48  59  39  55  53  13  48  64  45  42  14  79  48  78   4  72  23  58  95  95  86  83  20  27  30  79  85  46  60   6 
 10  88  89  24   5  80  87  40  79  84  84  85  13  41  80  28   0  40  97  18  98  39  81  33  61  96  44  43  75  27  60  23  95  78  36  39  32  19   6  18  11  23  41  25  50  29  95  67   6  19 
 41   6  95   5  20  70  11   1  71  20  20   1  27  55  30  46  25   0  46  83  41  99  14  80  99  42  22  47  33  33  91  32  98  61  18  53  57  22   6  64  82  28  74  51  26  68  48  94  66  81 
 56  79  49  57  58  74  20  66  14  86  31  90  29  64  87  22  89  82   0  34  42  65  41  38  37  17   2   2  16  32  95  72  82   5  92  34  92  38  84  94  69  24  72  32   8  26  21  30  53  85 
 85  42  99  92  73  69  67  92  51  91  65  27  92  37  89  24  94   8  64   0  71  67  93  73  33  96   9  68  19  96  92  15  10  35   8  10  56  69   4  65  56  25  55  28  54  84  96  61  28  59 
 59  20  41  40  83  77  86  65  77  37  39  84  91  33  96  28  78  74  80  99   0  18  58  27  31  27  51  77  78  51  78  75   3  18  34   2  39  95  67  43  79  77  22  99  61  37   6  41  21  40 
 49  79  72  40  59  69  57  11  61  75  29  56  13  46  74  54  51  23  70  29  14   0  81  58  80  81  56  40  41  44  20  96  11  77  60  82  45  18  46  45  52  54  27  26  97  55  18  49  37   7 
 10  70  22   4  24  22  51  62  89  54  31  41  78  63  76  53  32  84  33  34  10  59   0  85  49  71  25  18  38  99  23  38  84  77  40  90  22  59  42  12  55  66  14  64   5  64  76  84  69  62 
 92  98  84  69  27  70  93  53   6  66  76  52  33  88  34  14  26  47  39  89  80  27  69   0  78  29  79  98  65  93  99  37  15  51  42  67  67  19  81  16  38   1  73  15  30  10  34  51   8  97 
 26  26  67  63  60  60  94  56  84  46  62  31  60  25  22  39  77   2  68  84   5  24   9  53   0  65  91  29  40  53  47  82  49  41  87  15  11  34  38  81  61  14  54  95   2  47  98  32  79  29 
 25  48  45  22  14  16  54  36  57  50  34  61   1  48  14  71  38  48  66  29  44  12  74   1  62   0  22  39  39  69  80  33  58  53  91  26  33  91  23  36  68  65  93  52  34  95  83  58  83  94 
 71  92   7  76  50  30  95  85  83  69  22  36  80  29  84  83   4  65  50  50  35   4  81  74  79  38   0  69  51  79  21  91  27  11  25  61  47  75  76  72  85  97  10  90  64  63   4  16  80  66 
 81  33   9  51  57  80  58  90  25  95  99  43  95  89  14  16   6  30  54  60  60  58  58  38  92  79  74   0  41  66  59  20  17  94  32  91  47  77  26  95   8  97  96  77  23  88  14  17  58  97 
 10  70  74  68  11  88  32  20  88  60  75  63  33  71  77  21  29  45  96   2  63  81  46   4  63  34  93  50   0  96  73  11   9  90  27  45  11  60  53  55  67  26  11  80  82  24  22  71  65  74 
 35  88  59  78  34  51  18  28  55  67  37  91  68   4  96  91  91  44  53  95  29  34  42  76  78  53  34  77   9   0  91  96  35  87  67  67   7  17  21  72  18  22  25  15  58  79  53  16  29  95 
 61  17  27   3  48  77  79  58  47  56   8  45  53  48  45   7  12   6  41  67  32  20  81  61  17  74  85  99   7  38   0  39  87  73  69  23  30  34   4  11  38  60  55  75  96   8  29  38  53  45 
 71  51  73  38  33  71  70  57  68  24  53  14  47  31  79  41  19  68  88  55  34  11  60   8  56  55  97  67  35  30  44   0  44  71  55  72  77  77  83  17  34  89  15   7  82  50  94  67  88  94 
 48  70  29  72  73  40  38  77  14  86  65  63  47  27  18   1  94  24  30  28  24  76  44  37  41  18  64  50  93  11  59  30   0  77  27   7  43  81  59  61  78  57  78  76  21  17  46  26  83  80 
 81  80   4  70   1  94  35   1  78  16  25  70  85  86  39  81  27   9  74  32  70  39  64  52  14  63  17  32  99  35  23  53  77   0  88  39  76  66  12  51  78  28  65  67  81  33  58  76   9  98 
 23  71  23  64  50  53  55  18  92  40  71  49  62  59   6  39  17  37  24  89  86  40  61  67  81  98  69  24  97  83  33  40  83  85   0  60  92  94  17  39  30  78  36  47   4  67  91  33  19  16 
 20  77  45  86  58   5  30  61  57  43  81  55  95  25  26  56  64   3  67   3  69  85   3  87  18  59  51  34   2  26  40  68  95  79  23   0  72  25  42  44  79  55  63  28  84  18  38  96  60  56 
 89   9  16  16  78   3  13  53  73  39  16  12  69  19  54  42  99  49  17  79  48  76   6  20  45  31  58  54  72  59  73  53  60  74  69  92   0  90  82  39  84  75   4  63  59  80  52  85  80  47 
 74  50  51  89  43  38  28   7  21   5   2  67  59  36   6  55  19  76  47  56  29  76   4  73  47   5  82  99  18  66  45  51  44  69  58   5  34   0  63  69  89  21  98  64  46   2  87  54  16  91 
 85  72   3  12  33  40  59  24  24  59  51  47  16   4  36  33  96  89  86  29  32  33  68  60  56   7  71  32   8  95  94  17  91   1  10   5   8  54   0  79  46  29  96  31  72  28  36  97   2  11 
 24  68  31  16  13  95   8  60  28  32  80   8   9   2  99  50  54  65  59  30  94  68  52  59   1  36  42  16  82   4  19   7  43  57  37  65  18  26  25   0   9  73  89  29   2  61  56  26  68  77 
 22  78  41  55  34  99   5  15  81  74  32  14  20  72  17  80  57   5  18  64  68  35  76  99  78  41  71  54  42  27  27  42  66   1  80  36  91  56  67  90   0  59  84  75   8  93  44  47   1  81 
 67  36  83  32  61   3  46  67  76  92  48  60  74  26  41  15  15  15  67  93  26  33  12  34  69  32  20  70   8  47  55   1  29  62  95  44  43  74  17  74  18   0  61  67  31  48  33  78  91  36 
 92  80  98  81  43  73  48  82  55   9  28   6   1  13  42  96  41   7  96  94  63  40  97  89  43  80  82  83  67  70  66  23  33  75  66  46  25  47  97  29  99   2   0  78  31  18   9  66  58  60 
 21  32  78  75  55  19  61  78  62  39  16  21   2  30  71  16  34  88  75  16  57  78  47  99  36  97  86  18  95  82  13  11   8  85  15   9  45  44  15  35  23  46  93   0  61  20  25  50  51  90 
 26  60  35  38  56   7  24   7  28  47  93  36  16  63  32  44  26  60  37  81  53  92  34  48  38  65  17  17  66  58   6  92  97  92  49  97  17  73  97  77  67  88  64  75   0   7  47  17  33  80 
 64  24  78  85  54  72   6  25  75  83  57  78  44   4  73  56  68  85  62  52  71  40  11  91  19  79  11  84  50  83  83  69   8  39  71  92  20  76  73  40  16  92  76  77  33   0  68  30  73  16 
 13  65  51  80  57  11  19  23   4  34  18   5  61  89  59  37  40  13  90  62  66  54   7  50  91  72   9   8  21  64  59  98  21  46  16  56  46  90  14  18  23  35  28  42  60  53   0   7  23  43 
 23  74  89  99  48  17  30  27  42  53  86  33  85  70   1  88  82  16  92  35  72  35  14  42  41   7  29  94  31  51  47  30  52  98  41  71  78  82  21  26  58  81  46  19  30  42  53   0  72  49 
 44  27  15  74  93  39  36  74  12  26  76  85  61  53   5  49  53  54  11  15   8  68  59  10  10  49  37  72  60  44  71  70  44  81  45  40  33  15  36  16  48  14  13   6   4   7  15  90   0  90 
 25  29  81  41  69   6   6  54   4  72  43   7  67  84  19  36  66  25  22  60  20  70  14  94   5  40  63  13  18  75   5  76  28  33  50  76   8  13  89  28  55  35  70  16  19   3   9  76  37   0 
M2
  0  77   3  79  86  52  98  65  34  68  16  27  31  72  80   6  61  26  23  94  79  65  41  76   4  16  48  85  57  24  34  39  44  37  35  10  78  37  47  87  44  79  42  22  67  13  18  50  42  40 
 99   0  64  26  36  13   1  88  12  93  82  83  17  57  41  61  95  76  45  58  83  80  48  39  12  71  12  14  53  93  83  49  48  23  54  24  95   2  53  48  78  25  49  70  41  22  70  42  77  93 
 33  23   0  79  30  70  21  16  97   4  99  28  46  65  51  81  90  34  45  76  14  20  76  20  78  32  85   6  96  89  70  18  20  77  56  52  20   6  17  89  26  36  39  91  21  89  67  10  39  58 
 48  67  73   0  98  92  13  88  68  12  56  91   3  63  16  59  80  47  45  17  54  65  29  79  40  28  73  78  51  27   4  97  55  87  13  19   6  53  51  55  43  75  96  46   3   3  34  39   5  10 
 52  25  24  68   0  76  58  22  17  21  90   9  24  78  86  71  46   1  76  10  69  68  54   4   8  89  36  39  79  39  35  71   8  85  67  35   7  67  24  48  22  48  68  60  14  67  90  10  60  13 
 92  54  32  23  17   0  59  84  36  22  73  53  95  94  68  18  79  79  87  35  58  86  78  38  35  58  65  32  25  41  23  12  18  10  85  37  94   7  13  68  43  22  63  39  29  69  39  16  42  79 
 31  61  18  22  50  63   0  64  71  94  93  60  22  18  93  79  92  45  55  55   6  11  75  30  56  71  72  75  12  73   9  25  78  77  72  58  49  67  83  44  79  66  92  78   3  68  51  62  82  21 
 50  57  76  41  36  82  92   0  71  10  47  70  64  84  90  95  10  13  98  56  80  19  83  81  87   1  80  71   4  87  66  62  44  74  13  53   6  80  80  97  33  53  47   3   2  42  51  75  29  34 
 39  39  98   7  36  99  38  22   0  19  85  44  42  76  94  24  89  68  23  23   6  77  42  15  19  85  11   5  44  99  58  43  61  44  45  64   2  84  54  29  72  85   2  70  78  39   8  33  43  51 
 54  69  38  97  49  53  22  93  48   0  95  96  60  72  91  32  20  71  18  22  13  56   3  98  24  99  22  79  76  79  61  32  40  58   7   7  89  35  88  73  90  31  49  42  46  38  74  43  90  54 
 49  16   8  17  58  34  40  58  59  23   0  32  49  87  50  82  98  47  72  81  32   4  34  14  32  39  84  98  58  83   6  47  63  39  92  59  47  68   9  58  95  83  11  75  73  61  19  47  98  95 
 48  91  75  58  62  50  63  20  11  36   3   0  12  74  96  48   1  21   3  18  24  29  26  83  47  23  67  71  45  16  91  13  99  28  67  15   3  72  41  78  29  47  69  82  61  48  21  96  45  65 
 25  54  20  18  12  47  96  82  81  40  89  78   0  32  84  95   9  48  38  36  91  75  14  90  64  20  60  11  56  99  23  26  80  56  63  62  48  53  27  73  69  57   1  91  76  60  91  66  63  57 
 91   4   7  70  83  52  98  65  91  49  63  63  77   0  97  62  48  95  35  75  42  77  78  75  37  44   5  35  35  82  26  86  34  28  70  93  23  86  40  50  99  97  45  65  24  30   7   7  64  48 
 89  82  93  65  35  99   5  62  91  98  39  10  20  54   0  40  18   7  23  38  70  45  72  21  78  44  30   2  35  94  22  16  24  15  59  51  18  25  42  13  64  81  73  70   1  88  33  85  36  75 
 53  28  58   6  53  27  52  88  23  52  90  51  93  74  98   0  74  99   3  32  48  59  39  55  53  13  48  64  45  42  14  79  48  78   4  72  23  58  95  95  86  83  20  27  30  79  85  46  60   6 
 10  88  89  24   5  80  87  40  79  84  84  85  13  41  80  28   0  40  97  18  98  39  81  33  61  96  44  43  75  27  60  23  95  78  36  39  32  19   6  18  11  23  41  25  50  29  95  67   6  19 
 41   6  95   5  20  70  11   1  71  20  20   1  27  55  30  46  25   0  46  83  41  99  14  80  99  42  22  47  33  33  91  32  98  61  18  53  57  22   6  64  82  28  74  51  26  68  48  94  66  81 
 56  79  49  57  58  74  20  66  14  86  31  90  29  64  87  22  89  82   0  34  42  65  41  38  37  17   2   2  16  32  95  72  82   5  92  34  92  38  84  94  69  24  72  32   8  26  21  30  53  85 
 85  42  99  92  73  69  67  92  51  91  65  27  92  37  89  24  94   8  64   0  71  67  93  73  33  96   9  68  19  96  92  15  10  35   8  10  56  69   4  65  56  25  55  28  54  84  96  61  28  59 
 59  20  41  40  83  77  86  65  77  37  39  84  91  33  96  28  78  74  80  99   0  18  58  27  31  27  51  77  78  51  78  75   3  18  34   2  39  95  67  43  79  77  22  99  61  37   6  41  21  40 
 49  79  72  40  59  69  57  11  61  75  29  56  13  46  74  54  51  23  70  29  14   0  81  58  80  81  56  40  41  44  20  96  11  77  60  82  45  18  46  45  52  54  27  26  97  55  18  49  37   7 
 10  70  22   4  24  22  51  62  89  54  31  41  78  63  76  53  32  84  33  34  10  59   0  85  49  71  25  18  38  99  23  38  84  77  40  90  22  59  42  12  55  66  14  64   5  64  76  84  69  62 
 92  98  84  69  27  70  93  53   6  66  76  52  33  88  34  14  26  47  39  89  80  27  69   0  78  29  79  98  65  93  99  37  15  51  42  67  67  19  81  16  38   1  73  15  30  10  34  51   8  97 
 26  26  67  63  60  60  94  56  84  46  62  31  60  25  22  39  77   2  68  84   5  24   9  53   0  65  91  29  40  53  47  82  49  41  87  15  11  34  38  81  61  14  54  95   2  47  98  32  79  29 
 25  48  45  22  14  16  54  36  57  50  34  61   1  48  14  71  38  48  66  29  44  12  74   1  62   0  22  39  39  69  80  33  58  53  91  26  33  91  23  36  68  65  93  52  34  95  83  58  83  94 
 71  92   7  76  50  30  95  85  83  69  22  36  80  29  84  83   4  65  50  50  35   4  81  74  79  38   0  69  51  79  21  91  27  11  25  61  47  75  76  72  85  97  10  90  64  63   4  16  80  66 
 81  33   9  51  57  80  58  90  25  95  99  43  95  89  14  16   6  30  54  60  60  58  58  38  92  79  74   0  41  66  59  20  17  94  32  91  47  77  26  95   8  97  96  77  23  88  14  17  58  97 
 10  70  74  68  11  88  32  20  88  60  75  63  33  71  77  21  29  45  96   2  63  81  46   4  63  34  93  50   0  96  73  11   9  90  27  45  11  60  53  55  67  26  11  80  82  24  22  71  65  74 
 35  88  59  78  34  51  18  28  55  67  37  91  68   4  96  91  91  44  53  95  29  34  42  76  78  53  34  77   9   0  91  96  35  87  67  67   7  17  21  72  18  22  25  15  58  79  53  16  29  95 
 61  17  27   3  48  77  79  58  47  56   8  45  53  48  45   7  12   6  41  67  32  20  81  61  17  74  85  99   7  38   0  39  87  73  69  23  30  34   4  11  38  60  55  75  96   8  29  38  53  45 
 71  51  73  38  33  71  70  57  68  24  53  14  47  31  79  41  19  68  88  55  34  11  60   8  56  55  97  67  35  30  44   0  44  71  55  72  77  77  83  17  34  89  15   7  82  50  94  67  88  94 
 48  70  29  72  73  40  38  77  14  86  65  63  47  27  18   1  94  24  30  28  24  76  44  37  41  18  64  50  93  11  59  30   0  77  27   7  43  81  59  61  78  57  78  76  21  17  46  26  83  80 
 81  80   4  70   1  94  35   1  78  16  25  70  85  86  39  81  27   9  74  32  70  39  64  52  14  63  17  32  99  35  23  53  77   0  88  39  76  66  12  51  78  28  65  67  81  33  58  76   9  98 
 23  71  23  64  50  53  55  18  92  40  71  49  62  59   6  39  17  37  24  89  86  40  61  67  81  98  69  24  97  83  33  40  83  85   0  60  92  94  17  39  30  78  36  47   4  67  91  33  19  16 
 20  77  45  86  58   5  30  61  57  43  81  55  95  25  26  56  64   3  67   3  69  85   3  87  18  59  51  34   2  26  40  68  95  79  23   0  72  25  42  44  79  55  63  28  84  18  38  96  60  56 
 89   9  16  16  78   3  13  53  73  39  16  12  69  19  54  42  99  49  17  79  48  76   6  20  45  31  58  54  72  59  73  53  60  74  69  92   0  90  82  39  84  75   4  63  59  80  52  85  80  47 
 74  50  51  89  43  38  28   7  21   5   2  67  59  36   6  55  19  76  47  56  29  76   4  73  47   5  82  99  18  66  45  51  44  69  58   5  34   0  63  69  89  21  98  64  46   2  87  54  16  91 
 85  72   3  12  33  40  59  24  24  59  51  47  16   4  36  33  96  89  86  29  32  33  68  60  56   7  71  32   8  95  94  17  91   1  10   5   8  54   0  79  46  29  96  31  72  28  36  97   2  11 
 24  68  31  16  13  95   8  60  28  32  80   8   9   2  99  50  54  65  59  30  94  68  52  59   1  36  42  16  82   4  19   7  43  57  37  65  18  26  25   0   9  73  89  29   2  61  56  26  68  77 
 22  78  41  55  34  99   5  15  81  74  32  14  20  72  17  80  57   5  18  64  68  35  76  99  78  41  71  54  42  27  27  42  66   1  80  36  91  56  67  90   0  59  84  75   8  93  44  47   1  81 
 67  36  83  32  61   3  46  67  76  92  48  60  74  26  41  15  15  15  67  93  26  33  12  34  69  32  20  70   8  47  55   1  29  62  95  44  43  74  17  74  18   0  61  67  31  48  33  78  91  36 
 92  80  98  81  43  73  48  82  55   9  28   6   1  13  42  96  41   7  96  94  63  40  97  89  43  80  82  83  67  70  66  23  33  75  66  46  25  47  97  29  99   2   0  78  31  18   9  66  58  60 
 21  32  78  75  55  19  61  78  62  39  16  21   2  30  71  16  34  88  75  16  57  78  47  99  36  97  86  18  95  82  13  11   8  85  15   9  45  44  15  35  23  46  93   0  61  20  25  50  51  90 
 26  60  35  38  56   7  24   7  28  47  93  36  16  63  32  44  26  60  37  81  53  92  34  48  38  65  17  17  66  58   6  92  97  92  49  97  17  73  97  77  67  88  64  75   0   7  47  17  33  80 
 64  24  78  85  54  72   6  25  75  83  57  78  44   4  73  56  68  85  62  52  71  40  11  91  19  79  11  84  50  83  83  69   8  39  71  92  20  76  73  40  16  92  76  77  33   0  68  30  73  16 
 13  65  51  80  57  11  19  23   4  34  18   5  61  89  59  37  40  13  90  62  66  54   7  50  91  72   9   8  21  64  59  98  21  46  16  56  46  90  14  18  23  35  28  42  60  53   0   7  23  43 
 23  74  89  99  48  17  30  27  42  53  86  33  85  70   1  88  82  16  92  35  72  35  14  42  41   7  29  94  31  51  47  30  52  98  41  71  78  82  21  26  58  81  46  19  30  42  53   0  72  49 
 44  27  15  74  93  39  36  74  12  26  76  85  61  53   5  49  53  54  11  15   8  68  59  10  10  49  37  72  60  44  71  70  44  81  45  40  33  15  36  16  48  14  13   6   4   7  15  90   0  90 
 25  29  81  41  69   6   6  54   4  72  43   7  67  84  19  36  66  25  22  60  20  70  14  94   5  40  63  13  18  75   5  76  28  33  50  76   8  13  89  28  55  35  70  16  19   3   9  76  37   0 
M3
  0  77   3  79  86  52  98  65  34  68  16  27  31  72  80   6  61  26  23  94  79  65  41  76   4  16  48  85  57  24  34  39  44  37  35  10  78  37  47  87  44  79  42  22  67  13  18  50  42  40 
 99   0  64  26  36  13   1  88  12  93  82  83  17  57  41  61  95  76  45  58  83  80  48  39  12  71  12  14  53  93  83  49  48  23  54  24  95   2  53  48  78  25  49  70  41  22  70  42  77  93 
 33  23   0  79  30  70  21  16  97   4  99  28  46  65  51  81  90  34  45  76  14  20  76  20  78  32  85   6  96  89  70  18  20  77  56  52  20   6  17  89  26  36  39  91  21  89  67  10  39  58 
 48  67  73   0  98  92  13  88  68  12  56  91   3  63  16  59  80  47  45  17  54  65  29  79  40  28  73  78  51  27   4  97  55  87  13  19   6  53  51  55  43  75  96  46   3   3  34  39   5  10 
 52  25  24  68   0  76  58  22  17  21  90   9  24  78  86  71  46   1  76  10  69  68  54   4   8  89  36  39  79  39  35  71   8  85  67  35   7  67  24  48  22  48  68  60  14  67  90  10  60  13 
 92  54  32  23  17   0  59  84  36  22  73  53  95  94  68  18  79  79  87  35  58  86  78  38  35  58  65  32  25  41  23  12  18  10  85  37  94   7  13  68  43  22  63  39  29  69  39  16  42  79 
 31  61  18  22  50  63   0  64  71  94  93  60  22  18  93  79  92  45  55  55   6  11  75  30  56  71  72  75  12  73   9  25  78  77  72  58  49  67  83  44  79  66  92  78   3  68  51  62  82  21 
 50  57  76  41  36  82  92   0  71  10  47  70  64  84  90  95  10  13  98  56  80  19  83  81  87   1  80  71   4  87  66  62  44  74  13  53   6  80  80  97  33  53  47   3   2  42  51  75  29  34 
 39  39  98   7  36  99  38  22   0  19  85  44  42  76  94  24  89  68  23  23   6  77  42  15  19  85  11   5  44  99  58  43  61  44  45  64   2  84  54  29  72  85   2  70  78  39   8  33  43  51 
 54  69  38  97  49  53  22  93  48   0  95  96  60  72  91  32  20  71  18  22  13  56   3  98  24  99  22  79  76  79  61  32  40  58   7   7  89  35  88  73  90  31  49  42  46  38  74  43  90  54 
 49  16   8  17  58  34  40  58  59  23   0  32  49  87  50  82  98  47  72  81  32   4  34  14  32  39  84  98  58  83   6  47  63  39  92  59  47  68   9  58  95  83  11  75  73  61  19  47  98  95 
 48  91  75  58  62  50  63  20  11  36   3   0  12  74  96  48   1  21   3  18  24  29  26  83  47  23  67  71  45  16  91  13  99  28  67  15   3  72  41  78  29  47  69  82  61  48  21  96  45  65 
 25  54  20  18  12  47  96  82  81  40  89  78   0  32  84  95   9  48  38  36  91  75  14  90  64  20  60  11  56  99  23  26  80  56  63  62  48  53  27  73  69  57   1  91  76  60  91  66  63  57 
 91   4   7  70  83  52  98  65  91  49  63  63  77   0  97  62  48  95  35  75  42  77  78  75  37  44   5  35  35  82  26  86  34  28  70  93  23  86  40  50  99  97  45  65  24  30   7   7  64  48 
 89  82  93  65  35  99   5  62  91  98  39  10  20  54   0  40  18   7  23  38  70  45  72  21  78  44  30   2  35  94  22  16  24  15  59  51  18  25  42  13  64  81  73  70   1  88  33  85  36  75 
 53  28  58   6  53  27  52  88  23  52  90  51  93  74  98   0  74  99   3  32  48  59  39  55  53  13  48  64  45  42  14  79  48  78   4  72  23  58  95  95  86  83  20  27  30  79  85  46  60   6 
 10  88  89  24   5  80  87  40  79  84  84  85  13  41  80  28   0  40  97  18  98  39  81  33  61  96  44  43  75  27  60  23  95  78  36  39  32  19   6  18  11  23  41  25  50  29  95  67   6  19 
 41   6  95   5  20  70  11   1  71  20  20   1  27  55  30  46  25   0  46  83  41  99  14  80  99  42  22  47  33  33  91  32  98  61  18  53  57  22   6  64  82  28  74  51  26  68  48  94  66  81 
 56  79  49  57  58  74  20  66  14  86  31  90  29  64  87  22  89  82   0  34  42  65  41  38  37  17   2   2  16  32  95  72  82   5  92  34  92  38  84  94  69  24  72  32   8  26  21  30  53  85 
 85  42  99  92  73  69  67  92  51  91  65  27  92  37  89  24  94   8  64   0  71  67  93  73  33  96   9  68  19  96  92  15  10  35   8  10  56  69   4  65  56  25  55  28  54  84  96  61  28  59 
 59  20  41  40  83  77  86  65  77  37  39  84  91  33  96  28  78  74  80  99   0  18  58  27  31  27  51  77  78  51  78  75   3  18  34   2  39  95  67  43  79  77  22  99  61  37   6  41  21  40 
 49  79  72  40  59  69  57  11  61  75  29  56  13  46  74  54  51  23  70  29  14   0  81  58  80  81  56  40  41  44  20  96  11  77  60  82  45  18  46  45  52  54  27  26  97  55  18  49  37   7 
 10  70  22   4  24  22  51  62  89  54  31  41  78  63  76  53  32  84  33  34  10  59   0  85  49  71  25  18  38  99  23  38  84  77  40  90  22  59  42  12  55  66  14  64   5  64  76  84  69  62 
 92  98  84  69  27  70  93  53   6  66  76  52  33  88  34  14  26  47  39  89  80  27  69   0  78  29  79  98  65  93  99  37  15  51  42  67  67  19  81  16  38   1  73  15  30  10  34  51   8  97 
 26  26  67  63  60  60  94  56  84  46  62  31  60  25  22  39  77   2  68  84   5  24   9  53   0  65  91  29  40  53  47  82  49  41  87  15  11  34  38  81  61  14  54  95   2  47  98  32  79  29 
 25  48  45  22  14  16  54  36  57  50  34  61   1  48  14  71  38  48  66  29  44  12  74   1  62   0  22  39  39  69  80  33  58  53  91  26  33  91  23  36  68  65  93  52  34  95  83  58  83  94 
 71  92   7  76  50  30  95  85  83  69  22  36  80  29  84  83   4  65  50  50  35   4  81  74  79  38   0  69  51  79  21  91  27  11  25  61  47  75  76  72  85  97  10  90  64  63   4  16  80  66 
 81  33   9  51  57  80  58  90  25  95  99  43  95  89  14  16   6  30  54  60  60  58  58  38  92  79  74   0  41  66  59  20  17  94  32  91  47  77  26  95   8  97  96  77  23  88  14  17  58  97 
 10  70  74  68  11  88  32  20  88  60  75  63  33  71  77  21  29  45  96   2  63  81  46   4  63  34  93  50   0  96  73  11   9  90  27  45  11  60  53  55  67  26  11  80  82  24  22  71  65  74 
 35  88  59  78  34  51  18  28  55  67  37  91  68   4  96  91  91  44  53  95  29  34  42  76  78  53  34  77   9   0  91  96  35  87  67  67   7  17  21  72  18  22  25  15  58  79  53  16  29  95 
 61  17  27   3  48  77  79  58  47  56   8  45  53  48  45   7  12   6  41  67  32  20  81  61  17  74  85  99   7  38   0  39  87  73  69  23  30  34   4  11  38  60  55  75  96   8  29  38  53  45 
 71  51  73  38  33  71  70  57  68  24  53  14  47  31  79  41  19  68  88  55  34  11  60   8  56  55  97  67  35  30  44   0  44  71  55  72  77  77  83  17  34  89  15   7  82  50  94  67  88  94 
 48  70  29  72  73  40  38  77  14  86  65  63  47  27  18   1  94  24  30  28  24  76  44  37  41  18  64  50  93  11  59  30   0  77  27   7  43  81  59  61  78  57  78  76  21  17  46  26  83  80 
 81  80   4  70   1  94  35   1  78  16  25  70  85  86  39  81  27   9  74  32  70  39  64  52  14  63  17  32  99  35  23  53  77   0  88  39  76  66  12  51  78  28  65  67  81  33  58  76   9  98 
 23  71  23  64  50  53  55  18  92  40  71  49  62  59   6  39  17  37  24  89  86  40  61  67  81  98  69  24  97  83  33  40  83  85   0  60  92  94  17  39  30  78  36  47   4  67  91  33  19  16 
 20  77  45  86  58   5  30  61  57  43  81  55  95  25  26  56  64   3  67   3  69  85   3  87  18  59  51  34   2  26  40  68  95  79  23   0  72  25  42  44  79  55  63  28  84  18  38  96  60  56 
 89   9  16  16  78   3  13  53  73  39  16  12  69  19  54  42  99  49  17  79  48  76   6  20  45  31  58  54  72  59  73  53  60  74  69  92   0  90  82  39  84  75   4  63  59  80  52  85  80  47 
 74  50  51  89  43  38  28   7  21   5   2  67  59  36   6  55  19  76  47  56  29  76   4  73  47   5  82  99  18  66  45  51  44  69  58   5  34   0  63  69  89  21  98  64  46   2  87  54  16  91 
 85  72   3  12  33  40  59  24  24  59  51  47  16   4  36  33  96  89  86  29  32  33  68  60  56   7  71  32   8  95  94  17  91   1  10   5   8  54   0  79  46  29  96  31  72  28  36  97   2  11 
 24  68  31  16  13  95   8  60  28  32  80   8   9   2  99  50  54  65  59  30  94  68  52  59   1  36  42  16  82   4  19   7  43  57  37  65  18  26  25   0   9  73  89  29   2  61  56  26  68  77 
 22  78  41  55  34  99   5  15  81  74  32  14  20  72  17  80  57   5  18  64  68  35  76  99  78  41  71  54  42  27  27  42  66   1  80  36  91  56  67  90   0  59  84  75   8  93  44  47   1  81 
 67  36  83  32  61   3  46  67  76  92  48  60  74  26  41  15  15  15  67  93  26  33  12  34  69  32  20  70   8  47  55   1  29  62  95  44  43  74  17  74  18   0  61  67  31  48  33  78  91  36 
 92  80  98  81  43  73  48  82  55   9  28   6   1  13  42  96  41   7  96  94  63  40  97  89  43  80  82  83  67  70  66  23  33  75  66  46  25  47  97  29  99   2   0  78  31  18   9  66  58  60 
 21  32  78  75  55  19  61  78  62  39  16  21   2  30  71  16  34  88  75  16  57  78  47  99  36  97  86  18  95  82  13  11   8  85  15   9  45  44  15  35  23  46  93   0  61  20  25  50  51  90 
 26  60  35  38  56   7  24   7  28  47  93  36  16  63  32  44  26  60  37  81  53  92  34  48  38  65  17  17  66  58   6  92  97  92  49  97  17  73  97  77  67  88  64  75   0   7  47  17  33  80 
 64  24  78  85  54  72   6  25  75  83  57  78  44   4  73  56  68  85  62  52  71  40  11  91  19  79  11  84  50  83  83  69   8  39  71  92  20  76  73  40  16  92  76  77  33   0  68  30  73  16 
 13  65  51  80  57  11  19  23   4  34  18   5  61  89  59  37  40  13  90  62  66  54   7  50  91  72   9   8  21  64  59  98  21  46  16  56  46  90  14  18  23  35  28  42  60  53   0   7  23  43 
 23  74  89  99  48  17  30  27  42  53  86  33  85  70   1  88  82  16  92  35  72  35  14  42  41   7  29  94  31  51  47  30  52  98  41  71  78  82  21  26  58  81  46  19  30  42  53   0  72  49 
 44  27  15  74  93  39  36  74  12  26  76  85  61  53   5  49  53  54  11  15   8  68  59  10  10  49  37  72  60  44  71  70  44  81  45  40  33  15  36  16  48  14  13   6   4   7  15  90   0  90 
 25  29  81  41  69   6   6  54   4  72  43   7  67  84  19  36  66  25  22  60  20  70  14  94   5  40  63  13  18  75   5  76  28  33  50  76   8  13  89  28  55  35  70  16  19   3   9  76  37   0 
M4
  0  77   3  79  86  52  98  65  34  68  16  27  31  72  80   6  61  26  23  94  79  65  41  76   4  16  48  85  57  24  34  39  44  37  35  10  78  37  47  87  44  79  42  22  67  13  18  50  42  40 
 99   0  64  26  36  13   1  88  12  93  82  83  17  57  41  61  95  76  45  58  83  80  48  39  12  71  12  14  53  93  83  49  48  23  54  24  95   2  53  48  78  25  49  70  41  22  70  42  77  93 
 33  23   0  79  30  70  21  16  97   4  99  28  46  65  51  81  90  34  45  76  14  20  76  20  78  32  85   6  96  89  70  18  20  77  56  52  20   6  17  89  26  36  39  91  21  89  67  10  39  58 
 48  67  73   0  98  92  13  88  68  12  56  91   3  63  16  59  80  47  45  17  54  65  29  79  40  28  73  78  51  27   4  97  55  87  13  19   6  53  51  55  43  75  96  46   3   3  34  39   5  10 
 52  25  24  68   0  76  58  22  17  21  90   9  24  78  86  71  46   1  76  10  69  68  54   4   8  89  36  39  79  39  35  71   8  85  67  35   7  67  24  48  22  48  68  60  14  67  90  10  60  13 
 92  54  32  23  17   0  59  84  36  22  73  53  95  94  68  18  79  79  87  35  58  86  78  38  35  58  65  32  25  41  23  12  18  10  85  37  94   7  13  68  43  22  63  39  29  69  39  16  42  79 
 31  61  18  22  50  63   0  64  71  94  93  60  22  18  93  79  92  45  55  55   6  11  75  30  56  71  72  75  12  73   9  25  78  77  72  58  49  67  83  44  79  66  92  78   3  68  51  62  82  21 
 50  57  76  41  36  82  92   0  71  10  47  70  64  84  90  95  10  13  98  56  80  19  83  81  87   1  80  71   4  87  66  62  44  74  13  53   6  80  80  97  33  53  47   3   2  42  51  75  29  34 
 39  39  98   7  36  99  38  22   0  19  85  44  42  76  94  24  89  68  23  23   6  77  42  15  19  85  11   5  44  99  58  43  61  44  45  64   2  84  54  29  72  85   2  70  78  39   8  33  43  51 
 54  69  38  97  49  53  22  93  48   0  95  96  60  72  91  32  20  71  18  22  13  56   3  98  24  99  22  79  76  79  61  32  40  58   7   7  89  35  88  73  90  31  49  42  46  38  74  43  90  54 
 49  16   8  17  58  34  40  58  59  23   0  32  49  87  50  82  98  47  72  81  32   4  34  14  32  39  84  98  58  83   6  47  63  39  92  59  47  68   9  58  95  83  11  75  73  61  19  47  98  95 
 48  91  75  58  62  50  63  20  11  36   3   0  12  74  96  48   1  21   3  18  24  29  26  83  47  23  67  71  45  16  91  13  99  28  67  15   3  72  41  78  29  47  69  82  61  48  21  96  45  65 
 25  54  20  18  12  47  96  82  81  40  89  78   0  32  84  95   9  48  38  36  91  75  14  90  64  20  60  11  56  99  23  26  80  56  63  62  48  53  27  73  69  57   1  91  76  60  91  66  63  57 
 91   4   7  70  83  52  98  65  91  49  63  63  77   0  97  62  48  95  35  75  42  77  78  75  37  44   5  35  35  82  26  86  34  28  70  93  23  86  40  50  99  97  45  65  24  30   7   7  64  48 
 89  82  93  65  35  99   5  62  91  98  39  10  20  54   0  40  18   7  23  38  70  45  72  21  78  44  30   2  35  94  22  16  24  15  59  51  18  25  42  13  64  81  73  70   1  88  33  85  36  75 
 53  28  58   6  53  27  52  88  23  52  90  51  93  74  98   0  74  99   3  32  48  59  39  55  53  13  48  64  45  42  14  79  48  78   4  72  23  58  95  95  86  83  20  27  30  79  85  46  60   6 
 10  88  89  24   5  80  87  40  79  84  84  85  13  41  80  28   0  40  97  18  98  39  81  33  61  96  44  43  75  27  60  23  95  78  36  39  32  19   6  18  11  23  41  25  50  29  95  67   6  19 
 41   6  95   5  20  70  11   1  71  20  20   1  27  55  30  46  25   0  46  83  41  99  14  80  99  42  22  47  33  33  91  32  98  61  18  53  57  22   6  64  82  28  74  51  26  68  48  94  66  81 
 56  79  49  57  58  74  20  66  14  86  31  90  29  64  87  22  89  82   0  34  42  65  41  38  37  17   2   2  16  32  95  72  82   5  92  34  92  38  84  94  69  24  72  32   8  26  21  30  53  85 
 85  42  99  92  73  69  67  92  51  91  65  27  92  37  89  24  94   8  64   0  71  67  93  73  33  96   9  68  19  96  92  15  10  35   8  10  56  69   4  65  56  25  55  28  54  84  96  61  28  59 
 59  20  41  40  83  77  86  65  77  37  39  84  91  33  96  28  78  74  80  99   0  18  58  27  31  27  51  77  78  51  78  75   3  18  34   2  39  95  67  43  79  77  22  99  61  37   6  41  21  40 
 49  79  72  40  59  69  57  11  61  75  29  56  13  46  74  54  51  23  70  29  14   0  81  58  80  81  56  40  41  44  20  96  11  77  60  82  45  18  46  45  52  54  27  26  97  55  18  49  37   7 
 10  70  22   4  24  22  51  62  89  54  31  41  78  63  76  53  32  84  33  34  10  59   0  85  49  71  25  18  38  99  23  38  84  77  40  90  22  59  42  12  55  66  14  64   5  64  76  84  69  62 
 92  98  84  69  27  70  93  53   6  66  76  52  33  88  34  14  26  47  39  89  80  27  69   0  78  29  79  98  65  93  99  37  15  51  42  67  67  19  81  16  38   1  73  15  30  10  34  51   8  97 
 26  26  67  63  60  60  94  56  84  46  62  31  60  25  22  39  77   2  68  84   5  24   9  53   0  65  91  29  40  53  47  82  49  41  87  15  11  34  38  81  61  14  54  95   2  47  98  32  79  29 
 25  48  45  22  14  16  54  36  57  50  34  61   1  48  14  71  38  48  66  29  44  12  74   1  62   0  22  39  39  69  80  33  58  53  91  26  33  91  23  36  68  65  93  52  34  95  83  58  83  94 
 71  92   7  76  50  30  95  85  83  69  22  36  80  29  84  83   4  65  50  50  35   4  81  74  79  38   0  69  51  79  21  91  27  11  25  61  47  75  76  72  85  97  10  90  64  63   4  16  80  66 
 81  33   9  51  57  80  58  90  25  95  99  43  95  89  14  16   6  30  54  60  60  58  58  38  92  79  74   0  41  66  59  20  17  94  32  91  47  77  26  95   8  97  96  77  23  88  14  17  58  97 
 10  70  74  68  11  88  32  20  88  60  75  63  33  71  77  21  29  45  96   2  63  81  46   4  63  34  93  50   0  96  73  11   9  90  27  45  11  60  53  55  67  26  11  80  82  24  22  71  65  74 
 35  88  59  78  34  51  18  28  55  67  37  91  68   4  96  91  91  44  53  95  29  34  42  76  78  53  34  77   9   0  91  96  35  87  67  67   7  17  21  72  18  22  25  15  58  79  53  16  29  95 
 61  17  27   3  48  77  79  58  47  56   8  45  53  48  45   7  12   6  41  67  32  20  81  61  17  74  85  99   7  38   0  39  87  73  69  23  30  34   4  11  38  60  55  75  96   8  29  38  53  45 
 71  51  73  38  33  71  70  57  68  24  53  14  47  31  79  41  19  68  88  55  34  11  60   8  56  55  97  67  35  30  44   0  44  71  55  72  77  77  83  17  34  89  15   7  82  50  94  67  88  94 
 48  70  29  72  73  40  38  77  14  86  65  63  47  27  18   1  94  24  30  28  24  76  44  37  41  18  64  50  93  11  59  30   0  77  27   7  43  81  59  61  78  57  78  76  21  17  46  26  83  80 
 81  80   4  70   1  94  35   1  78  16  25  70  85  86  39  81  27   9  74  32  70  39  64  52  14  63  17  32  99  35  23  53  77   0  88  39  76  66  12  51  78  28  65  67  81  33  58  76   9  98 
 23  71  23  64  50  53  55  18  92  40  71  49  62  59   6  39  17  37  24  89  86  40  61  67  81  98  69  24  97  83  33  40  83  85   0  60  92  94  17  39  30  78  36  47   4  67  91  33  19  16 
 20  77  45  86  58   5  30  61  57  43  81  55  95  25  26  56  64   3  67   3  69  85   3  87  18  59  51  34   2  26  40  68  95  79  23   0  72  25  42  44  79  55  63  28  84  18  38  96  60  56 
 89   9  16  16  78   3  13  53  73  39  16  12  69  19  54  42  99  49  17  79  48  76   6  20  45  31  58  54  72  59  73  53  60  74  69  92   0  90  82  39  84  75   4  63  59  80  52  85  80  47 
 74  50  51  89  43  38  28   7  21   5   2  67  59  36   6  55  19  76  47  56  29  76   4  73  47   5  82  99  18  66  45  51  44  69  58   5  34   0  63  69  89  21  98  64  46   2  87  54  16  91 
 85  72   3  12  33  40  59  24  24  59  51  47  16   4  36  33  96  89  86  29  32  33  68  60  56   7  71  32   8  95  94  17  91   1  10   5   8  54   0  79  46  29  96  31  72  28  36  97   2  11 
 24  68  31  16  13  95   8  60  28  32  80   8   9   2  99  50  54  65  59  30  94  68  52  59   1  36  42  16  82   4  19   7  43  57  37  65  18  26  25   0   9  73  89  29   2  61  56  26  68  77 
 22  78  41  55  34  99   5  15  81  74  32  14  20  72  17  80  57   5  18  64  68  35  76  99  78  41  71  54  42  27  27  42  66   1  80  36  91  56  67  90   0  59  84  75   8  93  44  47   1  81 
 67  36  83  32  61   3  46  67  76  92  48  60  74  26  41  15  15  15  67  93  26  33  12  34  69  32  20  70   8  47  55   1  29  62  95  44  43  74  17  74  18   0  61  67  31  48  33  78  91  36 
 92  80  98  81  43  73  48  82  55   9  28   6   1  13  42  96  41   7  96  94  63  40  97  89  43  80  82  83  67  70  66  23  33  75  66  46  25  47  97  29  99   2   0  78  31  18   9  66  58  60 
 21  32  78  75  55  19  61  78  62  39  16  21   2  30  71  16  34  88  75  16  57  78  47  99  36  97  86  18  95  82  13  11   8  85  15   9  45  44  15  35  23  46  93   0  61  20  25  50  51  90 
 26  60  35  38  56   7  24   7  28  47  93  36  16  63  32  44  26  60  37  81  53  92  34  48  38  65  17  17  66  58   6  92  97  92  49  97  17  73  97  77  67  88  64  75   0   7  47  17  33  80 
 64  24  78  85  54  72   6  25  75  83  57  78  44   4  73  56  68  85  62  52  71  40  11  91  19  79  11  84  50  83  83  69   8  39  71  92  20  76  73  40  16  92  76  77  33   0  68  30  73  16 
 13  65  51  80  57  11  19  23   4  34  18   5  61  89  59  37  40  13  90  62  66  54   7  50  91  72   9   8  21  64  59  98  21  46  16  56  46  90  14  18  23  35  28  42  60  53   0   7  23  43 
 23  74  89  99  48  17  30  27  42  53  86  33  85  70   1  88  82  16  92  35  72  35  14  42  41   7  29  94  31  51  47  30  52  98  41  71  78  82  21  26  58  81  46  19  30  42  53   0  72  49 
 44  27  15  74  93  39  36  74  12  26  76  85  61  53   5  49  53  54  11  15   8  68  59  10  10  49  37  72  60  44  71  70  44  81  45  40  33  15  36  16  48  14  13   6   4   7  15  90   0  90 
 25  29  81  41  69   6   6  54   4  72  43   7  67  84  19  36  66  25  22  60  20  70  14  94   5  40  63  13  18  75   5  76  28  33  50  76   8  13  89  28  55  35  70  16  19   3   9  76  37   0 
M5
  0  77   3  79  86  52  98  65  34  68  16  27  31  72  80   6  61  26  23  94  79  65  41  76   4  16  48  85  57  24  34  39  44  37  35  10  78  37  47  87  44  79  42  22  67  13  18  50  42  40 
 99   0  64  26  36  13   1  88  12  93  82  83  17  57  41  61  95  76  45  58  83  80  48  39  12  71  12  14  53  93  83  49  48  23  54  24  95   2  53  48  78  25  49  70  41  22  70  42  77  93 
 33  23   0  79  30  70  21  16  97   4  99  28  46  65  51  81  90  34  45  76  14  20  76  20  78  32  85   6  96  89  70  18  20  77  56  52  20   6  17  89  26  36  39  91  21  89  67  10  39  58 
 48  67  73   0  98  92  13  88  68  12  56  91   3  63  16  59  80  47  45  17  54  65  29  79  40  28  73  78  51  27   4  97  55  87  13  19   6  53  51  55  43  75  96  46   3   3  34  39   5  10 
 52  25  24  68   0  76  58  22  17  21  90   9  24  78  86  71  46   1  76  10  69  68  54   4   8  89  36  39  79  39  35  71   8  85  67  35   7  67  24  48  22  48  68  60  14  67  90  10  60  13 
 92  54  32  23  17   0  59  84  36  22  73  53  95  94  68  18  79  79  87  35  58  86  78  38  35  58  65  32  25  41  23  12  18  10  85  37  94   7  13  68  43  22  63  39  29  69  39  16  42  79 
 31  61  18  22  50  63   0  64  71  94  93  60  22  18  93  79  92  45  55  55   6  11  75  30  56  71  72  75  12  73   9  25  78  77  72  58  49  67  83  44  79  66  92  78   3  68  51  62  82  21 
 50  57  76  41  36  82  92   0  71  10  47  70  64  84  90  95  10  13  98  56  80  19  83  81  87   1  80  71   4  87  66  62  44  74  13  53   6  80  80  97  33  53  47   3   2  42  51  75  29  34 
 39  39  98   7  36  99  38  22   0  19  85  44  42  76  94  24  89  68  23  23   6  77  42  15  19  85  11   5  44  99  58  43  61  44  45  64   2  84  54  29  72  85   2  70  78  39   8  33  43  51 
 54  69  38  97  49  53  22  93  48   0  95  96  60  72  91  32  20  71  18  22  13  56   3  98  24  99  22  79  76  79  61  32  40  58   7   7  89  35  88  73  90  31  49  42  46  38  74  43  90  54 
 49  16   8  17  58  34  40  58  59  23   0  32  49  87  50  82  98  47  72  81  32   4  34  14  32  39  84  98  58  83   6  47  63  39  92  59  47  68   9  58  95  83  11  75  73  61  19  47  98  95 
 48  91  75  58  62  50  63  20  11  36   3   0  12  74  96  48   1  21   3  18  24  29  26  83  47  23  67  71  45  16  91  13  99  28  67  15   3  72  41  78  29  47  69  82  61  48  21  96  45  65 
 25  54  20  18  12  47  96  82  81  40  89  78   0  32  84  95   9  48  38  36  91  75  14  90  64  20  60  11  56  99  23  26  80  56  63  62  48  53  27  73  69  57   1  91  76  60  91  66  63  57 
 91   4   7  70  83  52  98  65  91  49  63  63  77   0  97  62  48  95  35  75  42  77  78  75  37  44   5  35  35  82  26  86  34  28  70  93  23  86  40  50  99  97  45  65  24  30   7   7  64  48 
 89  82  93  65  35  99   5  62  91  98  39  10  20  54   0  40  18   7  23  38  70  45  72  21  78  44  30   2  35  94  22  16  24  15  59  51  18  25  42  13  64  81  73  70   1  88  33  85  36  75 
 53  28  58   6  53  27  52  88  23  52  90  51  93  74  98   0  74  99   3  32  48  59  39  55  53  13  48  64  45  42  14  79  48  78   4  72  23  58  95  95  86  83  20  27  30  79  85  46  60   6 
 10  88  89  24   5  80  87  40  79  84  84  85  13  41  80  28   0  40  97  18  98  39  81  33  61  96  44  43  75  27  60  23  95  78  36  39  32  19   6  18  11  23  41  25  50  29  95  67   6  19 
 41   6  95   5  20  70  11   1  71  20  20   1  27  55  30  46  25   0  46  83  41  99  14  80  99  42  22  47  33  33  91  32  98  61  18  53  57  22   6  64  82  28  74  51  26  68  48  94  66  81 
 56  79  49  57  58  74  20  66  14  86  31  90  29  64  87  22  89  82   0  34  42  65  41  38  37  17   2   2  16  32  95  72  82   5  92  34  92  38  84  94  69  24  72  32   8  26  21  30  53  85 
 85  42  99  92  73  69  67  92  51  91  65  27  92  37  89  24  94   8  64   0  71  67  93  73  33  96   9  68  19  96  92  15  10  35   8  10  56  69   4  65  56  25  55  28  54  84  96  61  28  59 
 59  20  41  40  83  77  86  65  77  37  39  84  91  33  96  28  78  74  80  99   0  18  58  27  31  27  51  77  78  51  78  75   3  18  34   2  39  95  67  43  79  77  22  99  61  37   6  41  21  40 
 49  79  72  40  59  69  57  11  61  75  29  56  13  46  74  54  51  23  70  29  14   0  81  58  80  81  56  40  41  44  20  96  11  77  60  82  45  18  46  45  52  54  27  26  97  55  18  49  37   7 
 10  70  22   4  24  22  51  62  89  54  31  41  78  63  76  53  32  84  33  34  10  59   0  85  49  71  25  18  38  99  23  38  84  77  40  90  22  59  42  12  55  66  14  64   5  64  76  84  69  62 
 92  98  84  69  27  70  93  53   6  66  76  52  33  88  34  14  26  47  39  89  80  27  69   0  78  29  79  98  65  93  99  37  15  51  42  67  67  19  81  16  38   1  73  15  30  10  34  51   8  97 
 26  26  67  63  60  60  94  56  84  46  62  31  60  25  22  39  77   2  68  84   5  24   9  53   0  65  91  29  40  53  47  82  49  41  87  15  11  34  38  81  61  14  54  95   2  47  98  32  79  29 
 25  48  45  22  14  16  54  36  57  50  34  61   1  48  14  71  38  48  66  29  44  12  74   1  62   0  22  39  39  69  80  33  58  53  91  26  33  91  23  36  68  65  93  52  34  95  83  58  83  94 
 71  92   7  76  50  30  95  85  83  69  22  36  80  29  84  83   4  65  50  50  35   4  81  74  79  38   0  69  51  79  21  91  27  11  25  61  47  75  76  72  85  97  10  90  64  63   4  16  80  66 
 81  33   9  51  57  80  58  90  25  95  99  43  95  89  14  16   6  30  54  60  60  58  58  38  92  79  74   0  41  66  59  20  17  94  32  91  47  77  26  95   8  97  96  77  23  88  14  17  58  97 
 10  70  74  68  11  88  32  20  88  60  75  63  33  71  77  21  29  45  96   2  63  81  46   4  63  34  93  50   0  96  73  11   9  90  27  45  11  60  53  55  67  26  11  80  82  24  22  71  65  74 
 35  88  59  78  34  51  18  28  55  67  37  91  68   4  96  91  91  44  53  95  29  34  42  76  78  53  34  77   9   0  91  96  35  87  67  67   7  17  21  72  18  22  25  15  58  79  53  16  29  95 
 61  17  27   3  48  77  79  58  47  56   8  45  53  48  45   7  12   6  41  67  32  20  81  61  17  74  85  99   7  38   0  39  87  73  69  23  30  34   4  11  38  60  55  75  96   8  29  38  53  45 
 71  51  73  38  33  71  70  57  68  24  53  14  47  31  79  41  19  68  88  55  34  11  60   8  56  55  97  67  35  30  44   0  44  71  55  72  77  77  83  17  34  89  15   7  82  50  94  67  88  94 
 48  70  29  72  73  40  38  77  14  86  65  63  47  27  18   1  94  24  30  28  24  76  44  37  41  18  64  50  93  11  59  30   0  77  27   7  43  81  59  61  78  57  78  76  21  17  46  26  83  80 
 81  80   4  70   1  94  35   1  78  16  25  70  85  86  39  81  27   9  74  32  70  39  64  52  14  63  17  32  99  35  23  53  77   0  88  39  76  66  12  51  78  28  65  67  81  33  58  76   9  98 
 23  71  23  64  50  53  55  18  92  40  71  49  62  59   6  39  17  37  24  89  86  40  61  67  81  98  69  24  97  83  33  40  83  85   0  60  92  94  17  39  30  78  36  47   4  67  91  33  19  16 
 20  77  45  86  58   5  30  61  57  43  81  55  95  25  26  56  64   3  67   3  69  85   3  87  18  59  51  34   2  26  40  68  95  79  23   0  72  25  42  44  79  55  63  28  84  18  38  96  60  56 
 89   9  16  16  78   3  13  53  73  39  16  12  69  19  54  42  99  49  17  79  48  76   6  20  45  31  58  54  72  59  73  53  60  74  69  92   0  90  82  39  84  75   4  63  59  80  52  85  80  47 
 74  50  51  89  43  38  28   7  21   5   2  67  59  36   6  55  19  76  47  56  29  76   4  73  47   5  82  99  18  66  45  51  44  69  58   5  34   0  63  69  89  21  98  64  46   2  87  54  16  91 
 85  72   3  12  33  40  59  24  24  59  51  47  16   4  36  33  96  89  86  29  32  33  68  60  56   7  71  32   8  95  94  17  91   1  10   5   8  54   0  79  46  29  96  31  72  28  36  97   2  11 
 24  68  31  16  13  95   8  60  28  32  80   8   9   2  99  50  54  65  59  30  94  68  52  59   1  36  42  16  82   4  19   7  43  57  37  65  18  26  25   0   9  73  89  29   2  61  56  26  68  77 
 22  78  41  55  34  99   5  15  81  74  32  14  20  72  17  80  57   5  18  64  68  35  76  99  78  41  71  54  42  27  27  42  66   1  80  36  91  56  67  90   0  59  84  75   8  93  44  47   1  81 
 67  36  83  32  61   3  46  67  76  92  48  60  74  26  41  15  15  15  67  93  26  33  12  34  69  32  20  70   8  47  55   1  29  62  95  44  43  74  17  74  18   0  61  67  31  48  33  78  91  36 
 92  80  98  81  43  73  48  82  55   9  28   6   1  13  42  96  41   7  96  94  63  40  97  89  43  80  82  83  67  70  66  23  33  75  66  46  25  47  97  29  99   2   0  78  31  18   9  66  58  60 
 21  32  78  75  55  19  61  78  62  39  16  21   2  30  71  16  34  88  75  16  57  78  47  99  36  97  86  18  95  82  13  11   8  85  15   9  45  44  15  35  23  46  93   0  61  20  25  50  51  90 
 26  60  35  38  56   7  24   7  28  47  93  36  16  63  32  44  26  60  37  81  53  92  34  48  38  65  17  17  66  58   6  92  97  92  49  97  17  73  97  77  67  88  64  75   0   7  47  17  33  80 
 64  24  78  85  54  72   6  25  75  83  57  78  44   4  73  56  68  85  62  52  71  40  11  91  19  79  11  84  50  83  83  69   8  39  71  92  20  76  73  40  16  92  76  77  33   0  68  30  73  16 
 13  65  51  80  57  11  19  23   4  34  18   5  61  89  59  37  40  13  90  62  66  54   7  50  91  72   9   8  21  64  59  98  21  46  16  56  46  90  14  18  23  35  28  42  60  53   0   7  23  43 
 23  74  89  99  48  17  30  27  42  53  86  33  85  70   1  88  82  16  92  35  72  35  14  42  41   7  29  94  31  51  47  30  52  98  41  71  78  82  21  26  58  81  46  19  30  42  53   0  72  49 
 44  27  15  74  93  39  36  74  12  26  76  85  61  53   5  49  53  54  11  15   8  68  59  10  10  49  37  72  60  44  71  70  44  81  45  40  33  15  36  16  48  14  13   6   4   7  15  90   0  90 
 25  29  81  41  69   6   6  54   4  72  43   7  67  84  19  36  66  25  22  60  20  70  14  94   5  40  63  13  18  75   5  76  28  33  50  76   8  13  89  28  55  35  70  16  19   3   9  76  37   0 
M6
  0  77   3  79  86  52  98  65  34  68  16  27  31  72  80   6  61  26  23  94  79  65  41  76   4  16  48  85  57  24  34  39  44  37  35  10  78  37  47  87  44  79  42  22  67  13  18  50  42  40 
 99   0  64  26  36  13   1  88  12  93  82  83  17  57  41  61  95  76  45  58  83  80  48  39  12  71  12  14  53  93  83  49  48  23  54  24  95   2  53  48  78  25  49  70  41  22  70  42  77  93 
 33  23   0  79  30  70  21  16  97   4  99  28  46  65  51  81  90  34  45  76  14  20  76  20  78  32  85   6  96  89  70  18  20  77  56  52  20   6  17  89  26  36  39  91  21  89  67  10  39  58 
 48  67  73   0  98  92  13  88  68  12  56  91   3  63  16  59  80  47  45  17  54  65  29  79  40  28  73  78  51  27   4  97  55  87  13  19   6  53  51  55  43  75  96  46   3   3  34  39   5  10 
 52  25  24  68   0  76  58  22  17  21  90   9  24  78  86  71  46   1  76  10  69  68  54   4   8  89  36  39  79  39  35  71   8  85  67  35   7  67  24  48  22  48  68  60  14  67  90  10  60  13 
 92  54  32  23  17   0  59  84  36  22  73  53  95  94  68  18  79  79  87  35  58  86  78  38  35  58  65  32  25  41  23  12  18  10  85  37  94   7  13  68  43  22  63  39  29  69  39  16  42  79 
 31  61  18  22  50  63   0  64  71  94  93  60  22  18  93  79  92  45  55  55   6  11  75  30  56  71  72  75  12  73   9  25  78  77  72  58  49  67  83  44  79  66  92  78   3  68  51  62  82  21 
 50  57  76  41  36  82  92   0  71  10  47  70  64  84  90  95  10  13  98  56  80  19  83  81  87   1  80  71   4  87  66  62  44  74  13  53   6  80  80  97  33  53  47   3   2  42  51  75  29  34 
 39  39  98   7  36  99  38  22   0  19  85  44  42  76  94  24  89  68  23  23   6  77  42  15  19  85  11   5  44  99  58  43  61  44  45  64   2  84  54  29  72  85   2  70  78  39   8  33  43  51 
 54  69  38  97  49  53  22  93  48   0  95  96  60  72  91  32  20  71  18  22  13  56   3  98  24  99  22  79  76  79  61  32  40  58   7   7  89  35  88  73  90  31  49  42  46  38  74  43  90  54 
 49  16   8  17  58  34  40  58  59  23   0  32  49  87  50  82  98  47  72  81  32   4  34  14  32  39  84  98  58  83   6  47  63  39  92  59  47  68   9  58  95  83  11  75  73  61  19  47  98  95 
 48  91  75  58  62  50  63  20  11  36   3   0  12  74  96  48   1  21   3  18  24  29  26  83  47  23  67  71  45  16  91  13  99  28  67  15   3  72  41  78  29  47  69  82  61  48  21  96  45  65 
 25  54  20  18  12  47  96  82  81  40  89  78   0  32  84  95   9  48  38  36  91  75  14  90  64  20  60  11  56  99  23  26  80  56  63  62  48  53  27  73  69  57   1  91  76  60  91  66  63  57 
 91   4   7  70  83  52  98  65  91  49  63  63  77   0  97  62  48  95  35  75  42  77  78  75  37  44   5  35  35  82  26  86  34  28  70  93  23  86  40  50  99  97  45  65  24  30   7   7  64  48 
 89  82  93  65  35  99   5  62  91  98  39  10  20  54   0  40  18   7  23  38  70  45  72  21  78  44  30   2  35  94  22  16  24  15  59  51  18  25  42  13  64  81  73  70   1  88  33  85  36  75 
 53  28  58   6  53  27  52  88  23  52  90  51  93  74  98   0  74  99   3  32  48  59  39  55  53  13  48  64  45  42  14  79  48  78   4  72  23  58  95  95  86  83  20  27  30  79  85  46  60   6 
 10  88  89  24   5  80  87  40  79  84  84  85  13  41  80  28   0  40  97  18  98  39  81  33  61  96  44  43  75  27  60  23  95  78  36  39  32  19   6  18  11  23  41  25  50  29  95  67   6  19 
 41   6  95   5  20  70  11   1  71  20  20   1  27  55  30  46  25   0  46  83  41  99  14  80  99  42  22  47  33  33  91  32  98  61  18  53  57  22   6  64  82  28  74  51  26  68  48  94  66  81 
 56  79  49  57  58  74  20  66  14  86  31  90  29  64  87  22  89  82   0  34  42  65  41  38  37  17   2   2  16  32  95  72  82   5  92  34  92  38  84  94  69  24  72  32   8  26  21  30  53  85 
 85  42  99  92  73  69  67  92  51  91  65  27  92  37  89  24  94   8  64   0  71  67  93  73  33  96   9  68  19  96  92  15  10  35   8  10  56  69   4  65  56  25  55  28  54  84  96  61  28  59 
 59  20  41  40  83  77  86  65  77  37  39  84  91  33  96  28  78  74  80  99   0  18  58  27  31  27  51  77  78  51  78  75   3  18  34   2  39  95  67  43  79  77  22  99  61  37   6  41  21  40 
 49  79  72  40  59  69  57  11  61  75  29  56  13  46  74  54  51  23  70  29  14   0  81  58  80  81  56  40  41  44  20  96  11  77  60  82  45  18  46  45  52  54  27  26  97  55  18  49  37   7 
 10  70  22   4  24  22  51  62  89  54  31  41  78  63  76  53  32  84  33  34  10  59   0  85  49  71  25  18  38  99  23  38  84  77  40  90  22  59  42  12  55  66  14  64   5  64  76  84  69  62 
 92  98  84  69  27  70  93  53   6  66  76  52  33  88  34  14  26  47  39  89  80  27  69   0  78  29  79  98  65  93  99  37  15  51  42  67  67  19  81  16  38   1  73  15  30  10  34  51   8  97 
 26  26  67  63  60  60  94  56  84  46  62  31  60  25  22  39  77   2  68  84   5  24   9  53   0  65  91  29  40  53  47  82  49  41  87  15  11  34  38  81  61  14  54  95   2  47  98  32  79  29 
 25  48  45  22  14  16  54  36  57  50  34  61   1  48  14  71  38  48  66  29  44  12  74   1  62   0  22  39  39  69  80  33  58  53  91  26  33  91  23  36  68  65  93  52  34  95  83  58  83  94 
 71  92   7  76  50  30  95  85  83  69  22  36  80  29  84  83   4  65  50  50  35   4  81  74  79  38   0  69  51  79  21  91  27  11  25  61  47  75  76  72  85  97  10  90  64  63   4  16  80  66 
 81  33   9  51  57  80  58  90  25  95  99  43  95  89  14  16   6  30  54  60  60  58  58  38  92  79  74   0  41  66  59  20  17  94  32  91  47  77  26  95   8  97  96  77  23  88  14  17  58  97 
 10  70  74  68  11  88  32  20  88  60  75  63  33  71  77  21  29  45  96   2  63  81  46   4  63  34  93  50   0  96  73  11   9  90  27  45  11  60  53  55  67  26  11  80  82  24  22  71  65  74 
 35  88  59  78  34  51  18  28  55  67  37  91  68   4  96  91  91  44  53  95  29  34  42  76  78  53  34  77   9   0  91  96  35  87  67  67   7  17  21  72  18  22  25  15  58  79  53  16  29  95 
 61  17  27   3  48  77  79  58  47  56   8  45  53  48  45   7  12   6  41  67  32  20  81  61  17  74  85  99   7  38   0  39  87  73  69  23  30  34   4  11  38  60  55  75  96   8  29  38  53  45 
 71  51  73  38  33  71  70  57  68  24  53  14  47  31  79  41  19  68  88  55  34  11  60   8  56  55  97  67  35  30  44   0  44  71  55  72  77  77  83  17  34  89  15   7  82  50  94  67  88  94 
 48  70  29  72  73  40  38  77  14  86  65  63  47  27  18   1  94  24  30  28  24  76  44  37  41  18  64  50  93  11  59  30   0  77  27   7  43  81  59  61  78  57  78  76  21  17  46  26  83  80 
 81  80   4  70   1  94  35   1  78  16  25  70  85  86  39  81  27   9  74  32  70  39  64  52  14  63  17  32  99  35  23  53  77   0  88  39  76  66  12  51  78  28  65  67  81  33  58  76   9  98 
 23  71  23  64  50  53  55  18  92  40  71  49  62  59   6  39  17  37  24  89  86  40  61  67  81  98  69  24  97  83  33  40  83  85   0  60  92  94  17  39  30  78  36  47   4  67  91  33  19  16 
 20  77  45  86  58   5  30  61  57  43  81  55  95  25  26  56  64   3  67   3  69  85   3  87  18  59  51  34   2  26  40  68  95  79  23   0  72  25  42  44  79  55  63  28  84  18  38  96  60  56 
 89   9  16  16  78   3  13  53  73  39  16  12  69  19  54  42  99  49  17  79  48  76   6  20  45  31  58  54  72  59  73  53  60  74  69  92   0  90  82  39  84  75   4  63  59  80  52  85  80  47 
 74  50  51  89  43  38  28   7  21   5   2  67  59  36   6  55  19  76  47  56  29  76   4  73  47   5  82  99  18  66  45  51  44  69  58   5  34   0  63  69  89  21  98  64  46   2  87  54  16  91 
 85  72   3  12  33  40  59  24  24  59  51  47  16   4  36  33  96  89  86  29  32  33  68  60  56   7  71  32   8  95  94  17  91   1  10   5   8  54   0  79  46  29  96  31  72  28  36  97   2  11 
 24  68  31  16  13  95   8  60  28  32  80   8   9   2  99  50  54  65  59  30  94  68  52  59   1  36  42  16  82   4  19   7  43  57  37  65  18  26  25   0   9  73  89  29   2  61  56  26  68  77 
 22  78  41  55  34  99   5  15  81  74  32  14  20  72  17  80  57   5  18  64  68  35  76  99  78  41  71  54  42  27  27  42  66   1  80  36  91  56  67  90   0  59  84  75   8  93  44  47   1  81 
 67  36  83  32  61   3  46  67  76  92  48  60  74  26  41  15  15  15  67  93  26  33  12  34  69  32  20  70   8  47  55   1  29  62  95  44  43  74  17  74  18   0  61  67  31  48  33  78  91  36 
 92  80  98  81  43  73  48  82  55   9  28   6   1  13  42  96  41   7  96  94  63  40  97  89  43  80  82  83  67  70  66  23  33  75  66  46  25  47  97  29  99   2   0  78  31  18   9  66  58  60 
 21  32  78  75  55  19  61  78  62  39  16  21   2  30  71  16  34  88  75  16  57  78  47  99  36  97  86  18  95  82  13  11   8  85  15   9  45  44  15  35  23  46  93   0  61  20  25  50  51  90 
 26  60  35  38  56   7  24   7  28  47  93  36  16  63  32  44  26  60  37  81  53  92  34  48  38  65  17  17  66  58   6  92  97  92  49  97  17  73  97  77  67  88  64  75   0   7  47  17  33  80 
 64  24  78  85  54  72   6  25  75  83  57  78  44   4  73  56  68  85  62  52  71  40  11  91  19  79  11  84  50  83  83  69   8  39  71  92  20  76  73  40  16  92  76  77  33   0  68  30  73  16 
 13  65  51  80  57  11  19  23   4  34  18   5  61  89  59  37  40  13  90  62  66  54   7  50  91  72   9   8  21  64  59  98  21  46  16  56  46  90  14  18  23  35  28  42  60  53   0   7  23  43 
 23  74  89  99  48  17  30  27  42  53  86  33  85  70   1  88  82  16  92  35  72  35  14  42  41   7  29  94  31  51  47  30  52  98  41  71  78  82  21  26  58  81  46  19  30  42  53   0  72  49 
 44  27  15  74  93  39  36  74  12  26  76  85  61  53   5  49  53  54  11  15   8  68  59  10  10  49  37  72  60  44  71  70  44  81  45  40  33  15  36  16  48  14  13   6   4   7  15  90   0  90 
 25  29  81  41  69   6   6  54   4  72  43   7  67  84  19  36  66  25  22  60  20  70  14  94   5  40  63  13  18  75   5  76  28  33  50  76   8  13  89  28  55  35  70  16  19   3   9  76  37   0 
M7
  0  77   3  79  86  52  98  65  34  68  16  27  31  72  80   6  61  26  23  94  79  65  41  76   4  16  48  85  57  24  34  39  44  37  35  10  78  37  47  87  44  79  42  22  67  13  18  50  42  40 
 99   0  64  26  36  13   1  88  12  93  82  83  17  57  41  61  95  76  45  58  83  80  48  39  12  71  12  14  53  93  83  49  48  23  54  24  95   2  53  48  78  25  49  70  41  22  70  42  77  93 
 33  23   0  79  30  70  21  16  97   4  99  28  46  65  51  81  90  34  45  76  14  20  76  20  78  32  85   6  96  89  70  18  20  77  56  52  20   6  17  89  26  36  39  91  21  89  67  10  39  58 
 48  67  73   0  98  92  13  88  68  12  56  91   3  63  16  59  80  47  45  17  54  65  29  79  40  28  73  78  51  27   4  97  55  87  13  19   6  53  51  55  43  75  96  46   3   3  34  39   5  10 
 52  25  24  68   0  76  58  22  17  21  90   9  24  78  86  71  46   1  76  10  69  68  54   4   8  89  36  39  79  39  35  71   8  85  67  35   7  67  24  48  22  48  68  60  14  67  90  10  60  13 
 92  54  32  23  17   0  59  84  36  22  73  53  95  94  68  18  79  79  87  35  58  86  78  38  35  58  65  32  25  41  23  12  18  10  85  37  94   7  13  68  43  22  63  39  29  69  39  16  42  79 
 31  61  18  22  50  63   0  64  71  94  93  60  22  18  93  79  92  45  55  55   6  11  75  30  56  71  72  75  12  73   9  25  78  77  72  58  49  67  83  44  79  66  92  78   3  68  51  62  82  21 
 50  57  76  41  36  82  92   0  71  10  47  70  64  84  90  95  10  13  98  56  80  19  83  81  87   1  80  71   4  87  66  62  44  74  13  53   6  80  80  97  33  53  47   3   2  42  51  75  29  34 
 39  39  98   7  36  99  38  22   0  19  85  44  42  76  94  24  89  68  23  23   6  77  42  15  19  85  11   5  44  99  58  43  61  44  45  64   2  84  54  29  72  85   2  70  78  39   8  33  43  51 
 54  69  38  97  49  53  22  93  48   0  95  96  60  72  91  32  20  71  18  22  13  56   3  98  24  99  22  79  76  79  61  32  40  58   7   7  89  35  88  73  90  31  49  42  46  38  74  43  90  54 
 49  16   8  17  58  34  40  58  59  23   0  32  49  87  50  82  98  47  72  81  32   4  34  14  32  39  84  98  58  83   6  47  63  39  92  59  47  68   9  58  95  83  11  75  73  61  19  47  98  95 
 48  91  75  58  62  50  63  20  11  36   3   0  12  74  96  48   1  21   3  18  24  29  26  83  47  23  67  71  45  16  91  13  99  28  67  15   3  72  41  78  29  47  69  82  61  48  21  96  45  65 
 25  54  20  18  12  47  96  82  81  40  89  78   0  32  84  95   9  48  38  36  91  75  14  90  64  20  60  11  56  99  23  26  80  56  63  62  48  53  27  73  69  57   1  91  76  60  91  66  63  57 
 91   4   7  70  83  52  98  65  91  49  63  63  77   0  97  62  48  95  35  75  42  77  78  75  37  44   5  35  35  82  26  86  34  28  70  93  23  86  40  50  99  97  45  65  24  30   7   7  64  48 
 89  82  93  65  35  99   5  62  91  98  39  10  20  54   0  40  18   7  23  38  70  45  72  21  78  44  30   2  35  94  22  16  24  15  59  51  18  25  42  13  64  81  73  70   1  88  33  85  36  75 
 53  28  58   6  53  27  52  88  23  52  90  51  93  74  98   0  74  99   3  32  48  59  39  55  53  13  48  64  45  42  14  79  48  78   4  72  23  58  95  95  86  83  20  27  30  79  85  46  60   6 
 10  88  89  24   5  80  87  40  79  84  84  85  13  41  80  28   0  40  97  18  98  39  81  33  61  96  44  43  75  27  60  23  95  78  36  39  32  19   6  18  11  23  41  25  50  29  95  67   6  19 
 41   6  95   5  20  70  11   1  71  20  20   1  27  55  30  46  25   0  46  83  41  99  14  80  99  42  22  47  33  33  91  32  98  61  18  53  57  22   6  64  82  28  74  51  26  68  48  94  66  81 
 56  79  49  57  58  74  20  66  14  86  31  90  29  64  87  22  89  82   0  34  42  65  41  38  37  17   2   2  16  32  95  72  82   5  92  34  92  38  84  94  69  24  72  32   8  26  21  30  53  85 
 85  42  99  92  73  69  67  92  51  91  65  27  92  37  89  24  94   8  64   0  71  67  93  73  33  96   9  68  19  96  92  15  10  35   8  10  56  69   4  65  56  25  55  28  54  84  96  61  28  59 
 59  20  41  40  83  77  86  65  77  37  39  84  91  33  96  28  78  74  80  99   0  18  58  27  31  27  51  77  78  51  78  75   3  18  34   2  39  95  67  43  79  77  22  99  61  37   6  41  21  40 
 49  79  72  40  59  69  57  11  61  75  29  56  13  46  74  54  51  23  70  29  14   0  81  58  80  81  56  40  41  44  20  96  11  77  60  82  45  18  46  45  52  54  27  26  97  55  18  49  37   7 
 10  70  22   4  24  22  51  62  89  54  31  41  78  63  76  53  32  84  33  34  10  59   0  85  49  71  25  18  38  99  23  38  84  77  40  90  22  59  42  12  55  66  14  64   5  64  76  84  69  62 
 92  98  84  69  27  70  93  53   6  66  76  52  33  88  34  14  26  47  39  89  80  27  69   0  78  29  79  98  65  93  99  37  15  51  42  67  67  19  81  16  38   1  73  15  30  10  34  51   8  97 
 26  26  67  63  60  60  94  56  84  46  62  31  60  25  22  39  77   2  68  84   5  24   9  53   0  65  91  29  40  53  47  82  49  41  87  15  11  34  38  81  61  14  54  95   2  47  98  32  79  29 
 25  48  45  22  14  16  54  36  57  50  34  61   1  48  14  71  38  48  66  29  44  12  74   1  62   0  22  39  39  69  80  33  58  53  91  26  33  91  23  36  68  65  93  52  34  95  83  58  83  94 
 71  92   7  76  50  30  95  85  83  69  22  36  80  29  84  83   4  65  50  50  35   4  81  74  79  38   0  69  51  79  21  91  27  11  25  61  47  75  76  72  85  97  10  90  64  63   4  16  80  66 
 81  33   9  51  57  80  58  90  25  95  99  43  95  89  14  16   6  30  54  60  60  58  58  38  92  79  74   0  41  66  59  20  17  94  32  91  47  77  26  95   8  97  96  77  23  88  14  17  58  97 
 10  70  74  68  11  88  32  20  88  60  75  63  33  71  77  21  29  45  96   2  63  81  46   4  63  34  93  50   0  96  73  11   9  90  27  45  11  60  53  55  67  26  11  80  82  24  22  71  65  74 
 35  88  59  78  34  51  18  28  55  67  37  91  68   4  96  91  91  44  53  95  29  34  42  76  78  53  34  77   9   0  91  96  35  87  67  67   7  17  21  72  18  22  25  15  58  79  53  16  29  95 
 61  17  27   3  48  77  79  58  47  56   8  45  53  48  45   7  12   6  41  67  32  20  81  61  17  74  85  99   7  38   0  39  87  73  69  23  30  34   4  11  38  60  55  75  96   8  29  38  53  45 
 71  51  73  38  33  71  70  57  68  24  53  14  47  31  79  41  19  68  88  55  34  11  60   8  56  55  97  67  35  30  44   0  44  71  55  72  77  77  83  17  34  89  15   7  82  50  94  67  88  94 
 48  70  29  72  73  40  38  77  14  86  65  63  47  27  18   1  94  24  30  28  24  76  44  37  41  18  64  50  93  11  59  30   0  77  27   7  43  81  59  61  78  57  78  76  21  17  46  26  83  80 
 81  80   4  70   1  94  35   1  78  16  25  70  85  86  39  81  27   9  74  32  70  39  64  52  14  63  17  32  99  35  23  53  77   0  88  39  76  66  12  51  78  28  65  67  81  33  58  76   9  98 
 23  71  23  64  50  53  55  18  92  40  71  49  62  59   6  39  17  37  24  89  86  40  61  67  81  98  69  24  97  83  33  40  83  85   0  60  92  94  17  39  30  78  36  47   4  67  91  33  19  16 
 20  77  45  86  58   5  30  61  57  43  81  55  95  25  26  56  64   3  67   3  69  85   3  87  18  59  51  34   2  26  40  68  95  79  23   0  72  25  42  44  79  55  63  28  84  18  38  96  60  56 
 89   9  16  16  78   3  13  53  73  39  16  12  69  19  54  42  99  49  17  79  48  76   6  20  45  31  58  54  72  59  73  53  60  74  69  92   0  90  82  39  84  75   4  63  59  80  52  85  80  47 
 74  50  51  89  43  38  28   7  21   5   2  67  59  36   6  55  19  76  47  56  29  76   4  73  47   5  82  99  18  66  45  51  44  69  58   5  34   0  63  69  89  21  98  64  46   2  87  54  16  91 
 85  72   3  12  33  40  59  24  24  59  51  47  16   4  36  33  96  89  86  29  32  33  68  60  56   7  71  32   8  95  94  17  91   1  10   5   8  54   0  79  46  29  96  31  72  28  36  97   2  11 
 24  68  31  16  13  95   8  60  28  32  80   8   9   2  99  50  54  65  59  30  94  68  52  59   1  36  42  16  82   4  19   7  43  57  37  65  18  26  25   0   9  73  89  29   2  61  56  26  68  77 
 22  78  41  55  34  99   5  15  81  74  32  14  20  72  17  80  57   5  18  64  68  35  76  99  78  41  71  54  42  27  27  42  66   1  80  36  91  56  67  90   0  59  84  75   8  93  44  47   1  81 
 67  36  83  32  61   3  46  67  76  92  48  60  74  26  41  15  15  15  67  93  26  33  12  34  69  32  20  70   8  47  55   1  29  62  95  44  43  74  17  74  18   0  61  67  31  48  33  78  91  36 
 92  80  98  81  43  73  48  82  55   9  28   6   1  13  42  96  41   7  96  94  63  40  97  89  43  80  82  83  67  70  66  23  33  75  66  46  25  47  97  29  99   2   0  78  31  18   9  66  58  60 
 21  32  78  75  55  19  61  78  62  39  16  21   2  30  71  16  34  88  75  16  57  78  47  99  36  97  86  18  95  82  13  11   8  85  15   9  45  44  15  35  23  46  93   0  61  20  25  50  51  90 
 26  60  35  38  56   7  24   7  28  47  93  36  16  63  32  44  26  60  37  81  53  92  34  48  38  65  17  17  66  58   6  92  97  92  49  97  17  73  97  77  67  88  64  75   0   7  47  17  33  80 
 64  24  78  85  54  72   6  25  75  83  57  78  44   4  73  56  68  85  62  52  71  40  11  91  19  79  11  84  50  83  83  69   8  39  71  92  20  76  73  40  16  92  76  77  33   0  68  30  73  16 
 13  65  51  80  57  11  19  23   4  34  18   5  61  89  59  37  40  13  90  62  66  54   7  50  91  72   9   8  21  64  59  98  21  46  16  56  46  90  14  18  23  35  28  42  60  53   0   7  23  43 
 23  74  89  99  48  17  30  27  42  53  86  33  85  70   1  88  82  16  92  35  72  35  14  42  41   7  29  94  31  51  47  30  52  98  41  71  78  82  21  26  58  81  46  19  30  42  53   0  72  49 
 44  27  15  74  93  39  36  74  12  26  76  85  61  53   5  49  53  54  11  15   8  68  59  10  10  49  37  72  60  44  71  70  44  81  45  40  33  15  36  16  48  14  13   6   4   7  15  90   0  90 
 25  29  81  41  69   6   6  54   4  72  43   7  67  84  19  36  66  25  22  60  20  70  14  94   5  40  63  13  18  75   5  76  28  33  50  76   8  13  89  28  55  35  70  16  19   3   9  76  37   0 
Reldue
 1456    2    2
 2290    2    7
  743    8    7
 3174    8    1
 1652    4    3
 2178    2    9
 2429    3    7
 2233    1    6
 1457    8    4
 2974    9    6
 2160    4    7
  754    7    9
 2085    1    5
 1141    3    6
 3088    3    8
 2251    9    3
 1991    8    8
 1417    1    8
 1892    6    3
 3067    9    2
 2182    4    1
 2546    3    7
  873    7    3
 1750    4    1
 1127    6    1
 2655    2    3
 1005    7    8
 2970    6    3
 1123    1    6
 2789    5    7
 2808    7    5
 2754    8    4
  914    6    9
 1081    7    4
  864    6    9
 1154    2    4
 3406    6    1
 2306    5    4
 2598    1    2
 2272    7    7
 1112    8    4
 1327    8    7
 1486    1    5
 1821    1    3
 1347    3    1
 3077    8    2
 2347    4    4
 1476    1    6
 2125    1    3
 1343    3    2
DDW
 1339  1572
 2080  2500
  685   801
 2976  3373
 1569  1735
 2034  2321
 2290  2569
 2085  2381
 1343  1571
 2796  3151
 2047  2273
  707   800
 1972  2198
 1039  1242
 2867  3309
 2033  2469
 1822  2159
 1341  1493
 1770  2014
 2766  3368
 2017  2346
 2321  2772
  821   926
 1660  1840
 1047  1206
 2477  2833
  919  1091
 2710  3229
 1064  1183
 2599  2980
 2572  3044
 2510  2999
  825  1003
 1014  1149
  820   908
 1054  1253
 3201  3611
 2093  2519
 2414  2783
 2052  2492
 1030  1195
 1210  1444
 1369  1602
 1659  1984
 1247  1448
 2797  3358
 2198  2497
 1391  1561
 1946  2304
 1240  1445
