50   5
MD
  4  3  4  3  5
PT
 68  27  89  76  11  39  63  71  48  77  55  82  48  51  31  65  95  48   6  32  65  44  10  13  60  90  82  57  10  52  82   9  11  21  30  89  33  14  78  69  45   5  48  30  15  87  81  60  72  74 
 71  66  48  69   8  34  72  39  66  51  65  83  61  30  61  22  45   6  61  22  28  61  36  75  63  24  40  12  63  16  77  85  78  96  95  96  94  34  46  78  27  15  19  47  82  66  43  56  63  26 
 38  23  89  49  32  83  12  59  27  25  13  14  90  52  82  91  48  44  18   8  36  93  32  39  56  81  17  20   7  89  93  77  60  12  68  32   9  16  62  10  60  62   8  94  38  34  24  44  54  97 
 47  45  59  89  96  96  80  86  40  64  88  84  30  60  88  72  99  90  81   6  34  87  79  33  50  33  97  44  95  81  60  36  78  63  15  46  84  97  91  48  76  81  10  53  41   6  64  28  70  45 
 32  92  87  49  12  51   8  38  88  20  15  81  50  30  14  18  51  90   8  87  60  13  94  27  20  53  20  76  47  45  70  51  25  71  28  24  21  60  24  89  15  15  59  70  37  31  72  81   4  71 
SSD
M0
  0   2  73  87  21  34  54  63  63  63  48  41   8  16  20  19  17  11  50  31  29  57  51  71  66  44  37  94  60  45  90  94  24  72   4  26  88  42  59  32  47  51  66  87   8  40  32  84  44  99 
  3   0  87  93  71  38   4  67  10  73   6  12  46   7  30  10  37  71  71  77  31  75  33  15  97  88  61  95  19  84  60   7  33  62  62  56  78  10  47  91  24  13  39   9  91  15  66  35  53   8 
 98  43   0  39  92  15  12  65  45  68  63  44  89  67  21  53  54  43  70  97  79  57   8  60  58   9  93  25  78  94  24  91  80  30  13  47  92  95  48  73  67  46  89   7   7  42  73  89  61  11 
 90  23  94   0  74  68  21  46  61  99  67  99  99  82  93  61  96  91  49   3   5  65  37  93  36  88  98  77  37  24  36  29  13  19  66  58  28  71   1  89  94  90  14  76  28  93  40  30  42  15 
 56  21  65  30   0  43  31  46  19  51  52  31  15  82  65  93   9  73  14  62   8  15  48  14  71  20  73  53  58  61   2  19  94  78  34  74  68  45  66  64   5  95  26  64  35  36  18  51  40  54 
 45  11  84  51  65   0  67  35  87  83  70  27  27  28  92  66   2  94  23  73  21  76  40  23  97  20  40  90  82  85  38  63  55  97  75  40  59   4  26  72  19  78  40  74  59  39  75  43  74   4 
 57  56  42  53  20  59   0  67  62   3  75  18  82  93  88  47  60  41  46  95  75  10  50  99  46  62   2  80  55  24  98  79  36  57  43  47  15  71  84  93  32  74  56   2  54  30  30  11  40   9 
 45  42   7  72  47  46  13   0  94  64  18  54  26  52  87   7  45  11  42  59  76  10  56  45  16  54  21  16  33  14  96  17  46  60  77  77  85  78  20  41  30  54  27  97  75  39  74  72  33  28 
 17  37  35  22  86  21  58  72   0  70   5  77  79  98   4  80  22  76  27  44  85  93  53  72  76  38  97  33  82  44  90  71   1  90  67   1  34   3  20  51  68  15  66  60  36  96  27  72  35  14 
 55  84  82  68   7  23  40  88  19   0  56  56  46   9  13  86  45  68  43  60  95  23  79  14  67   9  13  49  75   4  71  95  64  59  18   5  76  88  48  60   4  49  39  77  29  94  96  14  68  38 
 57  17  68  90  68  48  74  30  91  60   0  36  65  38  65  62  47  22  44  27  85  58  11  17  76  18  22  22   9  72  80  63  17   1  64  54  23  95  46  11  24  31  60  67  17  39  65  26   1  48 
 13  19   3  92  76  93  11  30  90  22   7   0  87  29   5   7  70   4  30   6  29  27  60  22  33   1   7  96  79  77  69  96  18  10  98  28  16   1  13  28  24  13  81  83  73  73  13  77  12  75 
 70  93  48  44  23  68  22  12  26  39  81  87   0  42  39  86  36  67  98  47  20  15  48  71   2  45  11  41  99  97  49  40  73  48  63  22  61  22  36  77  10  91  25   9  59   4  80  90  42  61 
 49  85  22  66  21   5  83   2  94  76  12  41  49   0  99   4  74  26  61  26  42  21  76   6  19  49  29  39  78  86   5  37  71  40  73  55  61  65  58  84  93  46  43  38  48  84  72  84  79  44 
  8  13  98  69  61  29  81  44  25  15  65  77  76  80   0  96  28  40  41  52  76  85  21  69  64  47  92  53  24  10  79  23  41  80  94  95  41  86  94  85  63  98   3  57  55  48  14  89  76  98 
 33  68   1  75  68  20  14  92  94  97  21  74  60  76  30   0  72  32  58  43  33  69  40  45  75  31  16   9  62  18  68   6  79  10  73  97  57  29  94  30  82  64  42  54  18  59  33  27  49  19 
 68  73  69  50  42  36  33  51  50  73  66  86  87   3   1  48   0  19  51  39  12   8  89  61   8  85  40  58  42  34  66  57  91  14  29  84  20  54  58  27  87  15   6  92  26  44  29  97  76  49 
 96  50  54  59  23  38  40  55  98  96  17  68  29  92  89  73  90   0  32  79  90  37  85  86  83  71  76  21  36  52   4  63  27  95  63  27  26  21  80  86  27  19  32  53  19   6  27  15  21  12 
 31   9   8  17  57  66  84  96  81  47  97  51  83  51  77  68  22  99   0  87  67  73  48  17  92  15  57  66  34  56   1  45  68  64  60  76  18  72  81  42  54  85  70   3  28  27  82  25   2  93 
 94  17  79  60  51  89  25  68  47  19  42  66  43  10  47  53  26  28  11   0  66  74  70  45  79  60  88  91   7  78  72   2  16  17  86  17  46  43  64  17  76   5  80  86  93  25  97  18  33  33 
 48  81  31  56  53   6  35  67  93  46  76   8  54  93  71  57  83  87  43   8   0  63  89  42  86   7  20  97   2  49  49  74  94  53  52   5  92  13  13  52   1  49  37  17   9  30  70  46   1  40 
 99  15  42  30  91   4   3   5  92  89  13  13   7  60  93  76  79  18  69   1  71   0   9  16  87  37  14  41  91  28  87  87  86  49  61  24  37  85  76  24  94  83  19   4   6  68  12  75  54  48 
 19  81  28   5  19  48  42   8   9  70  17  71  85  75  13  88  28  48  21  90  36  34   0  11  74  89  25  32  84  94  65  85   3  22   8  61  65  89  85  49  84  77  55  65  98  64  49  58  60  19 
 71  48  30  34  72  38  56  57  85  61  27  43  35   8  43  11  78  41  84  76  42  13  13   0  86  51  15  24  37  21  88  51  39  41  25  92  91  30  11  59  81  97  90  37  70  44  43  64  97  55 
 40  36   6  74  97  68  38  27  14  33  76   3  82  29  54  78   2  66  11  80  26  25  93  15   0  36  46  46  95  50  74  43   2  72  24  93  36  27  67   3  79  13  95  68  30  76  95  52  48  97 
 53  48  14  90  12  71  39  39  13  83  85   7  97  72  72  23  50  48  31  21  56  66  96  31  93   0  58  35  48  29  26  23  60   6  70  63  79  53  54  72  74  99  39  97  73  49  86   3  35  28 
 17  30  89  46  61  57  90  35  93   3  67  35  62  64   5  94  13  38  80  51  28  69   5  47  50  28   0  87  11  22  17  92  61  90  94   3  58  70  38  67  78  61  55  84  18  96  16  94  79  36 
 64   7  76  38  38  55  25  88  37  57  18   7  15  67  22  20  56  45  34  36  77  54  62  71  61  54  15   0  85   5   3  49  18  87  42  41  66  59  90   3  49  44  95  57  28  26  68  95  92  63 
 75  67  84  90  54  32   4  99  54   4   9   4  87  21  67  40  87  89  35  51  17  57  59  55  15  13  82  39   0  47  47  59  90  30  79  18  60  69  87  85  42  62   6  91  64  37  12  95  87  31 
 17  43  61  84  60  69  71  82  87  83  60  48   2  57  94  49  54  80  72  70  22  38  41  91  16  98  71  91  71   0  21  76  69  19  60  86  24  26  34   5  76   8  62  96  24  75  97  72  89  95 
 14  21  82  29  53  78  98  73   8  58  42  78  57  33  74  10  95  23  42  23  58  89  27  87  86  16  79  88  81  39   0  33  20  26  95  48  25  32  71  10   7  64  36  96  32  66  83  75   8  36 
 47  19  82  64  90  82  36  44  78  44  18  57  78  13   1  82  99  28  18  68  86  91  61  39  91  14  80  59  37  63  42   0  96   3  26  35   8  72  40   5  37  78  88  44  95   2  79  27  32  71 
 56  24  10  46  17  36  72  27  31  64  24  28  15  37  65  82  55  72  51  16  15  68  17  89  26  27  13  94  94  22  92   5   0   8  57   3  16  67  90  13   3  52  28  68  97  80  22  87  86  77 
 13  66  79  22   3  99  13  86  99  13  92  83  80  67  49  47  91  76  33  91  39  99  39  69  79  14  22  35  75   5  98  18  81   0  14  42  92   4  20  16  12  82  90  78  49  19  31  63  17  93 
 25  68   3  62  57  42  18  47  45   4  67  67  57  38  98   1  78  24  58  71  88  50  60  64  84  58   4  66   5  18  39  98   2  82   0   4   8  83  42   5  90  72  32  40  23   6  77   1  98  42 
 53  58  82  68  22  21  42  86  42  31  14   5  21  43  49  52   4  18  66  83  64  39  54  15  94  29  51  70  48  53  63  13  19  77  20   0  19   6  96  73  69  68  81  14  42  85  23  40  95  50 
 93  98   7  54   4   7  37  84  71  75   1  77   7  55  66  59  98  58  84  47  67  62  59  38  25  97  24  42  50   8  67  55  70  66  38  33   0  84  73  18  32  30  73  59  55   4  11  85  11  72 
 44  46  30   1  82  49  98  51  42  98  89   1  44  74  12  31  32  83  21  88  62  78  56  15  75  70  83  46  36  98  73  31  32  14  44  49  49   0  65  44  66  28  37  88  97  45  35  56  76  21 
 53  41  12  44  22  16  66  21  10  80  86  94  52  99   9  96  76  80  71  12  74  25  48  17  25  67  58  87  98  74  42  10  28  71  11  70  96  46   0  56  17  53  22  75  50  53  70  38  61  45 
 37  19  82  81  61   1  39  40  69  94  17  30  36  69  85  20  21  58  56  50  41  11  53  99  76  80  88  10  93  85  28  88  42  64  59  48  40  61  31   0  56  22   9  19  66  37  97  13  30  33 
 77  59  91  53  52  84  76  72  51  50   3  49  59  19  72  98  86  30  94  20  54  94  89  59  76  47   8  48  89  61  43  69  47  88  58   9  36  70  43  17   0  52  25  13  73  27  23   8  70  46 
 69  84  38  64  70   7  34  31  87  62  65   1  28  90   4  26  17  13  68  70  10  86  42  85  21  84  14  14   3  14  73  21  21  13  77  55  18  84  90  13  44   0  62  36  37  82  90  42  63  20 
 79  86  50  89  44  37  59  60  84  52  10  79  18  53  15  96  22  66  91  22  63  38  21  31  98   5  79  62  53  90  90   4  46  15  99  55   1  86  80  40  49  48   0  72  44  16  81  49  49   3 
 61  26  11  10  54  25  23  44   5  19  75  63  98   1   6  30   3  64  88  60  10  60  53  25  69  74  47  52  13  15  60  20  13  57  31  50  77  89  12  84  84  93  31   0  19  89  75  56  21   6 
 99  47  78  58  88  11  66  98  49  32  20  71  51  19  72  82  17  61  91  21   2  97  13  52  76  99  58  88  69  78  36  10  61  95  63  65  42  39  13  41  75  78  52  83   0   5  32  45  43  29 
 80  40   4  39  87  77  46  16  20  28  34  64  88  59  57  83  85  96  29  77  13  19  42  93  81  70  86  79   9  87  13  43  83  21  51   1  29  84   4  91  11  44  39  47  11   0  73  33   3  64 
 76  28  81  27  25  56  45  44  43   1  11  28  14  98   5  74  11  40   6  46  20  31  65  58  78  72  36  21   3  64  88  51  94  12   2  99  88  66  20   2  31  12  15  54   8  18   0  45  75  19 
 77  34  34  33  32  18  38  32  65  74  98  55  54  33  82  86   9  83   1  16  30  19  15  10  31  14   1  75  30  28  74  17  21  92  43   8  19  99  57  37  37   3  23   6  78  47  29   0  34  26 
 97  47  59  96  95  64  78  38  29  20  97  43  86  19  51   6  54  89  57  73  34  85  59  68  57  27  52  46  88  89  50  66  17  52  16  42  34  96  74  68  73  82  12  28  72   6   5  80   0  51 
 87  34  41  69  88  65  15  40  92   1  68  41  80  19  43  51  19  94  72  95  95  66  58  90   2  93  60  44  14  29  29  29  36  22  19  38  88  11  16  20  93  40   1  48  75  42  23  15  36   0 
M1
  0   2  73  87  21  34  54  63  63  63  48  41   8  16  20  19  17  11  50  31  29  57  51  71  66  44  37  94  60  45  90  94  24  72   4  26  88  42  59  32  47  51  66  87   8  40  32  84  44  99 
  3   0  87  93  71  38   4  67  10  73   6  12  46   7  30  10  37  71  71  77  31  75  33  15  97  88  61  95  19  84  60   7  33  62  62  56  78  10  47  91  24  13  39   9  91  15  66  35  53   8 
 98  43   0  39  92  15  12  65  45  68  63  44  89  67  21  53  54  43  70  97  79  57   8  60  58   9  93  25  78  94  24  91  80  30  13  47  92  95  48  73  67  46  89   7   7  42  73  89  61  11 
 90  23  94   0  74  68  21  46  61  99  67  99  99  82  93  61  96  91  49   3   5  65  37  93  36  88  98  77  37  24  36  29  13  19  66  58  28  71   1  89  94  90  14  76  28  93  40  30  42  15 
 56  21  65  30   0  43  31  46  19  51  52  31  15  82  65  93   9  73  14  62   8  15  48  14  71  20  73  53  58  61   2  19  94  78  34  74  68  45  66  64   5  95  26  64  35  36  18  51  40  54 
 45  11  84  51  65   0  67  35  87  83  70  27  27  28  92  66   2  94  23  73  21  76  40  23  97  20  40  90  82  85  38  63  55  97  75  40  59   4  26  72  19  78  40  74  59  39  75  43  74   4 
 57  56  42  53  20  59   0  67  62   3  75  18  82  93  88  47  60  41  46  95  75  10  50  99  46  62   2  80  55  24  98  79  36  57  43  47  15  71  84  93  32  74  56   2  54  30  30  11  40   9 
 45  42   7  72  47  46  13   0  94  64  18  54  26  52  87   7  45  11  42  59  76  10  56  45  16  54  21  16  33  14  96  17  46  60  77  77  85  78  20  41  30  54  27  97  75  39  74  72  33  28 
 17  37  35  22  86  21  58  72   0  70   5  77  79  98   4  80  22  76  27  44  85  93  53  72  76  38  97  33  82  44  90  71   1  90  67   1  34   3  20  51  68  15  66  60  36  96  27  72  35  14 
 55  84  82  68   7  23  40  88  19   0  56  56  46   9  13  86  45  68  43  60  95  23  79  14  67   9  13  49  75   4  71  95  64  59  18   5  76  88  48  60   4  49  39  77  29  94  96  14  68  38 
 57  17  68  90  68  48  74  30  91  60   0  36  65  38  65  62  47  22  44  27  85  58  11  17  76  18  22  22   9  72  80  63  17   1  64  54  23  95  46  11  24  31  60  67  17  39  65  26   1  48 
 13  19   3  92  76  93  11  30  90  22   7   0  87  29   5   7  70   4  30   6  29  27  60  22  33   1   7  96  79  77  69  96  18  10  98  28  16   1  13  28  24  13  81  83  73  73  13  77  12  75 
 70  93  48  44  23  68  22  12  26  39  81  87   0  42  39  86  36  67  98  47  20  15  48  71   2  45  11  41  99  97  49  40  73  48  63  22  61  22  36  77  10  91  25   9  59   4  80  90  42  61 
 49  85  22  66  21   5  83   2  94  76  12  41  49   0  99   4  74  26  61  26  42  21  76   6  19  49  29  39  78  86   5  37  71  40  73  55  61  65  58  84  93  46  43  38  48  84  72  84  79  44 
  8  13  98  69  61  29  81  44  25  15  65  77  76  80   0  96  28  40  41  52  76  85  21  69  64  47  92  53  24  10  79  23  41  80  94  95  41  86  94  85  63  98   3  57  55  48  14  89  76  98 
 33  68   1  75  68  20  14  92  94  97  21  74  60  76  30   0  72  32  58  43  33  69  40  45  75  31  16   9  62  18  68   6  79  10  73  97  57  29  94  30  82  64  42  54  18  59  33  27  49  19 
 68  73  69  50  42  36  33  51  50  73  66  86  87   3   1  48   0  19  51  39  12   8  89  61   8  85  40  58  42  34  66  57  91  14  29  84  20  54  58  27  87  15   6  92  26  44  29  97  76  49 
 96  50  54  59  23  38  40  55  98  96  17  68  29  92  89  73  90   0  32  79  90  37  85  86  83  71  76  21  36  52   4  63  27  95  63  27  26  21  80  86  27  19  32  53  19   6  27  15  21  12 
 31   9   8  17  57  66  84  96  81  47  97  51  83  51  77  68  22  99   0  87  67  73  48  17  92  15  57  66  34  56   1  45  68  64  60  76  18  72  81  42  54  85  70   3  28  27  82  25   2  93 
 94  17  79  60  51  89  25  68  47  19  42  66  43  10  47  53  26  28  11   0  66  74  70  45  79  60  88  91   7  78  72   2  16  17  86  17  46  43  64  17  76   5  80  86  93  25  97  18  33  33 
 48  81  31  56  53   6  35  67  93  46  76   8  54  93  71  57  83  87  43   8   0  63  89  42  86   7  20  97   2  49  49  74  94  53  52   5  92  13  13  52   1  49  37  17   9  30  70  46   1  40 
 99  15  42  30  91   4   3   5  92  89  13  13   7  60  93  76  79  18  69   1  71   0   9  16  87  37  14  41  91  28  87  87  86  49  61  24  37  85  76  24  94  83  19   4   6  68  12  75  54  48 
 19  81  28   5  19  48  42   8   9  70  17  71  85  75  13  88  28  48  21  90  36  34   0  11  74  89  25  32  84  94  65  85   3  22   8  61  65  89  85  49  84  77  55  65  98  64  49  58  60  19 
 71  48  30  34  72  38  56  57  85  61  27  43  35   8  43  11  78  41  84  76  42  13  13   0  86  51  15  24  37  21  88  51  39  41  25  92  91  30  11  59  81  97  90  37  70  44  43  64  97  55 
 40  36   6  74  97  68  38  27  14  33  76   3  82  29  54  78   2  66  11  80  26  25  93  15   0  36  46  46  95  50  74  43   2  72  24  93  36  27  67   3  79  13  95  68  30  76  95  52  48  97 
 53  48  14  90  12  71  39  39  13  83  85   7  97  72  72  23  50  48  31  21  56  66  96  31  93   0  58  35  48  29  26  23  60   6  70  63  79  53  54  72  74  99  39  97  73  49  86   3  35  28 
 17  30  89  46  61  57  90  35  93   3  67  35  62  64   5  94  13  38  80  51  28  69   5  47  50  28   0  87  11  22  17  92  61  90  94   3  58  70  38  67  78  61  55  84  18  96  16  94  79  36 
 64   7  76  38  38  55  25  88  37  57  18   7  15  67  22  20  56  45  34  36  77  54  62  71  61  54  15   0  85   5   3  49  18  87  42  41  66  59  90   3  49  44  95  57  28  26  68  95  92  63 
 75  67  84  90  54  32   4  99  54   4   9   4  87  21  67  40  87  89  35  51  17  57  59  55  15  13  82  39   0  47  47  59  90  30  79  18  60  69  87  85  42  62   6  91  64  37  12  95  87  31 
 17  43  61  84  60  69  71  82  87  83  60  48   2  57  94  49  54  80  72  70  22  38  41  91  16  98  71  91  71   0  21  76  69  19  60  86  24  26  34   5  76   8  62  96  24  75  97  72  89  95 
 14  21  82  29  53  78  98  73   8  58  42  78  57  33  74  10  95  23  42  23  58  89  27  87  86  16  79  88  81  39   0  33  20  26  95  48  25  32  71  10   7  64  36  96  32  66  83  75   8  36 
 47  19  82  64  90  82  36  44  78  44  18  57  78  13   1  82  99  28  18  68  86  91  61  39  91  14  80  59  37  63  42   0  96   3  26  35   8  72  40   5  37  78  88  44  95   2  79  27  32  71 
 56  24  10  46  17  36  72  27  31  64  24  28  15  37  65  82  55  72  51  16  15  68  17  89  26  27  13  94  94  22  92   5   0   8  57   3  16  67  90  13   3  52  28  68  97  80  22  87  86  77 
 13  66  79  22   3  99  13  86  99  13  92  83  80  67  49  47  91  76  33  91  39  99  39  69  79  14  22  35  75   5  98  18  81   0  14  42  92   4  20  16  12  82  90  78  49  19  31  63  17  93 
 25  68   3  62  57  42  18  47  45   4  67  67  57  38  98   1  78  24  58  71  88  50  60  64  84  58   4  66   5  18  39  98   2  82   0   4   8  83  42   5  90  72  32  40  23   6  77   1  98  42 
 53  58  82  68  22  21  42  86  42  31  14   5  21  43  49  52   4  18  66  83  64  39  54  15  94  29  51  70  48  53  63  13  19  77  20   0  19   6  96  73  69  68  81  14  42  85  23  40  95  50 
 93  98   7  54   4   7  37  84  71  75   1  77   7  55  66  59  98  58  84  47  67  62  59  38  25  97  24  42  50   8  67  55  70  66  38  33   0  84  73  18  32  30  73  59  55   4  11  85  11  72 
 44  46  30   1  82  49  98  51  42  98  89   1  44  74  12  31  32  83  21  88  62  78  56  15  75  70  83  46  36  98  73  31  32  14  44  49  49   0  65  44  66  28  37  88  97  45  35  56  76  21 
 53  41  12  44  22  16  66  21  10  80  86  94  52  99   9  96  76  80  71  12  74  25  48  17  25  67  58  87  98  74  42  10  28  71  11  70  96  46   0  56  17  53  22  75  50  53  70  38  61  45 
 37  19  82  81  61   1  39  40  69  94  17  30  36  69  85  20  21  58  56  50  41  11  53  99  76  80  88  10  93  85  28  88  42  64  59  48  40  61  31   0  56  22   9  19  66  37  97  13  30  33 
 77  59  91  53  52  84  76  72  51  50   3  49  59  19  72  98  86  30  94  20  54  94  89  59  76  47   8  48  89  61  43  69  47  88  58   9  36  70  43  17   0  52  25  13  73  27  23   8  70  46 
 69  84  38  64  70   7  34  31  87  62  65   1  28  90   4  26  17  13  68  70  10  86  42  85  21  84  14  14   3  14  73  21  21  13  77  55  18  84  90  13  44   0  62  36  37  82  90  42  63  20 
 79  86  50  89  44  37  59  60  84  52  10  79  18  53  15  96  22  66  91  22  63  38  21  31  98   5  79  62  53  90  90   4  46  15  99  55   1  86  80  40  49  48   0  72  44  16  81  49  49   3 
 61  26  11  10  54  25  23  44   5  19  75  63  98   1   6  30   3  64  88  60  10  60  53  25  69  74  47  52  13  15  60  20  13  57  31  50  77  89  12  84  84  93  31   0  19  89  75  56  21   6 
 99  47  78  58  88  11  66  98  49  32  20  71  51  19  72  82  17  61  91  21   2  97  13  52  76  99  58  88  69  78  36  10  61  95  63  65  42  39  13  41  75  78  52  83   0   5  32  45  43  29 
 80  40   4  39  87  77  46  16  20  28  34  64  88  59  57  83  85  96  29  77  13  19  42  93  81  70  86  79   9  87  13  43  83  21  51   1  29  84   4  91  11  44  39  47  11   0  73  33   3  64 
 76  28  81  27  25  56  45  44  43   1  11  28  14  98   5  74  11  40   6  46  20  31  65  58  78  72  36  21   3  64  88  51  94  12   2  99  88  66  20   2  31  12  15  54   8  18   0  45  75  19 
 77  34  34  33  32  18  38  32  65  74  98  55  54  33  82  86   9  83   1  16  30  19  15  10  31  14   1  75  30  28  74  17  21  92  43   8  19  99  57  37  37   3  23   6  78  47  29   0  34  26 
 97  47  59  96  95  64  78  38  29  20  97  43  86  19  51   6  54  89  57  73  34  85  59  68  57  27  52  46  88  89  50  66  17  52  16  42  34  96  74  68  73  82  12  28  72   6   5  80   0  51 
 87  34  41  69  88  65  15  40  92   1  68  41  80  19  43  51  19  94  72  95  95  66  58  90   2  93  60  44  14  29  29  29  36  22  19  38  88  11  16  20  93  40   1  48  75  42  23  15  36   0 
M2
  0   2  73  87  21  34  54  63  63  63  48  41   8  16  20  19  17  11  50  31  29  57  51  71  66  44  37  94  60  45  90  94  24  72   4  26  88  42  59  32  47  51  66  87   8  40  32  84  44  99 
  3   0  87  93  71  38   4  67  10  73   6  12  46   7  30  10  37  71  71  77  31  75  33  15  97  88  61  95  19  84  60   7  33  62  62  56  78  10  47  91  24  13  39   9  91  15  66  35  53   8 
 98  43   0  39  92  15  12  65  45  68  63  44  89  67  21  53  54  43  70  97  79  57   8  60  58   9  93  25  78  94  24  91  80  30  13  47  92  95  48  73  67  46  89   7   7  42  73  89  61  11 
 90  23  94   0  74  68  21  46  61  99  67  99  99  82  93  61  96  91  49   3   5  65  37  93  36  88  98  77  37  24  36  29  13  19  66  58  28  71   1  89  94  90  14  76  28  93  40  30  42  15 
 56  21  65  30   0  43  31  46  19  51  52  31  15  82  65  93   9  73  14  62   8  15  48  14  71  20  73  53  58  61   2  19  94  78  34  74  68  45  66  64   5  95  26  64  35  36  18  51  40  54 
 45  11  84  51  65   0  67  35  87  83  70  27  27  28  92  66   2  94  23  73  21  76  40  23  97  20  40  90  82  85  38  63  55  97  75  40  59   4  26  72  19  78  40  74  59  39  75  43  74   4 
 57  56  42  53  20  59   0  67  62   3  75  18  82  93  88  47  60  41  46  95  75  10  50  99  46  62   2  80  55  24  98  79  36  57  43  47  15  71  84  93  32  74  56   2  54  30  30  11  40   9 
 45  42   7  72  47  46  13   0  94  64  18  54  26  52  87   7  45  11  42  59  76  10  56  45  16  54  21  16  33  14  96  17  46  60  77  77  85  78  20  41  30  54  27  97  75  39  74  72  33  28 
 17  37  35  22  86  21  58  72   0  70   5  77  79  98   4  80  22  76  27  44  85  93  53  72  76  38  97  33  82  44  90  71   1  90  67   1  34   3  20  51  68  15  66  60  36  96  27  72  35  14 
 55  84  82  68   7  23  40  88  19   0  56  56  46   9  13  86  45  68  43  60  95  23  79  14  67   9  13  49  75   4  71  95  64  59  18   5  76  88  48  60   4  49  39  77  29  94  96  14  68  38 
 57  17  68  90  68  48  74  30  91  60   0  36  65  38  65  62  47  22  44  27  85  58  11  17  76  18  22  22   9  72  80  63  17   1  64  54  23  95  46  11  24  31  60  67  17  39  65  26   1  48 
 13  19   3  92  76  93  11  30  90  22   7   0  87  29   5   7  70   4  30   6  29  27  60  22  33   1   7  96  79  77  69  96  18  10  98  28  16   1  13  28  24  13  81  83  73  73  13  77  12  75 
 70  93  48  44  23  68  22  12  26  39  81  87   0  42  39  86  36  67  98  47  20  15  48  71   2  45  11  41  99  97  49  40  73  48  63  22  61  22  36  77  10  91  25   9  59   4  80  90  42  61 
 49  85  22  66  21   5  83   2  94  76  12  41  49   0  99   4  74  26  61  26  42  21  76   6  19  49  29  39  78  86   5  37  71  40  73  55  61  65  58  84  93  46  43  38  48  84  72  84  79  44 
  8  13  98  69  61  29  81  44  25  15  65  77  76  80   0  96  28  40  41  52  76  85  21  69  64  47  92  53  24  10  79  23  41  80  94  95  41  86  94  85  63  98   3  57  55  48  14  89  76  98 
 33  68   1  75  68  20  14  92  94  97  21  74  60  76  30   0  72  32  58  43  33  69  40  45  75  31  16   9  62  18  68   6  79  10  73  97  57  29  94  30  82  64  42  54  18  59  33  27  49  19 
 68  73  69  50  42  36  33  51  50  73  66  86  87   3   1  48   0  19  51  39  12   8  89  61   8  85  40  58  42  34  66  57  91  14  29  84  20  54  58  27  87  15   6  92  26  44  29  97  76  49 
 96  50  54  59  23  38  40  55  98  96  17  68  29  92  89  73  90   0  32  79  90  37  85  86  83  71  76  21  36  52   4  63  27  95  63  27  26  21  80  86  27  19  32  53  19   6  27  15  21  12 
 31   9   8  17  57  66  84  96  81  47  97  51  83  51  77  68  22  99   0  87  67  73  48  17  92  15  57  66  34  56   1  45  68  64  60  76  18  72  81  42  54  85  70   3  28  27  82  25   2  93 
 94  17  79  60  51  89  25  68  47  19  42  66  43  10  47  53  26  28  11   0  66  74  70  45  79  60  88  91   7  78  72   2  16  17  86  17  46  43  64  17  76   5  80  86  93  25  97  18  33  33 
 48  81  31  56  53   6  35  67  93  46  76   8  54  93  71  57  83  87  43   8   0  63  89  42  86   7  20  97   2  49  49  74  94  53  52   5  92  13  13  52   1  49  37  17   9  30  70  46   1  40 
 99  15  42  30  91   4   3   5  92  89  13  13   7  60  93  76  79  18  69   1  71   0   9  16  87  37  14  41  91  28  87  87  86  49  61  24  37  85  76  24  94  83  19   4   6  68  12  75  54  48 
 19  81  28   5  19  48  42   8   9  70  17  71  85  75  13  88  28  48  21  90  36  34   0  11  74  89  25  32  84  94  65  85   3  22   8  61  65  89  85  49  84  77  55  65  98  64  49  58  60  19 
 71  48  30  34  72  38  56  57  85  61  27  43  35   8  43  11  78  41  84  76  42  13  13   0  86  51  15  24  37  21  88  51  39  41  25  92  91  30  11  59  81  97  90  37  70  44  43  64  97  55 
 40  36   6  74  97  68  38  27  14  33  76   3  82  29  54  78   2  66  11  80  26  25  93  15   0  36  46  46  95  50  74  43   2  72  24  93  36  27  67   3  79  13  95  68  30  76  95  52  48  97 
 53  48  14  90  12  71  39  39  13  83  85   7  97  72  72  23  50  48  31  21  56  66  96  31  93   0  58  35  48  29  26  23  60   6  70  63  79  53  54  72  74  99  39  97  73  49  86   3  35  28 
 17  30  89  46  61  57  90  35  93   3  67  35  62  64   5  94  13  38  80  51  28  69   5  47  50  28   0  87  11  22  17  92  61  90  94   3  58  70  38  67  78  61  55  84  18  96  16  94  79  36 
 64   7  76  38  38  55  25  88  37  57  18   7  15  67  22  20  56  45  34  36  77  54  62  71  61  54  15   0  85   5   3  49  18  87  42  41  66  59  90   3  49  44  95  57  28  26  68  95  92  63 
 75  67  84  90  54  32   4  99  54   4   9   4  87  21  67  40  87  89  35  51  17  57  59  55  15  13  82  39   0  47  47  59  90  30  79  18  60  69  87  85  42  62   6  91  64  37  12  95  87  31 
 17  43  61  84  60  69  71  82  87  83  60  48   2  57  94  49  54  80  72  70  22  38  41  91  16  98  71  91  71   0  21  76  69  19  60  86  24  26  34   5  76   8  62  96  24  75  97  72  89  95 
 14  21  82  29  53  78  98  73   8  58  42  78  57  33  74  10  95  23  42  23  58  89  27  87  86  16  79  88  81  39   0  33  20  26  95  48  25  32  71  10   7  64  36  96  32  66  83  75   8  36 
 47  19  82  64  90  82  36  44  78  44  18  57  78  13   1  82  99  28  18  68  86  91  61  39  91  14  80  59  37  63  42   0  96   3  26  35   8  72  40   5  37  78  88  44  95   2  79  27  32  71 
 56  24  10  46  17  36  72  27  31  64  24  28  15  37  65  82  55  72  51  16  15  68  17  89  26  27  13  94  94  22  92   5   0   8  57   3  16  67  90  13   3  52  28  68  97  80  22  87  86  77 
 13  66  79  22   3  99  13  86  99  13  92  83  80  67  49  47  91  76  33  91  39  99  39  69  79  14  22  35  75   5  98  18  81   0  14  42  92   4  20  16  12  82  90  78  49  19  31  63  17  93 
 25  68   3  62  57  42  18  47  45   4  67  67  57  38  98   1  78  24  58  71  88  50  60  64  84  58   4  66   5  18  39  98   2  82   0   4   8  83  42   5  90  72  32  40  23   6  77   1  98  42 
 53  58  82  68  22  21  42  86  42  31  14   5  21  43  49  52   4  18  66  83  64  39  54  15  94  29  51  70  48  53  63  13  19  77  20   0  19   6  96  73  69  68  81  14  42  85  23  40  95  50 
 93  98   7  54   4   7  37  84  71  75   1  77   7  55  66  59  98  58  84  47  67  62  59  38  25  97  24  42  50   8  67  55  70  66  38  33   0  84  73  18  32  30  73  59  55   4  11  85  11  72 
 44  46  30   1  82  49  98  51  42  98  89   1  44  74  12  31  32  83  21  88  62  78  56  15  75  70  83  46  36  98  73  31  32  14  44  49  49   0  65  44  66  28  37  88  97  45  35  56  76  21 
 53  41  12  44  22  16  66  21  10  80  86  94  52  99   9  96  76  80  71  12  74  25  48  17  25  67  58  87  98  74  42  10  28  71  11  70  96  46   0  56  17  53  22  75  50  53  70  38  61  45 
 37  19  82  81  61   1  39  40  69  94  17  30  36  69  85  20  21  58  56  50  41  11  53  99  76  80  88  10  93  85  28  88  42  64  59  48  40  61  31   0  56  22   9  19  66  37  97  13  30  33 
 77  59  91  53  52  84  76  72  51  50   3  49  59  19  72  98  86  30  94  20  54  94  89  59  76  47   8  48  89  61  43  69  47  88  58   9  36  70  43  17   0  52  25  13  73  27  23   8  70  46 
 69  84  38  64  70   7  34  31  87  62  65   1  28  90   4  26  17  13  68  70  10  86  42  85  21  84  14  14   3  14  73  21  21  13  77  55  18  84  90  13  44   0  62  36  37  82  90  42  63  20 
 79  86  50  89  44  37  59  60  84  52  10  79  18  53  15  96  22  66  91  22  63  38  21  31  98   5  79  62  53  90  90   4  46  15  99  55   1  86  80  40  49  48   0  72  44  16  81  49  49   3 
 61  26  11  10  54  25  23  44   5  19  75  63  98   1   6  30   3  64  88  60  10  60  53  25  69  74  47  52  13  15  60  20  13  57  31  50  77  89  12  84  84  93  31   0  19  89  75  56  21   6 
 99  47  78  58  88  11  66  98  49  32  20  71  51  19  72  82  17  61  91  21   2  97  13  52  76  99  58  88  69  78  36  10  61  95  63  65  42  39  13  41  75  78  52  83   0   5  32  45  43  29 
 80  40   4  39  87  77  46  16  20  28  34  64  88  59  57  83  85  96  29  77  13  19  42  93  81  70  86  79   9  87  13  43  83  21  51   1  29  84   4  91  11  44  39  47  11   0  73  33   3  64 
 76  28  81  27  25  56  45  44  43   1  11  28  14  98   5  74  11  40   6  46  20  31  65  58  78  72  36  21   3  64  88  51  94  12   2  99  88  66  20   2  31  12  15  54   8  18   0  45  75  19 
 77  34  34  33  32  18  38  32  65  74  98  55  54  33  82  86   9  83   1  16  30  19  15  10  31  14   1  75  30  28  74  17  21  92  43   8  19  99  57  37  37   3  23   6  78  47  29   0  34  26 
 97  47  59  96  95  64  78  38  29  20  97  43  86  19  51   6  54  89  57  73  34  85  59  68  57  27  52  46  88  89  50  66  17  52  16  42  34  96  74  68  73  82  12  28  72   6   5  80   0  51 
 87  34  41  69  88  65  15  40  92   1  68  41  80  19  43  51  19  94  72  95  95  66  58  90   2  93  60  44  14  29  29  29  36  22  19  38  88  11  16  20  93  40   1  48  75  42  23  15  36   0 
M3
  0   2  73  87  21  34  54  63  63  63  48  41   8  16  20  19  17  11  50  31  29  57  51  71  66  44  37  94  60  45  90  94  24  72   4  26  88  42  59  32  47  51  66  87   8  40  32  84  44  99 
  3   0  87  93  71  38   4  67  10  73   6  12  46   7  30  10  37  71  71  77  31  75  33  15  97  88  61  95  19  84  60   7  33  62  62  56  78  10  47  91  24  13  39   9  91  15  66  35  53   8 
 98  43   0  39  92  15  12  65  45  68  63  44  89  67  21  53  54  43  70  97  79  57   8  60  58   9  93  25  78  94  24  91  80  30  13  47  92  95  48  73  67  46  89   7   7  42  73  89  61  11 
 90  23  94   0  74  68  21  46  61  99  67  99  99  82  93  61  96  91  49   3   5  65  37  93  36  88  98  77  37  24  36  29  13  19  66  58  28  71   1  89  94  90  14  76  28  93  40  30  42  15 
 56  21  65  30   0  43  31  46  19  51  52  31  15  82  65  93   9  73  14  62   8  15  48  14  71  20  73  53  58  61   2  19  94  78  34  74  68  45  66  64   5  95  26  64  35  36  18  51  40  54 
 45  11  84  51  65   0  67  35  87  83  70  27  27  28  92  66   2  94  23  73  21  76  40  23  97  20  40  90  82  85  38  63  55  97  75  40  59   4  26  72  19  78  40  74  59  39  75  43  74   4 
 57  56  42  53  20  59   0  67  62   3  75  18  82  93  88  47  60  41  46  95  75  10  50  99  46  62   2  80  55  24  98  79  36  57  43  47  15  71  84  93  32  74  56   2  54  30  30  11  40   9 
 45  42   7  72  47  46  13   0  94  64  18  54  26  52  87   7  45  11  42  59  76  10  56  45  16  54  21  16  33  14  96  17  46  60  77  77  85  78  20  41  30  54  27  97  75  39  74  72  33  28 
 17  37  35  22  86  21  58  72   0  70   5  77  79  98   4  80  22  76  27  44  85  93  53  72  76  38  97  33  82  44  90  71   1  90  67   1  34   3  20  51  68  15  66  60  36  96  27  72  35  14 
 55  84  82  68   7  23  40  88  19   0  56  56  46   9  13  86  45  68  43  60  95  23  79  14  67   9  13  49  75   4  71  95  64  59  18   5  76  88  48  60   4  49  39  77  29  94  96  14  68  38 
 57  17  68  90  68  48  74  30  91  60   0  36  65  38  65  62  47  22  44  27  85  58  11  17  76  18  22  22   9  72  80  63  17   1  64  54  23  95  46  11  24  31  60  67  17  39  65  26   1  48 
 13  19   3  92  76  93  11  30  90  22   7   0  87  29   5   7  70   4  30   6  29  27  60  22  33   1   7  96  79  77  69  96  18  10  98  28  16   1  13  28  24  13  81  83  73  73  13  77  12  75 
 70  93  48  44  23  68  22  12  26  39  81  87   0  42  39  86  36  67  98  47  20  15  48  71   2  45  11  41  99  97  49  40  73  48  63  22  61  22  36  77  10  91  25   9  59   4  80  90  42  61 
 49  85  22  66  21   5  83   2  94  76  12  41  49   0  99   4  74  26  61  26  42  21  76   6  19  49  29  39  78  86   5  37  71  40  73  55  61  65  58  84  93  46  43  38  48  84  72  84  79  44 
  8  13  98  69  61  29  81  44  25  15  65  77  76  80   0  96  28  40  41  52  76  85  21  69  64  47  92  53  24  10  79  23  41  80  94  95  41  86  94  85  63  98   3  57  55  48  14  89  76  98 
 33  68   1  75  68  20  14  92  94  97  21  74  60  76  30   0  72  32  58  43  33  69  40  45  75  31  16   9  62  18  68   6  79  10  73  97  57  29  94  30  82  64  42  54  18  59  33  27  49  19 
 68  73  69  50  42  36  33  51  50  73  66  86  87   3   1  48   0  19  51  39  12   8  89  61   8  85  40  58  42  34  66  57  91  14  29  84  20  54  58  27  87  15   6  92  26  44  29  97  76  49 
 96  50  54  59  23  38  40  55  98  96  17  68  29  92  89  73  90   0  32  79  90  37  85  86  83  71  76  21  36  52   4  63  27  95  63  27  26  21  80  86  27  19  32  53  19   6  27  15  21  12 
 31   9   8  17  57  66  84  96  81  47  97  51  83  51  77  68  22  99   0  87  67  73  48  17  92  15  57  66  34  56   1  45  68  64  60  76  18  72  81  42  54  85  70   3  28  27  82  25   2  93 
 94  17  79  60  51  89  25  68  47  19  42  66  43  10  47  53  26  28  11   0  66  74  70  45  79  60  88  91   7  78  72   2  16  17  86  17  46  43  64  17  76   5  80  86  93  25  97  18  33  33 
 48  81  31  56  53   6  35  67  93  46  76   8  54  93  71  57  83  87  43   8   0  63  89  42  86   7  20  97   2  49  49  74  94  53  52   5  92  13  13  52   1  49  37  17   9  30  70  46   1  40 
 99  15  42  30  91   4   3   5  92  89  13  13   7  60  93  76  79  18  69   1  71   0   9  16  87  37  14  41  91  28  87  87  86  49  61  24  37  85  76  24  94  83  19   4   6  68  12  75  54  48 
 19  81  28   5  19  48  42   8   9  70  17  71  85  75  13  88  28  48  21  90  36  34   0  11  74  89  25  32  84  94  65  85   3  22   8  61  65  89  85  49  84  77  55  65  98  64  49  58  60  19 
 71  48  30  34  72  38  56  57  85  61  27  43  35   8  43  11  78  41  84  76  42  13  13   0  86  51  15  24  37  21  88  51  39  41  25  92  91  30  11  59  81  97  90  37  70  44  43  64  97  55 
 40  36   6  74  97  68  38  27  14  33  76   3  82  29  54  78   2  66  11  80  26  25  93  15   0  36  46  46  95  50  74  43   2  72  24  93  36  27  67   3  79  13  95  68  30  76  95  52  48  97 
 53  48  14  90  12  71  39  39  13  83  85   7  97  72  72  23  50  48  31  21  56  66  96  31  93   0  58  35  48  29  26  23  60   6  70  63  79  53  54  72  74  99  39  97  73  49  86   3  35  28 
 17  30  89  46  61  57  90  35  93   3  67  35  62  64   5  94  13  38  80  51  28  69   5  47  50  28   0  87  11  22  17  92  61  90  94   3  58  70  38  67  78  61  55  84  18  96  16  94  79  36 
 64   7  76  38  38  55  25  88  37  57  18   7  15  67  22  20  56  45  34  36  77  54  62  71  61  54  15   0  85   5   3  49  18  87  42  41  66  59  90   3  49  44  95  57  28  26  68  95  92  63 
 75  67  84  90  54  32   4  99  54   4   9   4  87  21  67  40  87  89  35  51  17  57  59  55  15  13  82  39   0  47  47  59  90  30  79  18  60  69  87  85  42  62   6  91  64  37  12  95  87  31 
 17  43  61  84  60  69  71  82  87  83  60  48   2  57  94  49  54  80  72  70  22  38  41  91  16  98  71  91  71   0  21  76  69  19  60  86  24  26  34   5  76   8  62  96  24  75  97  72  89  95 
 14  21  82  29  53  78  98  73   8  58  42  78  57  33  74  10  95  23  42  23  58  89  27  87  86  16  79  88  81  39   0  33  20  26  95  48  25  32  71  10   7  64  36  96  32  66  83  75   8  36 
 47  19  82  64  90  82  36  44  78  44  18  57  78  13   1  82  99  28  18  68  86  91  61  39  91  14  80  59  37  63  42   0  96   3  26  35   8  72  40   5  37  78  88  44  95   2  79  27  32  71 
 56  24  10  46  17  36  72  27  31  64  24  28  15  37  65  82  55  72  51  16  15  68  17  89  26  27  13  94  94  22  92   5   0   8  57   3  16  67  90  13   3  52  28  68  97  80  22  87  86  77 
 13  66  79  22   3  99  13  86  99  13  92  83  80  67  49  47  91  76  33  91  39  99  39  69  79  14  22  35  75   5  98  18  81   0  14  42  92   4  20  16  12  82  90  78  49  19  31  63  17  93 
 25  68   3  62  57  42  18  47  45   4  67  67  57  38  98   1  78  24  58  71  88  50  60  64  84  58   4  66   5  18  39  98   2  82   0   4   8  83  42   5  90  72  32  40  23   6  77   1  98  42 
 53  58  82  68  22  21  42  86  42  31  14   5  21  43  49  52   4  18  66  83  64  39  54  15  94  29  51  70  48  53  63  13  19  77  20   0  19   6  96  73  69  68  81  14  42  85  23  40  95  50 
 93  98   7  54   4   7  37  84  71  75   1  77   7  55  66  59  98  58  84  47  67  62  59  38  25  97  24  42  50   8  67  55  70  66  38  33   0  84  73  18  32  30  73  59  55   4  11  85  11  72 
 44  46  30   1  82  49  98  51  42  98  89   1  44  74  12  31  32  83  21  88  62  78  56  15  75  70  83  46  36  98  73  31  32  14  44  49  49   0  65  44  66  28  37  88  97  45  35  56  76  21 
 53  41  12  44  22  16  66  21  10  80  86  94  52  99   9  96  76  80  71  12  74  25  48  17  25  67  58  87  98  74  42  10  28  71  11  70  96  46   0  56  17  53  22  75  50  53  70  38  61  45 
 37  19  82  81  61   1  39  40  69  94  17  30  36  69  85  20  21  58  56  50  41  11  53  99  76  80  88  10  93  85  28  88  42  64  59  48  40  61  31   0  56  22   9  19  66  37  97  13  30  33 
 77  59  91  53  52  84  76  72  51  50   3  49  59  19  72  98  86  30  94  20  54  94  89  59  76  47   8  48  89  61  43  69  47  88  58   9  36  70  43  17   0  52  25  13  73  27  23   8  70  46 
 69  84  38  64  70   7  34  31  87  62  65   1  28  90   4  26  17  13  68  70  10  86  42  85  21  84  14  14   3  14  73  21  21  13  77  55  18  84  90  13  44   0  62  36  37  82  90  42  63  20 
 79  86  50  89  44  37  59  60  84  52  10  79  18  53  15  96  22  66  91  22  63  38  21  31  98   5  79  62  53  90  90   4  46  15  99  55   1  86  80  40  49  48   0  72  44  16  81  49  49   3 
 61  26  11  10  54  25  23  44   5  19  75  63  98   1   6  30   3  64  88  60  10  60  53  25  69  74  47  52  13  15  60  20  13  57  31  50  77  89  12  84  84  93  31   0  19  89  75  56  21   6 
 99  47  78  58  88  11  66  98  49  32  20  71  51  19  72  82  17  61  91  21   2  97  13  52  76  99  58  88  69  78  36  10  61  95  63  65  42  39  13  41  75  78  52  83   0   5  32  45  43  29 
 80  40   4  39  87  77  46  16  20  28  34  64  88  59  57  83  85  96  29  77  13  19  42  93  81  70  86  79   9  87  13  43  83  21  51   1  29  84   4  91  11  44  39  47  11   0  73  33   3  64 
 76  28  81  27  25  56  45  44  43   1  11  28  14  98   5  74  11  40   6  46  20  31  65  58  78  72  36  21   3  64  88  51  94  12   2  99  88  66  20   2  31  12  15  54   8  18   0  45  75  19 
 77  34  34  33  32  18  38  32  65  74  98  55  54  33  82  86   9  83   1  16  30  19  15  10  31  14   1  75  30  28  74  17  21  92  43   8  19  99  57  37  37   3  23   6  78  47  29   0  34  26 
 97  47  59  96  95  64  78  38  29  20  97  43  86  19  51   6  54  89  57  73  34  85  59  68  57  27  52  46  88  89  50  66  17  52  16  42  34  96  74  68  73  82  12  28  72   6   5  80   0  51 
 87  34  41  69  88  65  15  40  92   1  68  41  80  19  43  51  19  94  72  95  95  66  58  90   2  93  60  44  14  29  29  29  36  22  19  38  88  11  16  20  93  40   1  48  75  42  23  15  36   0 
M4
  0   2  73  87  21  34  54  63  63  63  48  41   8  16  20  19  17  11  50  31  29  57  51  71  66  44  37  94  60  45  90  94  24  72   4  26  88  42  59  32  47  51  66  87   8  40  32  84  44  99 
  3   0  87  93  71  38   4  67  10  73   6  12  46   7  30  10  37  71  71  77  31  75  33  15  97  88  61  95  19  84  60   7  33  62  62  56  78  10  47  91  24  13  39   9  91  15  66  35  53   8 
 98  43   0  39  92  15  12  65  45  68  63  44  89  67  21  53  54  43  70  97  79  57   8  60  58   9  93  25  78  94  24  91  80  30  13  47  92  95  48  73  67  46  89   7   7  42  73  89  61  11 
 90  23  94   0  74  68  21  46  61  99  67  99  99  82  93  61  96  91  49   3   5  65  37  93  36  88  98  77  37  24  36  29  13  19  66  58  28  71   1  89  94  90  14  76  28  93  40  30  42  15 
 56  21  65  30   0  43  31  46  19  51  52  31  15  82  65  93   9  73  14  62   8  15  48  14  71  20  73  53  58  61   2  19  94  78  34  74  68  45  66  64   5  95  26  64  35  36  18  51  40  54 
 45  11  84  51  65   0  67  35  87  83  70  27  27  28  92  66   2  94  23  73  21  76  40  23  97  20  40  90  82  85  38  63  55  97  75  40  59   4  26  72  19  78  40  74  59  39  75  43  74   4 
 57  56  42  53  20  59   0  67  62   3  75  18  82  93  88  47  60  41  46  95  75  10  50  99  46  62   2  80  55  24  98  79  36  57  43  47  15  71  84  93  32  74  56   2  54  30  30  11  40   9 
 45  42   7  72  47  46  13   0  94  64  18  54  26  52  87   7  45  11  42  59  76  10  56  45  16  54  21  16  33  14  96  17  46  60  77  77  85  78  20  41  30  54  27  97  75  39  74  72  33  28 
 17  37  35  22  86  21  58  72   0  70   5  77  79  98   4  80  22  76  27  44  85  93  53  72  76  38  97  33  82  44  90  71   1  90  67   1  34   3  20  51  68  15  66  60  36  96  27  72  35  14 
 55  84  82  68   7  23  40  88  19   0  56  56  46   9  13  86  45  68  43  60  95  23  79  14  67   9  13  49  75   4  71  95  64  59  18   5  76  88  48  60   4  49  39  77  29  94  96  14  68  38 
 57  17  68  90  68  48  74  30  91  60   0  36  65  38  65  62  47  22  44  27  85  58  11  17  76  18  22  22   9  72  80  63  17   1  64  54  23  95  46  11  24  31  60  67  17  39  65  26   1  48 
 13  19   3  92  76  93  11  30  90  22   7   0  87  29   5   7  70   4  30   6  29  27  60  22  33   1   7  96  79  77  69  96  18  10  98  28  16   1  13  28  24  13  81  83  73  73  13  77  12  75 
 70  93  48  44  23  68  22  12  26  39  81  87   0  42  39  86  36  67  98  47  20  15  48  71   2  45  11  41  99  97  49  40  73  48  63  22  61  22  36  77  10  91  25   9  59   4  80  90  42  61 
 49  85  22  66  21   5  83   2  94  76  12  41  49   0  99   4  74  26  61  26  42  21  76   6  19  49  29  39  78  86   5  37  71  40  73  55  61  65  58  84  93  46  43  38  48  84  72  84  79  44 
  8  13  98  69  61  29  81  44  25  15  65  77  76  80   0  96  28  40  41  52  76  85  21  69  64  47  92  53  24  10  79  23  41  80  94  95  41  86  94  85  63  98   3  57  55  48  14  89  76  98 
 33  68   1  75  68  20  14  92  94  97  21  74  60  76  30   0  72  32  58  43  33  69  40  45  75  31  16   9  62  18  68   6  79  10  73  97  57  29  94  30  82  64  42  54  18  59  33  27  49  19 
 68  73  69  50  42  36  33  51  50  73  66  86  87   3   1  48   0  19  51  39  12   8  89  61   8  85  40  58  42  34  66  57  91  14  29  84  20  54  58  27  87  15   6  92  26  44  29  97  76  49 
 96  50  54  59  23  38  40  55  98  96  17  68  29  92  89  73  90   0  32  79  90  37  85  86  83  71  76  21  36  52   4  63  27  95  63  27  26  21  80  86  27  19  32  53  19   6  27  15  21  12 
 31   9   8  17  57  66  84  96  81  47  97  51  83  51  77  68  22  99   0  87  67  73  48  17  92  15  57  66  34  56   1  45  68  64  60  76  18  72  81  42  54  85  70   3  28  27  82  25   2  93 
 94  17  79  60  51  89  25  68  47  19  42  66  43  10  47  53  26  28  11   0  66  74  70  45  79  60  88  91   7  78  72   2  16  17  86  17  46  43  64  17  76   5  80  86  93  25  97  18  33  33 
 48  81  31  56  53   6  35  67  93  46  76   8  54  93  71  57  83  87  43   8   0  63  89  42  86   7  20  97   2  49  49  74  94  53  52   5  92  13  13  52   1  49  37  17   9  30  70  46   1  40 
 99  15  42  30  91   4   3   5  92  89  13  13   7  60  93  76  79  18  69   1  71   0   9  16  87  37  14  41  91  28  87  87  86  49  61  24  37  85  76  24  94  83  19   4   6  68  12  75  54  48 
 19  81  28   5  19  48  42   8   9  70  17  71  85  75  13  88  28  48  21  90  36  34   0  11  74  89  25  32  84  94  65  85   3  22   8  61  65  89  85  49  84  77  55  65  98  64  49  58  60  19 
 71  48  30  34  72  38  56  57  85  61  27  43  35   8  43  11  78  41  84  76  42  13  13   0  86  51  15  24  37  21  88  51  39  41  25  92  91  30  11  59  81  97  90  37  70  44  43  64  97  55 
 40  36   6  74  97  68  38  27  14  33  76   3  82  29  54  78   2  66  11  80  26  25  93  15   0  36  46  46  95  50  74  43   2  72  24  93  36  27  67   3  79  13  95  68  30  76  95  52  48  97 
 53  48  14  90  12  71  39  39  13  83  85   7  97  72  72  23  50  48  31  21  56  66  96  31  93   0  58  35  48  29  26  23  60   6  70  63  79  53  54  72  74  99  39  97  73  49  86   3  35  28 
 17  30  89  46  61  57  90  35  93   3  67  35  62  64   5  94  13  38  80  51  28  69   5  47  50  28   0  87  11  22  17  92  61  90  94   3  58  70  38  67  78  61  55  84  18  96  16  94  79  36 
 64   7  76  38  38  55  25  88  37  57  18   7  15  67  22  20  56  45  34  36  77  54  62  71  61  54  15   0  85   5   3  49  18  87  42  41  66  59  90   3  49  44  95  57  28  26  68  95  92  63 
 75  67  84  90  54  32   4  99  54   4   9   4  87  21  67  40  87  89  35  51  17  57  59  55  15  13  82  39   0  47  47  59  90  30  79  18  60  69  87  85  42  62   6  91  64  37  12  95  87  31 
 17  43  61  84  60  69  71  82  87  83  60  48   2  57  94  49  54  80  72  70  22  38  41  91  16  98  71  91  71   0  21  76  69  19  60  86  24  26  34   5  76   8  62  96  24  75  97  72  89  95 
 14  21  82  29  53  78  98  73   8  58  42  78  57  33  74  10  95  23  42  23  58  89  27  87  86  16  79  88  81  39   0  33  20  26  95  48  25  32  71  10   7  64  36  96  32  66  83  75   8  36 
 47  19  82  64  90  82  36  44  78  44  18  57  78  13   1  82  99  28  18  68  86  91  61  39  91  14  80  59  37  63  42   0  96   3  26  35   8  72  40   5  37  78  88  44  95   2  79  27  32  71 
 56  24  10  46  17  36  72  27  31  64  24  28  15  37  65  82  55  72  51  16  15  68  17  89  26  27  13  94  94  22  92   5   0   8  57   3  16  67  90  13   3  52  28  68  97  80  22  87  86  77 
 13  66  79  22   3  99  13  86  99  13  92  83  80  67  49  47  91  76  33  91  39  99  39  69  79  14  22  35  75   5  98  18  81   0  14  42  92   4  20  16  12  82  90  78  49  19  31  63  17  93 
 25  68   3  62  57  42  18  47  45   4  67  67  57  38  98   1  78  24  58  71  88  50  60  64  84  58   4  66   5  18  39  98   2  82   0   4   8  83  42   5  90  72  32  40  23   6  77   1  98  42 
 53  58  82  68  22  21  42  86  42  31  14   5  21  43  49  52   4  18  66  83  64  39  54  15  94  29  51  70  48  53  63  13  19  77  20   0  19   6  96  73  69  68  81  14  42  85  23  40  95  50 
 93  98   7  54   4   7  37  84  71  75   1  77   7  55  66  59  98  58  84  47  67  62  59  38  25  97  24  42  50   8  67  55  70  66  38  33   0  84  73  18  32  30  73  59  55   4  11  85  11  72 
 44  46  30   1  82  49  98  51  42  98  89   1  44  74  12  31  32  83  21  88  62  78  56  15  75  70  83  46  36  98  73  31  32  14  44  49  49   0  65  44  66  28  37  88  97  45  35  56  76  21 
 53  41  12  44  22  16  66  21  10  80  86  94  52  99   9  96  76  80  71  12  74  25  48  17  25  67  58  87  98  74  42  10  28  71  11  70  96  46   0  56  17  53  22  75  50  53  70  38  61  45 
 37  19  82  81  61   1  39  40  69  94  17  30  36  69  85  20  21  58  56  50  41  11  53  99  76  80  88  10  93  85  28  88  42  64  59  48  40  61  31   0  56  22   9  19  66  37  97  13  30  33 
 77  59  91  53  52  84  76  72  51  50   3  49  59  19  72  98  86  30  94  20  54  94  89  59  76  47   8  48  89  61  43  69  47  88  58   9  36  70  43  17   0  52  25  13  73  27  23   8  70  46 
 69  84  38  64  70   7  34  31  87  62  65   1  28  90   4  26  17  13  68  70  10  86  42  85  21  84  14  14   3  14  73  21  21  13  77  55  18  84  90  13  44   0  62  36  37  82  90  42  63  20 
 79  86  50  89  44  37  59  60  84  52  10  79  18  53  15  96  22  66  91  22  63  38  21  31  98   5  79  62  53  90  90   4  46  15  99  55   1  86  80  40  49  48   0  72  44  16  81  49  49   3 
 61  26  11  10  54  25  23  44   5  19  75  63  98   1   6  30   3  64  88  60  10  60  53  25  69  74  47  52  13  15  60  20  13  57  31  50  77  89  12  84  84  93  31   0  19  89  75  56  21   6 
 99  47  78  58  88  11  66  98  49  32  20  71  51  19  72  82  17  61  91  21   2  97  13  52  76  99  58  88  69  78  36  10  61  95  63  65  42  39  13  41  75  78  52  83   0   5  32  45  43  29 
 80  40   4  39  87  77  46  16  20  28  34  64  88  59  57  83  85  96  29  77  13  19  42  93  81  70  86  79   9  87  13  43  83  21  51   1  29  84   4  91  11  44  39  47  11   0  73  33   3  64 
 76  28  81  27  25  56  45  44  43   1  11  28  14  98   5  74  11  40   6  46  20  31  65  58  78  72  36  21   3  64  88  51  94  12   2  99  88  66  20   2  31  12  15  54   8  18   0  45  75  19 
 77  34  34  33  32  18  38  32  65  74  98  55  54  33  82  86   9  83   1  16  30  19  15  10  31  14   1  75  30  28  74  17  21  92  43   8  19  99  57  37  37   3  23   6  78  47  29   0  34  26 
 97  47  59  96  95  64  78  38  29  20  97  43  86  19  51   6  54  89  57  73  34  85  59  68  57  27  52  46  88  89  50  66  17  52  16  42  34  96  74  68  73  82  12  28  72   6   5  80   0  51 
 87  34  41  69  88  65  15  40  92   1  68  41  80  19  43  51  19  94  72  95  95  66  58  90   2  93  60  44  14  29  29  29  36  22  19  38  88  11  16  20  93  40   1  48  75  42  23  15  36   0 
Reldue
 1403    8    8
  853    5    7
 1139    2    1
 2021    5    5
 1310    5    6
  901    1    6
  893    3    6
 1661    2    1
  709    7    2
 1273    2    2
 1689    5    3
 1550    6    2
 1706    9    5
 1591    3    8
  675    8    3
 1775    1    7
 1190    2    6
 1740    9    5
  807    1    2
  781    7    3
  789    5    5
 1257    8    4
 1474    8    7
  557    2    1
  579    1    4
 1926    9    7
 1956    4    7
  767    4    5
  713    6    9
 1595    6    3
 2134    4    9
  868    4    1
 1786    2    7
 1062    1    3
 1071    9    9
  963    3    8
 1864    5    8
 1259    5    4
  736    5    3
  847    9    7
 1171    8    5
  812    4    8
  658    3    6
 1891    2    8
  941    8    6
 1806    7    9
  897    7    9
 1126    1    8
 2006    4    9
 1382    4    9
DDW
 1309  1497
  802   905
 1060  1218
 1851  2191
 1180  1440
  854   948
  835   951
 1524  1798
  668   750
 1165  1381
 1529  1848
 1427  1672
 1584  1828
 1468  1714
  627   722
 1601  1950
 1091  1289
 1590  1889
  758   857
  731   832
  726   852
 1169  1345
 1378  1569
  504   610
  546   613
 1752  2101
 1772  2140
  694   840
  667   758
 1454  1736
 2015  2254
  816   920
 1657  1914
  967  1158
 1005  1137
  890  1036
 1745  1984
 1178  1340
  690   781
  766   928
 1069  1273
  766   857
  598   719
 1742  2039
  867  1016
 1686  1925
  810   984
 1069  1184
 1878  2133
 1280  1483
