50   5
MD
  2  4  3  3  4
PT
 14  52  39  97  42   6  75  12  18   3  95  99  13  60  45  81  81  40  47  39   9  73  83  50  38  50  67  29  52   2  54  41  89  77   8  42  67  75  90   3  83  65  39  82  84  15  27   5  69  94 
 40  18  70  47  60  12  44  95  22  74  43   8  38  58  21   7  40  15  38  37  38   2  92  73  73  52  83  30  79  50  92  16  47  38  29  13  50   7  90  95   1  38  98   3  28  94  73  14  57  93 
 36  98  92  61  83  19  31  92  79  66  56   2   9   4  21  36  88  26  30  37  50  77  34  67  62  43  50  58  46  26  84   5  52  42  15  16  98  68  28  85  12  32  50  31   1  28  41  32  75  28 
 70  99   3   7   6  59  29  75  52  62  71  57  46  87  10  11  23  21  19  56  13  40  46   3   1  75  68  48  19  38  59  82  61  24  55  82  77  31   1   1  35  22  42  16  56   7  37  11  17  28 
 66  17  12  43  54  65  19  70  44  72  86  17  67  43  51  63  80  75   2  80  72  27  68  24  73  68  70  70  75  89  75   9  98   6  15  11  57  37  48  49  54  97  26  54  73  79  98  69  42  55 
SSD
M0
  0  44  24  15  62  68  58  49  69  56   2   1  71  83  98  60  51  99  69  24  69  31  66  56  79  38  25  44  56  71  92   9  53  95  89  36  46   8   4  47   2   5  74   6  29  74  46  14  76   7 
 51   0  23  60  71  40   2  47  66  76  15  92  62  69  12  74  54  10  97  45  86  30  13   8   2  90  85  81  74  42  70  62  84  15  73  60   4   9  90  58  25  62  50  29  40  17  83   7  81   9 
 12  62   0  67  51  41  23  95   3  74  48  28  51  24  11  98  69  90  25   5  37  64  42  63  30  90  28  10  99  44  70  51  85  40  61  78  43  21  40  19  69  65  80  51  52  73  46  18  53  69 
 79  91   3   0  41  33  73  22  55   5  97  70  31  41  74   4  77  59  83  54  53   3  33  11  91  74  74  43  49  26  29  18  61  86  81  89  51  66  21  75  98  37  49  27  77  44  90  36  62  79 
 61  41  82  29   0   3  93  16  49  56  20  20  69  47   9  97  21  49  17  82  89  23  45  26   7  71  70  97  66  99  33  10  86  27  96  30  71  18  62   1  77  31  80   5  65  11  95  48  16  19 
 23  41   1  38  38   0   9  32  72  96  87   7  91  18  94  78  30  91  34  11  71  11  44  31  80  44  54  72  83   9  33  83  78  22   8  17  46   2  66  25  32  15  97   1  16  84  43  39  76  14 
 27  90  66  35  69  69   0   1  95  70  68  79   4  97  50   9  97  21  85  89   4  34  18   1  54  27  84  17  29  25  37  85   5  99  46  84  87  30  32  84  33  14  66  80  63  14  46  38   2  31 
 99  76  19   5  18  87  71   0  35  41  84  74  71  16  40  83  29  48  70  39  62  97   5   5  18  35  56  95   4  77  51  88  53  24   5  37   7  34  75  28  59  52  87   2  44  76  71  75  58   8 
 34  37  26  57   3  43   8  94   0  65  84  31  68  23  95  95  87  32  14  48  82  52  79  89  62  82  28  68  59  54  66  91  22  36  48  83  17  15  32  20  83  63  45  71  34  92  37  43  32  65 
 98  60  51  39  52   4  15  98  67   0  91  60  55  13   1  20  12  40  96  80  96  73  98  21  66  47  78  17  69  18  86  39  40  43  46  80  72  86  15  47  99  35  93  71  60  39  81  96  66  54 
 55  87  71  76  46   8  93  93  83  55   0  83  64  60  30   5  94  96  85  95  99  98  88  32  99  64  16  22  93   6  35  97  95  96  36  18  63  50  64  35  95  63  46  86  17  47  41  87   3  57 
 42  60  76  66  71  10  64  79  36  52  63   0  46  17  74  86  34  20  62   7  56  49  85  34  84   8  32  63  91  73  40  65  83  12  95  63  41  98  40  45  59  50   8  34  81  88  43  99  46  88 
  4  52  95   2  83  54  43   6  61  36   7  31   0  13  49  26  67  39  46  28  16  34  21  80  96  98  48  26  32  61  64  30  15  93  30  13  59  29  42   7  66  15  23  74  90  23   1  11  31   8 
 43  70  57  97  42  84   3  65  89  60  66  28  34   0  91  90  53  66  64  39  27  81  50  26  73  62  43  93  48  40  41  94  35  36  84  46  55  83  55  93  53  86  55  43  52  13  41  49  58   5 
  2  59  19  54  15  89  77  79  27  11  39  83  85  37   0  65  44  10  67  84  18  43  57  86  38   7  48  59  88  18  13  68  39  96   5  56  51  28  24  73   1  47  13  69  39  11  65  73  42  96 
 88  65  22  12  57  70  47  58  60  92  55  55  81   9  31   0  58  45  37  41  11   4  77  79   8  52  66  55  70  27  28  98  17  54  20  60  40  99  97  93  83  23  55  99  45  86  91  74  44  44 
  4  63  48  76  21  48  14  13  63  12   7  75  54   5  78  52   0  11  96  45  21  50   3  38  94  64  38  18  88  39   7  48  75  69  46  56  88  44  89  77  78  45  77  83  89   3  14   7  81  72 
 80  60   6  84  91  83  58  94  12  59  19  66  18  53  77  30  66   0  75  36  32  55  18  82  90  26  18  16  74  59  68  92  95  33  79  68  58  87  10  92  73  44  31  40  43  59  18  16  88  61 
 52  97  86  86  18  15  64  46  73  83  16  47  75  26  61  45  18  82   0  83  57  15  36  19  80  34   3  34  40  19  32   9   8  91  15   5  66   4  13  18   8  90  96  73  40  86  17   8  25  28 
 53  23  92  33  39  38   1  83  44  48  17  91  27   1  45  47  61   3  34   0  66  49  27  40  57  48  79  32  95  26  75  48  41  40   9  59  87  31  24  68  22  60   2  92  78  60  25  10  91  65 
 40  42  90  22  30  33  72  19  99  65  59  87  47  37  12  82   8   4  23  20   0   5  37  92  22  37  24  79  72  95  69  98  80  97  39  43  12  91  41   8  35  76  70  95  39  47  40  40  36  40 
 36  25  23  17  24  37  23  59  40  57  69  84   8  48  41  33  16  40  41  81  97   0  41  69  52  82  85  73  92  57  56  81   6  14  19  56  29  91  54  43  81   5  17  56  45  77  34  41  58  61 
 88  36  96  12  96  78  60  25  90  10  86  46  47  76  11  50  65  89  79  28  58   2   0  40  25  20   5  55  14  88  46  75  10  38  18  82  36  80  33   5   4  54  26  42  84  36  38  34  23   1 
  8  24  11  78   7  45  40  25  43  33  84  87  44  47  77  77  44   9  88  74  84  76  11   0  80  92  32  39  17  53  57  86   7  42  41  47  34  34  75  36  24  18   9   1  35  82  80  68  13  84 
 63  81  50  17  86  19  18  42  26  53  87  50  34  13  86  12  44  49  64  54  86  60  89   3   0  81  26  25  92  86  90  25   3  92  37  87  11  79  62  29  66  69  43  72  48  85   8  31  90  67 
 85  79  96  12  95  38   4  76  96  50  77  29  53  45   9  88  57  94  26  13  90  46   3  54   1   0  80   2  39  74  81  53   8  85  56  10  79  29  94  94  46  57  94  50  39  13   8  76  50  32 
 64  41  46  72  29  41  76  13  55  71  10  91  73  98  96  96  72  85  93  24  67  61  91  19   8  45   0  70  15  28  50  78  42  95  12  55  65  93  49  19   3  60  86  29  80   8  90  18  51  80 
 79  31  48  74  12  64  96  72  15  98  99   6  90  42  16  95  61  16  18  17  95  34   9   3  94  35  98   0  50  90  30  83  53  49  34  94  61  71  41   2  78  94  59  64  58  46  44  70  34  60 
 29  22  67  64  89  89  93   6  33  79  73  41  19  70  88  35   7   6  78  53  78  98  11  52  98  72   8   4   0  71  22  13  65  14  70  13  55  92  19  15  89  99  90  43  27  75  56  62  38  74 
 63  33  16  90   5   6  46  61  96  49  10  99  24  83  13  53  22  23  83  60  58  78   8  13  26  48  28  75  88   0  97  51  89  40  57  72  66  29  17  99  76  78  12  12  40  32   1  46  21   7 
 86  38  16  33  92  27  38  33  73  51  48  37  81  93   7   6  55  60  70  60   1  68  47  85  72   7  60  32   1  35   0  67  18   3  96  25  57  29  36  93  38  39  20  53   5  13  61  80  36  61 
 93  66  65  77   2   3  36  79  98  40  18  89  62  92   6  52  38  63  52  56  90  86  83   9  24  57   8  70  29  84  88   0  31  18  67  14  77  98  55  68  66  11  35  70  56  52  10  41   3  12 
 27  67  24  56  10  49  54  49  27  13  56  19  77  96   5  36  29  70  37  66  76  99  53  26  14  55  46  96  64  19  56  19   0  90  11  87  47  74  92   3  19  61  85  17  34  92  18  32  33  91 
 11  82  95  15  76  97  75  74  14  48  12  81  64  63  42   9   1  49  35   9  28  92  55  63  50  46  70  40  60  28  56   2   3   0  85  40  60  22  19  59   4  56  89  77  42  76  42  91  34  81 
 72  14  21  82  50  19  38   5   5  54  88  61  68   8  93   6  23  49  82  61  29  46  44  82  84  92  43  22   5  89  71  47  97  47   0  10  61  93  64  10  26  65  84  73  91  34  21  69  95  59 
 57  17  42  10  19  78  49  16  47  15   8  67  44  39  72  25  91  14  64  47  21  99  19   2  19  46   6   1  64  69  10  17  17  20  45   0  53  17  29  28  20  97  33   8  42  32  25  31  68  60 
 95  42  70  78  99  54  14  66  96  46  19  98  15  42  72   9  37  57  41  38  10  17  80  92  10  73  35  42  53   4  17  73  37  16  42  62   0  58  68  85  35  40  74  48  34  15  59  47   5  42 
 85  16  96  87  67  46  45  34  37  27   2  15  59  71   8  77  61  76  31  82   5  18  55  36  38  43   2  42  34  98  63  93  23   3  20  32  25   0  97   1  16   3  88  11  50  12  55   9  94  51 
 59  95  82   2  47  53  10  81  49  27  73  76  91  16  33  34  29  37  12  26  81  46  50  66  84  70  70  72  34   3  99  15  11  23  94  12  89   1   0  97  93  64   6  94  67  72  32  44  50  60 
 94  47  30  37  99  91  26   4  21   4  63   3  86  26  21  27  59  75  36  61  50  86  24  86  10  40  54   5  59  32  19  13  87  90  41  66  76  13  81   0  83   4  68  49  29  70  90  69  41   4 
 55  66  14  68  85  13  79  47  29  23   7   2  17  26   6  51  55  65  34   8  84  56  33  13  75  69  13  25  16  16   5  67  85  97  29  77  67  98  55  28   0  45  51  45  87   9  40  26  68   8 
 20  76  63  12  43  54  80  70  42  35  11  99  98   5   2  39  70  54  90  36  10  88  74  34  63  89  55  95  50  81  40  69  27  86  39  46  42  14  19  20  23   0  62  13  40  98  78  80  60   1 
 83  69  34  53  96  61  38  65  80  86  55  99  53  54  71  35  26   4  81   5  82   2  49  20  56  46  58  68  91  26  12  52  98   5  97  91  13  90  90  85  78  40   0  25  33  83  56  11  87  69 
 54  91  29  30  97  41  98   3  45   2  62  41  78  39  92  88  32  96  17  77  93  21  46  30  66  10  91  49  93  94  95  50  46   3  47  95  59  79  41  81  71  44  40   0  85  66  85  38  94  60 
 21  39  31  60  81   6  85  18  68  47  16  70  59  99  28  42  23  95  70  45  32  44  94  82  41  91  61  32  36  71  66  84  26  83  52  13  46  58  26  59  45  30  86  86   0  18  62  63  45  69 
 42  66  32  14  96  77  62  12  37  62  11   9  45  36  50  24  13  17   5  27  43  35  45  96  86  60  27  21  39  76  16  63  60  68  68  37  71  14  47  10  94  24  58  45  23   0  49  37  42  56 
 91  60  55  72  57  37  13  99  40  31  24  41  96  36  40  26  78  84  87  55  86  92  15  97  61  94  36  94  15  45  59  96  30  95  91  19  14  44  77  71   5  55  99  92  41  34   0  10  67  76 
 38  32  48  59  34   3  31  14   2  91  37  32  17  64   9  90  30  58  62  60  57   6  68  97  99   4   5  20  92  74  38  87  17  98  99   6  90  38   9  92  96  59  38  76  76   3  36   0  11  37 
 15  11  24  30  33  51   7  16  90   4  48  49  62  96  64  27  15  66  70  19   7  13  23  17  21  97  18   1  89  89  68  90  97  30  91  65  35  76  14  11   8  64  60  63  28   8  62  77   0  42 
 65  80  52  14  14  87  51  42  73  46  92  74  76  37  76   3  90  24  98  66  57  28  34  90  34  97  94  33  20  45   6  11  72  36   4   3  35  53  73  74  49  18  34  45  25  86  12  17   5   0 
M1
  0  44  24  15  62  68  58  49  69  56   2   1  71  83  98  60  51  99  69  24  69  31  66  56  79  38  25  44  56  71  92   9  53  95  89  36  46   8   4  47   2   5  74   6  29  74  46  14  76   7 
 51   0  23  60  71  40   2  47  66  76  15  92  62  69  12  74  54  10  97  45  86  30  13   8   2  90  85  81  74  42  70  62  84  15  73  60   4   9  90  58  25  62  50  29  40  17  83   7  81   9 
 12  62   0  67  51  41  23  95   3  74  48  28  51  24  11  98  69  90  25   5  37  64  42  63  30  90  28  10  99  44  70  51  85  40  61  78  43  21  40  19  69  65  80  51  52  73  46  18  53  69 
 79  91   3   0  41  33  73  22  55   5  97  70  31  41  74   4  77  59  83  54  53   3  33  11  91  74  74  43  49  26  29  18  61  86  81  89  51  66  21  75  98  37  49  27  77  44  90  36  62  79 
 61  41  82  29   0   3  93  16  49  56  20  20  69  47   9  97  21  49  17  82  89  23  45  26   7  71  70  97  66  99  33  10  86  27  96  30  71  18  62   1  77  31  80   5  65  11  95  48  16  19 
 23  41   1  38  38   0   9  32  72  96  87   7  91  18  94  78  30  91  34  11  71  11  44  31  80  44  54  72  83   9  33  83  78  22   8  17  46   2  66  25  32  15  97   1  16  84  43  39  76  14 
 27  90  66  35  69  69   0   1  95  70  68  79   4  97  50   9  97  21  85  89   4  34  18   1  54  27  84  17  29  25  37  85   5  99  46  84  87  30  32  84  33  14  66  80  63  14  46  38   2  31 
 99  76  19   5  18  87  71   0  35  41  84  74  71  16  40  83  29  48  70  39  62  97   5   5  18  35  56  95   4  77  51  88  53  24   5  37   7  34  75  28  59  52  87   2  44  76  71  75  58   8 
 34  37  26  57   3  43   8  94   0  65  84  31  68  23  95  95  87  32  14  48  82  52  79  89  62  82  28  68  59  54  66  91  22  36  48  83  17  15  32  20  83  63  45  71  34  92  37  43  32  65 
 98  60  51  39  52   4  15  98  67   0  91  60  55  13   1  20  12  40  96  80  96  73  98  21  66  47  78  17  69  18  86  39  40  43  46  80  72  86  15  47  99  35  93  71  60  39  81  96  66  54 
 55  87  71  76  46   8  93  93  83  55   0  83  64  60  30   5  94  96  85  95  99  98  88  32  99  64  16  22  93   6  35  97  95  96  36  18  63  50  64  35  95  63  46  86  17  47  41  87   3  57 
 42  60  76  66  71  10  64  79  36  52  63   0  46  17  74  86  34  20  62   7  56  49  85  34  84   8  32  63  91  73  40  65  83  12  95  63  41  98  40  45  59  50   8  34  81  88  43  99  46  88 
  4  52  95   2  83  54  43   6  61  36   7  31   0  13  49  26  67  39  46  28  16  34  21  80  96  98  48  26  32  61  64  30  15  93  30  13  59  29  42   7  66  15  23  74  90  23   1  11  31   8 
 43  70  57  97  42  84   3  65  89  60  66  28  34   0  91  90  53  66  64  39  27  81  50  26  73  62  43  93  48  40  41  94  35  36  84  46  55  83  55  93  53  86  55  43  52  13  41  49  58   5 
  2  59  19  54  15  89  77  79  27  11  39  83  85  37   0  65  44  10  67  84  18  43  57  86  38   7  48  59  88  18  13  68  39  96   5  56  51  28  24  73   1  47  13  69  39  11  65  73  42  96 
 88  65  22  12  57  70  47  58  60  92  55  55  81   9  31   0  58  45  37  41  11   4  77  79   8  52  66  55  70  27  28  98  17  54  20  60  40  99  97  93  83  23  55  99  45  86  91  74  44  44 
  4  63  48  76  21  48  14  13  63  12   7  75  54   5  78  52   0  11  96  45  21  50   3  38  94  64  38  18  88  39   7  48  75  69  46  56  88  44  89  77  78  45  77  83  89   3  14   7  81  72 
 80  60   6  84  91  83  58  94  12  59  19  66  18  53  77  30  66   0  75  36  32  55  18  82  90  26  18  16  74  59  68  92  95  33  79  68  58  87  10  92  73  44  31  40  43  59  18  16  88  61 
 52  97  86  86  18  15  64  46  73  83  16  47  75  26  61  45  18  82   0  83  57  15  36  19  80  34   3  34  40  19  32   9   8  91  15   5  66   4  13  18   8  90  96  73  40  86  17   8  25  28 
 53  23  92  33  39  38   1  83  44  48  17  91  27   1  45  47  61   3  34   0  66  49  27  40  57  48  79  32  95  26  75  48  41  40   9  59  87  31  24  68  22  60   2  92  78  60  25  10  91  65 
 40  42  90  22  30  33  72  19  99  65  59  87  47  37  12  82   8   4  23  20   0   5  37  92  22  37  24  79  72  95  69  98  80  97  39  43  12  91  41   8  35  76  70  95  39  47  40  40  36  40 
 36  25  23  17  24  37  23  59  40  57  69  84   8  48  41  33  16  40  41  81  97   0  41  69  52  82  85  73  92  57  56  81   6  14  19  56  29  91  54  43  81   5  17  56  45  77  34  41  58  61 
 88  36  96  12  96  78  60  25  90  10  86  46  47  76  11  50  65  89  79  28  58   2   0  40  25  20   5  55  14  88  46  75  10  38  18  82  36  80  33   5   4  54  26  42  84  36  38  34  23   1 
  8  24  11  78   7  45  40  25  43  33  84  87  44  47  77  77  44   9  88  74  84  76  11   0  80  92  32  39  17  53  57  86   7  42  41  47  34  34  75  36  24  18   9   1  35  82  80  68  13  84 
 63  81  50  17  86  19  18  42  26  53  87  50  34  13  86  12  44  49  64  54  86  60  89   3   0  81  26  25  92  86  90  25   3  92  37  87  11  79  62  29  66  69  43  72  48  85   8  31  90  67 
 85  79  96  12  95  38   4  76  96  50  77  29  53  45   9  88  57  94  26  13  90  46   3  54   1   0  80   2  39  74  81  53   8  85  56  10  79  29  94  94  46  57  94  50  39  13   8  76  50  32 
 64  41  46  72  29  41  76  13  55  71  10  91  73  98  96  96  72  85  93  24  67  61  91  19   8  45   0  70  15  28  50  78  42  95  12  55  65  93  49  19   3  60  86  29  80   8  90  18  51  80 
 79  31  48  74  12  64  96  72  15  98  99   6  90  42  16  95  61  16  18  17  95  34   9   3  94  35  98   0  50  90  30  83  53  49  34  94  61  71  41   2  78  94  59  64  58  46  44  70  34  60 
 29  22  67  64  89  89  93   6  33  79  73  41  19  70  88  35   7   6  78  53  78  98  11  52  98  72   8   4   0  71  22  13  65  14  70  13  55  92  19  15  89  99  90  43  27  75  56  62  38  74 
 63  33  16  90   5   6  46  61  96  49  10  99  24  83  13  53  22  23  83  60  58  78   8  13  26  48  28  75  88   0  97  51  89  40  57  72  66  29  17  99  76  78  12  12  40  32   1  46  21   7 
 86  38  16  33  92  27  38  33  73  51  48  37  81  93   7   6  55  60  70  60   1  68  47  85  72   7  60  32   1  35   0  67  18   3  96  25  57  29  36  93  38  39  20  53   5  13  61  80  36  61 
 93  66  65  77   2   3  36  79  98  40  18  89  62  92   6  52  38  63  52  56  90  86  83   9  24  57   8  70  29  84  88   0  31  18  67  14  77  98  55  68  66  11  35  70  56  52  10  41   3  12 
 27  67  24  56  10  49  54  49  27  13  56  19  77  96   5  36  29  70  37  66  76  99  53  26  14  55  46  96  64  19  56  19   0  90  11  87  47  74  92   3  19  61  85  17  34  92  18  32  33  91 
 11  82  95  15  76  97  75  74  14  48  12  81  64  63  42   9   1  49  35   9  28  92  55  63  50  46  70  40  60  28  56   2   3   0  85  40  60  22  19  59   4  56  89  77  42  76  42  91  34  81 
 72  14  21  82  50  19  38   5   5  54  88  61  68   8  93   6  23  49  82  61  29  46  44  82  84  92  43  22   5  89  71  47  97  47   0  10  61  93  64  10  26  65  84  73  91  34  21  69  95  59 
 57  17  42  10  19  78  49  16  47  15   8  67  44  39  72  25  91  14  64  47  21  99  19   2  19  46   6   1  64  69  10  17  17  20  45   0  53  17  29  28  20  97  33   8  42  32  25  31  68  60 
 95  42  70  78  99  54  14  66  96  46  19  98  15  42  72   9  37  57  41  38  10  17  80  92  10  73  35  42  53   4  17  73  37  16  42  62   0  58  68  85  35  40  74  48  34  15  59  47   5  42 
 85  16  96  87  67  46  45  34  37  27   2  15  59  71   8  77  61  76  31  82   5  18  55  36  38  43   2  42  34  98  63  93  23   3  20  32  25   0  97   1  16   3  88  11  50  12  55   9  94  51 
 59  95  82   2  47  53  10  81  49  27  73  76  91  16  33  34  29  37  12  26  81  46  50  66  84  70  70  72  34   3  99  15  11  23  94  12  89   1   0  97  93  64   6  94  67  72  32  44  50  60 
 94  47  30  37  99  91  26   4  21   4  63   3  86  26  21  27  59  75  36  61  50  86  24  86  10  40  54   5  59  32  19  13  87  90  41  66  76  13  81   0  83   4  68  49  29  70  90  69  41   4 
 55  66  14  68  85  13  79  47  29  23   7   2  17  26   6  51  55  65  34   8  84  56  33  13  75  69  13  25  16  16   5  67  85  97  29  77  67  98  55  28   0  45  51  45  87   9  40  26  68   8 
 20  76  63  12  43  54  80  70  42  35  11  99  98   5   2  39  70  54  90  36  10  88  74  34  63  89  55  95  50  81  40  69  27  86  39  46  42  14  19  20  23   0  62  13  40  98  78  80  60   1 
 83  69  34  53  96  61  38  65  80  86  55  99  53  54  71  35  26   4  81   5  82   2  49  20  56  46  58  68  91  26  12  52  98   5  97  91  13  90  90  85  78  40   0  25  33  83  56  11  87  69 
 54  91  29  30  97  41  98   3  45   2  62  41  78  39  92  88  32  96  17  77  93  21  46  30  66  10  91  49  93  94  95  50  46   3  47  95  59  79  41  81  71  44  40   0  85  66  85  38  94  60 
 21  39  31  60  81   6  85  18  68  47  16  70  59  99  28  42  23  95  70  45  32  44  94  82  41  91  61  32  36  71  66  84  26  83  52  13  46  58  26  59  45  30  86  86   0  18  62  63  45  69 
 42  66  32  14  96  77  62  12  37  62  11   9  45  36  50  24  13  17   5  27  43  35  45  96  86  60  27  21  39  76  16  63  60  68  68  37  71  14  47  10  94  24  58  45  23   0  49  37  42  56 
 91  60  55  72  57  37  13  99  40  31  24  41  96  36  40  26  78  84  87  55  86  92  15  97  61  94  36  94  15  45  59  96  30  95  91  19  14  44  77  71   5  55  99  92  41  34   0  10  67  76 
 38  32  48  59  34   3  31  14   2  91  37  32  17  64   9  90  30  58  62  60  57   6  68  97  99   4   5  20  92  74  38  87  17  98  99   6  90  38   9  92  96  59  38  76  76   3  36   0  11  37 
 15  11  24  30  33  51   7  16  90   4  48  49  62  96  64  27  15  66  70  19   7  13  23  17  21  97  18   1  89  89  68  90  97  30  91  65  35  76  14  11   8  64  60  63  28   8  62  77   0  42 
 65  80  52  14  14  87  51  42  73  46  92  74  76  37  76   3  90  24  98  66  57  28  34  90  34  97  94  33  20  45   6  11  72  36   4   3  35  53  73  74  49  18  34  45  25  86  12  17   5   0 
M2
  0  44  24  15  62  68  58  49  69  56   2   1  71  83  98  60  51  99  69  24  69  31  66  56  79  38  25  44  56  71  92   9  53  95  89  36  46   8   4  47   2   5  74   6  29  74  46  14  76   7 
 51   0  23  60  71  40   2  47  66  76  15  92  62  69  12  74  54  10  97  45  86  30  13   8   2  90  85  81  74  42  70  62  84  15  73  60   4   9  90  58  25  62  50  29  40  17  83   7  81   9 
 12  62   0  67  51  41  23  95   3  74  48  28  51  24  11  98  69  90  25   5  37  64  42  63  30  90  28  10  99  44  70  51  85  40  61  78  43  21  40  19  69  65  80  51  52  73  46  18  53  69 
 79  91   3   0  41  33  73  22  55   5  97  70  31  41  74   4  77  59  83  54  53   3  33  11  91  74  74  43  49  26  29  18  61  86  81  89  51  66  21  75  98  37  49  27  77  44  90  36  62  79 
 61  41  82  29   0   3  93  16  49  56  20  20  69  47   9  97  21  49  17  82  89  23  45  26   7  71  70  97  66  99  33  10  86  27  96  30  71  18  62   1  77  31  80   5  65  11  95  48  16  19 
 23  41   1  38  38   0   9  32  72  96  87   7  91  18  94  78  30  91  34  11  71  11  44  31  80  44  54  72  83   9  33  83  78  22   8  17  46   2  66  25  32  15  97   1  16  84  43  39  76  14 
 27  90  66  35  69  69   0   1  95  70  68  79   4  97  50   9  97  21  85  89   4  34  18   1  54  27  84  17  29  25  37  85   5  99  46  84  87  30  32  84  33  14  66  80  63  14  46  38   2  31 
 99  76  19   5  18  87  71   0  35  41  84  74  71  16  40  83  29  48  70  39  62  97   5   5  18  35  56  95   4  77  51  88  53  24   5  37   7  34  75  28  59  52  87   2  44  76  71  75  58   8 
 34  37  26  57   3  43   8  94   0  65  84  31  68  23  95  95  87  32  14  48  82  52  79  89  62  82  28  68  59  54  66  91  22  36  48  83  17  15  32  20  83  63  45  71  34  92  37  43  32  65 
 98  60  51  39  52   4  15  98  67   0  91  60  55  13   1  20  12  40  96  80  96  73  98  21  66  47  78  17  69  18  86  39  40  43  46  80  72  86  15  47  99  35  93  71  60  39  81  96  66  54 
 55  87  71  76  46   8  93  93  83  55   0  83  64  60  30   5  94  96  85  95  99  98  88  32  99  64  16  22  93   6  35  97  95  96  36  18  63  50  64  35  95  63  46  86  17  47  41  87   3  57 
 42  60  76  66  71  10  64  79  36  52  63   0  46  17  74  86  34  20  62   7  56  49  85  34  84   8  32  63  91  73  40  65  83  12  95  63  41  98  40  45  59  50   8  34  81  88  43  99  46  88 
  4  52  95   2  83  54  43   6  61  36   7  31   0  13  49  26  67  39  46  28  16  34  21  80  96  98  48  26  32  61  64  30  15  93  30  13  59  29  42   7  66  15  23  74  90  23   1  11  31   8 
 43  70  57  97  42  84   3  65  89  60  66  28  34   0  91  90  53  66  64  39  27  81  50  26  73  62  43  93  48  40  41  94  35  36  84  46  55  83  55  93  53  86  55  43  52  13  41  49  58   5 
  2  59  19  54  15  89  77  79  27  11  39  83  85  37   0  65  44  10  67  84  18  43  57  86  38   7  48  59  88  18  13  68  39  96   5  56  51  28  24  73   1  47  13  69  39  11  65  73  42  96 
 88  65  22  12  57  70  47  58  60  92  55  55  81   9  31   0  58  45  37  41  11   4  77  79   8  52  66  55  70  27  28  98  17  54  20  60  40  99  97  93  83  23  55  99  45  86  91  74  44  44 
  4  63  48  76  21  48  14  13  63  12   7  75  54   5  78  52   0  11  96  45  21  50   3  38  94  64  38  18  88  39   7  48  75  69  46  56  88  44  89  77  78  45  77  83  89   3  14   7  81  72 
 80  60   6  84  91  83  58  94  12  59  19  66  18  53  77  30  66   0  75  36  32  55  18  82  90  26  18  16  74  59  68  92  95  33  79  68  58  87  10  92  73  44  31  40  43  59  18  16  88  61 
 52  97  86  86  18  15  64  46  73  83  16  47  75  26  61  45  18  82   0  83  57  15  36  19  80  34   3  34  40  19  32   9   8  91  15   5  66   4  13  18   8  90  96  73  40  86  17   8  25  28 
 53  23  92  33  39  38   1  83  44  48  17  91  27   1  45  47  61   3  34   0  66  49  27  40  57  48  79  32  95  26  75  48  41  40   9  59  87  31  24  68  22  60   2  92  78  60  25  10  91  65 
 40  42  90  22  30  33  72  19  99  65  59  87  47  37  12  82   8   4  23  20   0   5  37  92  22  37  24  79  72  95  69  98  80  97  39  43  12  91  41   8  35  76  70  95  39  47  40  40  36  40 
 36  25  23  17  24  37  23  59  40  57  69  84   8  48  41  33  16  40  41  81  97   0  41  69  52  82  85  73  92  57  56  81   6  14  19  56  29  91  54  43  81   5  17  56  45  77  34  41  58  61 
 88  36  96  12  96  78  60  25  90  10  86  46  47  76  11  50  65  89  79  28  58   2   0  40  25  20   5  55  14  88  46  75  10  38  18  82  36  80  33   5   4  54  26  42  84  36  38  34  23   1 
  8  24  11  78   7  45  40  25  43  33  84  87  44  47  77  77  44   9  88  74  84  76  11   0  80  92  32  39  17  53  57  86   7  42  41  47  34  34  75  36  24  18   9   1  35  82  80  68  13  84 
 63  81  50  17  86  19  18  42  26  53  87  50  34  13  86  12  44  49  64  54  86  60  89   3   0  81  26  25  92  86  90  25   3  92  37  87  11  79  62  29  66  69  43  72  48  85   8  31  90  67 
 85  79  96  12  95  38   4  76  96  50  77  29  53  45   9  88  57  94  26  13  90  46   3  54   1   0  80   2  39  74  81  53   8  85  56  10  79  29  94  94  46  57  94  50  39  13   8  76  50  32 
 64  41  46  72  29  41  76  13  55  71  10  91  73  98  96  96  72  85  93  24  67  61  91  19   8  45   0  70  15  28  50  78  42  95  12  55  65  93  49  19   3  60  86  29  80   8  90  18  51  80 
 79  31  48  74  12  64  96  72  15  98  99   6  90  42  16  95  61  16  18  17  95  34   9   3  94  35  98   0  50  90  30  83  53  49  34  94  61  71  41   2  78  94  59  64  58  46  44  70  34  60 
 29  22  67  64  89  89  93   6  33  79  73  41  19  70  88  35   7   6  78  53  78  98  11  52  98  72   8   4   0  71  22  13  65  14  70  13  55  92  19  15  89  99  90  43  27  75  56  62  38  74 
 63  33  16  90   5   6  46  61  96  49  10  99  24  83  13  53  22  23  83  60  58  78   8  13  26  48  28  75  88   0  97  51  89  40  57  72  66  29  17  99  76  78  12  12  40  32   1  46  21   7 
 86  38  16  33  92  27  38  33  73  51  48  37  81  93   7   6  55  60  70  60   1  68  47  85  72   7  60  32   1  35   0  67  18   3  96  25  57  29  36  93  38  39  20  53   5  13  61  80  36  61 
 93  66  65  77   2   3  36  79  98  40  18  89  62  92   6  52  38  63  52  56  90  86  83   9  24  57   8  70  29  84  88   0  31  18  67  14  77  98  55  68  66  11  35  70  56  52  10  41   3  12 
 27  67  24  56  10  49  54  49  27  13  56  19  77  96   5  36  29  70  37  66  76  99  53  26  14  55  46  96  64  19  56  19   0  90  11  87  47  74  92   3  19  61  85  17  34  92  18  32  33  91 
 11  82  95  15  76  97  75  74  14  48  12  81  64  63  42   9   1  49  35   9  28  92  55  63  50  46  70  40  60  28  56   2   3   0  85  40  60  22  19  59   4  56  89  77  42  76  42  91  34  81 
 72  14  21  82  50  19  38   5   5  54  88  61  68   8  93   6  23  49  82  61  29  46  44  82  84  92  43  22   5  89  71  47  97  47   0  10  61  93  64  10  26  65  84  73  91  34  21  69  95  59 
 57  17  42  10  19  78  49  16  47  15   8  67  44  39  72  25  91  14  64  47  21  99  19   2  19  46   6   1  64  69  10  17  17  20  45   0  53  17  29  28  20  97  33   8  42  32  25  31  68  60 
 95  42  70  78  99  54  14  66  96  46  19  98  15  42  72   9  37  57  41  38  10  17  80  92  10  73  35  42  53   4  17  73  37  16  42  62   0  58  68  85  35  40  74  48  34  15  59  47   5  42 
 85  16  96  87  67  46  45  34  37  27   2  15  59  71   8  77  61  76  31  82   5  18  55  36  38  43   2  42  34  98  63  93  23   3  20  32  25   0  97   1  16   3  88  11  50  12  55   9  94  51 
 59  95  82   2  47  53  10  81  49  27  73  76  91  16  33  34  29  37  12  26  81  46  50  66  84  70  70  72  34   3  99  15  11  23  94  12  89   1   0  97  93  64   6  94  67  72  32  44  50  60 
 94  47  30  37  99  91  26   4  21   4  63   3  86  26  21  27  59  75  36  61  50  86  24  86  10  40  54   5  59  32  19  13  87  90  41  66  76  13  81   0  83   4  68  49  29  70  90  69  41   4 
 55  66  14  68  85  13  79  47  29  23   7   2  17  26   6  51  55  65  34   8  84  56  33  13  75  69  13  25  16  16   5  67  85  97  29  77  67  98  55  28   0  45  51  45  87   9  40  26  68   8 
 20  76  63  12  43  54  80  70  42  35  11  99  98   5   2  39  70  54  90  36  10  88  74  34  63  89  55  95  50  81  40  69  27  86  39  46  42  14  19  20  23   0  62  13  40  98  78  80  60   1 
 83  69  34  53  96  61  38  65  80  86  55  99  53  54  71  35  26   4  81   5  82   2  49  20  56  46  58  68  91  26  12  52  98   5  97  91  13  90  90  85  78  40   0  25  33  83  56  11  87  69 
 54  91  29  30  97  41  98   3  45   2  62  41  78  39  92  88  32  96  17  77  93  21  46  30  66  10  91  49  93  94  95  50  46   3  47  95  59  79  41  81  71  44  40   0  85  66  85  38  94  60 
 21  39  31  60  81   6  85  18  68  47  16  70  59  99  28  42  23  95  70  45  32  44  94  82  41  91  61  32  36  71  66  84  26  83  52  13  46  58  26  59  45  30  86  86   0  18  62  63  45  69 
 42  66  32  14  96  77  62  12  37  62  11   9  45  36  50  24  13  17   5  27  43  35  45  96  86  60  27  21  39  76  16  63  60  68  68  37  71  14  47  10  94  24  58  45  23   0  49  37  42  56 
 91  60  55  72  57  37  13  99  40  31  24  41  96  36  40  26  78  84  87  55  86  92  15  97  61  94  36  94  15  45  59  96  30  95  91  19  14  44  77  71   5  55  99  92  41  34   0  10  67  76 
 38  32  48  59  34   3  31  14   2  91  37  32  17  64   9  90  30  58  62  60  57   6  68  97  99   4   5  20  92  74  38  87  17  98  99   6  90  38   9  92  96  59  38  76  76   3  36   0  11  37 
 15  11  24  30  33  51   7  16  90   4  48  49  62  96  64  27  15  66  70  19   7  13  23  17  21  97  18   1  89  89  68  90  97  30  91  65  35  76  14  11   8  64  60  63  28   8  62  77   0  42 
 65  80  52  14  14  87  51  42  73  46  92  74  76  37  76   3  90  24  98  66  57  28  34  90  34  97  94  33  20  45   6  11  72  36   4   3  35  53  73  74  49  18  34  45  25  86  12  17   5   0 
M3
  0  44  24  15  62  68  58  49  69  56   2   1  71  83  98  60  51  99  69  24  69  31  66  56  79  38  25  44  56  71  92   9  53  95  89  36  46   8   4  47   2   5  74   6  29  74  46  14  76   7 
 51   0  23  60  71  40   2  47  66  76  15  92  62  69  12  74  54  10  97  45  86  30  13   8   2  90  85  81  74  42  70  62  84  15  73  60   4   9  90  58  25  62  50  29  40  17  83   7  81   9 
 12  62   0  67  51  41  23  95   3  74  48  28  51  24  11  98  69  90  25   5  37  64  42  63  30  90  28  10  99  44  70  51  85  40  61  78  43  21  40  19  69  65  80  51  52  73  46  18  53  69 
 79  91   3   0  41  33  73  22  55   5  97  70  31  41  74   4  77  59  83  54  53   3  33  11  91  74  74  43  49  26  29  18  61  86  81  89  51  66  21  75  98  37  49  27  77  44  90  36  62  79 
 61  41  82  29   0   3  93  16  49  56  20  20  69  47   9  97  21  49  17  82  89  23  45  26   7  71  70  97  66  99  33  10  86  27  96  30  71  18  62   1  77  31  80   5  65  11  95  48  16  19 
 23  41   1  38  38   0   9  32  72  96  87   7  91  18  94  78  30  91  34  11  71  11  44  31  80  44  54  72  83   9  33  83  78  22   8  17  46   2  66  25  32  15  97   1  16  84  43  39  76  14 
 27  90  66  35  69  69   0   1  95  70  68  79   4  97  50   9  97  21  85  89   4  34  18   1  54  27  84  17  29  25  37  85   5  99  46  84  87  30  32  84  33  14  66  80  63  14  46  38   2  31 
 99  76  19   5  18  87  71   0  35  41  84  74  71  16  40  83  29  48  70  39  62  97   5   5  18  35  56  95   4  77  51  88  53  24   5  37   7  34  75  28  59  52  87   2  44  76  71  75  58   8 
 34  37  26  57   3  43   8  94   0  65  84  31  68  23  95  95  87  32  14  48  82  52  79  89  62  82  28  68  59  54  66  91  22  36  48  83  17  15  32  20  83  63  45  71  34  92  37  43  32  65 
 98  60  51  39  52   4  15  98  67   0  91  60  55  13   1  20  12  40  96  80  96  73  98  21  66  47  78  17  69  18  86  39  40  43  46  80  72  86  15  47  99  35  93  71  60  39  81  96  66  54 
 55  87  71  76  46   8  93  93  83  55   0  83  64  60  30   5  94  96  85  95  99  98  88  32  99  64  16  22  93   6  35  97  95  96  36  18  63  50  64  35  95  63  46  86  17  47  41  87   3  57 
 42  60  76  66  71  10  64  79  36  52  63   0  46  17  74  86  34  20  62   7  56  49  85  34  84   8  32  63  91  73  40  65  83  12  95  63  41  98  40  45  59  50   8  34  81  88  43  99  46  88 
  4  52  95   2  83  54  43   6  61  36   7  31   0  13  49  26  67  39  46  28  16  34  21  80  96  98  48  26  32  61  64  30  15  93  30  13  59  29  42   7  66  15  23  74  90  23   1  11  31   8 
 43  70  57  97  42  84   3  65  89  60  66  28  34   0  91  90  53  66  64  39  27  81  50  26  73  62  43  93  48  40  41  94  35  36  84  46  55  83  55  93  53  86  55  43  52  13  41  49  58   5 
  2  59  19  54  15  89  77  79  27  11  39  83  85  37   0  65  44  10  67  84  18  43  57  86  38   7  48  59  88  18  13  68  39  96   5  56  51  28  24  73   1  47  13  69  39  11  65  73  42  96 
 88  65  22  12  57  70  47  58  60  92  55  55  81   9  31   0  58  45  37  41  11   4  77  79   8  52  66  55  70  27  28  98  17  54  20  60  40  99  97  93  83  23  55  99  45  86  91  74  44  44 
  4  63  48  76  21  48  14  13  63  12   7  75  54   5  78  52   0  11  96  45  21  50   3  38  94  64  38  18  88  39   7  48  75  69  46  56  88  44  89  77  78  45  77  83  89   3  14   7  81  72 
 80  60   6  84  91  83  58  94  12  59  19  66  18  53  77  30  66   0  75  36  32  55  18  82  90  26  18  16  74  59  68  92  95  33  79  68  58  87  10  92  73  44  31  40  43  59  18  16  88  61 
 52  97  86  86  18  15  64  46  73  83  16  47  75  26  61  45  18  82   0  83  57  15  36  19  80  34   3  34  40  19  32   9   8  91  15   5  66   4  13  18   8  90  96  73  40  86  17   8  25  28 
 53  23  92  33  39  38   1  83  44  48  17  91  27   1  45  47  61   3  34   0  66  49  27  40  57  48  79  32  95  26  75  48  41  40   9  59  87  31  24  68  22  60   2  92  78  60  25  10  91  65 
 40  42  90  22  30  33  72  19  99  65  59  87  47  37  12  82   8   4  23  20   0   5  37  92  22  37  24  79  72  95  69  98  80  97  39  43  12  91  41   8  35  76  70  95  39  47  40  40  36  40 
 36  25  23  17  24  37  23  59  40  57  69  84   8  48  41  33  16  40  41  81  97   0  41  69  52  82  85  73  92  57  56  81   6  14  19  56  29  91  54  43  81   5  17  56  45  77  34  41  58  61 
 88  36  96  12  96  78  60  25  90  10  86  46  47  76  11  50  65  89  79  28  58   2   0  40  25  20   5  55  14  88  46  75  10  38  18  82  36  80  33   5   4  54  26  42  84  36  38  34  23   1 
  8  24  11  78   7  45  40  25  43  33  84  87  44  47  77  77  44   9  88  74  84  76  11   0  80  92  32  39  17  53  57  86   7  42  41  47  34  34  75  36  24  18   9   1  35  82  80  68  13  84 
 63  81  50  17  86  19  18  42  26  53  87  50  34  13  86  12  44  49  64  54  86  60  89   3   0  81  26  25  92  86  90  25   3  92  37  87  11  79  62  29  66  69  43  72  48  85   8  31  90  67 
 85  79  96  12  95  38   4  76  96  50  77  29  53  45   9  88  57  94  26  13  90  46   3  54   1   0  80   2  39  74  81  53   8  85  56  10  79  29  94  94  46  57  94  50  39  13   8  76  50  32 
 64  41  46  72  29  41  76  13  55  71  10  91  73  98  96  96  72  85  93  24  67  61  91  19   8  45   0  70  15  28  50  78  42  95  12  55  65  93  49  19   3  60  86  29  80   8  90  18  51  80 
 79  31  48  74  12  64  96  72  15  98  99   6  90  42  16  95  61  16  18  17  95  34   9   3  94  35  98   0  50  90  30  83  53  49  34  94  61  71  41   2  78  94  59  64  58  46  44  70  34  60 
 29  22  67  64  89  89  93   6  33  79  73  41  19  70  88  35   7   6  78  53  78  98  11  52  98  72   8   4   0  71  22  13  65  14  70  13  55  92  19  15  89  99  90  43  27  75  56  62  38  74 
 63  33  16  90   5   6  46  61  96  49  10  99  24  83  13  53  22  23  83  60  58  78   8  13  26  48  28  75  88   0  97  51  89  40  57  72  66  29  17  99  76  78  12  12  40  32   1  46  21   7 
 86  38  16  33  92  27  38  33  73  51  48  37  81  93   7   6  55  60  70  60   1  68  47  85  72   7  60  32   1  35   0  67  18   3  96  25  57  29  36  93  38  39  20  53   5  13  61  80  36  61 
 93  66  65  77   2   3  36  79  98  40  18  89  62  92   6  52  38  63  52  56  90  86  83   9  24  57   8  70  29  84  88   0  31  18  67  14  77  98  55  68  66  11  35  70  56  52  10  41   3  12 
 27  67  24  56  10  49  54  49  27  13  56  19  77  96   5  36  29  70  37  66  76  99  53  26  14  55  46  96  64  19  56  19   0  90  11  87  47  74  92   3  19  61  85  17  34  92  18  32  33  91 
 11  82  95  15  76  97  75  74  14  48  12  81  64  63  42   9   1  49  35   9  28  92  55  63  50  46  70  40  60  28  56   2   3   0  85  40  60  22  19  59   4  56  89  77  42  76  42  91  34  81 
 72  14  21  82  50  19  38   5   5  54  88  61  68   8  93   6  23  49  82  61  29  46  44  82  84  92  43  22   5  89  71  47  97  47   0  10  61  93  64  10  26  65  84  73  91  34  21  69  95  59 
 57  17  42  10  19  78  49  16  47  15   8  67  44  39  72  25  91  14  64  47  21  99  19   2  19  46   6   1  64  69  10  17  17  20  45   0  53  17  29  28  20  97  33   8  42  32  25  31  68  60 
 95  42  70  78  99  54  14  66  96  46  19  98  15  42  72   9  37  57  41  38  10  17  80  92  10  73  35  42  53   4  17  73  37  16  42  62   0  58  68  85  35  40  74  48  34  15  59  47   5  42 
 85  16  96  87  67  46  45  34  37  27   2  15  59  71   8  77  61  76  31  82   5  18  55  36  38  43   2  42  34  98  63  93  23   3  20  32  25   0  97   1  16   3  88  11  50  12  55   9  94  51 
 59  95  82   2  47  53  10  81  49  27  73  76  91  16  33  34  29  37  12  26  81  46  50  66  84  70  70  72  34   3  99  15  11  23  94  12  89   1   0  97  93  64   6  94  67  72  32  44  50  60 
 94  47  30  37  99  91  26   4  21   4  63   3  86  26  21  27  59  75  36  61  50  86  24  86  10  40  54   5  59  32  19  13  87  90  41  66  76  13  81   0  83   4  68  49  29  70  90  69  41   4 
 55  66  14  68  85  13  79  47  29  23   7   2  17  26   6  51  55  65  34   8  84  56  33  13  75  69  13  25  16  16   5  67  85  97  29  77  67  98  55  28   0  45  51  45  87   9  40  26  68   8 
 20  76  63  12  43  54  80  70  42  35  11  99  98   5   2  39  70  54  90  36  10  88  74  34  63  89  55  95  50  81  40  69  27  86  39  46  42  14  19  20  23   0  62  13  40  98  78  80  60   1 
 83  69  34  53  96  61  38  65  80  86  55  99  53  54  71  35  26   4  81   5  82   2  49  20  56  46  58  68  91  26  12  52  98   5  97  91  13  90  90  85  78  40   0  25  33  83  56  11  87  69 
 54  91  29  30  97  41  98   3  45   2  62  41  78  39  92  88  32  96  17  77  93  21  46  30  66  10  91  49  93  94  95  50  46   3  47  95  59  79  41  81  71  44  40   0  85  66  85  38  94  60 
 21  39  31  60  81   6  85  18  68  47  16  70  59  99  28  42  23  95  70  45  32  44  94  82  41  91  61  32  36  71  66  84  26  83  52  13  46  58  26  59  45  30  86  86   0  18  62  63  45  69 
 42  66  32  14  96  77  62  12  37  62  11   9  45  36  50  24  13  17   5  27  43  35  45  96  86  60  27  21  39  76  16  63  60  68  68  37  71  14  47  10  94  24  58  45  23   0  49  37  42  56 
 91  60  55  72  57  37  13  99  40  31  24  41  96  36  40  26  78  84  87  55  86  92  15  97  61  94  36  94  15  45  59  96  30  95  91  19  14  44  77  71   5  55  99  92  41  34   0  10  67  76 
 38  32  48  59  34   3  31  14   2  91  37  32  17  64   9  90  30  58  62  60  57   6  68  97  99   4   5  20  92  74  38  87  17  98  99   6  90  38   9  92  96  59  38  76  76   3  36   0  11  37 
 15  11  24  30  33  51   7  16  90   4  48  49  62  96  64  27  15  66  70  19   7  13  23  17  21  97  18   1  89  89  68  90  97  30  91  65  35  76  14  11   8  64  60  63  28   8  62  77   0  42 
 65  80  52  14  14  87  51  42  73  46  92  74  76  37  76   3  90  24  98  66  57  28  34  90  34  97  94  33  20  45   6  11  72  36   4   3  35  53  73  74  49  18  34  45  25  86  12  17   5   0 
M4
  0  44  24  15  62  68  58  49  69  56   2   1  71  83  98  60  51  99  69  24  69  31  66  56  79  38  25  44  56  71  92   9  53  95  89  36  46   8   4  47   2   5  74   6  29  74  46  14  76   7 
 51   0  23  60  71  40   2  47  66  76  15  92  62  69  12  74  54  10  97  45  86  30  13   8   2  90  85  81  74  42  70  62  84  15  73  60   4   9  90  58  25  62  50  29  40  17  83   7  81   9 
 12  62   0  67  51  41  23  95   3  74  48  28  51  24  11  98  69  90  25   5  37  64  42  63  30  90  28  10  99  44  70  51  85  40  61  78  43  21  40  19  69  65  80  51  52  73  46  18  53  69 
 79  91   3   0  41  33  73  22  55   5  97  70  31  41  74   4  77  59  83  54  53   3  33  11  91  74  74  43  49  26  29  18  61  86  81  89  51  66  21  75  98  37  49  27  77  44  90  36  62  79 
 61  41  82  29   0   3  93  16  49  56  20  20  69  47   9  97  21  49  17  82  89  23  45  26   7  71  70  97  66  99  33  10  86  27  96  30  71  18  62   1  77  31  80   5  65  11  95  48  16  19 
 23  41   1  38  38   0   9  32  72  96  87   7  91  18  94  78  30  91  34  11  71  11  44  31  80  44  54  72  83   9  33  83  78  22   8  17  46   2  66  25  32  15  97   1  16  84  43  39  76  14 
 27  90  66  35  69  69   0   1  95  70  68  79   4  97  50   9  97  21  85  89   4  34  18   1  54  27  84  17  29  25  37  85   5  99  46  84  87  30  32  84  33  14  66  80  63  14  46  38   2  31 
 99  76  19   5  18  87  71   0  35  41  84  74  71  16  40  83  29  48  70  39  62  97   5   5  18  35  56  95   4  77  51  88  53  24   5  37   7  34  75  28  59  52  87   2  44  76  71  75  58   8 
 34  37  26  57   3  43   8  94   0  65  84  31  68  23  95  95  87  32  14  48  82  52  79  89  62  82  28  68  59  54  66  91  22  36  48  83  17  15  32  20  83  63  45  71  34  92  37  43  32  65 
 98  60  51  39  52   4  15  98  67   0  91  60  55  13   1  20  12  40  96  80  96  73  98  21  66  47  78  17  69  18  86  39  40  43  46  80  72  86  15  47  99  35  93  71  60  39  81  96  66  54 
 55  87  71  76  46   8  93  93  83  55   0  83  64  60  30   5  94  96  85  95  99  98  88  32  99  64  16  22  93   6  35  97  95  96  36  18  63  50  64  35  95  63  46  86  17  47  41  87   3  57 
 42  60  76  66  71  10  64  79  36  52  63   0  46  17  74  86  34  20  62   7  56  49  85  34  84   8  32  63  91  73  40  65  83  12  95  63  41  98  40  45  59  50   8  34  81  88  43  99  46  88 
  4  52  95   2  83  54  43   6  61  36   7  31   0  13  49  26  67  39  46  28  16  34  21  80  96  98  48  26  32  61  64  30  15  93  30  13  59  29  42   7  66  15  23  74  90  23   1  11  31   8 
 43  70  57  97  42  84   3  65  89  60  66  28  34   0  91  90  53  66  64  39  27  81  50  26  73  62  43  93  48  40  41  94  35  36  84  46  55  83  55  93  53  86  55  43  52  13  41  49  58   5 
  2  59  19  54  15  89  77  79  27  11  39  83  85  37   0  65  44  10  67  84  18  43  57  86  38   7  48  59  88  18  13  68  39  96   5  56  51  28  24  73   1  47  13  69  39  11  65  73  42  96 
 88  65  22  12  57  70  47  58  60  92  55  55  81   9  31   0  58  45  37  41  11   4  77  79   8  52  66  55  70  27  28  98  17  54  20  60  40  99  97  93  83  23  55  99  45  86  91  74  44  44 
  4  63  48  76  21  48  14  13  63  12   7  75  54   5  78  52   0  11  96  45  21  50   3  38  94  64  38  18  88  39   7  48  75  69  46  56  88  44  89  77  78  45  77  83  89   3  14   7  81  72 
 80  60   6  84  91  83  58  94  12  59  19  66  18  53  77  30  66   0  75  36  32  55  18  82  90  26  18  16  74  59  68  92  95  33  79  68  58  87  10  92  73  44  31  40  43  59  18  16  88  61 
 52  97  86  86  18  15  64  46  73  83  16  47  75  26  61  45  18  82   0  83  57  15  36  19  80  34   3  34  40  19  32   9   8  91  15   5  66   4  13  18   8  90  96  73  40  86  17   8  25  28 
 53  23  92  33  39  38   1  83  44  48  17  91  27   1  45  47  61   3  34   0  66  49  27  40  57  48  79  32  95  26  75  48  41  40   9  59  87  31  24  68  22  60   2  92  78  60  25  10  91  65 
 40  42  90  22  30  33  72  19  99  65  59  87  47  37  12  82   8   4  23  20   0   5  37  92  22  37  24  79  72  95  69  98  80  97  39  43  12  91  41   8  35  76  70  95  39  47  40  40  36  40 
 36  25  23  17  24  37  23  59  40  57  69  84   8  48  41  33  16  40  41  81  97   0  41  69  52  82  85  73  92  57  56  81   6  14  19  56  29  91  54  43  81   5  17  56  45  77  34  41  58  61 
 88  36  96  12  96  78  60  25  90  10  86  46  47  76  11  50  65  89  79  28  58   2   0  40  25  20   5  55  14  88  46  75  10  38  18  82  36  80  33   5   4  54  26  42  84  36  38  34  23   1 
  8  24  11  78   7  45  40  25  43  33  84  87  44  47  77  77  44   9  88  74  84  76  11   0  80  92  32  39  17  53  57  86   7  42  41  47  34  34  75  36  24  18   9   1  35  82  80  68  13  84 
 63  81  50  17  86  19  18  42  26  53  87  50  34  13  86  12  44  49  64  54  86  60  89   3   0  81  26  25  92  86  90  25   3  92  37  87  11  79  62  29  66  69  43  72  48  85   8  31  90  67 
 85  79  96  12  95  38   4  76  96  50  77  29  53  45   9  88  57  94  26  13  90  46   3  54   1   0  80   2  39  74  81  53   8  85  56  10  79  29  94  94  46  57  94  50  39  13   8  76  50  32 
 64  41  46  72  29  41  76  13  55  71  10  91  73  98  96  96  72  85  93  24  67  61  91  19   8  45   0  70  15  28  50  78  42  95  12  55  65  93  49  19   3  60  86  29  80   8  90  18  51  80 
 79  31  48  74  12  64  96  72  15  98  99   6  90  42  16  95  61  16  18  17  95  34   9   3  94  35  98   0  50  90  30  83  53  49  34  94  61  71  41   2  78  94  59  64  58  46  44  70  34  60 
 29  22  67  64  89  89  93   6  33  79  73  41  19  70  88  35   7   6  78  53  78  98  11  52  98  72   8   4   0  71  22  13  65  14  70  13  55  92  19  15  89  99  90  43  27  75  56  62  38  74 
 63  33  16  90   5   6  46  61  96  49  10  99  24  83  13  53  22  23  83  60  58  78   8  13  26  48  28  75  88   0  97  51  89  40  57  72  66  29  17  99  76  78  12  12  40  32   1  46  21   7 
 86  38  16  33  92  27  38  33  73  51  48  37  81  93   7   6  55  60  70  60   1  68  47  85  72   7  60  32   1  35   0  67  18   3  96  25  57  29  36  93  38  39  20  53   5  13  61  80  36  61 
 93  66  65  77   2   3  36  79  98  40  18  89  62  92   6  52  38  63  52  56  90  86  83   9  24  57   8  70  29  84  88   0  31  18  67  14  77  98  55  68  66  11  35  70  56  52  10  41   3  12 
 27  67  24  56  10  49  54  49  27  13  56  19  77  96   5  36  29  70  37  66  76  99  53  26  14  55  46  96  64  19  56  19   0  90  11  87  47  74  92   3  19  61  85  17  34  92  18  32  33  91 
 11  82  95  15  76  97  75  74  14  48  12  81  64  63  42   9   1  49  35   9  28  92  55  63  50  46  70  40  60  28  56   2   3   0  85  40  60  22  19  59   4  56  89  77  42  76  42  91  34  81 
 72  14  21  82  50  19  38   5   5  54  88  61  68   8  93   6  23  49  82  61  29  46  44  82  84  92  43  22   5  89  71  47  97  47   0  10  61  93  64  10  26  65  84  73  91  34  21  69  95  59 
 57  17  42  10  19  78  49  16  47  15   8  67  44  39  72  25  91  14  64  47  21  99  19   2  19  46   6   1  64  69  10  17  17  20  45   0  53  17  29  28  20  97  33   8  42  32  25  31  68  60 
 95  42  70  78  99  54  14  66  96  46  19  98  15  42  72   9  37  57  41  38  10  17  80  92  10  73  35  42  53   4  17  73  37  16  42  62   0  58  68  85  35  40  74  48  34  15  59  47   5  42 
 85  16  96  87  67  46  45  34  37  27   2  15  59  71   8  77  61  76  31  82   5  18  55  36  38  43   2  42  34  98  63  93  23   3  20  32  25   0  97   1  16   3  88  11  50  12  55   9  94  51 
 59  95  82   2  47  53  10  81  49  27  73  76  91  16  33  34  29  37  12  26  81  46  50  66  84  70  70  72  34   3  99  15  11  23  94  12  89   1   0  97  93  64   6  94  67  72  32  44  50  60 
 94  47  30  37  99  91  26   4  21   4  63   3  86  26  21  27  59  75  36  61  50  86  24  86  10  40  54   5  59  32  19  13  87  90  41  66  76  13  81   0  83   4  68  49  29  70  90  69  41   4 
 55  66  14  68  85  13  79  47  29  23   7   2  17  26   6  51  55  65  34   8  84  56  33  13  75  69  13  25  16  16   5  67  85  97  29  77  67  98  55  28   0  45  51  45  87   9  40  26  68   8 
 20  76  63  12  43  54  80  70  42  35  11  99  98   5   2  39  70  54  90  36  10  88  74  34  63  89  55  95  50  81  40  69  27  86  39  46  42  14  19  20  23   0  62  13  40  98  78  80  60   1 
 83  69  34  53  96  61  38  65  80  86  55  99  53  54  71  35  26   4  81   5  82   2  49  20  56  46  58  68  91  26  12  52  98   5  97  91  13  90  90  85  78  40   0  25  33  83  56  11  87  69 
 54  91  29  30  97  41  98   3  45   2  62  41  78  39  92  88  32  96  17  77  93  21  46  30  66  10  91  49  93  94  95  50  46   3  47  95  59  79  41  81  71  44  40   0  85  66  85  38  94  60 
 21  39  31  60  81   6  85  18  68  47  16  70  59  99  28  42  23  95  70  45  32  44  94  82  41  91  61  32  36  71  66  84  26  83  52  13  46  58  26  59  45  30  86  86   0  18  62  63  45  69 
 42  66  32  14  96  77  62  12  37  62  11   9  45  36  50  24  13  17   5  27  43  35  45  96  86  60  27  21  39  76  16  63  60  68  68  37  71  14  47  10  94  24  58  45  23   0  49  37  42  56 
 91  60  55  72  57  37  13  99  40  31  24  41  96  36  40  26  78  84  87  55  86  92  15  97  61  94  36  94  15  45  59  96  30  95  91  19  14  44  77  71   5  55  99  92  41  34   0  10  67  76 
 38  32  48  59  34   3  31  14   2  91  37  32  17  64   9  90  30  58  62  60  57   6  68  97  99   4   5  20  92  74  38  87  17  98  99   6  90  38   9  92  96  59  38  76  76   3  36   0  11  37 
 15  11  24  30  33  51   7  16  90   4  48  49  62  96  64  27  15  66  70  19   7  13  23  17  21  97  18   1  89  89  68  90  97  30  91  65  35  76  14  11   8  64  60  63  28   8  62  77   0  42 
 65  80  52  14  14  87  51  42  73  46  92  74  76  37  76   3  90  24  98  66  57  28  34  90  34  97  94  33  20  45   6  11  72  36   4   3  35  53  73  74  49  18  34  45  25  86  12  17   5   0 
Reldue
 1654    1    3
 1973    7    5
 1502    6    6
 1917    2    8
 1678    8    8
 1486    3    1
  807    3    9
  663    6    2
  645    6    9
 2110    3    6
 1898    6    1
 1164    4    9
 1681    5    4
  775    7    9
  950    4    6
  824    9    9
  970    7    4
  455    6    3
 1399    3    9
 1217    9    2
  577    7    2
  710    5    2
  578    8    8
  483    6    7
  530    1    9
  800    8    7
 1451    5    8
 1354    1    6
  648    2    4
  876    3    8
 1910    2    6
 1387    8    4
 1530    6    1
 1433    6    5
  968    3    1
 1187    6    5
 1003    8    7
  554    5    7
  714    5    3
 1806    3    2
  628    4    5
 1496    3    8
 1021    8    7
 1462    9    4
  963    1    2
 1789    2    5
 2023    5    4
 1300    8    6
 1815    7    7
 1348    5    3
DDW
 1545  1763
 1809  2138
 1365  1639
 1811  2024
 1552  1805
 1398  1575
  740   873
  600   726
  593   697
 1988  2233
 1800  1995
 1056  1272
 1552  1809
  724   825
  891  1008
  742   905
  900  1040
  419   491
 1310  1489
 1135  1299
  523   630
  673   748
  531   625
  435   531
  483   576
  729   871
 1329  1573
 1259  1449
  611   685
  796   956
 1737  2083
 1278  1495
 1383  1677
 1349  1516
  914  1021
 1113  1260
  931  1076
  503   606
  668   760
 1673  1939
  566   691
 1399  1592
  949  1094
 1326  1598
  872  1054
 1622  1956
 1894  2152
 1179  1420
 1690  1941
 1215  1481
