50   8
MD
  5  5  5  3  2  3  2  2
PT
 93  16  38   7  52  61  27  88  49  68  69  74  87  24  56  31  73  11  26  40  88  28  23  47  48   8  86  50   8  47  59  59  56  55   5  97  18  30  55  54  32  44  49  39  55  18  96  86  68  24 
 97  99  76  54  10  70  92  29  62  22  10  18  90  97  85  62  67  75  83  45  41  30   3  40  35  34  49  42  29  94  75  99  47  86  13  67  42  95   8  88  20   1  59  90  26  43  64  18  10  51 
 25  59   7  19  66   1  32   4  74  21  19  59  93  63  47  73   2  92  25   9   1  81  45  98  95  88  93  32  74  46  14  85  44  19  93  11  16  78  17  25  36  64  95   9  57  57  98  75  10  69 
 11   2  65  57  67  20  48  58  62  18  59  39  71  40  69  20  86  69   8  58  54  34   3  70  97   7  37   7  73  62  16   2  13  59  54  35  36  22  54   2  43  56   5  75  40   2  65  54  40   7 
 74  87  19  47  56   5  90  69  86   2  28  40  83  73  54  44  24  68  32  51  12  23  59  82  76  20  43  74  35  92  60  42  48  13  37  85  54  30  78  63  84  65  77  11  61  83  90  19  45  22 
  1  88  30  46  16  19  72  73  71  82  43  72  31  32  88  51  70  46  18  37  78  28  18  99  77  58  44  34  87  96  32  51  48  90  75  74  93  96  88  67  71  54  87  40  68  56  43  10  85  54 
 50  37  12  26  43  31  95   5  60  65  71  41  43  57   3  82   6  92   6  55  56  62  33  79  95  97  15  98  86  11  28  67  84  76  65  46  17  33  31  90  16  15  62  81  97  48  16  20  85  57 
 48  19  41  56   6  35  74  23  40  35  19  94  82  70  74  67  54  85  77  46  44  90  69  37  43   7   5   4  55  65  81  49  63   5  43  78  78  31  63  31  66  32  31  75  15  94  51  14  56  68 
SSD
M0
  0  50  48  67  19  21   5  43  43  22  77  15  43  38  43  53  80  25   1  10   3  13  92   2  87   4  44  50  35  14  86  73  82  57  41  69  23  51  64  10  16  93  83  34  22  50  49  75  45  83 
 68   0  24  36  99  51  57  59  66  94  20  95  36  71  60  89  48  77  99  17  94  41  52  67  66  22  69  43  35  95  30  97  99  85  75  70  67  50  98  53  71  32  12  95  19   2  14  35  58  79 
  5  74   0  75  55  20  61  55  90  71  78   7  77  65  74  14  83  26  29   8  14  41  77  50  96  97  64  31   3  44  36  24  34  65  80  45   2  38  97  20  60  66  45   6  62  11  52  82  10   7 
 20  93  23   0  91  37  80  66  32  80  75   1  68  82  59   4  64  64   8  52  65  65  85  83  19  78  38  16  37  45   9  70  76  53  39   9  66  96  87  52  85  83  82  15  38  26  92  77  74  73 
 91  16   2  77   0  97  97   7  59  92  81  53   2  19  60  60  93  74  94  87  87  27  33  87  18   6  90  80   7  45  92  79  73  93  46  49   4  23  65  79  79  68  26  79  57  34   6  98  90  50 
 73  36  49  15  88   0  91  76  22  57  92   9  28  72  36  32  17  32  22  22  47  54  73   8  16  13  26  39  30  17  91  24  60  87  46  58  19  85  24  17  91  25  74  47  37  83  43  74  67  40 
 50  63  47  48  99  84   0  92  24  23  26  76  12  13  60  31  93  33  64  81  55  56  84  51  82   5  26  23  14  32  90  64  48  72   9  51  60   9  32  17  53  84   8  57  85  33  69   7  36  58 
 85   1  41  74  48  35   4   0   2  34  69  65  60  52   1  83  39  26  40  67  78  94  51  38  23  85  39  78  90  47  26  21  59  54  15  68  54  85  25  44  79  92  76  76  52   8  78  13  14  84 
 41  34  22  14   4  35  30  51   0   1   2  58  39  95  81  62  16  37  57  27  44  80  20  98  55  25  70  46  97   6  61  31  43   4  52  99  85  55  74   3  46  21  96  53  65  20  92  56  90   5 
 18  55  54  50  18  20  51  25  25   0  30  69  12  66  27  94  14  32  48  39  33  37  80  90  71  41  85  96  64  87  80  91  25  60  38  76  43  36  21   5  36  89  10  69  81  23  20  58  41  49 
 94  33  23  64  36  92   7  75  62  97   0  26  89  92  80   9  27  61  26  38  94  84  95  37  47  66  75   1  26  68  83  19  20   9  63  23   6  43  58  29  54  11  51  53  64  13  49  33  68  19 
 49  18  38  35  54  99  62  48  43  32  50   0  56  60  22  22  96  89  63  47  95  44  95  64  29  49  83  47  82  36  45  70  42   4  98  25  65  35   5  82  50  50  90   9  41   1  60  26  65  77 
 32  49  22  94  84  14  42  91  85  82  61  51   0  93  37  98  77  62  29  43  58  96  41  70  39  95  10  73  47  48   6  19  64  83  43  24  38  18  39  36  77  59  20  57  69   2  49  46  93  26 
 24  59  74  48  95  77  22  88  97  76  24  60  81   0  61  28  56  24  76  36   6  68  16  96  91  65  54  29  53  27  97  18   2  37  91  79   3  11  59  43  79  84  39   9  76  78  17  38  59  71 
 54  29  90  48  87   1  26  64  10  39   8  97  84  62   0  86   5  51  79  77   4  24  30  31  93  66  70   3  65  85  56  28  11  64  98  68   6  58   2  36   9  66  52  40  80  55  96  70  80   7 
 50  20  54  32  64  31  10  18  21  16  88  93  53  55  90   0  29  50  13  90  20  20  30  49  21  95  32  62  68  27  83  32  29  71  51  74  83  55  96  28  59  33  22   6   8  73  24  37  70  65 
 15  72  85  81  11  34   8  94  75  89  16  70  76  93  34  18   0  89  12  34  43  90  64  55   8  11  38  52  18  27  32  65  37  66  30  39  33  47  17  27  10   1  38  45  38  19  93  61  44  99 
 82  20  19  61  61  95  79  74  75   8  60  95  68  91  32  15  96   0  51  86  10  50  87  72  65  25  65  41  75  98  37  42  18  49  80   6  42  19  84  24  49  77  56   4  75  94  90  79  50   4 
 22  72  40  65  49  13  82  52  70  19  73  80  19  43  47  25   6  60   0  51  95   7  51  44  26   6  55  33  41  95  32  75  81  99   7  24  54  85  57  85  71  70  40   5   3  66  33  24  50  55 
  2  78  25   4  43  97  15  10  82  21  87  42  74  57   3  94  77   3  51   0  67  70  32  73  88  17  78  61  77  34  17   4  85  87  82  43   6  94  91  73  45  12  94  60  52  40  62  16  74  44 
  5  34  42  49  55  92  84  64  82  24  18  90  54   2  33  63  18  42  62  42   0  89   6  98  24  81  26  51  60  77  58  41  63  44  34  86  86  33  39  13   5  69  80   6  98  86  33  78  63  10 
 95  84  57  49  28  23  17  28  57  80  39  16  67  67  54  59  20  72  33  24  89   0  76  41  18  78  62  96  87  70  13  31  40   3  15   2  10  46  37  90   8  18   1  14  48  61   5  60  69  65 
 51  22  91  11  69  66  63  46  48  34  53  17  54  80  86  78  51  86  95  68  72  52   0  78  71  56  98  99  21  70  90  44  58  10  34  39  43  19  63  35   4  68  15  58  80  23  38  90  69  20 
 23  74  94  39  96  91   2   7  39  39   5  21  63  84  98  99  92  16  85  68  15  88  25   0  70  43  23  67  86  48  15  33  78  17  69  93  76  52  82  23  58  42  36  59  15  34  30  90  83   5 
 20  25  75  24  20  11  76  50  81  99  67   5  59  27  11  10  14  35   4  77   6  11  59  26   0   9  96  35  98  54  65  61  17   4  35  54  30  39  37  62  26  46  60  13  75  68  21  29  28  21 
 38  23   6  85  58  66  35  70  15  17  50  41  45  55   6  87  29  14   8  79  54  75  30  28  66   0  19  63  77  65  30   7  19  73  72  34  89  90  20  64  68  44  62  88  25  54  15  81  39  27 
 84  63  97   5  88  46  89  63  37  44  61  17  92  53  17  18  23  83  39   1  25  47  59  84   2  54   0  86  33  87  41  60  13  27  65  67  72  41  38  20   7  94  49  26  58  36   6  55  45  11 
 40  67  20  89  69  14  56  59  81  95  11  74  80  19  77  11  96  31  66  54   9  25  64  71  98  74  24   0  15  52  33  51  61  69  21   1  84  86  11  76  27  45  21  36  26  84  83  13  69  84 
 37  71  49  15   5  85  73  77  19   7  10  61  27  47  41  69  75  31  70  62  19  31  26  41  97  12  31  82   0  91  24  70  47  41  45  12  92  89  22  95  83  86  30   6  48  64  68  99  67  87 
 50  95  51   1  85  56  81  39  95  59   4  10  61  57  93  94   5  46  22  43  46   9  75  24  95  78  47  57  24   0  55  58  47  60  34  53  62  30  55  14  58  53  37   3  44  24  12  46  64   1 
 39  63  57  95  34  16  56  53  47  42   6  25  70  11  72  93  18  74  12  74  10  49  70  78  98  83  77  65  90  11   0  86  52  30  53  43  61  48  40  30  61  45  51  84   7  56  50  52   7  22 
  8  98  59  96  21  64  79   7  55  24  59  10  43  60  88  54  44  74  60  57  40  29  82  13  49  43  97  22  68  99  11   0  64  43   1   3  95  41  14  20  19   7  16  51   4  12  76  42  28  88 
 63  99  89  32  90  81  92  40  92  15  27  58  68  59  17  49  43  82  80  88  50  25  37  53  17  56  61  58  59  12  95   6   0  84  55  94  76  13  67   1  78  95  73  42  51  52  73  37  41  45 
 85  76  35  98  32  68  34  48  99  71  95  24  19  11  95   4  62  21  37  81  98  75  81  30  27  13  51  38  90  48  28  48  71   0  39  68  51  51  32  89  57  40  21  81  38  54  83  73  62  66 
 81  64  78  60  90  16  63   4  37  71  11   8  79  25  11  30  81  54  25  79  73  34  81  33  88  15  64  62  27  72   7  69  52  37   0  82  45  35  18  58  68  15  85   5  94  98  81  70   6   2 
 47  62  59   9  33  47   1  19  96  35  98   5  74  99  40  57  78  65  61  33   4  21  32  19  53  79  72  57  32  40  49  10  20  11  69   0  51  85  67  67  18  17   1  98  23  92  36  65  76   6 
  6  40   3  70  29  61  40  86  71  11  34  28  43  24  42  91  69  12  17  80  79  32  34  41  39  69  53  28  42  20   4  58  60  44  91  34   0  79  97  27  65  51  52  65  81  30  80  45  51  50 
 30  37  78  93  49  29  17  99  64  91  81  41  16  83  28  22  16  54  70  22  70  88  43  75  98  46  95  10  47  77  95  69  26  48  97  45   4   0  34   2   1  99  59  74  88   9  29  75  79  27 
 50  46   7  17  61  64  56  15  39  30   3  55   2  27  84  91  14  23  95   7  15  92  11  99  54  87  74  21   2  21  94  73  51  40  36  94  68   9   0  29  69  94  34  81  77  83  19  36  70  55 
 29  42  12  58  65  79   7  17  79   6  46  47  57  35   6   4  31  10  60  85  52  73  54  14  68  68  13  86   7  46  77  28  71  25  80  42   1  28  24   0  79  88   1  97  16  82  19  30  15  95 
 19  52  65   3  20  95  59  80  67  40  86  11  38  83  35  65  23  43  53  84  85  27  51  44  25  34  37  29  12  95  86   6  52  26  50  91  20  71  90  72   0  10  50   3  18  98  13  56  52  31 
 56  84  38   7  27  16  81  53  68  99  71  44  89  23  75  88  82  62  57  29  15  42  66  45   3  43   3  25  87  13  71  19  24  15  38  12   1  31  75  70  37   0  24  55  74  60  26  97  94   9 
  8  20  76  55   5  40  81   5  91  96  56  97  86  14  54  91   7   4  27  18  26  19  26  43  39  93   2  13  42  38  91  58  34  15  84  66  44  63  43  46  55  89   0  26   1  18  58  69  34  57 
 18  18  23  15  46  67  54  88  13  72  21  97  25  39  34  87  53  97  61  27  28  29  23  44  43  36  63  66  92  87   6  11  48  50  54  71  34  49  24   3  58  83   4   0  27  84  27  69  37  46 
 38  97  17  13  85  36  90  99  20  86  46  96  54  39  13  54  71  66  17  23  36  12  78  92  79  22  81  63  69  30   4  67  34  85  36  95  79  42  64  33  54  18  27  26   0  94  89  33  11  99 
  5  93  12  19  63  58  61  49  52  20  11  56  30  31  40  68  89  59  43  97  84  60  89   5  85  37  70  53  27  19  83   1  61  31  52  26  35  85  69  40  78  58  91  18  40   0  15  87  40  21 
 97  11  12  26  10  75  73  61   1  83  44   2  61  55  99  79  13  93   6  17  77  75  84  33  51  28  14  54  74  30  54  18  49  35  40  15  31  25  53  94  84  16  34  94  71  61   0  85  15  50 
 45  11  79  37  18  67  34  45   3   9  46  57  26  78  73  71   8  26   5  65  97  68  97  96  77  54  16  31  80  51  50  30  22  23  40  30  22  55  15  58  46   7  16   8  91  18  97   0  86  35 
 48  80  66  66  67  12  39   8  62   8  46  66  35  44  73  70  68  49  62  98  24  62  18  44  95  44  30   5  17  19  85  10  47  39  75  63   4  22  55  48  88  78  37  69  33  66  33  65   0  94 
 95   5  93  96  33  19  45  35  35  38  26  40   7  97  54  70  96  41  53  33  66   9  63  89  27  28  55  11  23  18  28  98  30  71  49  44  42   2  52  57  27  39  39  32  74  62   1  16  14   0 
M1
  0  50  48  67  19  21   5  43  43  22  77  15  43  38  43  53  80  25   1  10   3  13  92   2  87   4  44  50  35  14  86  73  82  57  41  69  23  51  64  10  16  93  83  34  22  50  49  75  45  83 
 68   0  24  36  99  51  57  59  66  94  20  95  36  71  60  89  48  77  99  17  94  41  52  67  66  22  69  43  35  95  30  97  99  85  75  70  67  50  98  53  71  32  12  95  19   2  14  35  58  79 
  5  74   0  75  55  20  61  55  90  71  78   7  77  65  74  14  83  26  29   8  14  41  77  50  96  97  64  31   3  44  36  24  34  65  80  45   2  38  97  20  60  66  45   6  62  11  52  82  10   7 
 20  93  23   0  91  37  80  66  32  80  75   1  68  82  59   4  64  64   8  52  65  65  85  83  19  78  38  16  37  45   9  70  76  53  39   9  66  96  87  52  85  83  82  15  38  26  92  77  74  73 
 91  16   2  77   0  97  97   7  59  92  81  53   2  19  60  60  93  74  94  87  87  27  33  87  18   6  90  80   7  45  92  79  73  93  46  49   4  23  65  79  79  68  26  79  57  34   6  98  90  50 
 73  36  49  15  88   0  91  76  22  57  92   9  28  72  36  32  17  32  22  22  47  54  73   8  16  13  26  39  30  17  91  24  60  87  46  58  19  85  24  17  91  25  74  47  37  83  43  74  67  40 
 50  63  47  48  99  84   0  92  24  23  26  76  12  13  60  31  93  33  64  81  55  56  84  51  82   5  26  23  14  32  90  64  48  72   9  51  60   9  32  17  53  84   8  57  85  33  69   7  36  58 
 85   1  41  74  48  35   4   0   2  34  69  65  60  52   1  83  39  26  40  67  78  94  51  38  23  85  39  78  90  47  26  21  59  54  15  68  54  85  25  44  79  92  76  76  52   8  78  13  14  84 
 41  34  22  14   4  35  30  51   0   1   2  58  39  95  81  62  16  37  57  27  44  80  20  98  55  25  70  46  97   6  61  31  43   4  52  99  85  55  74   3  46  21  96  53  65  20  92  56  90   5 
 18  55  54  50  18  20  51  25  25   0  30  69  12  66  27  94  14  32  48  39  33  37  80  90  71  41  85  96  64  87  80  91  25  60  38  76  43  36  21   5  36  89  10  69  81  23  20  58  41  49 
 94  33  23  64  36  92   7  75  62  97   0  26  89  92  80   9  27  61  26  38  94  84  95  37  47  66  75   1  26  68  83  19  20   9  63  23   6  43  58  29  54  11  51  53  64  13  49  33  68  19 
 49  18  38  35  54  99  62  48  43  32  50   0  56  60  22  22  96  89  63  47  95  44  95  64  29  49  83  47  82  36  45  70  42   4  98  25  65  35   5  82  50  50  90   9  41   1  60  26  65  77 
 32  49  22  94  84  14  42  91  85  82  61  51   0  93  37  98  77  62  29  43  58  96  41  70  39  95  10  73  47  48   6  19  64  83  43  24  38  18  39  36  77  59  20  57  69   2  49  46  93  26 
 24  59  74  48  95  77  22  88  97  76  24  60  81   0  61  28  56  24  76  36   6  68  16  96  91  65  54  29  53  27  97  18   2  37  91  79   3  11  59  43  79  84  39   9  76  78  17  38  59  71 
 54  29  90  48  87   1  26  64  10  39   8  97  84  62   0  86   5  51  79  77   4  24  30  31  93  66  70   3  65  85  56  28  11  64  98  68   6  58   2  36   9  66  52  40  80  55  96  70  80   7 
 50  20  54  32  64  31  10  18  21  16  88  93  53  55  90   0  29  50  13  90  20  20  30  49  21  95  32  62  68  27  83  32  29  71  51  74  83  55  96  28  59  33  22   6   8  73  24  37  70  65 
 15  72  85  81  11  34   8  94  75  89  16  70  76  93  34  18   0  89  12  34  43  90  64  55   8  11  38  52  18  27  32  65  37  66  30  39  33  47  17  27  10   1  38  45  38  19  93  61  44  99 
 82  20  19  61  61  95  79  74  75   8  60  95  68  91  32  15  96   0  51  86  10  50  87  72  65  25  65  41  75  98  37  42  18  49  80   6  42  19  84  24  49  77  56   4  75  94  90  79  50   4 
 22  72  40  65  49  13  82  52  70  19  73  80  19  43  47  25   6  60   0  51  95   7  51  44  26   6  55  33  41  95  32  75  81  99   7  24  54  85  57  85  71  70  40   5   3  66  33  24  50  55 
  2  78  25   4  43  97  15  10  82  21  87  42  74  57   3  94  77   3  51   0  67  70  32  73  88  17  78  61  77  34  17   4  85  87  82  43   6  94  91  73  45  12  94  60  52  40  62  16  74  44 
  5  34  42  49  55  92  84  64  82  24  18  90  54   2  33  63  18  42  62  42   0  89   6  98  24  81  26  51  60  77  58  41  63  44  34  86  86  33  39  13   5  69  80   6  98  86  33  78  63  10 
 95  84  57  49  28  23  17  28  57  80  39  16  67  67  54  59  20  72  33  24  89   0  76  41  18  78  62  96  87  70  13  31  40   3  15   2  10  46  37  90   8  18   1  14  48  61   5  60  69  65 
 51  22  91  11  69  66  63  46  48  34  53  17  54  80  86  78  51  86  95  68  72  52   0  78  71  56  98  99  21  70  90  44  58  10  34  39  43  19  63  35   4  68  15  58  80  23  38  90  69  20 
 23  74  94  39  96  91   2   7  39  39   5  21  63  84  98  99  92  16  85  68  15  88  25   0  70  43  23  67  86  48  15  33  78  17  69  93  76  52  82  23  58  42  36  59  15  34  30  90  83   5 
 20  25  75  24  20  11  76  50  81  99  67   5  59  27  11  10  14  35   4  77   6  11  59  26   0   9  96  35  98  54  65  61  17   4  35  54  30  39  37  62  26  46  60  13  75  68  21  29  28  21 
 38  23   6  85  58  66  35  70  15  17  50  41  45  55   6  87  29  14   8  79  54  75  30  28  66   0  19  63  77  65  30   7  19  73  72  34  89  90  20  64  68  44  62  88  25  54  15  81  39  27 
 84  63  97   5  88  46  89  63  37  44  61  17  92  53  17  18  23  83  39   1  25  47  59  84   2  54   0  86  33  87  41  60  13  27  65  67  72  41  38  20   7  94  49  26  58  36   6  55  45  11 
 40  67  20  89  69  14  56  59  81  95  11  74  80  19  77  11  96  31  66  54   9  25  64  71  98  74  24   0  15  52  33  51  61  69  21   1  84  86  11  76  27  45  21  36  26  84  83  13  69  84 
 37  71  49  15   5  85  73  77  19   7  10  61  27  47  41  69  75  31  70  62  19  31  26  41  97  12  31  82   0  91  24  70  47  41  45  12  92  89  22  95  83  86  30   6  48  64  68  99  67  87 
 50  95  51   1  85  56  81  39  95  59   4  10  61  57  93  94   5  46  22  43  46   9  75  24  95  78  47  57  24   0  55  58  47  60  34  53  62  30  55  14  58  53  37   3  44  24  12  46  64   1 
 39  63  57  95  34  16  56  53  47  42   6  25  70  11  72  93  18  74  12  74  10  49  70  78  98  83  77  65  90  11   0  86  52  30  53  43  61  48  40  30  61  45  51  84   7  56  50  52   7  22 
  8  98  59  96  21  64  79   7  55  24  59  10  43  60  88  54  44  74  60  57  40  29  82  13  49  43  97  22  68  99  11   0  64  43   1   3  95  41  14  20  19   7  16  51   4  12  76  42  28  88 
 63  99  89  32  90  81  92  40  92  15  27  58  68  59  17  49  43  82  80  88  50  25  37  53  17  56  61  58  59  12  95   6   0  84  55  94  76  13  67   1  78  95  73  42  51  52  73  37  41  45 
 85  76  35  98  32  68  34  48  99  71  95  24  19  11  95   4  62  21  37  81  98  75  81  30  27  13  51  38  90  48  28  48  71   0  39  68  51  51  32  89  57  40  21  81  38  54  83  73  62  66 
 81  64  78  60  90  16  63   4  37  71  11   8  79  25  11  30  81  54  25  79  73  34  81  33  88  15  64  62  27  72   7  69  52  37   0  82  45  35  18  58  68  15  85   5  94  98  81  70   6   2 
 47  62  59   9  33  47   1  19  96  35  98   5  74  99  40  57  78  65  61  33   4  21  32  19  53  79  72  57  32  40  49  10  20  11  69   0  51  85  67  67  18  17   1  98  23  92  36  65  76   6 
  6  40   3  70  29  61  40  86  71  11  34  28  43  24  42  91  69  12  17  80  79  32  34  41  39  69  53  28  42  20   4  58  60  44  91  34   0  79  97  27  65  51  52  65  81  30  80  45  51  50 
 30  37  78  93  49  29  17  99  64  91  81  41  16  83  28  22  16  54  70  22  70  88  43  75  98  46  95  10  47  77  95  69  26  48  97  45   4   0  34   2   1  99  59  74  88   9  29  75  79  27 
 50  46   7  17  61  64  56  15  39  30   3  55   2  27  84  91  14  23  95   7  15  92  11  99  54  87  74  21   2  21  94  73  51  40  36  94  68   9   0  29  69  94  34  81  77  83  19  36  70  55 
 29  42  12  58  65  79   7  17  79   6  46  47  57  35   6   4  31  10  60  85  52  73  54  14  68  68  13  86   7  46  77  28  71  25  80  42   1  28  24   0  79  88   1  97  16  82  19  30  15  95 
 19  52  65   3  20  95  59  80  67  40  86  11  38  83  35  65  23  43  53  84  85  27  51  44  25  34  37  29  12  95  86   6  52  26  50  91  20  71  90  72   0  10  50   3  18  98  13  56  52  31 
 56  84  38   7  27  16  81  53  68  99  71  44  89  23  75  88  82  62  57  29  15  42  66  45   3  43   3  25  87  13  71  19  24  15  38  12   1  31  75  70  37   0  24  55  74  60  26  97  94   9 
  8  20  76  55   5  40  81   5  91  96  56  97  86  14  54  91   7   4  27  18  26  19  26  43  39  93   2  13  42  38  91  58  34  15  84  66  44  63  43  46  55  89   0  26   1  18  58  69  34  57 
 18  18  23  15  46  67  54  88  13  72  21  97  25  39  34  87  53  97  61  27  28  29  23  44  43  36  63  66  92  87   6  11  48  50  54  71  34  49  24   3  58  83   4   0  27  84  27  69  37  46 
 38  97  17  13  85  36  90  99  20  86  46  96  54  39  13  54  71  66  17  23  36  12  78  92  79  22  81  63  69  30   4  67  34  85  36  95  79  42  64  33  54  18  27  26   0  94  89  33  11  99 
  5  93  12  19  63  58  61  49  52  20  11  56  30  31  40  68  89  59  43  97  84  60  89   5  85  37  70  53  27  19  83   1  61  31  52  26  35  85  69  40  78  58  91  18  40   0  15  87  40  21 
 97  11  12  26  10  75  73  61   1  83  44   2  61  55  99  79  13  93   6  17  77  75  84  33  51  28  14  54  74  30  54  18  49  35  40  15  31  25  53  94  84  16  34  94  71  61   0  85  15  50 
 45  11  79  37  18  67  34  45   3   9  46  57  26  78  73  71   8  26   5  65  97  68  97  96  77  54  16  31  80  51  50  30  22  23  40  30  22  55  15  58  46   7  16   8  91  18  97   0  86  35 
 48  80  66  66  67  12  39   8  62   8  46  66  35  44  73  70  68  49  62  98  24  62  18  44  95  44  30   5  17  19  85  10  47  39  75  63   4  22  55  48  88  78  37  69  33  66  33  65   0  94 
 95   5  93  96  33  19  45  35  35  38  26  40   7  97  54  70  96  41  53  33  66   9  63  89  27  28  55  11  23  18  28  98  30  71  49  44  42   2  52  57  27  39  39  32  74  62   1  16  14   0 
M2
  0  50  48  67  19  21   5  43  43  22  77  15  43  38  43  53  80  25   1  10   3  13  92   2  87   4  44  50  35  14  86  73  82  57  41  69  23  51  64  10  16  93  83  34  22  50  49  75  45  83 
 68   0  24  36  99  51  57  59  66  94  20  95  36  71  60  89  48  77  99  17  94  41  52  67  66  22  69  43  35  95  30  97  99  85  75  70  67  50  98  53  71  32  12  95  19   2  14  35  58  79 
  5  74   0  75  55  20  61  55  90  71  78   7  77  65  74  14  83  26  29   8  14  41  77  50  96  97  64  31   3  44  36  24  34  65  80  45   2  38  97  20  60  66  45   6  62  11  52  82  10   7 
 20  93  23   0  91  37  80  66  32  80  75   1  68  82  59   4  64  64   8  52  65  65  85  83  19  78  38  16  37  45   9  70  76  53  39   9  66  96  87  52  85  83  82  15  38  26  92  77  74  73 
 91  16   2  77   0  97  97   7  59  92  81  53   2  19  60  60  93  74  94  87  87  27  33  87  18   6  90  80   7  45  92  79  73  93  46  49   4  23  65  79  79  68  26  79  57  34   6  98  90  50 
 73  36  49  15  88   0  91  76  22  57  92   9  28  72  36  32  17  32  22  22  47  54  73   8  16  13  26  39  30  17  91  24  60  87  46  58  19  85  24  17  91  25  74  47  37  83  43  74  67  40 
 50  63  47  48  99  84   0  92  24  23  26  76  12  13  60  31  93  33  64  81  55  56  84  51  82   5  26  23  14  32  90  64  48  72   9  51  60   9  32  17  53  84   8  57  85  33  69   7  36  58 
 85   1  41  74  48  35   4   0   2  34  69  65  60  52   1  83  39  26  40  67  78  94  51  38  23  85  39  78  90  47  26  21  59  54  15  68  54  85  25  44  79  92  76  76  52   8  78  13  14  84 
 41  34  22  14   4  35  30  51   0   1   2  58  39  95  81  62  16  37  57  27  44  80  20  98  55  25  70  46  97   6  61  31  43   4  52  99  85  55  74   3  46  21  96  53  65  20  92  56  90   5 
 18  55  54  50  18  20  51  25  25   0  30  69  12  66  27  94  14  32  48  39  33  37  80  90  71  41  85  96  64  87  80  91  25  60  38  76  43  36  21   5  36  89  10  69  81  23  20  58  41  49 
 94  33  23  64  36  92   7  75  62  97   0  26  89  92  80   9  27  61  26  38  94  84  95  37  47  66  75   1  26  68  83  19  20   9  63  23   6  43  58  29  54  11  51  53  64  13  49  33  68  19 
 49  18  38  35  54  99  62  48  43  32  50   0  56  60  22  22  96  89  63  47  95  44  95  64  29  49  83  47  82  36  45  70  42   4  98  25  65  35   5  82  50  50  90   9  41   1  60  26  65  77 
 32  49  22  94  84  14  42  91  85  82  61  51   0  93  37  98  77  62  29  43  58  96  41  70  39  95  10  73  47  48   6  19  64  83  43  24  38  18  39  36  77  59  20  57  69   2  49  46  93  26 
 24  59  74  48  95  77  22  88  97  76  24  60  81   0  61  28  56  24  76  36   6  68  16  96  91  65  54  29  53  27  97  18   2  37  91  79   3  11  59  43  79  84  39   9  76  78  17  38  59  71 
 54  29  90  48  87   1  26  64  10  39   8  97  84  62   0  86   5  51  79  77   4  24  30  31  93  66  70   3  65  85  56  28  11  64  98  68   6  58   2  36   9  66  52  40  80  55  96  70  80   7 
 50  20  54  32  64  31  10  18  21  16  88  93  53  55  90   0  29  50  13  90  20  20  30  49  21  95  32  62  68  27  83  32  29  71  51  74  83  55  96  28  59  33  22   6   8  73  24  37  70  65 
 15  72  85  81  11  34   8  94  75  89  16  70  76  93  34  18   0  89  12  34  43  90  64  55   8  11  38  52  18  27  32  65  37  66  30  39  33  47  17  27  10   1  38  45  38  19  93  61  44  99 
 82  20  19  61  61  95  79  74  75   8  60  95  68  91  32  15  96   0  51  86  10  50  87  72  65  25  65  41  75  98  37  42  18  49  80   6  42  19  84  24  49  77  56   4  75  94  90  79  50   4 
 22  72  40  65  49  13  82  52  70  19  73  80  19  43  47  25   6  60   0  51  95   7  51  44  26   6  55  33  41  95  32  75  81  99   7  24  54  85  57  85  71  70  40   5   3  66  33  24  50  55 
  2  78  25   4  43  97  15  10  82  21  87  42  74  57   3  94  77   3  51   0  67  70  32  73  88  17  78  61  77  34  17   4  85  87  82  43   6  94  91  73  45  12  94  60  52  40  62  16  74  44 
  5  34  42  49  55  92  84  64  82  24  18  90  54   2  33  63  18  42  62  42   0  89   6  98  24  81  26  51  60  77  58  41  63  44  34  86  86  33  39  13   5  69  80   6  98  86  33  78  63  10 
 95  84  57  49  28  23  17  28  57  80  39  16  67  67  54  59  20  72  33  24  89   0  76  41  18  78  62  96  87  70  13  31  40   3  15   2  10  46  37  90   8  18   1  14  48  61   5  60  69  65 
 51  22  91  11  69  66  63  46  48  34  53  17  54  80  86  78  51  86  95  68  72  52   0  78  71  56  98  99  21  70  90  44  58  10  34  39  43  19  63  35   4  68  15  58  80  23  38  90  69  20 
 23  74  94  39  96  91   2   7  39  39   5  21  63  84  98  99  92  16  85  68  15  88  25   0  70  43  23  67  86  48  15  33  78  17  69  93  76  52  82  23  58  42  36  59  15  34  30  90  83   5 
 20  25  75  24  20  11  76  50  81  99  67   5  59  27  11  10  14  35   4  77   6  11  59  26   0   9  96  35  98  54  65  61  17   4  35  54  30  39  37  62  26  46  60  13  75  68  21  29  28  21 
 38  23   6  85  58  66  35  70  15  17  50  41  45  55   6  87  29  14   8  79  54  75  30  28  66   0  19  63  77  65  30   7  19  73  72  34  89  90  20  64  68  44  62  88  25  54  15  81  39  27 
 84  63  97   5  88  46  89  63  37  44  61  17  92  53  17  18  23  83  39   1  25  47  59  84   2  54   0  86  33  87  41  60  13  27  65  67  72  41  38  20   7  94  49  26  58  36   6  55  45  11 
 40  67  20  89  69  14  56  59  81  95  11  74  80  19  77  11  96  31  66  54   9  25  64  71  98  74  24   0  15  52  33  51  61  69  21   1  84  86  11  76  27  45  21  36  26  84  83  13  69  84 
 37  71  49  15   5  85  73  77  19   7  10  61  27  47  41  69  75  31  70  62  19  31  26  41  97  12  31  82   0  91  24  70  47  41  45  12  92  89  22  95  83  86  30   6  48  64  68  99  67  87 
 50  95  51   1  85  56  81  39  95  59   4  10  61  57  93  94   5  46  22  43  46   9  75  24  95  78  47  57  24   0  55  58  47  60  34  53  62  30  55  14  58  53  37   3  44  24  12  46  64   1 
 39  63  57  95  34  16  56  53  47  42   6  25  70  11  72  93  18  74  12  74  10  49  70  78  98  83  77  65  90  11   0  86  52  30  53  43  61  48  40  30  61  45  51  84   7  56  50  52   7  22 
  8  98  59  96  21  64  79   7  55  24  59  10  43  60  88  54  44  74  60  57  40  29  82  13  49  43  97  22  68  99  11   0  64  43   1   3  95  41  14  20  19   7  16  51   4  12  76  42  28  88 
 63  99  89  32  90  81  92  40  92  15  27  58  68  59  17  49  43  82  80  88  50  25  37  53  17  56  61  58  59  12  95   6   0  84  55  94  76  13  67   1  78  95  73  42  51  52  73  37  41  45 
 85  76  35  98  32  68  34  48  99  71  95  24  19  11  95   4  62  21  37  81  98  75  81  30  27  13  51  38  90  48  28  48  71   0  39  68  51  51  32  89  57  40  21  81  38  54  83  73  62  66 
 81  64  78  60  90  16  63   4  37  71  11   8  79  25  11  30  81  54  25  79  73  34  81  33  88  15  64  62  27  72   7  69  52  37   0  82  45  35  18  58  68  15  85   5  94  98  81  70   6   2 
 47  62  59   9  33  47   1  19  96  35  98   5  74  99  40  57  78  65  61  33   4  21  32  19  53  79  72  57  32  40  49  10  20  11  69   0  51  85  67  67  18  17   1  98  23  92  36  65  76   6 
  6  40   3  70  29  61  40  86  71  11  34  28  43  24  42  91  69  12  17  80  79  32  34  41  39  69  53  28  42  20   4  58  60  44  91  34   0  79  97  27  65  51  52  65  81  30  80  45  51  50 
 30  37  78  93  49  29  17  99  64  91  81  41  16  83  28  22  16  54  70  22  70  88  43  75  98  46  95  10  47  77  95  69  26  48  97  45   4   0  34   2   1  99  59  74  88   9  29  75  79  27 
 50  46   7  17  61  64  56  15  39  30   3  55   2  27  84  91  14  23  95   7  15  92  11  99  54  87  74  21   2  21  94  73  51  40  36  94  68   9   0  29  69  94  34  81  77  83  19  36  70  55 
 29  42  12  58  65  79   7  17  79   6  46  47  57  35   6   4  31  10  60  85  52  73  54  14  68  68  13  86   7  46  77  28  71  25  80  42   1  28  24   0  79  88   1  97  16  82  19  30  15  95 
 19  52  65   3  20  95  59  80  67  40  86  11  38  83  35  65  23  43  53  84  85  27  51  44  25  34  37  29  12  95  86   6  52  26  50  91  20  71  90  72   0  10  50   3  18  98  13  56  52  31 
 56  84  38   7  27  16  81  53  68  99  71  44  89  23  75  88  82  62  57  29  15  42  66  45   3  43   3  25  87  13  71  19  24  15  38  12   1  31  75  70  37   0  24  55  74  60  26  97  94   9 
  8  20  76  55   5  40  81   5  91  96  56  97  86  14  54  91   7   4  27  18  26  19  26  43  39  93   2  13  42  38  91  58  34  15  84  66  44  63  43  46  55  89   0  26   1  18  58  69  34  57 
 18  18  23  15  46  67  54  88  13  72  21  97  25  39  34  87  53  97  61  27  28  29  23  44  43  36  63  66  92  87   6  11  48  50  54  71  34  49  24   3  58  83   4   0  27  84  27  69  37  46 
 38  97  17  13  85  36  90  99  20  86  46  96  54  39  13  54  71  66  17  23  36  12  78  92  79  22  81  63  69  30   4  67  34  85  36  95  79  42  64  33  54  18  27  26   0  94  89  33  11  99 
  5  93  12  19  63  58  61  49  52  20  11  56  30  31  40  68  89  59  43  97  84  60  89   5  85  37  70  53  27  19  83   1  61  31  52  26  35  85  69  40  78  58  91  18  40   0  15  87  40  21 
 97  11  12  26  10  75  73  61   1  83  44   2  61  55  99  79  13  93   6  17  77  75  84  33  51  28  14  54  74  30  54  18  49  35  40  15  31  25  53  94  84  16  34  94  71  61   0  85  15  50 
 45  11  79  37  18  67  34  45   3   9  46  57  26  78  73  71   8  26   5  65  97  68  97  96  77  54  16  31  80  51  50  30  22  23  40  30  22  55  15  58  46   7  16   8  91  18  97   0  86  35 
 48  80  66  66  67  12  39   8  62   8  46  66  35  44  73  70  68  49  62  98  24  62  18  44  95  44  30   5  17  19  85  10  47  39  75  63   4  22  55  48  88  78  37  69  33  66  33  65   0  94 
 95   5  93  96  33  19  45  35  35  38  26  40   7  97  54  70  96  41  53  33  66   9  63  89  27  28  55  11  23  18  28  98  30  71  49  44  42   2  52  57  27  39  39  32  74  62   1  16  14   0 
M3
  0  50  48  67  19  21   5  43  43  22  77  15  43  38  43  53  80  25   1  10   3  13  92   2  87   4  44  50  35  14  86  73  82  57  41  69  23  51  64  10  16  93  83  34  22  50  49  75  45  83 
 68   0  24  36  99  51  57  59  66  94  20  95  36  71  60  89  48  77  99  17  94  41  52  67  66  22  69  43  35  95  30  97  99  85  75  70  67  50  98  53  71  32  12  95  19   2  14  35  58  79 
  5  74   0  75  55  20  61  55  90  71  78   7  77  65  74  14  83  26  29   8  14  41  77  50  96  97  64  31   3  44  36  24  34  65  80  45   2  38  97  20  60  66  45   6  62  11  52  82  10   7 
 20  93  23   0  91  37  80  66  32  80  75   1  68  82  59   4  64  64   8  52  65  65  85  83  19  78  38  16  37  45   9  70  76  53  39   9  66  96  87  52  85  83  82  15  38  26  92  77  74  73 
 91  16   2  77   0  97  97   7  59  92  81  53   2  19  60  60  93  74  94  87  87  27  33  87  18   6  90  80   7  45  92  79  73  93  46  49   4  23  65  79  79  68  26  79  57  34   6  98  90  50 
 73  36  49  15  88   0  91  76  22  57  92   9  28  72  36  32  17  32  22  22  47  54  73   8  16  13  26  39  30  17  91  24  60  87  46  58  19  85  24  17  91  25  74  47  37  83  43  74  67  40 
 50  63  47  48  99  84   0  92  24  23  26  76  12  13  60  31  93  33  64  81  55  56  84  51  82   5  26  23  14  32  90  64  48  72   9  51  60   9  32  17  53  84   8  57  85  33  69   7  36  58 
 85   1  41  74  48  35   4   0   2  34  69  65  60  52   1  83  39  26  40  67  78  94  51  38  23  85  39  78  90  47  26  21  59  54  15  68  54  85  25  44  79  92  76  76  52   8  78  13  14  84 
 41  34  22  14   4  35  30  51   0   1   2  58  39  95  81  62  16  37  57  27  44  80  20  98  55  25  70  46  97   6  61  31  43   4  52  99  85  55  74   3  46  21  96  53  65  20  92  56  90   5 
 18  55  54  50  18  20  51  25  25   0  30  69  12  66  27  94  14  32  48  39  33  37  80  90  71  41  85  96  64  87  80  91  25  60  38  76  43  36  21   5  36  89  10  69  81  23  20  58  41  49 
 94  33  23  64  36  92   7  75  62  97   0  26  89  92  80   9  27  61  26  38  94  84  95  37  47  66  75   1  26  68  83  19  20   9  63  23   6  43  58  29  54  11  51  53  64  13  49  33  68  19 
 49  18  38  35  54  99  62  48  43  32  50   0  56  60  22  22  96  89  63  47  95  44  95  64  29  49  83  47  82  36  45  70  42   4  98  25  65  35   5  82  50  50  90   9  41   1  60  26  65  77 
 32  49  22  94  84  14  42  91  85  82  61  51   0  93  37  98  77  62  29  43  58  96  41  70  39  95  10  73  47  48   6  19  64  83  43  24  38  18  39  36  77  59  20  57  69   2  49  46  93  26 
 24  59  74  48  95  77  22  88  97  76  24  60  81   0  61  28  56  24  76  36   6  68  16  96  91  65  54  29  53  27  97  18   2  37  91  79   3  11  59  43  79  84  39   9  76  78  17  38  59  71 
 54  29  90  48  87   1  26  64  10  39   8  97  84  62   0  86   5  51  79  77   4  24  30  31  93  66  70   3  65  85  56  28  11  64  98  68   6  58   2  36   9  66  52  40  80  55  96  70  80   7 
 50  20  54  32  64  31  10  18  21  16  88  93  53  55  90   0  29  50  13  90  20  20  30  49  21  95  32  62  68  27  83  32  29  71  51  74  83  55  96  28  59  33  22   6   8  73  24  37  70  65 
 15  72  85  81  11  34   8  94  75  89  16  70  76  93  34  18   0  89  12  34  43  90  64  55   8  11  38  52  18  27  32  65  37  66  30  39  33  47  17  27  10   1  38  45  38  19  93  61  44  99 
 82  20  19  61  61  95  79  74  75   8  60  95  68  91  32  15  96   0  51  86  10  50  87  72  65  25  65  41  75  98  37  42  18  49  80   6  42  19  84  24  49  77  56   4  75  94  90  79  50   4 
 22  72  40  65  49  13  82  52  70  19  73  80  19  43  47  25   6  60   0  51  95   7  51  44  26   6  55  33  41  95  32  75  81  99   7  24  54  85  57  85  71  70  40   5   3  66  33  24  50  55 
  2  78  25   4  43  97  15  10  82  21  87  42  74  57   3  94  77   3  51   0  67  70  32  73  88  17  78  61  77  34  17   4  85  87  82  43   6  94  91  73  45  12  94  60  52  40  62  16  74  44 
  5  34  42  49  55  92  84  64  82  24  18  90  54   2  33  63  18  42  62  42   0  89   6  98  24  81  26  51  60  77  58  41  63  44  34  86  86  33  39  13   5  69  80   6  98  86  33  78  63  10 
 95  84  57  49  28  23  17  28  57  80  39  16  67  67  54  59  20  72  33  24  89   0  76  41  18  78  62  96  87  70  13  31  40   3  15   2  10  46  37  90   8  18   1  14  48  61   5  60  69  65 
 51  22  91  11  69  66  63  46  48  34  53  17  54  80  86  78  51  86  95  68  72  52   0  78  71  56  98  99  21  70  90  44  58  10  34  39  43  19  63  35   4  68  15  58  80  23  38  90  69  20 
 23  74  94  39  96  91   2   7  39  39   5  21  63  84  98  99  92  16  85  68  15  88  25   0  70  43  23  67  86  48  15  33  78  17  69  93  76  52  82  23  58  42  36  59  15  34  30  90  83   5 
 20  25  75  24  20  11  76  50  81  99  67   5  59  27  11  10  14  35   4  77   6  11  59  26   0   9  96  35  98  54  65  61  17   4  35  54  30  39  37  62  26  46  60  13  75  68  21  29  28  21 
 38  23   6  85  58  66  35  70  15  17  50  41  45  55   6  87  29  14   8  79  54  75  30  28  66   0  19  63  77  65  30   7  19  73  72  34  89  90  20  64  68  44  62  88  25  54  15  81  39  27 
 84  63  97   5  88  46  89  63  37  44  61  17  92  53  17  18  23  83  39   1  25  47  59  84   2  54   0  86  33  87  41  60  13  27  65  67  72  41  38  20   7  94  49  26  58  36   6  55  45  11 
 40  67  20  89  69  14  56  59  81  95  11  74  80  19  77  11  96  31  66  54   9  25  64  71  98  74  24   0  15  52  33  51  61  69  21   1  84  86  11  76  27  45  21  36  26  84  83  13  69  84 
 37  71  49  15   5  85  73  77  19   7  10  61  27  47  41  69  75  31  70  62  19  31  26  41  97  12  31  82   0  91  24  70  47  41  45  12  92  89  22  95  83  86  30   6  48  64  68  99  67  87 
 50  95  51   1  85  56  81  39  95  59   4  10  61  57  93  94   5  46  22  43  46   9  75  24  95  78  47  57  24   0  55  58  47  60  34  53  62  30  55  14  58  53  37   3  44  24  12  46  64   1 
 39  63  57  95  34  16  56  53  47  42   6  25  70  11  72  93  18  74  12  74  10  49  70  78  98  83  77  65  90  11   0  86  52  30  53  43  61  48  40  30  61  45  51  84   7  56  50  52   7  22 
  8  98  59  96  21  64  79   7  55  24  59  10  43  60  88  54  44  74  60  57  40  29  82  13  49  43  97  22  68  99  11   0  64  43   1   3  95  41  14  20  19   7  16  51   4  12  76  42  28  88 
 63  99  89  32  90  81  92  40  92  15  27  58  68  59  17  49  43  82  80  88  50  25  37  53  17  56  61  58  59  12  95   6   0  84  55  94  76  13  67   1  78  95  73  42  51  52  73  37  41  45 
 85  76  35  98  32  68  34  48  99  71  95  24  19  11  95   4  62  21  37  81  98  75  81  30  27  13  51  38  90  48  28  48  71   0  39  68  51  51  32  89  57  40  21  81  38  54  83  73  62  66 
 81  64  78  60  90  16  63   4  37  71  11   8  79  25  11  30  81  54  25  79  73  34  81  33  88  15  64  62  27  72   7  69  52  37   0  82  45  35  18  58  68  15  85   5  94  98  81  70   6   2 
 47  62  59   9  33  47   1  19  96  35  98   5  74  99  40  57  78  65  61  33   4  21  32  19  53  79  72  57  32  40  49  10  20  11  69   0  51  85  67  67  18  17   1  98  23  92  36  65  76   6 
  6  40   3  70  29  61  40  86  71  11  34  28  43  24  42  91  69  12  17  80  79  32  34  41  39  69  53  28  42  20   4  58  60  44  91  34   0  79  97  27  65  51  52  65  81  30  80  45  51  50 
 30  37  78  93  49  29  17  99  64  91  81  41  16  83  28  22  16  54  70  22  70  88  43  75  98  46  95  10  47  77  95  69  26  48  97  45   4   0  34   2   1  99  59  74  88   9  29  75  79  27 
 50  46   7  17  61  64  56  15  39  30   3  55   2  27  84  91  14  23  95   7  15  92  11  99  54  87  74  21   2  21  94  73  51  40  36  94  68   9   0  29  69  94  34  81  77  83  19  36  70  55 
 29  42  12  58  65  79   7  17  79   6  46  47  57  35   6   4  31  10  60  85  52  73  54  14  68  68  13  86   7  46  77  28  71  25  80  42   1  28  24   0  79  88   1  97  16  82  19  30  15  95 
 19  52  65   3  20  95  59  80  67  40  86  11  38  83  35  65  23  43  53  84  85  27  51  44  25  34  37  29  12  95  86   6  52  26  50  91  20  71  90  72   0  10  50   3  18  98  13  56  52  31 
 56  84  38   7  27  16  81  53  68  99  71  44  89  23  75  88  82  62  57  29  15  42  66  45   3  43   3  25  87  13  71  19  24  15  38  12   1  31  75  70  37   0  24  55  74  60  26  97  94   9 
  8  20  76  55   5  40  81   5  91  96  56  97  86  14  54  91   7   4  27  18  26  19  26  43  39  93   2  13  42  38  91  58  34  15  84  66  44  63  43  46  55  89   0  26   1  18  58  69  34  57 
 18  18  23  15  46  67  54  88  13  72  21  97  25  39  34  87  53  97  61  27  28  29  23  44  43  36  63  66  92  87   6  11  48  50  54  71  34  49  24   3  58  83   4   0  27  84  27  69  37  46 
 38  97  17  13  85  36  90  99  20  86  46  96  54  39  13  54  71  66  17  23  36  12  78  92  79  22  81  63  69  30   4  67  34  85  36  95  79  42  64  33  54  18  27  26   0  94  89  33  11  99 
  5  93  12  19  63  58  61  49  52  20  11  56  30  31  40  68  89  59  43  97  84  60  89   5  85  37  70  53  27  19  83   1  61  31  52  26  35  85  69  40  78  58  91  18  40   0  15  87  40  21 
 97  11  12  26  10  75  73  61   1  83  44   2  61  55  99  79  13  93   6  17  77  75  84  33  51  28  14  54  74  30  54  18  49  35  40  15  31  25  53  94  84  16  34  94  71  61   0  85  15  50 
 45  11  79  37  18  67  34  45   3   9  46  57  26  78  73  71   8  26   5  65  97  68  97  96  77  54  16  31  80  51  50  30  22  23  40  30  22  55  15  58  46   7  16   8  91  18  97   0  86  35 
 48  80  66  66  67  12  39   8  62   8  46  66  35  44  73  70  68  49  62  98  24  62  18  44  95  44  30   5  17  19  85  10  47  39  75  63   4  22  55  48  88  78  37  69  33  66  33  65   0  94 
 95   5  93  96  33  19  45  35  35  38  26  40   7  97  54  70  96  41  53  33  66   9  63  89  27  28  55  11  23  18  28  98  30  71  49  44  42   2  52  57  27  39  39  32  74  62   1  16  14   0 
M4
  0  50  48  67  19  21   5  43  43  22  77  15  43  38  43  53  80  25   1  10   3  13  92   2  87   4  44  50  35  14  86  73  82  57  41  69  23  51  64  10  16  93  83  34  22  50  49  75  45  83 
 68   0  24  36  99  51  57  59  66  94  20  95  36  71  60  89  48  77  99  17  94  41  52  67  66  22  69  43  35  95  30  97  99  85  75  70  67  50  98  53  71  32  12  95  19   2  14  35  58  79 
  5  74   0  75  55  20  61  55  90  71  78   7  77  65  74  14  83  26  29   8  14  41  77  50  96  97  64  31   3  44  36  24  34  65  80  45   2  38  97  20  60  66  45   6  62  11  52  82  10   7 
 20  93  23   0  91  37  80  66  32  80  75   1  68  82  59   4  64  64   8  52  65  65  85  83  19  78  38  16  37  45   9  70  76  53  39   9  66  96  87  52  85  83  82  15  38  26  92  77  74  73 
 91  16   2  77   0  97  97   7  59  92  81  53   2  19  60  60  93  74  94  87  87  27  33  87  18   6  90  80   7  45  92  79  73  93  46  49   4  23  65  79  79  68  26  79  57  34   6  98  90  50 
 73  36  49  15  88   0  91  76  22  57  92   9  28  72  36  32  17  32  22  22  47  54  73   8  16  13  26  39  30  17  91  24  60  87  46  58  19  85  24  17  91  25  74  47  37  83  43  74  67  40 
 50  63  47  48  99  84   0  92  24  23  26  76  12  13  60  31  93  33  64  81  55  56  84  51  82   5  26  23  14  32  90  64  48  72   9  51  60   9  32  17  53  84   8  57  85  33  69   7  36  58 
 85   1  41  74  48  35   4   0   2  34  69  65  60  52   1  83  39  26  40  67  78  94  51  38  23  85  39  78  90  47  26  21  59  54  15  68  54  85  25  44  79  92  76  76  52   8  78  13  14  84 
 41  34  22  14   4  35  30  51   0   1   2  58  39  95  81  62  16  37  57  27  44  80  20  98  55  25  70  46  97   6  61  31  43   4  52  99  85  55  74   3  46  21  96  53  65  20  92  56  90   5 
 18  55  54  50  18  20  51  25  25   0  30  69  12  66  27  94  14  32  48  39  33  37  80  90  71  41  85  96  64  87  80  91  25  60  38  76  43  36  21   5  36  89  10  69  81  23  20  58  41  49 
 94  33  23  64  36  92   7  75  62  97   0  26  89  92  80   9  27  61  26  38  94  84  95  37  47  66  75   1  26  68  83  19  20   9  63  23   6  43  58  29  54  11  51  53  64  13  49  33  68  19 
 49  18  38  35  54  99  62  48  43  32  50   0  56  60  22  22  96  89  63  47  95  44  95  64  29  49  83  47  82  36  45  70  42   4  98  25  65  35   5  82  50  50  90   9  41   1  60  26  65  77 
 32  49  22  94  84  14  42  91  85  82  61  51   0  93  37  98  77  62  29  43  58  96  41  70  39  95  10  73  47  48   6  19  64  83  43  24  38  18  39  36  77  59  20  57  69   2  49  46  93  26 
 24  59  74  48  95  77  22  88  97  76  24  60  81   0  61  28  56  24  76  36   6  68  16  96  91  65  54  29  53  27  97  18   2  37  91  79   3  11  59  43  79  84  39   9  76  78  17  38  59  71 
 54  29  90  48  87   1  26  64  10  39   8  97  84  62   0  86   5  51  79  77   4  24  30  31  93  66  70   3  65  85  56  28  11  64  98  68   6  58   2  36   9  66  52  40  80  55  96  70  80   7 
 50  20  54  32  64  31  10  18  21  16  88  93  53  55  90   0  29  50  13  90  20  20  30  49  21  95  32  62  68  27  83  32  29  71  51  74  83  55  96  28  59  33  22   6   8  73  24  37  70  65 
 15  72  85  81  11  34   8  94  75  89  16  70  76  93  34  18   0  89  12  34  43  90  64  55   8  11  38  52  18  27  32  65  37  66  30  39  33  47  17  27  10   1  38  45  38  19  93  61  44  99 
 82  20  19  61  61  95  79  74  75   8  60  95  68  91  32  15  96   0  51  86  10  50  87  72  65  25  65  41  75  98  37  42  18  49  80   6  42  19  84  24  49  77  56   4  75  94  90  79  50   4 
 22  72  40  65  49  13  82  52  70  19  73  80  19  43  47  25   6  60   0  51  95   7  51  44  26   6  55  33  41  95  32  75  81  99   7  24  54  85  57  85  71  70  40   5   3  66  33  24  50  55 
  2  78  25   4  43  97  15  10  82  21  87  42  74  57   3  94  77   3  51   0  67  70  32  73  88  17  78  61  77  34  17   4  85  87  82  43   6  94  91  73  45  12  94  60  52  40  62  16  74  44 
  5  34  42  49  55  92  84  64  82  24  18  90  54   2  33  63  18  42  62  42   0  89   6  98  24  81  26  51  60  77  58  41  63  44  34  86  86  33  39  13   5  69  80   6  98  86  33  78  63  10 
 95  84  57  49  28  23  17  28  57  80  39  16  67  67  54  59  20  72  33  24  89   0  76  41  18  78  62  96  87  70  13  31  40   3  15   2  10  46  37  90   8  18   1  14  48  61   5  60  69  65 
 51  22  91  11  69  66  63  46  48  34  53  17  54  80  86  78  51  86  95  68  72  52   0  78  71  56  98  99  21  70  90  44  58  10  34  39  43  19  63  35   4  68  15  58  80  23  38  90  69  20 
 23  74  94  39  96  91   2   7  39  39   5  21  63  84  98  99  92  16  85  68  15  88  25   0  70  43  23  67  86  48  15  33  78  17  69  93  76  52  82  23  58  42  36  59  15  34  30  90  83   5 
 20  25  75  24  20  11  76  50  81  99  67   5  59  27  11  10  14  35   4  77   6  11  59  26   0   9  96  35  98  54  65  61  17   4  35  54  30  39  37  62  26  46  60  13  75  68  21  29  28  21 
 38  23   6  85  58  66  35  70  15  17  50  41  45  55   6  87  29  14   8  79  54  75  30  28  66   0  19  63  77  65  30   7  19  73  72  34  89  90  20  64  68  44  62  88  25  54  15  81  39  27 
 84  63  97   5  88  46  89  63  37  44  61  17  92  53  17  18  23  83  39   1  25  47  59  84   2  54   0  86  33  87  41  60  13  27  65  67  72  41  38  20   7  94  49  26  58  36   6  55  45  11 
 40  67  20  89  69  14  56  59  81  95  11  74  80  19  77  11  96  31  66  54   9  25  64  71  98  74  24   0  15  52  33  51  61  69  21   1  84  86  11  76  27  45  21  36  26  84  83  13  69  84 
 37  71  49  15   5  85  73  77  19   7  10  61  27  47  41  69  75  31  70  62  19  31  26  41  97  12  31  82   0  91  24  70  47  41  45  12  92  89  22  95  83  86  30   6  48  64  68  99  67  87 
 50  95  51   1  85  56  81  39  95  59   4  10  61  57  93  94   5  46  22  43  46   9  75  24  95  78  47  57  24   0  55  58  47  60  34  53  62  30  55  14  58  53  37   3  44  24  12  46  64   1 
 39  63  57  95  34  16  56  53  47  42   6  25  70  11  72  93  18  74  12  74  10  49  70  78  98  83  77  65  90  11   0  86  52  30  53  43  61  48  40  30  61  45  51  84   7  56  50  52   7  22 
  8  98  59  96  21  64  79   7  55  24  59  10  43  60  88  54  44  74  60  57  40  29  82  13  49  43  97  22  68  99  11   0  64  43   1   3  95  41  14  20  19   7  16  51   4  12  76  42  28  88 
 63  99  89  32  90  81  92  40  92  15  27  58  68  59  17  49  43  82  80  88  50  25  37  53  17  56  61  58  59  12  95   6   0  84  55  94  76  13  67   1  78  95  73  42  51  52  73  37  41  45 
 85  76  35  98  32  68  34  48  99  71  95  24  19  11  95   4  62  21  37  81  98  75  81  30  27  13  51  38  90  48  28  48  71   0  39  68  51  51  32  89  57  40  21  81  38  54  83  73  62  66 
 81  64  78  60  90  16  63   4  37  71  11   8  79  25  11  30  81  54  25  79  73  34  81  33  88  15  64  62  27  72   7  69  52  37   0  82  45  35  18  58  68  15  85   5  94  98  81  70   6   2 
 47  62  59   9  33  47   1  19  96  35  98   5  74  99  40  57  78  65  61  33   4  21  32  19  53  79  72  57  32  40  49  10  20  11  69   0  51  85  67  67  18  17   1  98  23  92  36  65  76   6 
  6  40   3  70  29  61  40  86  71  11  34  28  43  24  42  91  69  12  17  80  79  32  34  41  39  69  53  28  42  20   4  58  60  44  91  34   0  79  97  27  65  51  52  65  81  30  80  45  51  50 
 30  37  78  93  49  29  17  99  64  91  81  41  16  83  28  22  16  54  70  22  70  88  43  75  98  46  95  10  47  77  95  69  26  48  97  45   4   0  34   2   1  99  59  74  88   9  29  75  79  27 
 50  46   7  17  61  64  56  15  39  30   3  55   2  27  84  91  14  23  95   7  15  92  11  99  54  87  74  21   2  21  94  73  51  40  36  94  68   9   0  29  69  94  34  81  77  83  19  36  70  55 
 29  42  12  58  65  79   7  17  79   6  46  47  57  35   6   4  31  10  60  85  52  73  54  14  68  68  13  86   7  46  77  28  71  25  80  42   1  28  24   0  79  88   1  97  16  82  19  30  15  95 
 19  52  65   3  20  95  59  80  67  40  86  11  38  83  35  65  23  43  53  84  85  27  51  44  25  34  37  29  12  95  86   6  52  26  50  91  20  71  90  72   0  10  50   3  18  98  13  56  52  31 
 56  84  38   7  27  16  81  53  68  99  71  44  89  23  75  88  82  62  57  29  15  42  66  45   3  43   3  25  87  13  71  19  24  15  38  12   1  31  75  70  37   0  24  55  74  60  26  97  94   9 
  8  20  76  55   5  40  81   5  91  96  56  97  86  14  54  91   7   4  27  18  26  19  26  43  39  93   2  13  42  38  91  58  34  15  84  66  44  63  43  46  55  89   0  26   1  18  58  69  34  57 
 18  18  23  15  46  67  54  88  13  72  21  97  25  39  34  87  53  97  61  27  28  29  23  44  43  36  63  66  92  87   6  11  48  50  54  71  34  49  24   3  58  83   4   0  27  84  27  69  37  46 
 38  97  17  13  85  36  90  99  20  86  46  96  54  39  13  54  71  66  17  23  36  12  78  92  79  22  81  63  69  30   4  67  34  85  36  95  79  42  64  33  54  18  27  26   0  94  89  33  11  99 
  5  93  12  19  63  58  61  49  52  20  11  56  30  31  40  68  89  59  43  97  84  60  89   5  85  37  70  53  27  19  83   1  61  31  52  26  35  85  69  40  78  58  91  18  40   0  15  87  40  21 
 97  11  12  26  10  75  73  61   1  83  44   2  61  55  99  79  13  93   6  17  77  75  84  33  51  28  14  54  74  30  54  18  49  35  40  15  31  25  53  94  84  16  34  94  71  61   0  85  15  50 
 45  11  79  37  18  67  34  45   3   9  46  57  26  78  73  71   8  26   5  65  97  68  97  96  77  54  16  31  80  51  50  30  22  23  40  30  22  55  15  58  46   7  16   8  91  18  97   0  86  35 
 48  80  66  66  67  12  39   8  62   8  46  66  35  44  73  70  68  49  62  98  24  62  18  44  95  44  30   5  17  19  85  10  47  39  75  63   4  22  55  48  88  78  37  69  33  66  33  65   0  94 
 95   5  93  96  33  19  45  35  35  38  26  40   7  97  54  70  96  41  53  33  66   9  63  89  27  28  55  11  23  18  28  98  30  71  49  44  42   2  52  57  27  39  39  32  74  62   1  16  14   0 
M5
  0  50  48  67  19  21   5  43  43  22  77  15  43  38  43  53  80  25   1  10   3  13  92   2  87   4  44  50  35  14  86  73  82  57  41  69  23  51  64  10  16  93  83  34  22  50  49  75  45  83 
 68   0  24  36  99  51  57  59  66  94  20  95  36  71  60  89  48  77  99  17  94  41  52  67  66  22  69  43  35  95  30  97  99  85  75  70  67  50  98  53  71  32  12  95  19   2  14  35  58  79 
  5  74   0  75  55  20  61  55  90  71  78   7  77  65  74  14  83  26  29   8  14  41  77  50  96  97  64  31   3  44  36  24  34  65  80  45   2  38  97  20  60  66  45   6  62  11  52  82  10   7 
 20  93  23   0  91  37  80  66  32  80  75   1  68  82  59   4  64  64   8  52  65  65  85  83  19  78  38  16  37  45   9  70  76  53  39   9  66  96  87  52  85  83  82  15  38  26  92  77  74  73 
 91  16   2  77   0  97  97   7  59  92  81  53   2  19  60  60  93  74  94  87  87  27  33  87  18   6  90  80   7  45  92  79  73  93  46  49   4  23  65  79  79  68  26  79  57  34   6  98  90  50 
 73  36  49  15  88   0  91  76  22  57  92   9  28  72  36  32  17  32  22  22  47  54  73   8  16  13  26  39  30  17  91  24  60  87  46  58  19  85  24  17  91  25  74  47  37  83  43  74  67  40 
 50  63  47  48  99  84   0  92  24  23  26  76  12  13  60  31  93  33  64  81  55  56  84  51  82   5  26  23  14  32  90  64  48  72   9  51  60   9  32  17  53  84   8  57  85  33  69   7  36  58 
 85   1  41  74  48  35   4   0   2  34  69  65  60  52   1  83  39  26  40  67  78  94  51  38  23  85  39  78  90  47  26  21  59  54  15  68  54  85  25  44  79  92  76  76  52   8  78  13  14  84 
 41  34  22  14   4  35  30  51   0   1   2  58  39  95  81  62  16  37  57  27  44  80  20  98  55  25  70  46  97   6  61  31  43   4  52  99  85  55  74   3  46  21  96  53  65  20  92  56  90   5 
 18  55  54  50  18  20  51  25  25   0  30  69  12  66  27  94  14  32  48  39  33  37  80  90  71  41  85  96  64  87  80  91  25  60  38  76  43  36  21   5  36  89  10  69  81  23  20  58  41  49 
 94  33  23  64  36  92   7  75  62  97   0  26  89  92  80   9  27  61  26  38  94  84  95  37  47  66  75   1  26  68  83  19  20   9  63  23   6  43  58  29  54  11  51  53  64  13  49  33  68  19 
 49  18  38  35  54  99  62  48  43  32  50   0  56  60  22  22  96  89  63  47  95  44  95  64  29  49  83  47  82  36  45  70  42   4  98  25  65  35   5  82  50  50  90   9  41   1  60  26  65  77 
 32  49  22  94  84  14  42  91  85  82  61  51   0  93  37  98  77  62  29  43  58  96  41  70  39  95  10  73  47  48   6  19  64  83  43  24  38  18  39  36  77  59  20  57  69   2  49  46  93  26 
 24  59  74  48  95  77  22  88  97  76  24  60  81   0  61  28  56  24  76  36   6  68  16  96  91  65  54  29  53  27  97  18   2  37  91  79   3  11  59  43  79  84  39   9  76  78  17  38  59  71 
 54  29  90  48  87   1  26  64  10  39   8  97  84  62   0  86   5  51  79  77   4  24  30  31  93  66  70   3  65  85  56  28  11  64  98  68   6  58   2  36   9  66  52  40  80  55  96  70  80   7 
 50  20  54  32  64  31  10  18  21  16  88  93  53  55  90   0  29  50  13  90  20  20  30  49  21  95  32  62  68  27  83  32  29  71  51  74  83  55  96  28  59  33  22   6   8  73  24  37  70  65 
 15  72  85  81  11  34   8  94  75  89  16  70  76  93  34  18   0  89  12  34  43  90  64  55   8  11  38  52  18  27  32  65  37  66  30  39  33  47  17  27  10   1  38  45  38  19  93  61  44  99 
 82  20  19  61  61  95  79  74  75   8  60  95  68  91  32  15  96   0  51  86  10  50  87  72  65  25  65  41  75  98  37  42  18  49  80   6  42  19  84  24  49  77  56   4  75  94  90  79  50   4 
 22  72  40  65  49  13  82  52  70  19  73  80  19  43  47  25   6  60   0  51  95   7  51  44  26   6  55  33  41  95  32  75  81  99   7  24  54  85  57  85  71  70  40   5   3  66  33  24  50  55 
  2  78  25   4  43  97  15  10  82  21  87  42  74  57   3  94  77   3  51   0  67  70  32  73  88  17  78  61  77  34  17   4  85  87  82  43   6  94  91  73  45  12  94  60  52  40  62  16  74  44 
  5  34  42  49  55  92  84  64  82  24  18  90  54   2  33  63  18  42  62  42   0  89   6  98  24  81  26  51  60  77  58  41  63  44  34  86  86  33  39  13   5  69  80   6  98  86  33  78  63  10 
 95  84  57  49  28  23  17  28  57  80  39  16  67  67  54  59  20  72  33  24  89   0  76  41  18  78  62  96  87  70  13  31  40   3  15   2  10  46  37  90   8  18   1  14  48  61   5  60  69  65 
 51  22  91  11  69  66  63  46  48  34  53  17  54  80  86  78  51  86  95  68  72  52   0  78  71  56  98  99  21  70  90  44  58  10  34  39  43  19  63  35   4  68  15  58  80  23  38  90  69  20 
 23  74  94  39  96  91   2   7  39  39   5  21  63  84  98  99  92  16  85  68  15  88  25   0  70  43  23  67  86  48  15  33  78  17  69  93  76  52  82  23  58  42  36  59  15  34  30  90  83   5 
 20  25  75  24  20  11  76  50  81  99  67   5  59  27  11  10  14  35   4  77   6  11  59  26   0   9  96  35  98  54  65  61  17   4  35  54  30  39  37  62  26  46  60  13  75  68  21  29  28  21 
 38  23   6  85  58  66  35  70  15  17  50  41  45  55   6  87  29  14   8  79  54  75  30  28  66   0  19  63  77  65  30   7  19  73  72  34  89  90  20  64  68  44  62  88  25  54  15  81  39  27 
 84  63  97   5  88  46  89  63  37  44  61  17  92  53  17  18  23  83  39   1  25  47  59  84   2  54   0  86  33  87  41  60  13  27  65  67  72  41  38  20   7  94  49  26  58  36   6  55  45  11 
 40  67  20  89  69  14  56  59  81  95  11  74  80  19  77  11  96  31  66  54   9  25  64  71  98  74  24   0  15  52  33  51  61  69  21   1  84  86  11  76  27  45  21  36  26  84  83  13  69  84 
 37  71  49  15   5  85  73  77  19   7  10  61  27  47  41  69  75  31  70  62  19  31  26  41  97  12  31  82   0  91  24  70  47  41  45  12  92  89  22  95  83  86  30   6  48  64  68  99  67  87 
 50  95  51   1  85  56  81  39  95  59   4  10  61  57  93  94   5  46  22  43  46   9  75  24  95  78  47  57  24   0  55  58  47  60  34  53  62  30  55  14  58  53  37   3  44  24  12  46  64   1 
 39  63  57  95  34  16  56  53  47  42   6  25  70  11  72  93  18  74  12  74  10  49  70  78  98  83  77  65  90  11   0  86  52  30  53  43  61  48  40  30  61  45  51  84   7  56  50  52   7  22 
  8  98  59  96  21  64  79   7  55  24  59  10  43  60  88  54  44  74  60  57  40  29  82  13  49  43  97  22  68  99  11   0  64  43   1   3  95  41  14  20  19   7  16  51   4  12  76  42  28  88 
 63  99  89  32  90  81  92  40  92  15  27  58  68  59  17  49  43  82  80  88  50  25  37  53  17  56  61  58  59  12  95   6   0  84  55  94  76  13  67   1  78  95  73  42  51  52  73  37  41  45 
 85  76  35  98  32  68  34  48  99  71  95  24  19  11  95   4  62  21  37  81  98  75  81  30  27  13  51  38  90  48  28  48  71   0  39  68  51  51  32  89  57  40  21  81  38  54  83  73  62  66 
 81  64  78  60  90  16  63   4  37  71  11   8  79  25  11  30  81  54  25  79  73  34  81  33  88  15  64  62  27  72   7  69  52  37   0  82  45  35  18  58  68  15  85   5  94  98  81  70   6   2 
 47  62  59   9  33  47   1  19  96  35  98   5  74  99  40  57  78  65  61  33   4  21  32  19  53  79  72  57  32  40  49  10  20  11  69   0  51  85  67  67  18  17   1  98  23  92  36  65  76   6 
  6  40   3  70  29  61  40  86  71  11  34  28  43  24  42  91  69  12  17  80  79  32  34  41  39  69  53  28  42  20   4  58  60  44  91  34   0  79  97  27  65  51  52  65  81  30  80  45  51  50 
 30  37  78  93  49  29  17  99  64  91  81  41  16  83  28  22  16  54  70  22  70  88  43  75  98  46  95  10  47  77  95  69  26  48  97  45   4   0  34   2   1  99  59  74  88   9  29  75  79  27 
 50  46   7  17  61  64  56  15  39  30   3  55   2  27  84  91  14  23  95   7  15  92  11  99  54  87  74  21   2  21  94  73  51  40  36  94  68   9   0  29  69  94  34  81  77  83  19  36  70  55 
 29  42  12  58  65  79   7  17  79   6  46  47  57  35   6   4  31  10  60  85  52  73  54  14  68  68  13  86   7  46  77  28  71  25  80  42   1  28  24   0  79  88   1  97  16  82  19  30  15  95 
 19  52  65   3  20  95  59  80  67  40  86  11  38  83  35  65  23  43  53  84  85  27  51  44  25  34  37  29  12  95  86   6  52  26  50  91  20  71  90  72   0  10  50   3  18  98  13  56  52  31 
 56  84  38   7  27  16  81  53  68  99  71  44  89  23  75  88  82  62  57  29  15  42  66  45   3  43   3  25  87  13  71  19  24  15  38  12   1  31  75  70  37   0  24  55  74  60  26  97  94   9 
  8  20  76  55   5  40  81   5  91  96  56  97  86  14  54  91   7   4  27  18  26  19  26  43  39  93   2  13  42  38  91  58  34  15  84  66  44  63  43  46  55  89   0  26   1  18  58  69  34  57 
 18  18  23  15  46  67  54  88  13  72  21  97  25  39  34  87  53  97  61  27  28  29  23  44  43  36  63  66  92  87   6  11  48  50  54  71  34  49  24   3  58  83   4   0  27  84  27  69  37  46 
 38  97  17  13  85  36  90  99  20  86  46  96  54  39  13  54  71  66  17  23  36  12  78  92  79  22  81  63  69  30   4  67  34  85  36  95  79  42  64  33  54  18  27  26   0  94  89  33  11  99 
  5  93  12  19  63  58  61  49  52  20  11  56  30  31  40  68  89  59  43  97  84  60  89   5  85  37  70  53  27  19  83   1  61  31  52  26  35  85  69  40  78  58  91  18  40   0  15  87  40  21 
 97  11  12  26  10  75  73  61   1  83  44   2  61  55  99  79  13  93   6  17  77  75  84  33  51  28  14  54  74  30  54  18  49  35  40  15  31  25  53  94  84  16  34  94  71  61   0  85  15  50 
 45  11  79  37  18  67  34  45   3   9  46  57  26  78  73  71   8  26   5  65  97  68  97  96  77  54  16  31  80  51  50  30  22  23  40  30  22  55  15  58  46   7  16   8  91  18  97   0  86  35 
 48  80  66  66  67  12  39   8  62   8  46  66  35  44  73  70  68  49  62  98  24  62  18  44  95  44  30   5  17  19  85  10  47  39  75  63   4  22  55  48  88  78  37  69  33  66  33  65   0  94 
 95   5  93  96  33  19  45  35  35  38  26  40   7  97  54  70  96  41  53  33  66   9  63  89  27  28  55  11  23  18  28  98  30  71  49  44  42   2  52  57  27  39  39  32  74  62   1  16  14   0 
M6
  0  50  48  67  19  21   5  43  43  22  77  15  43  38  43  53  80  25   1  10   3  13  92   2  87   4  44  50  35  14  86  73  82  57  41  69  23  51  64  10  16  93  83  34  22  50  49  75  45  83 
 68   0  24  36  99  51  57  59  66  94  20  95  36  71  60  89  48  77  99  17  94  41  52  67  66  22  69  43  35  95  30  97  99  85  75  70  67  50  98  53  71  32  12  95  19   2  14  35  58  79 
  5  74   0  75  55  20  61  55  90  71  78   7  77  65  74  14  83  26  29   8  14  41  77  50  96  97  64  31   3  44  36  24  34  65  80  45   2  38  97  20  60  66  45   6  62  11  52  82  10   7 
 20  93  23   0  91  37  80  66  32  80  75   1  68  82  59   4  64  64   8  52  65  65  85  83  19  78  38  16  37  45   9  70  76  53  39   9  66  96  87  52  85  83  82  15  38  26  92  77  74  73 
 91  16   2  77   0  97  97   7  59  92  81  53   2  19  60  60  93  74  94  87  87  27  33  87  18   6  90  80   7  45  92  79  73  93  46  49   4  23  65  79  79  68  26  79  57  34   6  98  90  50 
 73  36  49  15  88   0  91  76  22  57  92   9  28  72  36  32  17  32  22  22  47  54  73   8  16  13  26  39  30  17  91  24  60  87  46  58  19  85  24  17  91  25  74  47  37  83  43  74  67  40 
 50  63  47  48  99  84   0  92  24  23  26  76  12  13  60  31  93  33  64  81  55  56  84  51  82   5  26  23  14  32  90  64  48  72   9  51  60   9  32  17  53  84   8  57  85  33  69   7  36  58 
 85   1  41  74  48  35   4   0   2  34  69  65  60  52   1  83  39  26  40  67  78  94  51  38  23  85  39  78  90  47  26  21  59  54  15  68  54  85  25  44  79  92  76  76  52   8  78  13  14  84 
 41  34  22  14   4  35  30  51   0   1   2  58  39  95  81  62  16  37  57  27  44  80  20  98  55  25  70  46  97   6  61  31  43   4  52  99  85  55  74   3  46  21  96  53  65  20  92  56  90   5 
 18  55  54  50  18  20  51  25  25   0  30  69  12  66  27  94  14  32  48  39  33  37  80  90  71  41  85  96  64  87  80  91  25  60  38  76  43  36  21   5  36  89  10  69  81  23  20  58  41  49 
 94  33  23  64  36  92   7  75  62  97   0  26  89  92  80   9  27  61  26  38  94  84  95  37  47  66  75   1  26  68  83  19  20   9  63  23   6  43  58  29  54  11  51  53  64  13  49  33  68  19 
 49  18  38  35  54  99  62  48  43  32  50   0  56  60  22  22  96  89  63  47  95  44  95  64  29  49  83  47  82  36  45  70  42   4  98  25  65  35   5  82  50  50  90   9  41   1  60  26  65  77 
 32  49  22  94  84  14  42  91  85  82  61  51   0  93  37  98  77  62  29  43  58  96  41  70  39  95  10  73  47  48   6  19  64  83  43  24  38  18  39  36  77  59  20  57  69   2  49  46  93  26 
 24  59  74  48  95  77  22  88  97  76  24  60  81   0  61  28  56  24  76  36   6  68  16  96  91  65  54  29  53  27  97  18   2  37  91  79   3  11  59  43  79  84  39   9  76  78  17  38  59  71 
 54  29  90  48  87   1  26  64  10  39   8  97  84  62   0  86   5  51  79  77   4  24  30  31  93  66  70   3  65  85  56  28  11  64  98  68   6  58   2  36   9  66  52  40  80  55  96  70  80   7 
 50  20  54  32  64  31  10  18  21  16  88  93  53  55  90   0  29  50  13  90  20  20  30  49  21  95  32  62  68  27  83  32  29  71  51  74  83  55  96  28  59  33  22   6   8  73  24  37  70  65 
 15  72  85  81  11  34   8  94  75  89  16  70  76  93  34  18   0  89  12  34  43  90  64  55   8  11  38  52  18  27  32  65  37  66  30  39  33  47  17  27  10   1  38  45  38  19  93  61  44  99 
 82  20  19  61  61  95  79  74  75   8  60  95  68  91  32  15  96   0  51  86  10  50  87  72  65  25  65  41  75  98  37  42  18  49  80   6  42  19  84  24  49  77  56   4  75  94  90  79  50   4 
 22  72  40  65  49  13  82  52  70  19  73  80  19  43  47  25   6  60   0  51  95   7  51  44  26   6  55  33  41  95  32  75  81  99   7  24  54  85  57  85  71  70  40   5   3  66  33  24  50  55 
  2  78  25   4  43  97  15  10  82  21  87  42  74  57   3  94  77   3  51   0  67  70  32  73  88  17  78  61  77  34  17   4  85  87  82  43   6  94  91  73  45  12  94  60  52  40  62  16  74  44 
  5  34  42  49  55  92  84  64  82  24  18  90  54   2  33  63  18  42  62  42   0  89   6  98  24  81  26  51  60  77  58  41  63  44  34  86  86  33  39  13   5  69  80   6  98  86  33  78  63  10 
 95  84  57  49  28  23  17  28  57  80  39  16  67  67  54  59  20  72  33  24  89   0  76  41  18  78  62  96  87  70  13  31  40   3  15   2  10  46  37  90   8  18   1  14  48  61   5  60  69  65 
 51  22  91  11  69  66  63  46  48  34  53  17  54  80  86  78  51  86  95  68  72  52   0  78  71  56  98  99  21  70  90  44  58  10  34  39  43  19  63  35   4  68  15  58  80  23  38  90  69  20 
 23  74  94  39  96  91   2   7  39  39   5  21  63  84  98  99  92  16  85  68  15  88  25   0  70  43  23  67  86  48  15  33  78  17  69  93  76  52  82  23  58  42  36  59  15  34  30  90  83   5 
 20  25  75  24  20  11  76  50  81  99  67   5  59  27  11  10  14  35   4  77   6  11  59  26   0   9  96  35  98  54  65  61  17   4  35  54  30  39  37  62  26  46  60  13  75  68  21  29  28  21 
 38  23   6  85  58  66  35  70  15  17  50  41  45  55   6  87  29  14   8  79  54  75  30  28  66   0  19  63  77  65  30   7  19  73  72  34  89  90  20  64  68  44  62  88  25  54  15  81  39  27 
 84  63  97   5  88  46  89  63  37  44  61  17  92  53  17  18  23  83  39   1  25  47  59  84   2  54   0  86  33  87  41  60  13  27  65  67  72  41  38  20   7  94  49  26  58  36   6  55  45  11 
 40  67  20  89  69  14  56  59  81  95  11  74  80  19  77  11  96  31  66  54   9  25  64  71  98  74  24   0  15  52  33  51  61  69  21   1  84  86  11  76  27  45  21  36  26  84  83  13  69  84 
 37  71  49  15   5  85  73  77  19   7  10  61  27  47  41  69  75  31  70  62  19  31  26  41  97  12  31  82   0  91  24  70  47  41  45  12  92  89  22  95  83  86  30   6  48  64  68  99  67  87 
 50  95  51   1  85  56  81  39  95  59   4  10  61  57  93  94   5  46  22  43  46   9  75  24  95  78  47  57  24   0  55  58  47  60  34  53  62  30  55  14  58  53  37   3  44  24  12  46  64   1 
 39  63  57  95  34  16  56  53  47  42   6  25  70  11  72  93  18  74  12  74  10  49  70  78  98  83  77  65  90  11   0  86  52  30  53  43  61  48  40  30  61  45  51  84   7  56  50  52   7  22 
  8  98  59  96  21  64  79   7  55  24  59  10  43  60  88  54  44  74  60  57  40  29  82  13  49  43  97  22  68  99  11   0  64  43   1   3  95  41  14  20  19   7  16  51   4  12  76  42  28  88 
 63  99  89  32  90  81  92  40  92  15  27  58  68  59  17  49  43  82  80  88  50  25  37  53  17  56  61  58  59  12  95   6   0  84  55  94  76  13  67   1  78  95  73  42  51  52  73  37  41  45 
 85  76  35  98  32  68  34  48  99  71  95  24  19  11  95   4  62  21  37  81  98  75  81  30  27  13  51  38  90  48  28  48  71   0  39  68  51  51  32  89  57  40  21  81  38  54  83  73  62  66 
 81  64  78  60  90  16  63   4  37  71  11   8  79  25  11  30  81  54  25  79  73  34  81  33  88  15  64  62  27  72   7  69  52  37   0  82  45  35  18  58  68  15  85   5  94  98  81  70   6   2 
 47  62  59   9  33  47   1  19  96  35  98   5  74  99  40  57  78  65  61  33   4  21  32  19  53  79  72  57  32  40  49  10  20  11  69   0  51  85  67  67  18  17   1  98  23  92  36  65  76   6 
  6  40   3  70  29  61  40  86  71  11  34  28  43  24  42  91  69  12  17  80  79  32  34  41  39  69  53  28  42  20   4  58  60  44  91  34   0  79  97  27  65  51  52  65  81  30  80  45  51  50 
 30  37  78  93  49  29  17  99  64  91  81  41  16  83  28  22  16  54  70  22  70  88  43  75  98  46  95  10  47  77  95  69  26  48  97  45   4   0  34   2   1  99  59  74  88   9  29  75  79  27 
 50  46   7  17  61  64  56  15  39  30   3  55   2  27  84  91  14  23  95   7  15  92  11  99  54  87  74  21   2  21  94  73  51  40  36  94  68   9   0  29  69  94  34  81  77  83  19  36  70  55 
 29  42  12  58  65  79   7  17  79   6  46  47  57  35   6   4  31  10  60  85  52  73  54  14  68  68  13  86   7  46  77  28  71  25  80  42   1  28  24   0  79  88   1  97  16  82  19  30  15  95 
 19  52  65   3  20  95  59  80  67  40  86  11  38  83  35  65  23  43  53  84  85  27  51  44  25  34  37  29  12  95  86   6  52  26  50  91  20  71  90  72   0  10  50   3  18  98  13  56  52  31 
 56  84  38   7  27  16  81  53  68  99  71  44  89  23  75  88  82  62  57  29  15  42  66  45   3  43   3  25  87  13  71  19  24  15  38  12   1  31  75  70  37   0  24  55  74  60  26  97  94   9 
  8  20  76  55   5  40  81   5  91  96  56  97  86  14  54  91   7   4  27  18  26  19  26  43  39  93   2  13  42  38  91  58  34  15  84  66  44  63  43  46  55  89   0  26   1  18  58  69  34  57 
 18  18  23  15  46  67  54  88  13  72  21  97  25  39  34  87  53  97  61  27  28  29  23  44  43  36  63  66  92  87   6  11  48  50  54  71  34  49  24   3  58  83   4   0  27  84  27  69  37  46 
 38  97  17  13  85  36  90  99  20  86  46  96  54  39  13  54  71  66  17  23  36  12  78  92  79  22  81  63  69  30   4  67  34  85  36  95  79  42  64  33  54  18  27  26   0  94  89  33  11  99 
  5  93  12  19  63  58  61  49  52  20  11  56  30  31  40  68  89  59  43  97  84  60  89   5  85  37  70  53  27  19  83   1  61  31  52  26  35  85  69  40  78  58  91  18  40   0  15  87  40  21 
 97  11  12  26  10  75  73  61   1  83  44   2  61  55  99  79  13  93   6  17  77  75  84  33  51  28  14  54  74  30  54  18  49  35  40  15  31  25  53  94  84  16  34  94  71  61   0  85  15  50 
 45  11  79  37  18  67  34  45   3   9  46  57  26  78  73  71   8  26   5  65  97  68  97  96  77  54  16  31  80  51  50  30  22  23  40  30  22  55  15  58  46   7  16   8  91  18  97   0  86  35 
 48  80  66  66  67  12  39   8  62   8  46  66  35  44  73  70  68  49  62  98  24  62  18  44  95  44  30   5  17  19  85  10  47  39  75  63   4  22  55  48  88  78  37  69  33  66  33  65   0  94 
 95   5  93  96  33  19  45  35  35  38  26  40   7  97  54  70  96  41  53  33  66   9  63  89  27  28  55  11  23  18  28  98  30  71  49  44  42   2  52  57  27  39  39  32  74  62   1  16  14   0 
M7
  0  50  48  67  19  21   5  43  43  22  77  15  43  38  43  53  80  25   1  10   3  13  92   2  87   4  44  50  35  14  86  73  82  57  41  69  23  51  64  10  16  93  83  34  22  50  49  75  45  83 
 68   0  24  36  99  51  57  59  66  94  20  95  36  71  60  89  48  77  99  17  94  41  52  67  66  22  69  43  35  95  30  97  99  85  75  70  67  50  98  53  71  32  12  95  19   2  14  35  58  79 
  5  74   0  75  55  20  61  55  90  71  78   7  77  65  74  14  83  26  29   8  14  41  77  50  96  97  64  31   3  44  36  24  34  65  80  45   2  38  97  20  60  66  45   6  62  11  52  82  10   7 
 20  93  23   0  91  37  80  66  32  80  75   1  68  82  59   4  64  64   8  52  65  65  85  83  19  78  38  16  37  45   9  70  76  53  39   9  66  96  87  52  85  83  82  15  38  26  92  77  74  73 
 91  16   2  77   0  97  97   7  59  92  81  53   2  19  60  60  93  74  94  87  87  27  33  87  18   6  90  80   7  45  92  79  73  93  46  49   4  23  65  79  79  68  26  79  57  34   6  98  90  50 
 73  36  49  15  88   0  91  76  22  57  92   9  28  72  36  32  17  32  22  22  47  54  73   8  16  13  26  39  30  17  91  24  60  87  46  58  19  85  24  17  91  25  74  47  37  83  43  74  67  40 
 50  63  47  48  99  84   0  92  24  23  26  76  12  13  60  31  93  33  64  81  55  56  84  51  82   5  26  23  14  32  90  64  48  72   9  51  60   9  32  17  53  84   8  57  85  33  69   7  36  58 
 85   1  41  74  48  35   4   0   2  34  69  65  60  52   1  83  39  26  40  67  78  94  51  38  23  85  39  78  90  47  26  21  59  54  15  68  54  85  25  44  79  92  76  76  52   8  78  13  14  84 
 41  34  22  14   4  35  30  51   0   1   2  58  39  95  81  62  16  37  57  27  44  80  20  98  55  25  70  46  97   6  61  31  43   4  52  99  85  55  74   3  46  21  96  53  65  20  92  56  90   5 
 18  55  54  50  18  20  51  25  25   0  30  69  12  66  27  94  14  32  48  39  33  37  80  90  71  41  85  96  64  87  80  91  25  60  38  76  43  36  21   5  36  89  10  69  81  23  20  58  41  49 
 94  33  23  64  36  92   7  75  62  97   0  26  89  92  80   9  27  61  26  38  94  84  95  37  47  66  75   1  26  68  83  19  20   9  63  23   6  43  58  29  54  11  51  53  64  13  49  33  68  19 
 49  18  38  35  54  99  62  48  43  32  50   0  56  60  22  22  96  89  63  47  95  44  95  64  29  49  83  47  82  36  45  70  42   4  98  25  65  35   5  82  50  50  90   9  41   1  60  26  65  77 
 32  49  22  94  84  14  42  91  85  82  61  51   0  93  37  98  77  62  29  43  58  96  41  70  39  95  10  73  47  48   6  19  64  83  43  24  38  18  39  36  77  59  20  57  69   2  49  46  93  26 
 24  59  74  48  95  77  22  88  97  76  24  60  81   0  61  28  56  24  76  36   6  68  16  96  91  65  54  29  53  27  97  18   2  37  91  79   3  11  59  43  79  84  39   9  76  78  17  38  59  71 
 54  29  90  48  87   1  26  64  10  39   8  97  84  62   0  86   5  51  79  77   4  24  30  31  93  66  70   3  65  85  56  28  11  64  98  68   6  58   2  36   9  66  52  40  80  55  96  70  80   7 
 50  20  54  32  64  31  10  18  21  16  88  93  53  55  90   0  29  50  13  90  20  20  30  49  21  95  32  62  68  27  83  32  29  71  51  74  83  55  96  28  59  33  22   6   8  73  24  37  70  65 
 15  72  85  81  11  34   8  94  75  89  16  70  76  93  34  18   0  89  12  34  43  90  64  55   8  11  38  52  18  27  32  65  37  66  30  39  33  47  17  27  10   1  38  45  38  19  93  61  44  99 
 82  20  19  61  61  95  79  74  75   8  60  95  68  91  32  15  96   0  51  86  10  50  87  72  65  25  65  41  75  98  37  42  18  49  80   6  42  19  84  24  49  77  56   4  75  94  90  79  50   4 
 22  72  40  65  49  13  82  52  70  19  73  80  19  43  47  25   6  60   0  51  95   7  51  44  26   6  55  33  41  95  32  75  81  99   7  24  54  85  57  85  71  70  40   5   3  66  33  24  50  55 
  2  78  25   4  43  97  15  10  82  21  87  42  74  57   3  94  77   3  51   0  67  70  32  73  88  17  78  61  77  34  17   4  85  87  82  43   6  94  91  73  45  12  94  60  52  40  62  16  74  44 
  5  34  42  49  55  92  84  64  82  24  18  90  54   2  33  63  18  42  62  42   0  89   6  98  24  81  26  51  60  77  58  41  63  44  34  86  86  33  39  13   5  69  80   6  98  86  33  78  63  10 
 95  84  57  49  28  23  17  28  57  80  39  16  67  67  54  59  20  72  33  24  89   0  76  41  18  78  62  96  87  70  13  31  40   3  15   2  10  46  37  90   8  18   1  14  48  61   5  60  69  65 
 51  22  91  11  69  66  63  46  48  34  53  17  54  80  86  78  51  86  95  68  72  52   0  78  71  56  98  99  21  70  90  44  58  10  34  39  43  19  63  35   4  68  15  58  80  23  38  90  69  20 
 23  74  94  39  96  91   2   7  39  39   5  21  63  84  98  99  92  16  85  68  15  88  25   0  70  43  23  67  86  48  15  33  78  17  69  93  76  52  82  23  58  42  36  59  15  34  30  90  83   5 
 20  25  75  24  20  11  76  50  81  99  67   5  59  27  11  10  14  35   4  77   6  11  59  26   0   9  96  35  98  54  65  61  17   4  35  54  30  39  37  62  26  46  60  13  75  68  21  29  28  21 
 38  23   6  85  58  66  35  70  15  17  50  41  45  55   6  87  29  14   8  79  54  75  30  28  66   0  19  63  77  65  30   7  19  73  72  34  89  90  20  64  68  44  62  88  25  54  15  81  39  27 
 84  63  97   5  88  46  89  63  37  44  61  17  92  53  17  18  23  83  39   1  25  47  59  84   2  54   0  86  33  87  41  60  13  27  65  67  72  41  38  20   7  94  49  26  58  36   6  55  45  11 
 40  67  20  89  69  14  56  59  81  95  11  74  80  19  77  11  96  31  66  54   9  25  64  71  98  74  24   0  15  52  33  51  61  69  21   1  84  86  11  76  27  45  21  36  26  84  83  13  69  84 
 37  71  49  15   5  85  73  77  19   7  10  61  27  47  41  69  75  31  70  62  19  31  26  41  97  12  31  82   0  91  24  70  47  41  45  12  92  89  22  95  83  86  30   6  48  64  68  99  67  87 
 50  95  51   1  85  56  81  39  95  59   4  10  61  57  93  94   5  46  22  43  46   9  75  24  95  78  47  57  24   0  55  58  47  60  34  53  62  30  55  14  58  53  37   3  44  24  12  46  64   1 
 39  63  57  95  34  16  56  53  47  42   6  25  70  11  72  93  18  74  12  74  10  49  70  78  98  83  77  65  90  11   0  86  52  30  53  43  61  48  40  30  61  45  51  84   7  56  50  52   7  22 
  8  98  59  96  21  64  79   7  55  24  59  10  43  60  88  54  44  74  60  57  40  29  82  13  49  43  97  22  68  99  11   0  64  43   1   3  95  41  14  20  19   7  16  51   4  12  76  42  28  88 
 63  99  89  32  90  81  92  40  92  15  27  58  68  59  17  49  43  82  80  88  50  25  37  53  17  56  61  58  59  12  95   6   0  84  55  94  76  13  67   1  78  95  73  42  51  52  73  37  41  45 
 85  76  35  98  32  68  34  48  99  71  95  24  19  11  95   4  62  21  37  81  98  75  81  30  27  13  51  38  90  48  28  48  71   0  39  68  51  51  32  89  57  40  21  81  38  54  83  73  62  66 
 81  64  78  60  90  16  63   4  37  71  11   8  79  25  11  30  81  54  25  79  73  34  81  33  88  15  64  62  27  72   7  69  52  37   0  82  45  35  18  58  68  15  85   5  94  98  81  70   6   2 
 47  62  59   9  33  47   1  19  96  35  98   5  74  99  40  57  78  65  61  33   4  21  32  19  53  79  72  57  32  40  49  10  20  11  69   0  51  85  67  67  18  17   1  98  23  92  36  65  76   6 
  6  40   3  70  29  61  40  86  71  11  34  28  43  24  42  91  69  12  17  80  79  32  34  41  39  69  53  28  42  20   4  58  60  44  91  34   0  79  97  27  65  51  52  65  81  30  80  45  51  50 
 30  37  78  93  49  29  17  99  64  91  81  41  16  83  28  22  16  54  70  22  70  88  43  75  98  46  95  10  47  77  95  69  26  48  97  45   4   0  34   2   1  99  59  74  88   9  29  75  79  27 
 50  46   7  17  61  64  56  15  39  30   3  55   2  27  84  91  14  23  95   7  15  92  11  99  54  87  74  21   2  21  94  73  51  40  36  94  68   9   0  29  69  94  34  81  77  83  19  36  70  55 
 29  42  12  58  65  79   7  17  79   6  46  47  57  35   6   4  31  10  60  85  52  73  54  14  68  68  13  86   7  46  77  28  71  25  80  42   1  28  24   0  79  88   1  97  16  82  19  30  15  95 
 19  52  65   3  20  95  59  80  67  40  86  11  38  83  35  65  23  43  53  84  85  27  51  44  25  34  37  29  12  95  86   6  52  26  50  91  20  71  90  72   0  10  50   3  18  98  13  56  52  31 
 56  84  38   7  27  16  81  53  68  99  71  44  89  23  75  88  82  62  57  29  15  42  66  45   3  43   3  25  87  13  71  19  24  15  38  12   1  31  75  70  37   0  24  55  74  60  26  97  94   9 
  8  20  76  55   5  40  81   5  91  96  56  97  86  14  54  91   7   4  27  18  26  19  26  43  39  93   2  13  42  38  91  58  34  15  84  66  44  63  43  46  55  89   0  26   1  18  58  69  34  57 
 18  18  23  15  46  67  54  88  13  72  21  97  25  39  34  87  53  97  61  27  28  29  23  44  43  36  63  66  92  87   6  11  48  50  54  71  34  49  24   3  58  83   4   0  27  84  27  69  37  46 
 38  97  17  13  85  36  90  99  20  86  46  96  54  39  13  54  71  66  17  23  36  12  78  92  79  22  81  63  69  30   4  67  34  85  36  95  79  42  64  33  54  18  27  26   0  94  89  33  11  99 
  5  93  12  19  63  58  61  49  52  20  11  56  30  31  40  68  89  59  43  97  84  60  89   5  85  37  70  53  27  19  83   1  61  31  52  26  35  85  69  40  78  58  91  18  40   0  15  87  40  21 
 97  11  12  26  10  75  73  61   1  83  44   2  61  55  99  79  13  93   6  17  77  75  84  33  51  28  14  54  74  30  54  18  49  35  40  15  31  25  53  94  84  16  34  94  71  61   0  85  15  50 
 45  11  79  37  18  67  34  45   3   9  46  57  26  78  73  71   8  26   5  65  97  68  97  96  77  54  16  31  80  51  50  30  22  23  40  30  22  55  15  58  46   7  16   8  91  18  97   0  86  35 
 48  80  66  66  67  12  39   8  62   8  46  66  35  44  73  70  68  49  62  98  24  62  18  44  95  44  30   5  17  19  85  10  47  39  75  63   4  22  55  48  88  78  37  69  33  66  33  65   0  94 
 95   5  93  96  33  19  45  35  35  38  26  40   7  97  54  70  96  41  53  33  66   9  63  89  27  28  55  11  23  18  28  98  30  71  49  44  42   2  52  57  27  39  39  32  74  62   1  16  14   0 
Reldue
 2860    6    6
 2359    2    4
  772    4    9
 2020    9    8
 1534    4    3
 1988    8    7
 2855    9    8
 2184    6    4
 1038    8    8
 2462    8    7
 2826    5    9
 2741    1    6
 2168    3    4
 1705    4    6
 3436    5    5
 2440    7    8
 2818    8    7
 1893    5    9
 1511    7    2
 1288    3    2
 1058    4    5
 1521    8    6
 1899    7    4
 1959    4    7
 1120    4    8
 2026    3    9
 1507    1    9
 2684    2    3
 3173    8    8
 1677    7    1
 2167    1    9
 1483    4    9
 3216    2    4
 2638    7    8
 1631    3    8
 2641    1    9
  898    7    2
 2682    9    8
 1475    1    5
 2370    3    9
 2255    8    7
 2553    9    6
 1520    3    8
 3055    2    8
 1218    4    7
 1809    6    9
 3127    1    6
 1550    2    4
 2560    1    3
  880    9    3
DDW
 2654  3066
 2211  2508
  701   844
 1856  2183
 1439  1629
 1865  2110
 2582  3128
 2032  2337
  978  1098
 2277  2647
 2608  3045
 2531  2952
 2027  2310
 1551  1858
 3137  3735
 2216  2664
 2659  2977
 1742  2043
 1389  1634
 1169  1408
  955  1160
 1404  1638
 1777  2022
 1815  2103
 1061  1180
 1828  2224
 1413  1600
 2424  2943
 3007  3339
 1579  1775
 2034  2300
 1398  1567
 3022  3411
 2401  2874
 1542  1721
 2379  2903
  840   957
 2499  2866
 1387  1563
 2197  2544
 2099  2411
 2319  2787
 1386  1655
 2857  3252
 1142  1294
 1714  1904
 2847  3408
 1422  1677
 2339  2781
  801   959
