20   5
MD
  3  4  5  2  3
PT
 55   9  20  69  59  26   1  86  86   1  65  58  33  65  49  92  67  33  35  44 
  2  90  56  36  64  96  89  84   1  10  13  76  93  16  81  93  90  72   5  98 
 94  56  36  13  34  20  88  73  59  16  14  48   8  61  69  17  64  26  20  89 
 90  62  11  28  36  44  90  22  70  12  82   9  30  18  86  79  79  87  56  14 
 43  72  72  40  87  73  93  80  81  17  62  45  18  45  69  40  10  83  28  84 
SSD
M0
  0  33   9  51  79  20  94  81  29  60  98  52  76  76  48  28  30  27  28  29 
 15   0  78   7  98  66  82  41  79  86  51  50   8  88  86  89   5  66   4  32 
  5  11   0  60  71  19  24  76  94  81  13  87  49  66   8  63  95   7  39  20 
 58  55  93   0  43  17  55  16  92   8  15  17  36  68  39  54  85  68  49  12 
 25  40   5  80   0  83  19  37  12   4  65  31  83   7  37  54  11   8  62  18 
 18  64  21  21  88   0  82  28  53  17  64  83  57  42  44  90  50  39  64  83 
 14   9  65   3  43   2   0  18  19  49  18  55  43  96  54  65  52  85   9  94 
 98  15  38  41  45  44  38   0  10  76  61   7  82   4  60  23   3  44  12  41 
 24  92  45  74  56  58  70  10   0   4  96   2  71  53  19  58  36  40  28   3 
 50  22  22  44  90  99  15  43  14   0  68  87  63  34  18  11  12  55  57  56 
 53  93  80  59  55  61  13  66  78  36   0  92  65  46  97  44  98  94  35  47 
  2  45  44  83  94  69  92  22  76  30  14   0  27  20  64  25  36  96  93  96 
 63  50  39  16  77  35  63  86  55   8  34  71   0  18  97  94  73  23  75  12 
 55  18   8  78  64  43  37  97  36  39  60  85  87   0   8  83   7  72  44  19 
 42  27  47  41  22   8  91  91  86  92  18  99   3   6   0  68  28  14  44  15 
 40  67   7  36  64  32  34  99  93  91  32  23  19  95  74   0  31  13  53  62 
 89  24  58  85  14   3  19  82  62  29  48  37  21  11  85   2   0  83  59  99 
 99  80  59  22  28  64  24  24  58  19  14  22  89  22  42   5  49   0  56  47 
 90  81  24  83  38  38  12  92  68  63  87  30  32  43  57  69  86  82   0   9 
 20  73  79  83  48  95  40  74  75  66  54  29  30  57  32   6  47  28  55   0 
M1
  0  33   9  51  79  20  94  81  29  60  98  52  76  76  48  28  30  27  28  29 
 15   0  78   7  98  66  82  41  79  86  51  50   8  88  86  89   5  66   4  32 
  5  11   0  60  71  19  24  76  94  81  13  87  49  66   8  63  95   7  39  20 
 58  55  93   0  43  17  55  16  92   8  15  17  36  68  39  54  85  68  49  12 
 25  40   5  80   0  83  19  37  12   4  65  31  83   7  37  54  11   8  62  18 
 18  64  21  21  88   0  82  28  53  17  64  83  57  42  44  90  50  39  64  83 
 14   9  65   3  43   2   0  18  19  49  18  55  43  96  54  65  52  85   9  94 
 98  15  38  41  45  44  38   0  10  76  61   7  82   4  60  23   3  44  12  41 
 24  92  45  74  56  58  70  10   0   4  96   2  71  53  19  58  36  40  28   3 
 50  22  22  44  90  99  15  43  14   0  68  87  63  34  18  11  12  55  57  56 
 53  93  80  59  55  61  13  66  78  36   0  92  65  46  97  44  98  94  35  47 
  2  45  44  83  94  69  92  22  76  30  14   0  27  20  64  25  36  96  93  96 
 63  50  39  16  77  35  63  86  55   8  34  71   0  18  97  94  73  23  75  12 
 55  18   8  78  64  43  37  97  36  39  60  85  87   0   8  83   7  72  44  19 
 42  27  47  41  22   8  91  91  86  92  18  99   3   6   0  68  28  14  44  15 
 40  67   7  36  64  32  34  99  93  91  32  23  19  95  74   0  31  13  53  62 
 89  24  58  85  14   3  19  82  62  29  48  37  21  11  85   2   0  83  59  99 
 99  80  59  22  28  64  24  24  58  19  14  22  89  22  42   5  49   0  56  47 
 90  81  24  83  38  38  12  92  68  63  87  30  32  43  57  69  86  82   0   9 
 20  73  79  83  48  95  40  74  75  66  54  29  30  57  32   6  47  28  55   0 
M2
  0  33   9  51  79  20  94  81  29  60  98  52  76  76  48  28  30  27  28  29 
 15   0  78   7  98  66  82  41  79  86  51  50   8  88  86  89   5  66   4  32 
  5  11   0  60  71  19  24  76  94  81  13  87  49  66   8  63  95   7  39  20 
 58  55  93   0  43  17  55  16  92   8  15  17  36  68  39  54  85  68  49  12 
 25  40   5  80   0  83  19  37  12   4  65  31  83   7  37  54  11   8  62  18 
 18  64  21  21  88   0  82  28  53  17  64  83  57  42  44  90  50  39  64  83 
 14   9  65   3  43   2   0  18  19  49  18  55  43  96  54  65  52  85   9  94 
 98  15  38  41  45  44  38   0  10  76  61   7  82   4  60  23   3  44  12  41 
 24  92  45  74  56  58  70  10   0   4  96   2  71  53  19  58  36  40  28   3 
 50  22  22  44  90  99  15  43  14   0  68  87  63  34  18  11  12  55  57  56 
 53  93  80  59  55  61  13  66  78  36   0  92  65  46  97  44  98  94  35  47 
  2  45  44  83  94  69  92  22  76  30  14   0  27  20  64  25  36  96  93  96 
 63  50  39  16  77  35  63  86  55   8  34  71   0  18  97  94  73  23  75  12 
 55  18   8  78  64  43  37  97  36  39  60  85  87   0   8  83   7  72  44  19 
 42  27  47  41  22   8  91  91  86  92  18  99   3   6   0  68  28  14  44  15 
 40  67   7  36  64  32  34  99  93  91  32  23  19  95  74   0  31  13  53  62 
 89  24  58  85  14   3  19  82  62  29  48  37  21  11  85   2   0  83  59  99 
 99  80  59  22  28  64  24  24  58  19  14  22  89  22  42   5  49   0  56  47 
 90  81  24  83  38  38  12  92  68  63  87  30  32  43  57  69  86  82   0   9 
 20  73  79  83  48  95  40  74  75  66  54  29  30  57  32   6  47  28  55   0 
M3
  0  33   9  51  79  20  94  81  29  60  98  52  76  76  48  28  30  27  28  29 
 15   0  78   7  98  66  82  41  79  86  51  50   8  88  86  89   5  66   4  32 
  5  11   0  60  71  19  24  76  94  81  13  87  49  66   8  63  95   7  39  20 
 58  55  93   0  43  17  55  16  92   8  15  17  36  68  39  54  85  68  49  12 
 25  40   5  80   0  83  19  37  12   4  65  31  83   7  37  54  11   8  62  18 
 18  64  21  21  88   0  82  28  53  17  64  83  57  42  44  90  50  39  64  83 
 14   9  65   3  43   2   0  18  19  49  18  55  43  96  54  65  52  85   9  94 
 98  15  38  41  45  44  38   0  10  76  61   7  82   4  60  23   3  44  12  41 
 24  92  45  74  56  58  70  10   0   4  96   2  71  53  19  58  36  40  28   3 
 50  22  22  44  90  99  15  43  14   0  68  87  63  34  18  11  12  55  57  56 
 53  93  80  59  55  61  13  66  78  36   0  92  65  46  97  44  98  94  35  47 
  2  45  44  83  94  69  92  22  76  30  14   0  27  20  64  25  36  96  93  96 
 63  50  39  16  77  35  63  86  55   8  34  71   0  18  97  94  73  23  75  12 
 55  18   8  78  64  43  37  97  36  39  60  85  87   0   8  83   7  72  44  19 
 42  27  47  41  22   8  91  91  86  92  18  99   3   6   0  68  28  14  44  15 
 40  67   7  36  64  32  34  99  93  91  32  23  19  95  74   0  31  13  53  62 
 89  24  58  85  14   3  19  82  62  29  48  37  21  11  85   2   0  83  59  99 
 99  80  59  22  28  64  24  24  58  19  14  22  89  22  42   5  49   0  56  47 
 90  81  24  83  38  38  12  92  68  63  87  30  32  43  57  69  86  82   0   9 
 20  73  79  83  48  95  40  74  75  66  54  29  30  57  32   6  47  28  55   0 
M4
  0  33   9  51  79  20  94  81  29  60  98  52  76  76  48  28  30  27  28  29 
 15   0  78   7  98  66  82  41  79  86  51  50   8  88  86  89   5  66   4  32 
  5  11   0  60  71  19  24  76  94  81  13  87  49  66   8  63  95   7  39  20 
 58  55  93   0  43  17  55  16  92   8  15  17  36  68  39  54  85  68  49  12 
 25  40   5  80   0  83  19  37  12   4  65  31  83   7  37  54  11   8  62  18 
 18  64  21  21  88   0  82  28  53  17  64  83  57  42  44  90  50  39  64  83 
 14   9  65   3  43   2   0  18  19  49  18  55  43  96  54  65  52  85   9  94 
 98  15  38  41  45  44  38   0  10  76  61   7  82   4  60  23   3  44  12  41 
 24  92  45  74  56  58  70  10   0   4  96   2  71  53  19  58  36  40  28   3 
 50  22  22  44  90  99  15  43  14   0  68  87  63  34  18  11  12  55  57  56 
 53  93  80  59  55  61  13  66  78  36   0  92  65  46  97  44  98  94  35  47 
  2  45  44  83  94  69  92  22  76  30  14   0  27  20  64  25  36  96  93  96 
 63  50  39  16  77  35  63  86  55   8  34  71   0  18  97  94  73  23  75  12 
 55  18   8  78  64  43  37  97  36  39  60  85  87   0   8  83   7  72  44  19 
 42  27  47  41  22   8  91  91  86  92  18  99   3   6   0  68  28  14  44  15 
 40  67   7  36  64  32  34  99  93  91  32  23  19  95  74   0  31  13  53  62 
 89  24  58  85  14   3  19  82  62  29  48  37  21  11  85   2   0  83  59  99 
 99  80  59  22  28  64  24  24  58  19  14  22  89  22  42   5  49   0  56  47 
 90  81  24  83  38  38  12  92  68  63  87  30  32  43  57  69  86  82   0   9 
 20  73  79  83  48  95  40  74  75  66  54  29  30  57  32   6  47  28  55   0 
Reldue
 2085    4    6
 2146    9    6
 1228    8    1
  935    8    3
 1734    9    2
  838    9    1
 2130    5    6
 1642    4    3
 1745    3    8
  335    6    7
  684    7    9
 1092    4    9
 1072    9    2
 1045    4    2
  588    2    3
 1305    4    4
 1691    6    9
  767    9    2
 1320    1    3
 1951    8    5
DDW
 1930  2240
 2001  2291
 1164  1293
  843  1027
 1635  1832
  787   890
 1988  2272
 1513  1771
 1610  1880
  304   366
  632   737
 1006  1179
  979  1165
  945  1144
  552   623
 1210  1400
 1555  1828
  711   823
 1239  1400
 1829  2072
