20   5
MD
  2  3  5  5  5
PT
 76  61   9   1   5  59  53  98  82  72  82  88  53  42  51  84  18  81  20  99 
 18   3  71  93  95   2  66   8  39  42  29  98  47  14  96  45  75  22  83  43 
 76  30  90   2  44  12  11  42  19  65   2  27  99  45  92  91  96  24  59  65 
 15  53  99  24  28  56  64  63   9  39  45  22  52  34  69  73  18  58  16  36 
  4  80  22  97  19  63  12  54  43  55  62  16   5  37  71  70  48  98  20  14 
SSD
M0
  0  52   4  98  69  34  18  30  58  47  97  26  85  30  92  49  30  16  79  97 
 94   0  55  82  30  87  95  88  80  98  94  38  22  99  32  33  82  87  48   2 
 80  42   0  78  85  32  52  47  49  18  56  13   6  49  78  16  34  35  35  12 
 15  15  59   0  51  15  80  79  19  22  31  98  98  22  89  17   6   2  87  13 
 28  16  92  31   0  84  28  25  77  29  32  10  96  99  15  53  79  18  25  38 
 70  74  57   2  68   0  31  82  91  47  59  32  80  94  58  93  26  14  10  11 
 81  30  49  56  11  13   0  59  26  16   5  87  20  65  29  30  92  41  56  76 
 53  97  73  68  93  30  62   0  28  65  52  42  93  84  66  99  31  40  51  32 
 42  44  87  19  62  58  90  69   0  72  56   9  56  90  68  45  66  24  56  55 
 30  92  19   6  75  59  66  13  60   0  26  61  15  27  91  45   9  88   8  11 
  8  80  27  51  80  46  76  94  40  77   0  40  79   9  51  41  26  19  19  18 
  6  51  34  27  76  12  35  72  12  76  60   0  87  15   6  50  22  36  50  27 
 55  21  40  76  40  79  54  24  36  13  11   9   0  56  30  40  82  10  71  62 
 96   4  83  49  86  11  91  92  55  99  73  51  24   0  74  31  54  51  35  58 
 13  81  35  77  96  35  79  67   4  71  57  30   5  67   0  93  36  91  66  55 
 33  23  78  97   5  79  50  74  26  93  26  59  80  65   8   0  59   3  86  93 
 93  56  49  43  92  42  32  86  80  61  88  59  55  37  37  43   0  91  48  28 
 31  76  36  49  51  61  51  55  20  25  19  46  67  42  24  61  53   0  70  38 
 52  49  73  19  10  36  93  20  97  28  86  68  70  15  48  71  47  75   0   7 
  9  69  94  14  60  96  95  56  52  65  76  18  63  75  56  38  25  19  91   0 
M1
  0  52   4  98  69  34  18  30  58  47  97  26  85  30  92  49  30  16  79  97 
 94   0  55  82  30  87  95  88  80  98  94  38  22  99  32  33  82  87  48   2 
 80  42   0  78  85  32  52  47  49  18  56  13   6  49  78  16  34  35  35  12 
 15  15  59   0  51  15  80  79  19  22  31  98  98  22  89  17   6   2  87  13 
 28  16  92  31   0  84  28  25  77  29  32  10  96  99  15  53  79  18  25  38 
 70  74  57   2  68   0  31  82  91  47  59  32  80  94  58  93  26  14  10  11 
 81  30  49  56  11  13   0  59  26  16   5  87  20  65  29  30  92  41  56  76 
 53  97  73  68  93  30  62   0  28  65  52  42  93  84  66  99  31  40  51  32 
 42  44  87  19  62  58  90  69   0  72  56   9  56  90  68  45  66  24  56  55 
 30  92  19   6  75  59  66  13  60   0  26  61  15  27  91  45   9  88   8  11 
  8  80  27  51  80  46  76  94  40  77   0  40  79   9  51  41  26  19  19  18 
  6  51  34  27  76  12  35  72  12  76  60   0  87  15   6  50  22  36  50  27 
 55  21  40  76  40  79  54  24  36  13  11   9   0  56  30  40  82  10  71  62 
 96   4  83  49  86  11  91  92  55  99  73  51  24   0  74  31  54  51  35  58 
 13  81  35  77  96  35  79  67   4  71  57  30   5  67   0  93  36  91  66  55 
 33  23  78  97   5  79  50  74  26  93  26  59  80  65   8   0  59   3  86  93 
 93  56  49  43  92  42  32  86  80  61  88  59  55  37  37  43   0  91  48  28 
 31  76  36  49  51  61  51  55  20  25  19  46  67  42  24  61  53   0  70  38 
 52  49  73  19  10  36  93  20  97  28  86  68  70  15  48  71  47  75   0   7 
  9  69  94  14  60  96  95  56  52  65  76  18  63  75  56  38  25  19  91   0 
M2
  0  52   4  98  69  34  18  30  58  47  97  26  85  30  92  49  30  16  79  97 
 94   0  55  82  30  87  95  88  80  98  94  38  22  99  32  33  82  87  48   2 
 80  42   0  78  85  32  52  47  49  18  56  13   6  49  78  16  34  35  35  12 
 15  15  59   0  51  15  80  79  19  22  31  98  98  22  89  17   6   2  87  13 
 28  16  92  31   0  84  28  25  77  29  32  10  96  99  15  53  79  18  25  38 
 70  74  57   2  68   0  31  82  91  47  59  32  80  94  58  93  26  14  10  11 
 81  30  49  56  11  13   0  59  26  16   5  87  20  65  29  30  92  41  56  76 
 53  97  73  68  93  30  62   0  28  65  52  42  93  84  66  99  31  40  51  32 
 42  44  87  19  62  58  90  69   0  72  56   9  56  90  68  45  66  24  56  55 
 30  92  19   6  75  59  66  13  60   0  26  61  15  27  91  45   9  88   8  11 
  8  80  27  51  80  46  76  94  40  77   0  40  79   9  51  41  26  19  19  18 
  6  51  34  27  76  12  35  72  12  76  60   0  87  15   6  50  22  36  50  27 
 55  21  40  76  40  79  54  24  36  13  11   9   0  56  30  40  82  10  71  62 
 96   4  83  49  86  11  91  92  55  99  73  51  24   0  74  31  54  51  35  58 
 13  81  35  77  96  35  79  67   4  71  57  30   5  67   0  93  36  91  66  55 
 33  23  78  97   5  79  50  74  26  93  26  59  80  65   8   0  59   3  86  93 
 93  56  49  43  92  42  32  86  80  61  88  59  55  37  37  43   0  91  48  28 
 31  76  36  49  51  61  51  55  20  25  19  46  67  42  24  61  53   0  70  38 
 52  49  73  19  10  36  93  20  97  28  86  68  70  15  48  71  47  75   0   7 
  9  69  94  14  60  96  95  56  52  65  76  18  63  75  56  38  25  19  91   0 
M3
  0  52   4  98  69  34  18  30  58  47  97  26  85  30  92  49  30  16  79  97 
 94   0  55  82  30  87  95  88  80  98  94  38  22  99  32  33  82  87  48   2 
 80  42   0  78  85  32  52  47  49  18  56  13   6  49  78  16  34  35  35  12 
 15  15  59   0  51  15  80  79  19  22  31  98  98  22  89  17   6   2  87  13 
 28  16  92  31   0  84  28  25  77  29  32  10  96  99  15  53  79  18  25  38 
 70  74  57   2  68   0  31  82  91  47  59  32  80  94  58  93  26  14  10  11 
 81  30  49  56  11  13   0  59  26  16   5  87  20  65  29  30  92  41  56  76 
 53  97  73  68  93  30  62   0  28  65  52  42  93  84  66  99  31  40  51  32 
 42  44  87  19  62  58  90  69   0  72  56   9  56  90  68  45  66  24  56  55 
 30  92  19   6  75  59  66  13  60   0  26  61  15  27  91  45   9  88   8  11 
  8  80  27  51  80  46  76  94  40  77   0  40  79   9  51  41  26  19  19  18 
  6  51  34  27  76  12  35  72  12  76  60   0  87  15   6  50  22  36  50  27 
 55  21  40  76  40  79  54  24  36  13  11   9   0  56  30  40  82  10  71  62 
 96   4  83  49  86  11  91  92  55  99  73  51  24   0  74  31  54  51  35  58 
 13  81  35  77  96  35  79  67   4  71  57  30   5  67   0  93  36  91  66  55 
 33  23  78  97   5  79  50  74  26  93  26  59  80  65   8   0  59   3  86  93 
 93  56  49  43  92  42  32  86  80  61  88  59  55  37  37  43   0  91  48  28 
 31  76  36  49  51  61  51  55  20  25  19  46  67  42  24  61  53   0  70  38 
 52  49  73  19  10  36  93  20  97  28  86  68  70  15  48  71  47  75   0   7 
  9  69  94  14  60  96  95  56  52  65  76  18  63  75  56  38  25  19  91   0 
M4
  0  52   4  98  69  34  18  30  58  47  97  26  85  30  92  49  30  16  79  97 
 94   0  55  82  30  87  95  88  80  98  94  38  22  99  32  33  82  87  48   2 
 80  42   0  78  85  32  52  47  49  18  56  13   6  49  78  16  34  35  35  12 
 15  15  59   0  51  15  80  79  19  22  31  98  98  22  89  17   6   2  87  13 
 28  16  92  31   0  84  28  25  77  29  32  10  96  99  15  53  79  18  25  38 
 70  74  57   2  68   0  31  82  91  47  59  32  80  94  58  93  26  14  10  11 
 81  30  49  56  11  13   0  59  26  16   5  87  20  65  29  30  92  41  56  76 
 53  97  73  68  93  30  62   0  28  65  52  42  93  84  66  99  31  40  51  32 
 42  44  87  19  62  58  90  69   0  72  56   9  56  90  68  45  66  24  56  55 
 30  92  19   6  75  59  66  13  60   0  26  61  15  27  91  45   9  88   8  11 
  8  80  27  51  80  46  76  94  40  77   0  40  79   9  51  41  26  19  19  18 
  6  51  34  27  76  12  35  72  12  76  60   0  87  15   6  50  22  36  50  27 
 55  21  40  76  40  79  54  24  36  13  11   9   0  56  30  40  82  10  71  62 
 96   4  83  49  86  11  91  92  55  99  73  51  24   0  74  31  54  51  35  58 
 13  81  35  77  96  35  79  67   4  71  57  30   5  67   0  93  36  91  66  55 
 33  23  78  97   5  79  50  74  26  93  26  59  80  65   8   0  59   3  86  93 
 93  56  49  43  92  42  32  86  80  61  88  59  55  37  37  43   0  91  48  28 
 31  76  36  49  51  61  51  55  20  25  19  46  67  42  24  61  53   0  70  38 
 52  49  73  19  10  36  93  20  97  28  86  68  70  15  48  71  47  75   0   7 
  9  69  94  14  60  96  95  56  52  65  76  18  63  75  56  38  25  19  91   0 
Reldue
 1146    8    9
 2017    4    1
  916    1    7
 1388    8    2
 1641    3    3
 1142    9    4
 1726    3    5
 1072    2    7
 1621    5    9
 1114    8    7
 1748    2    6
 1773    6    5
 1731    4    2
 1490    6    7
 1087    9    6
 2223    9    8
 1718    3    8
 1707    3    2
 1139    4    8
 1706    2    4
DDW
 1073  1219
 1844  2189
  852   980
 1308  1467
 1530  1752
 1061  1223
 1585  1868
  988  1157
 1518  1724
 1016  1213
 1617  1879
 1615  1930
 1572  1889
 1380  1600
 1030  1145
 2036  2410
 1594  1841
 1550  1865
 1039  1239
 1596  1817
