20   5
MD
  5  4  5  5  2
PT
 81  21  33  94  16  63  50  60  25  50  60  23  16  51  39  35  80  39  66   1 
 75  94  50  22  38  38  37  94  74  47  93  60  70  77  54  44   8  18  84  78 
 48  41  63  36  75  44  72  62  71  80   3  12  78  64  55  89  12  35  86  15 
 90  63  64  32  29  49  74  23  28  45  71  34  21  47  67   4  72  32  56  76 
 55  83   4   2  25   2  46  54  19  68  61  38  46   4  60  55  21  95  51  32 
SSD
M0
  0  67  59  17  26  81  46  39   5   1  86  58  28   4  59  94  33   7  99   9 
 52   0  93  14  30  27  11  66  53  51  17  32  60  73  39  20   7  53  91  40 
  8  94   0  87  97  49  68  69  79   8  95  39  12  29  58  60  31  85   6  79 
 75  58  62   0  68  59   5  36  55  12  27  79  75  70  78  77  64  31  60  73 
 45   7  75  19   0  76  31   5  86  76  39  21  44   5  89  82  39  60  39   5 
 76  33  66  61  22   0  98  66  50  79  38  27  36  85  48  72  45  80  54  97 
 59  26   4   5  77  88   0  26  84  41  56   1  27  99  73  30  51  79  38  74 
 43  96  64  56  48  57  34   0  15   3  94  19  68  98   7  64  61  98  47  73 
 93  27  20  16  81  29  11  48   0  58  70  58  19  11   1  10  32  56  16  84 
 97  54  95  88  91  28  75  58  70   0  10   8  75  53  43  67   6  78  65  45 
 97  46  61  80  82  63  61  59  85  60   0  71  70   4  43  96  52  44  23  13 
  9  43  55  52  12   9  78  67  23  91  44   0  77  38   7  57  33   8   5  37 
 52  92  78  57  40   5  88  26  36  63  30  76   0  52  73  34  52  17  83  60 
 96   4  18  16  10  57  54  89  14  40  66  13  41   0  24  73  73  87  81  69 
 19  94  42  21  93  70  32  34   9  49  43  13  75  74   0  56  55  21  54  41 
 55  13  48  70  72   7  86  57  63  28  19  47  90  56  13   0  59   3  37  38 
  3  63  33  35  66  25  50  84  54  16  70  41  15  66  75  66   0  26  95  15 
 21  78  47  16  38  56  95  78  79  63  41  15  43  63   4  89  36   0  57  28 
 27  47  64  76  41  93  85  20  12  60  79  16  37  51  39  36  52  85   0  39 
 73  30  38  21  55  89  68  49  74  55  17  33   8  72  60   4   9  53  12   0 
M1
  0  67  59  17  26  81  46  39   5   1  86  58  28   4  59  94  33   7  99   9 
 52   0  93  14  30  27  11  66  53  51  17  32  60  73  39  20   7  53  91  40 
  8  94   0  87  97  49  68  69  79   8  95  39  12  29  58  60  31  85   6  79 
 75  58  62   0  68  59   5  36  55  12  27  79  75  70  78  77  64  31  60  73 
 45   7  75  19   0  76  31   5  86  76  39  21  44   5  89  82  39  60  39   5 
 76  33  66  61  22   0  98  66  50  79  38  27  36  85  48  72  45  80  54  97 
 59  26   4   5  77  88   0  26  84  41  56   1  27  99  73  30  51  79  38  74 
 43  96  64  56  48  57  34   0  15   3  94  19  68  98   7  64  61  98  47  73 
 93  27  20  16  81  29  11  48   0  58  70  58  19  11   1  10  32  56  16  84 
 97  54  95  88  91  28  75  58  70   0  10   8  75  53  43  67   6  78  65  45 
 97  46  61  80  82  63  61  59  85  60   0  71  70   4  43  96  52  44  23  13 
  9  43  55  52  12   9  78  67  23  91  44   0  77  38   7  57  33   8   5  37 
 52  92  78  57  40   5  88  26  36  63  30  76   0  52  73  34  52  17  83  60 
 96   4  18  16  10  57  54  89  14  40  66  13  41   0  24  73  73  87  81  69 
 19  94  42  21  93  70  32  34   9  49  43  13  75  74   0  56  55  21  54  41 
 55  13  48  70  72   7  86  57  63  28  19  47  90  56  13   0  59   3  37  38 
  3  63  33  35  66  25  50  84  54  16  70  41  15  66  75  66   0  26  95  15 
 21  78  47  16  38  56  95  78  79  63  41  15  43  63   4  89  36   0  57  28 
 27  47  64  76  41  93  85  20  12  60  79  16  37  51  39  36  52  85   0  39 
 73  30  38  21  55  89  68  49  74  55  17  33   8  72  60   4   9  53  12   0 
M2
  0  67  59  17  26  81  46  39   5   1  86  58  28   4  59  94  33   7  99   9 
 52   0  93  14  30  27  11  66  53  51  17  32  60  73  39  20   7  53  91  40 
  8  94   0  87  97  49  68  69  79   8  95  39  12  29  58  60  31  85   6  79 
 75  58  62   0  68  59   5  36  55  12  27  79  75  70  78  77  64  31  60  73 
 45   7  75  19   0  76  31   5  86  76  39  21  44   5  89  82  39  60  39   5 
 76  33  66  61  22   0  98  66  50  79  38  27  36  85  48  72  45  80  54  97 
 59  26   4   5  77  88   0  26  84  41  56   1  27  99  73  30  51  79  38  74 
 43  96  64  56  48  57  34   0  15   3  94  19  68  98   7  64  61  98  47  73 
 93  27  20  16  81  29  11  48   0  58  70  58  19  11   1  10  32  56  16  84 
 97  54  95  88  91  28  75  58  70   0  10   8  75  53  43  67   6  78  65  45 
 97  46  61  80  82  63  61  59  85  60   0  71  70   4  43  96  52  44  23  13 
  9  43  55  52  12   9  78  67  23  91  44   0  77  38   7  57  33   8   5  37 
 52  92  78  57  40   5  88  26  36  63  30  76   0  52  73  34  52  17  83  60 
 96   4  18  16  10  57  54  89  14  40  66  13  41   0  24  73  73  87  81  69 
 19  94  42  21  93  70  32  34   9  49  43  13  75  74   0  56  55  21  54  41 
 55  13  48  70  72   7  86  57  63  28  19  47  90  56  13   0  59   3  37  38 
  3  63  33  35  66  25  50  84  54  16  70  41  15  66  75  66   0  26  95  15 
 21  78  47  16  38  56  95  78  79  63  41  15  43  63   4  89  36   0  57  28 
 27  47  64  76  41  93  85  20  12  60  79  16  37  51  39  36  52  85   0  39 
 73  30  38  21  55  89  68  49  74  55  17  33   8  72  60   4   9  53  12   0 
M3
  0  67  59  17  26  81  46  39   5   1  86  58  28   4  59  94  33   7  99   9 
 52   0  93  14  30  27  11  66  53  51  17  32  60  73  39  20   7  53  91  40 
  8  94   0  87  97  49  68  69  79   8  95  39  12  29  58  60  31  85   6  79 
 75  58  62   0  68  59   5  36  55  12  27  79  75  70  78  77  64  31  60  73 
 45   7  75  19   0  76  31   5  86  76  39  21  44   5  89  82  39  60  39   5 
 76  33  66  61  22   0  98  66  50  79  38  27  36  85  48  72  45  80  54  97 
 59  26   4   5  77  88   0  26  84  41  56   1  27  99  73  30  51  79  38  74 
 43  96  64  56  48  57  34   0  15   3  94  19  68  98   7  64  61  98  47  73 
 93  27  20  16  81  29  11  48   0  58  70  58  19  11   1  10  32  56  16  84 
 97  54  95  88  91  28  75  58  70   0  10   8  75  53  43  67   6  78  65  45 
 97  46  61  80  82  63  61  59  85  60   0  71  70   4  43  96  52  44  23  13 
  9  43  55  52  12   9  78  67  23  91  44   0  77  38   7  57  33   8   5  37 
 52  92  78  57  40   5  88  26  36  63  30  76   0  52  73  34  52  17  83  60 
 96   4  18  16  10  57  54  89  14  40  66  13  41   0  24  73  73  87  81  69 
 19  94  42  21  93  70  32  34   9  49  43  13  75  74   0  56  55  21  54  41 
 55  13  48  70  72   7  86  57  63  28  19  47  90  56  13   0  59   3  37  38 
  3  63  33  35  66  25  50  84  54  16  70  41  15  66  75  66   0  26  95  15 
 21  78  47  16  38  56  95  78  79  63  41  15  43  63   4  89  36   0  57  28 
 27  47  64  76  41  93  85  20  12  60  79  16  37  51  39  36  52  85   0  39 
 73  30  38  21  55  89  68  49  74  55  17  33   8  72  60   4   9  53  12   0 
M4
  0  67  59  17  26  81  46  39   5   1  86  58  28   4  59  94  33   7  99   9 
 52   0  93  14  30  27  11  66  53  51  17  32  60  73  39  20   7  53  91  40 
  8  94   0  87  97  49  68  69  79   8  95  39  12  29  58  60  31  85   6  79 
 75  58  62   0  68  59   5  36  55  12  27  79  75  70  78  77  64  31  60  73 
 45   7  75  19   0  76  31   5  86  76  39  21  44   5  89  82  39  60  39   5 
 76  33  66  61  22   0  98  66  50  79  38  27  36  85  48  72  45  80  54  97 
 59  26   4   5  77  88   0  26  84  41  56   1  27  99  73  30  51  79  38  74 
 43  96  64  56  48  57  34   0  15   3  94  19  68  98   7  64  61  98  47  73 
 93  27  20  16  81  29  11  48   0  58  70  58  19  11   1  10  32  56  16  84 
 97  54  95  88  91  28  75  58  70   0  10   8  75  53  43  67   6  78  65  45 
 97  46  61  80  82  63  61  59  85  60   0  71  70   4  43  96  52  44  23  13 
  9  43  55  52  12   9  78  67  23  91  44   0  77  38   7  57  33   8   5  37 
 52  92  78  57  40   5  88  26  36  63  30  76   0  52  73  34  52  17  83  60 
 96   4  18  16  10  57  54  89  14  40  66  13  41   0  24  73  73  87  81  69 
 19  94  42  21  93  70  32  34   9  49  43  13  75  74   0  56  55  21  54  41 
 55  13  48  70  72   7  86  57  63  28  19  47  90  56  13   0  59   3  37  38 
  3  63  33  35  66  25  50  84  54  16  70  41  15  66  75  66   0  26  95  15 
 21  78  47  16  38  56  95  78  79  63  41  15  43  63   4  89  36   0  57  28 
 27  47  64  76  41  93  85  20  12  60  79  16  37  51  39  36  52  85   0  39 
 73  30  38  21  55  89  68  49  74  55  17  33   8  72  60   4   9  53  12   0 
Reldue
 1209    4    9
 2197    2    5
 1156    1    8
 1031    9    5
  714    1    2
  903    9    3
  938    3    2
 1219    3    6
  902    7    6
  641    7    4
 1844    6    5
  834    7    6
  952    1    5
  666    8    1
 1490    7    3
 1554    1    3
 1298    5    2
 1599    4    3
 1780    9    7
 1182    7    3
DDW
 1131  1287
 2050  2344
 1041  1270
  960  1101
  659   768
  842   963
  871  1005
 1113  1325
  813   990
  589   692
 1748  1941
  752   916
  901  1002
  610   723
 1393  1588
 1410  1699
 1206  1391
 1464  1733
 1672  1888
 1097  1268
