50   8
MD
  4  4  3  2  4  3  4  5
PT
 44  60  69  92  24  53  63  55  88  33  22  21  55  62  78  83  99  18  39  99  27  61  75  37   4  39  18  44  22   1  25  17  70  81  30  94  60  97  92  70  97  43  13  38  61  62   4  71  27  72 
 51  65   2  36  55  12  65  60  65  74  98   5  31  33  16  63   6  63  18  47  65  33  11  85  18  18  49  81  33  77   3  81   4  31  82  30  76  21  61  98   2  12  83  95  56  51  94  54  32  93 
 26  57   2  88  91  55  41  34  91  46  18  14  92  32  93  45  75  63  79  39  49  27  39  81  14  13   7  41  79  78  91  32   6  42  25  46  98  41  99  78  18   8   9  98  26   4  92  74  36  37 
 67  83  59  46  11  99   8  23  42  19  32  94  37  77  57  51  55  39  66  95  21  71   7  97  86  46  28  97  90  61  66  50  80  72  48  98  60  10  89  85  57  27  44  80  12  77  99  99  14   5 
 90  96  84  74   3  40  82  66  43  52  81  18  27  98  80  53  15  37  23  26  55  37  85  44  64  67  58  20  10  64  50  54   8   4  79  73  56  53  88  37  72  61   6  21  12  44  54  90  40  95 
  2  85  30  20  35  88  57  21  83  23  72  23  52  54   2   6  67  39  36  82  85  12  57  54   2  71  37  49   3   5  48  69  66  24  92  30  99   6  90   7  55  64  69  73  84  76  17  77  45  16 
 39  43  28  35  15  84  63  79  18  50  57  22  22  63  20  74  88  80  57  20  68   4  67  79  96  85  93  37  49  81  60  15  40  75  95  66  14  27   6  60  95  68  37  76  38   3  70  72  19  24 
 84  90  59  49  15  69  46  86  88  31  82  99  87  56  21  78  56  38  99   5  28  56  50   4  74  59  86  26  85  73  43  39  79  84   2  81   6  89  59  57  34   5  81  86  62  62  18  15  10  44 
SSD
M0
  0  19  62  45  73  75  28  24  34  62  49  20  73  39  87  23  45  29  58  69  87  26  53  74  56  11  76  37  77   2  40  60  44  91  43  34  55  44  51  46  53  65  96  59  87  98  91  58  36  23 
 89   0  91  70  57  63  79  30  59  78  18  32  95  38  19  17  66  30  99  70  57   4  62  62  98  20  39  29  53  83  61  14  78  54  43  35  58  58  89  72  95  71  86  78  20  34  92  45  54  95 
 43  64   0   7  51  88  35  12  39  28  50  80  55  44  74   4  45  85  56  85  43  17  40  78  24  77  68  13  90  53  39  98  24  94   3  30  15  66   4  92  39  71  62  20  31  46   2  54   7  33 
 75  52  17   0  70  75  49   6  11   7   8  11  39  99  94  43  69  51  38  50  85  54  49  73  48  56  31  37  46  62  36  86  24  84  77  69  37  64  38  27  58  13   5  45  47  53  92  98  35  52 
 31   2  54  95   0  60  65  30  50  65  34  65  86  98  17  71  67  69   7  40  92  82  76  48  27  23  53  16   7  21  22  92  28  52  76  99  32  30  92  72  82  51  98  18  76  41   5  41  91   7 
  7  36  43  51  63   0  11  99  29  86  32   6  31  74  52  20  66  36  81  93   9  82  84  41  31   5  65  34  20  74   2  36  67  38  94  71  20   6  29  14   3   4  22  92  56  64  40  15  59  45 
 53   9  87  72  80  34   0  99  69  18  94  44  92  96  39  50  16  36  48  21  25  54  60  19  77  76  88  65  33  20  82  71  65  89  52  61  85  85  32  26  61  46  99  58  58  34  27  62  97  59 
 65  12  57   4  13  84  17   0  99  90  94   1  60  79  74  46  43  87  90   3  88  17  79   6  80  52  91  73  16  20  45  93  49  70  57  91  55  54  95  89  92  42  48  90  84  91   4  69  11  97 
 81  82  78  73   5  64  17  54   0  12  83  51  83  66  63  54  82  68  33  97  74  49  14  96  69  18  38  39  56   8  31  16  85  84  86   3  80  94  83  96  62  95  52  21   1  83  91  74  15  90 
  9  45   9  66  37  44  17  81  51   0  16  74  67  16  45  26  10  41  41  65  98  27  53  49   8  24  57  96  73  89  59  57  87  18  92   1   1  74  24  61  35  70  83  10  46  70   6   2  40  70 
 77  21  53  67  20  47   6  32  63  22   0   5  33  62  85  41  98  66   9  97  14   9  23  67  66  34  58  17  32  31  76  81  11  51  77  41  76  54  78  16  69  72   1  65  89  63  93  24  38  67 
  6  32  82  63  64  13  34  52  26  34  96   0   1  75  77  19  72  47  16  39  75  32  50  64  64  60  56  28  74  66  69  83  76  25  66  11  11   8  54  95  59  18  71  87  17  70  94  51  42  21 
 68  58  16  43  37   6  30  74  61  23  46  53   0  66   5  16  84  60  89  57  84  36  33  38  15  75  11  92  84  85  12  24   6  78  19  52  17  53  93  95  49  51  55  34  82  10  45  76  39   8 
  8  53   3  22  16  63  83   7  52  47   6  61  11   0  89  25  11  35  38  41   3  96  74  84  92   8  10  10   2  44  50  39  53  69  17   3  60  65  78  43  79  35  89  82  18  62  61  76  31  80 
 17  28  92  76  60  77  39  26  34  76  51  67  79  88   0  62  21  43  47  17  30  56   6  57  50  90  34  50  68  19  98  76  15  23  83  24  20  66  25  99  59  50  48  76  35  46  12  87  86  40 
 20  19  51  37  98  74   1  94   8  32  83  64  91  58  37   0  77  90  66  62  78  88  42  50  94  75  25  76  73  67  81  27  78  44   8   6  14   7  60  21  17  54  35  31  34  57  91   3  55  83 
 97  71  81  68  80  99  95  62  38  32  39  65  62  42  53  67   0  65  14  55  24  48  33  83   7  96  78  46  20  24  54  12  60  84  67  52  86  94   6  22  33  26  45   7  25  78  85  44  95  42 
 14  53  95  36  37  71  50  93  46   3  12  18  72  50  45  76  26   0  61  97  33  52  72  70  66  95  58  55  18  80  11  56  17  61  26  24  90  33  38  86  95  55  52  24  14  79   4  73  55   4 
 71  20  54  87  44   8   3  51  71  25  57  17  30  74  42  99  18  17   0  41  76  10  91  18   7  90  61  82  75  22  16  37  29  76  30  43  29  61  19  14  21  60  91  41  59  41  17  59   3   5 
 21  73  66   3  62  84  94  22  33   2  78  65  84  68  76  50  83  84  98   0  46  83  14  25  42  92  99  23  99  45  72  21  99  76  78  96  99  78  42  91  50  15  60  88  60   2  81  46  23  75 
 66  74  68  29  56   7   5  92  76  94  88  93  54  29  69  73  61  62  11  38   0  71  55  71  66   7  58   4  43  37  42  73  13  81  10  78  43  27  45   5  33  55  48  75  86  13  39  92  12  15 
 75  95  76  76  10  70  15   8  35  65  54  26  65  93  57   1  11  12  56  73  35   0  85  44   1  71  23  21  23  39  85  60  52   9  49   3  53  37  21  45  10  18  34  14  95  23  75  72  68  65 
  7   5  74  17  20  43  96  52  73  52  62  50  13  78  69  67   4  98  99  11  17  47   0  81  31  23  71   6  69  81  26  73  89  61  17  40  44  19  82  82  17  57  54  11  62  53  59  78  67  38 
  7  59  22  86  27  97  61  12  37  88  87  90  78  38  53  80  50  97  19  71  22  34  25   0  11  24  64  34  48  55   7  48  28   1  57  68  10  13  82  41  91  88  31  90  39  99  34  34  48  18 
 29  87  10  71  42  14  48  55  30  31  18  91  45  52  55  70  42  58  50  32  73  31  39  53   0  46  73  10  16  50  18  53  49  24  41  91  85  57  48  26  79  34  51  29  23   5  76  41  64  35 
 94  66  16  14   3  71   2  99   4  84  58  86  95  43  10  51  18  75  68  18   8   5   1  66  18   0  34   8  55  28  51  49  82  63  35  89  56  79  35  23  47  15  56  89  83   2  73  79  22  45 
 30  23  23  15  64  11  15  22  93  92  34  29   1  29  37  24   1  67  41   6  74  93  17  30  56  56   0   1  72  30  27  70  29  72  80  52  36  78  98  62  44  95  24  68  87  80  21  23  80  84 
 52  90  62  38  44   9  52   6  72  34   1  93  37  87  11  97   4   7  76  19  93  30  16  13  78  55  40   0   7  75   3   7  82  87   9  27  65   8  69  10  91  89  92  59  49  60  95  12  59  28 
  2  85  63  30  76  17  71  64   7  34  66  81  88  60  35  45  71  36  31  84  52  95  89   3  29  84  69   7   0  88  85  74  30  51  16  90  62  21  63  60  86  63  85  35  32  62  62  26  85  62 
 84  75  67  37  12  55  18  15  57  74  81  10  47  27   6  42  82  27  61   2  51  37  60  10  46  47   8  39  98   0  31  80  91  15  61   4  86  15  57  65  84  18  25  75   2  22  42  48  48  77 
 48  25   7  40  20  20  67  93  25  62  22  11  84  37  86  59  81  25  27  51  35  33  12  69  69  85  44  94  95  96   0   7  32  34  53  82  90  14  92  94  30  43  98  57  26  40  44  35  10  74 
 78  12  93  15  95  68  66  31  56   2  13  33  29  32  18   8  24  44  84  81   7  77  81  31  41  72  15  78  64  57  53   0  94  22  60  47  68  26  26  87  98   7  25  14   2  67  25  75  52   4 
 10  46  45  93  86   2  91  27  61  62  37   7  69  45  57  29  50  73  10  37  19   7  31  50  35  16  99  24  53  93  18  51   0  63  45  53  41  18  58  14  14  10   6  47  21  21   9  75  35  28 
 73  13  49  42  37  23  11  47  32  89  80   5  42   3  38  26  69  76  25  53  26  95  53  19  61  64  56  67  25   6  91  33  40   0  67  37  70  23  32   1  16  89  23  93  48  60  40  99  63  11 
 79  47  66  17  78  87  77   2  43  83  80  93   2  72  69  12  80  16  16  74  75  42  66  41  68  72  38  39  32  88  80   8  14  53   0  96  78  94  81  82  39  98  84  73  73  92  40  20  90  43 
 74  92  79  73  13  92  25  77  35  46  11  93  75  20  65   2  78  46  48  81  59  92  14  84  25  59  67  78  55  19  81  29  43   3  15   0   4  63   4  86  24   5  53  68   6  87  65  63  18  53 
  3  93  59  87  27  69  15  58  79  99  68  67  60  59  60   9  85  71  61  20  36  87  64  81  16  78  33  92  16  64  45  42  30  70  90  38   0  15  74   8  79  77  76  29   8  39  55  85  33  13 
  5   7  43  72  63   5  97  94  73  61  15  23  73  51  38  85  38  10  81  33  68  72  36  87  10  68  15  65  40  22   7  80  76  44  55  27  47   0  28  54  57  92  74  99  94  98  54  72  30  37 
 63  35   6  65  50  90  10  94  33  85  60  54  86  44  89  68  41  83   1  26  18  73  67  50  67  97  48  16  43  15  26  77  55  40  49   4  64  13   0  30  84  57  72  31  89  79  24  53  35  19 
 42  12  46  64  13  57  93  85  62  24  78  51  17  12  49  57  41  81  61  21  48  34  99  97  83  46  89   4  91  24  94  90  88  17  68  18  78  73  91   0  24  20  68  57  53  69  58  16  63  16 
 59  50  20  82  13  11  70  88  67  79  92  22  79  94  21  10   5  13  39  84  64  35  22  87  69  38   6  34  10  72  16   3  88  99  85  66  60  95  23  70   0  18  16  16  89  82  37  98  60   1 
 58  21  37   5  84  78  79  79  69  59   8  37  86  42  36  44  52  41  23  46  41  61  88  17  78   1  14   2   1  50  43  84  59  76   1  77  66  20  72  99  31   0  92  27  29  42  57  93  17  24 
 69  59   9   3  37  99  80  69  22  20  49   7  95  57  41   5  58  76  51  36  62  95  33  80  67  12  74  19  39  43  11  75  21  74  16  95  77  81  39  52  23  61   0  24  38   1  23  19  41  33 
 22   8  58  59  77  30  30  36  59  99  45  73  60  89  93  97  79  88  29  87  70  71  86  56  81  47  49  39  75  18  14  22   5   5  70  12  68  88  36  24  99   8  45   0  16  43  88  31  58  28 
 28  52   1  75  57  43  90  43  78  20  30  49   1  50  60  55  39  68  25  97  38   8  41  51  57   5  73  78   7  30  15  21  35  98  10  99  86  11   2  82  47  93  98  11   0  37  53  52  25  87 
 88  30  87  54  40  46  30  98  50  19  67  87  98  47  77   8  63  91  18  13  94  39  79  15  30  75  20   6  55  68  59  30  71  67  40  14  38  57  87   2  18  85  57  82  91   0  50  80  78  70 
 35  59   3   2  79  50  99  32  69  71  53  81  32   7  60  81  25  50  41  93   5  80  67  50  48  83  27   2  44  33  72  14  63  79  12  35  53  72  19  42  98  20  92  36  22   7   0  44  69  59 
 43  45   7  61  55  79   4  90  20  29  56  90  64   7  65  76  10  20  54  83   3  67  58  41  31  29  21  35  99  61  40  41  20  43  13  43   9  41  55  88   1  99  86  22  75  19  71   0  32  40 
 93  86  87  45  58  87  60  92  64  61  38  63  71  85  48  48  79  39  85  48  89  52  76  68  42   9  78  26  46  84  89  99  79  19  90  73  72  59  39  45  73  38  65  88  31  10  16  50   0  99 
 30  35  72   2  46  64  10  82   2  97  71  18  25  28   9  75  71  68  27  99  26  27  34  32  69  16  23  53  75  86  49  54  39  17  22  23  81  91  19  57  44  63  78  34  35  73  11  20  31   0 
M1
  0  19  62  45  73  75  28  24  34  62  49  20  73  39  87  23  45  29  58  69  87  26  53  74  56  11  76  37  77   2  40  60  44  91  43  34  55  44  51  46  53  65  96  59  87  98  91  58  36  23 
 89   0  91  70  57  63  79  30  59  78  18  32  95  38  19  17  66  30  99  70  57   4  62  62  98  20  39  29  53  83  61  14  78  54  43  35  58  58  89  72  95  71  86  78  20  34  92  45  54  95 
 43  64   0   7  51  88  35  12  39  28  50  80  55  44  74   4  45  85  56  85  43  17  40  78  24  77  68  13  90  53  39  98  24  94   3  30  15  66   4  92  39  71  62  20  31  46   2  54   7  33 
 75  52  17   0  70  75  49   6  11   7   8  11  39  99  94  43  69  51  38  50  85  54  49  73  48  56  31  37  46  62  36  86  24  84  77  69  37  64  38  27  58  13   5  45  47  53  92  98  35  52 
 31   2  54  95   0  60  65  30  50  65  34  65  86  98  17  71  67  69   7  40  92  82  76  48  27  23  53  16   7  21  22  92  28  52  76  99  32  30  92  72  82  51  98  18  76  41   5  41  91   7 
  7  36  43  51  63   0  11  99  29  86  32   6  31  74  52  20  66  36  81  93   9  82  84  41  31   5  65  34  20  74   2  36  67  38  94  71  20   6  29  14   3   4  22  92  56  64  40  15  59  45 
 53   9  87  72  80  34   0  99  69  18  94  44  92  96  39  50  16  36  48  21  25  54  60  19  77  76  88  65  33  20  82  71  65  89  52  61  85  85  32  26  61  46  99  58  58  34  27  62  97  59 
 65  12  57   4  13  84  17   0  99  90  94   1  60  79  74  46  43  87  90   3  88  17  79   6  80  52  91  73  16  20  45  93  49  70  57  91  55  54  95  89  92  42  48  90  84  91   4  69  11  97 
 81  82  78  73   5  64  17  54   0  12  83  51  83  66  63  54  82  68  33  97  74  49  14  96  69  18  38  39  56   8  31  16  85  84  86   3  80  94  83  96  62  95  52  21   1  83  91  74  15  90 
  9  45   9  66  37  44  17  81  51   0  16  74  67  16  45  26  10  41  41  65  98  27  53  49   8  24  57  96  73  89  59  57  87  18  92   1   1  74  24  61  35  70  83  10  46  70   6   2  40  70 
 77  21  53  67  20  47   6  32  63  22   0   5  33  62  85  41  98  66   9  97  14   9  23  67  66  34  58  17  32  31  76  81  11  51  77  41  76  54  78  16  69  72   1  65  89  63  93  24  38  67 
  6  32  82  63  64  13  34  52  26  34  96   0   1  75  77  19  72  47  16  39  75  32  50  64  64  60  56  28  74  66  69  83  76  25  66  11  11   8  54  95  59  18  71  87  17  70  94  51  42  21 
 68  58  16  43  37   6  30  74  61  23  46  53   0  66   5  16  84  60  89  57  84  36  33  38  15  75  11  92  84  85  12  24   6  78  19  52  17  53  93  95  49  51  55  34  82  10  45  76  39   8 
  8  53   3  22  16  63  83   7  52  47   6  61  11   0  89  25  11  35  38  41   3  96  74  84  92   8  10  10   2  44  50  39  53  69  17   3  60  65  78  43  79  35  89  82  18  62  61  76  31  80 
 17  28  92  76  60  77  39  26  34  76  51  67  79  88   0  62  21  43  47  17  30  56   6  57  50  90  34  50  68  19  98  76  15  23  83  24  20  66  25  99  59  50  48  76  35  46  12  87  86  40 
 20  19  51  37  98  74   1  94   8  32  83  64  91  58  37   0  77  90  66  62  78  88  42  50  94  75  25  76  73  67  81  27  78  44   8   6  14   7  60  21  17  54  35  31  34  57  91   3  55  83 
 97  71  81  68  80  99  95  62  38  32  39  65  62  42  53  67   0  65  14  55  24  48  33  83   7  96  78  46  20  24  54  12  60  84  67  52  86  94   6  22  33  26  45   7  25  78  85  44  95  42 
 14  53  95  36  37  71  50  93  46   3  12  18  72  50  45  76  26   0  61  97  33  52  72  70  66  95  58  55  18  80  11  56  17  61  26  24  90  33  38  86  95  55  52  24  14  79   4  73  55   4 
 71  20  54  87  44   8   3  51  71  25  57  17  30  74  42  99  18  17   0  41  76  10  91  18   7  90  61  82  75  22  16  37  29  76  30  43  29  61  19  14  21  60  91  41  59  41  17  59   3   5 
 21  73  66   3  62  84  94  22  33   2  78  65  84  68  76  50  83  84  98   0  46  83  14  25  42  92  99  23  99  45  72  21  99  76  78  96  99  78  42  91  50  15  60  88  60   2  81  46  23  75 
 66  74  68  29  56   7   5  92  76  94  88  93  54  29  69  73  61  62  11  38   0  71  55  71  66   7  58   4  43  37  42  73  13  81  10  78  43  27  45   5  33  55  48  75  86  13  39  92  12  15 
 75  95  76  76  10  70  15   8  35  65  54  26  65  93  57   1  11  12  56  73  35   0  85  44   1  71  23  21  23  39  85  60  52   9  49   3  53  37  21  45  10  18  34  14  95  23  75  72  68  65 
  7   5  74  17  20  43  96  52  73  52  62  50  13  78  69  67   4  98  99  11  17  47   0  81  31  23  71   6  69  81  26  73  89  61  17  40  44  19  82  82  17  57  54  11  62  53  59  78  67  38 
  7  59  22  86  27  97  61  12  37  88  87  90  78  38  53  80  50  97  19  71  22  34  25   0  11  24  64  34  48  55   7  48  28   1  57  68  10  13  82  41  91  88  31  90  39  99  34  34  48  18 
 29  87  10  71  42  14  48  55  30  31  18  91  45  52  55  70  42  58  50  32  73  31  39  53   0  46  73  10  16  50  18  53  49  24  41  91  85  57  48  26  79  34  51  29  23   5  76  41  64  35 
 94  66  16  14   3  71   2  99   4  84  58  86  95  43  10  51  18  75  68  18   8   5   1  66  18   0  34   8  55  28  51  49  82  63  35  89  56  79  35  23  47  15  56  89  83   2  73  79  22  45 
 30  23  23  15  64  11  15  22  93  92  34  29   1  29  37  24   1  67  41   6  74  93  17  30  56  56   0   1  72  30  27  70  29  72  80  52  36  78  98  62  44  95  24  68  87  80  21  23  80  84 
 52  90  62  38  44   9  52   6  72  34   1  93  37  87  11  97   4   7  76  19  93  30  16  13  78  55  40   0   7  75   3   7  82  87   9  27  65   8  69  10  91  89  92  59  49  60  95  12  59  28 
  2  85  63  30  76  17  71  64   7  34  66  81  88  60  35  45  71  36  31  84  52  95  89   3  29  84  69   7   0  88  85  74  30  51  16  90  62  21  63  60  86  63  85  35  32  62  62  26  85  62 
 84  75  67  37  12  55  18  15  57  74  81  10  47  27   6  42  82  27  61   2  51  37  60  10  46  47   8  39  98   0  31  80  91  15  61   4  86  15  57  65  84  18  25  75   2  22  42  48  48  77 
 48  25   7  40  20  20  67  93  25  62  22  11  84  37  86  59  81  25  27  51  35  33  12  69  69  85  44  94  95  96   0   7  32  34  53  82  90  14  92  94  30  43  98  57  26  40  44  35  10  74 
 78  12  93  15  95  68  66  31  56   2  13  33  29  32  18   8  24  44  84  81   7  77  81  31  41  72  15  78  64  57  53   0  94  22  60  47  68  26  26  87  98   7  25  14   2  67  25  75  52   4 
 10  46  45  93  86   2  91  27  61  62  37   7  69  45  57  29  50  73  10  37  19   7  31  50  35  16  99  24  53  93  18  51   0  63  45  53  41  18  58  14  14  10   6  47  21  21   9  75  35  28 
 73  13  49  42  37  23  11  47  32  89  80   5  42   3  38  26  69  76  25  53  26  95  53  19  61  64  56  67  25   6  91  33  40   0  67  37  70  23  32   1  16  89  23  93  48  60  40  99  63  11 
 79  47  66  17  78  87  77   2  43  83  80  93   2  72  69  12  80  16  16  74  75  42  66  41  68  72  38  39  32  88  80   8  14  53   0  96  78  94  81  82  39  98  84  73  73  92  40  20  90  43 
 74  92  79  73  13  92  25  77  35  46  11  93  75  20  65   2  78  46  48  81  59  92  14  84  25  59  67  78  55  19  81  29  43   3  15   0   4  63   4  86  24   5  53  68   6  87  65  63  18  53 
  3  93  59  87  27  69  15  58  79  99  68  67  60  59  60   9  85  71  61  20  36  87  64  81  16  78  33  92  16  64  45  42  30  70  90  38   0  15  74   8  79  77  76  29   8  39  55  85  33  13 
  5   7  43  72  63   5  97  94  73  61  15  23  73  51  38  85  38  10  81  33  68  72  36  87  10  68  15  65  40  22   7  80  76  44  55  27  47   0  28  54  57  92  74  99  94  98  54  72  30  37 
 63  35   6  65  50  90  10  94  33  85  60  54  86  44  89  68  41  83   1  26  18  73  67  50  67  97  48  16  43  15  26  77  55  40  49   4  64  13   0  30  84  57  72  31  89  79  24  53  35  19 
 42  12  46  64  13  57  93  85  62  24  78  51  17  12  49  57  41  81  61  21  48  34  99  97  83  46  89   4  91  24  94  90  88  17  68  18  78  73  91   0  24  20  68  57  53  69  58  16  63  16 
 59  50  20  82  13  11  70  88  67  79  92  22  79  94  21  10   5  13  39  84  64  35  22  87  69  38   6  34  10  72  16   3  88  99  85  66  60  95  23  70   0  18  16  16  89  82  37  98  60   1 
 58  21  37   5  84  78  79  79  69  59   8  37  86  42  36  44  52  41  23  46  41  61  88  17  78   1  14   2   1  50  43  84  59  76   1  77  66  20  72  99  31   0  92  27  29  42  57  93  17  24 
 69  59   9   3  37  99  80  69  22  20  49   7  95  57  41   5  58  76  51  36  62  95  33  80  67  12  74  19  39  43  11  75  21  74  16  95  77  81  39  52  23  61   0  24  38   1  23  19  41  33 
 22   8  58  59  77  30  30  36  59  99  45  73  60  89  93  97  79  88  29  87  70  71  86  56  81  47  49  39  75  18  14  22   5   5  70  12  68  88  36  24  99   8  45   0  16  43  88  31  58  28 
 28  52   1  75  57  43  90  43  78  20  30  49   1  50  60  55  39  68  25  97  38   8  41  51  57   5  73  78   7  30  15  21  35  98  10  99  86  11   2  82  47  93  98  11   0  37  53  52  25  87 
 88  30  87  54  40  46  30  98  50  19  67  87  98  47  77   8  63  91  18  13  94  39  79  15  30  75  20   6  55  68  59  30  71  67  40  14  38  57  87   2  18  85  57  82  91   0  50  80  78  70 
 35  59   3   2  79  50  99  32  69  71  53  81  32   7  60  81  25  50  41  93   5  80  67  50  48  83  27   2  44  33  72  14  63  79  12  35  53  72  19  42  98  20  92  36  22   7   0  44  69  59 
 43  45   7  61  55  79   4  90  20  29  56  90  64   7  65  76  10  20  54  83   3  67  58  41  31  29  21  35  99  61  40  41  20  43  13  43   9  41  55  88   1  99  86  22  75  19  71   0  32  40 
 93  86  87  45  58  87  60  92  64  61  38  63  71  85  48  48  79  39  85  48  89  52  76  68  42   9  78  26  46  84  89  99  79  19  90  73  72  59  39  45  73  38  65  88  31  10  16  50   0  99 
 30  35  72   2  46  64  10  82   2  97  71  18  25  28   9  75  71  68  27  99  26  27  34  32  69  16  23  53  75  86  49  54  39  17  22  23  81  91  19  57  44  63  78  34  35  73  11  20  31   0 
M2
  0  19  62  45  73  75  28  24  34  62  49  20  73  39  87  23  45  29  58  69  87  26  53  74  56  11  76  37  77   2  40  60  44  91  43  34  55  44  51  46  53  65  96  59  87  98  91  58  36  23 
 89   0  91  70  57  63  79  30  59  78  18  32  95  38  19  17  66  30  99  70  57   4  62  62  98  20  39  29  53  83  61  14  78  54  43  35  58  58  89  72  95  71  86  78  20  34  92  45  54  95 
 43  64   0   7  51  88  35  12  39  28  50  80  55  44  74   4  45  85  56  85  43  17  40  78  24  77  68  13  90  53  39  98  24  94   3  30  15  66   4  92  39  71  62  20  31  46   2  54   7  33 
 75  52  17   0  70  75  49   6  11   7   8  11  39  99  94  43  69  51  38  50  85  54  49  73  48  56  31  37  46  62  36  86  24  84  77  69  37  64  38  27  58  13   5  45  47  53  92  98  35  52 
 31   2  54  95   0  60  65  30  50  65  34  65  86  98  17  71  67  69   7  40  92  82  76  48  27  23  53  16   7  21  22  92  28  52  76  99  32  30  92  72  82  51  98  18  76  41   5  41  91   7 
  7  36  43  51  63   0  11  99  29  86  32   6  31  74  52  20  66  36  81  93   9  82  84  41  31   5  65  34  20  74   2  36  67  38  94  71  20   6  29  14   3   4  22  92  56  64  40  15  59  45 
 53   9  87  72  80  34   0  99  69  18  94  44  92  96  39  50  16  36  48  21  25  54  60  19  77  76  88  65  33  20  82  71  65  89  52  61  85  85  32  26  61  46  99  58  58  34  27  62  97  59 
 65  12  57   4  13  84  17   0  99  90  94   1  60  79  74  46  43  87  90   3  88  17  79   6  80  52  91  73  16  20  45  93  49  70  57  91  55  54  95  89  92  42  48  90  84  91   4  69  11  97 
 81  82  78  73   5  64  17  54   0  12  83  51  83  66  63  54  82  68  33  97  74  49  14  96  69  18  38  39  56   8  31  16  85  84  86   3  80  94  83  96  62  95  52  21   1  83  91  74  15  90 
  9  45   9  66  37  44  17  81  51   0  16  74  67  16  45  26  10  41  41  65  98  27  53  49   8  24  57  96  73  89  59  57  87  18  92   1   1  74  24  61  35  70  83  10  46  70   6   2  40  70 
 77  21  53  67  20  47   6  32  63  22   0   5  33  62  85  41  98  66   9  97  14   9  23  67  66  34  58  17  32  31  76  81  11  51  77  41  76  54  78  16  69  72   1  65  89  63  93  24  38  67 
  6  32  82  63  64  13  34  52  26  34  96   0   1  75  77  19  72  47  16  39  75  32  50  64  64  60  56  28  74  66  69  83  76  25  66  11  11   8  54  95  59  18  71  87  17  70  94  51  42  21 
 68  58  16  43  37   6  30  74  61  23  46  53   0  66   5  16  84  60  89  57  84  36  33  38  15  75  11  92  84  85  12  24   6  78  19  52  17  53  93  95  49  51  55  34  82  10  45  76  39   8 
  8  53   3  22  16  63  83   7  52  47   6  61  11   0  89  25  11  35  38  41   3  96  74  84  92   8  10  10   2  44  50  39  53  69  17   3  60  65  78  43  79  35  89  82  18  62  61  76  31  80 
 17  28  92  76  60  77  39  26  34  76  51  67  79  88   0  62  21  43  47  17  30  56   6  57  50  90  34  50  68  19  98  76  15  23  83  24  20  66  25  99  59  50  48  76  35  46  12  87  86  40 
 20  19  51  37  98  74   1  94   8  32  83  64  91  58  37   0  77  90  66  62  78  88  42  50  94  75  25  76  73  67  81  27  78  44   8   6  14   7  60  21  17  54  35  31  34  57  91   3  55  83 
 97  71  81  68  80  99  95  62  38  32  39  65  62  42  53  67   0  65  14  55  24  48  33  83   7  96  78  46  20  24  54  12  60  84  67  52  86  94   6  22  33  26  45   7  25  78  85  44  95  42 
 14  53  95  36  37  71  50  93  46   3  12  18  72  50  45  76  26   0  61  97  33  52  72  70  66  95  58  55  18  80  11  56  17  61  26  24  90  33  38  86  95  55  52  24  14  79   4  73  55   4 
 71  20  54  87  44   8   3  51  71  25  57  17  30  74  42  99  18  17   0  41  76  10  91  18   7  90  61  82  75  22  16  37  29  76  30  43  29  61  19  14  21  60  91  41  59  41  17  59   3   5 
 21  73  66   3  62  84  94  22  33   2  78  65  84  68  76  50  83  84  98   0  46  83  14  25  42  92  99  23  99  45  72  21  99  76  78  96  99  78  42  91  50  15  60  88  60   2  81  46  23  75 
 66  74  68  29  56   7   5  92  76  94  88  93  54  29  69  73  61  62  11  38   0  71  55  71  66   7  58   4  43  37  42  73  13  81  10  78  43  27  45   5  33  55  48  75  86  13  39  92  12  15 
 75  95  76  76  10  70  15   8  35  65  54  26  65  93  57   1  11  12  56  73  35   0  85  44   1  71  23  21  23  39  85  60  52   9  49   3  53  37  21  45  10  18  34  14  95  23  75  72  68  65 
  7   5  74  17  20  43  96  52  73  52  62  50  13  78  69  67   4  98  99  11  17  47   0  81  31  23  71   6  69  81  26  73  89  61  17  40  44  19  82  82  17  57  54  11  62  53  59  78  67  38 
  7  59  22  86  27  97  61  12  37  88  87  90  78  38  53  80  50  97  19  71  22  34  25   0  11  24  64  34  48  55   7  48  28   1  57  68  10  13  82  41  91  88  31  90  39  99  34  34  48  18 
 29  87  10  71  42  14  48  55  30  31  18  91  45  52  55  70  42  58  50  32  73  31  39  53   0  46  73  10  16  50  18  53  49  24  41  91  85  57  48  26  79  34  51  29  23   5  76  41  64  35 
 94  66  16  14   3  71   2  99   4  84  58  86  95  43  10  51  18  75  68  18   8   5   1  66  18   0  34   8  55  28  51  49  82  63  35  89  56  79  35  23  47  15  56  89  83   2  73  79  22  45 
 30  23  23  15  64  11  15  22  93  92  34  29   1  29  37  24   1  67  41   6  74  93  17  30  56  56   0   1  72  30  27  70  29  72  80  52  36  78  98  62  44  95  24  68  87  80  21  23  80  84 
 52  90  62  38  44   9  52   6  72  34   1  93  37  87  11  97   4   7  76  19  93  30  16  13  78  55  40   0   7  75   3   7  82  87   9  27  65   8  69  10  91  89  92  59  49  60  95  12  59  28 
  2  85  63  30  76  17  71  64   7  34  66  81  88  60  35  45  71  36  31  84  52  95  89   3  29  84  69   7   0  88  85  74  30  51  16  90  62  21  63  60  86  63  85  35  32  62  62  26  85  62 
 84  75  67  37  12  55  18  15  57  74  81  10  47  27   6  42  82  27  61   2  51  37  60  10  46  47   8  39  98   0  31  80  91  15  61   4  86  15  57  65  84  18  25  75   2  22  42  48  48  77 
 48  25   7  40  20  20  67  93  25  62  22  11  84  37  86  59  81  25  27  51  35  33  12  69  69  85  44  94  95  96   0   7  32  34  53  82  90  14  92  94  30  43  98  57  26  40  44  35  10  74 
 78  12  93  15  95  68  66  31  56   2  13  33  29  32  18   8  24  44  84  81   7  77  81  31  41  72  15  78  64  57  53   0  94  22  60  47  68  26  26  87  98   7  25  14   2  67  25  75  52   4 
 10  46  45  93  86   2  91  27  61  62  37   7  69  45  57  29  50  73  10  37  19   7  31  50  35  16  99  24  53  93  18  51   0  63  45  53  41  18  58  14  14  10   6  47  21  21   9  75  35  28 
 73  13  49  42  37  23  11  47  32  89  80   5  42   3  38  26  69  76  25  53  26  95  53  19  61  64  56  67  25   6  91  33  40   0  67  37  70  23  32   1  16  89  23  93  48  60  40  99  63  11 
 79  47  66  17  78  87  77   2  43  83  80  93   2  72  69  12  80  16  16  74  75  42  66  41  68  72  38  39  32  88  80   8  14  53   0  96  78  94  81  82  39  98  84  73  73  92  40  20  90  43 
 74  92  79  73  13  92  25  77  35  46  11  93  75  20  65   2  78  46  48  81  59  92  14  84  25  59  67  78  55  19  81  29  43   3  15   0   4  63   4  86  24   5  53  68   6  87  65  63  18  53 
  3  93  59  87  27  69  15  58  79  99  68  67  60  59  60   9  85  71  61  20  36  87  64  81  16  78  33  92  16  64  45  42  30  70  90  38   0  15  74   8  79  77  76  29   8  39  55  85  33  13 
  5   7  43  72  63   5  97  94  73  61  15  23  73  51  38  85  38  10  81  33  68  72  36  87  10  68  15  65  40  22   7  80  76  44  55  27  47   0  28  54  57  92  74  99  94  98  54  72  30  37 
 63  35   6  65  50  90  10  94  33  85  60  54  86  44  89  68  41  83   1  26  18  73  67  50  67  97  48  16  43  15  26  77  55  40  49   4  64  13   0  30  84  57  72  31  89  79  24  53  35  19 
 42  12  46  64  13  57  93  85  62  24  78  51  17  12  49  57  41  81  61  21  48  34  99  97  83  46  89   4  91  24  94  90  88  17  68  18  78  73  91   0  24  20  68  57  53  69  58  16  63  16 
 59  50  20  82  13  11  70  88  67  79  92  22  79  94  21  10   5  13  39  84  64  35  22  87  69  38   6  34  10  72  16   3  88  99  85  66  60  95  23  70   0  18  16  16  89  82  37  98  60   1 
 58  21  37   5  84  78  79  79  69  59   8  37  86  42  36  44  52  41  23  46  41  61  88  17  78   1  14   2   1  50  43  84  59  76   1  77  66  20  72  99  31   0  92  27  29  42  57  93  17  24 
 69  59   9   3  37  99  80  69  22  20  49   7  95  57  41   5  58  76  51  36  62  95  33  80  67  12  74  19  39  43  11  75  21  74  16  95  77  81  39  52  23  61   0  24  38   1  23  19  41  33 
 22   8  58  59  77  30  30  36  59  99  45  73  60  89  93  97  79  88  29  87  70  71  86  56  81  47  49  39  75  18  14  22   5   5  70  12  68  88  36  24  99   8  45   0  16  43  88  31  58  28 
 28  52   1  75  57  43  90  43  78  20  30  49   1  50  60  55  39  68  25  97  38   8  41  51  57   5  73  78   7  30  15  21  35  98  10  99  86  11   2  82  47  93  98  11   0  37  53  52  25  87 
 88  30  87  54  40  46  30  98  50  19  67  87  98  47  77   8  63  91  18  13  94  39  79  15  30  75  20   6  55  68  59  30  71  67  40  14  38  57  87   2  18  85  57  82  91   0  50  80  78  70 
 35  59   3   2  79  50  99  32  69  71  53  81  32   7  60  81  25  50  41  93   5  80  67  50  48  83  27   2  44  33  72  14  63  79  12  35  53  72  19  42  98  20  92  36  22   7   0  44  69  59 
 43  45   7  61  55  79   4  90  20  29  56  90  64   7  65  76  10  20  54  83   3  67  58  41  31  29  21  35  99  61  40  41  20  43  13  43   9  41  55  88   1  99  86  22  75  19  71   0  32  40 
 93  86  87  45  58  87  60  92  64  61  38  63  71  85  48  48  79  39  85  48  89  52  76  68  42   9  78  26  46  84  89  99  79  19  90  73  72  59  39  45  73  38  65  88  31  10  16  50   0  99 
 30  35  72   2  46  64  10  82   2  97  71  18  25  28   9  75  71  68  27  99  26  27  34  32  69  16  23  53  75  86  49  54  39  17  22  23  81  91  19  57  44  63  78  34  35  73  11  20  31   0 
M3
  0  19  62  45  73  75  28  24  34  62  49  20  73  39  87  23  45  29  58  69  87  26  53  74  56  11  76  37  77   2  40  60  44  91  43  34  55  44  51  46  53  65  96  59  87  98  91  58  36  23 
 89   0  91  70  57  63  79  30  59  78  18  32  95  38  19  17  66  30  99  70  57   4  62  62  98  20  39  29  53  83  61  14  78  54  43  35  58  58  89  72  95  71  86  78  20  34  92  45  54  95 
 43  64   0   7  51  88  35  12  39  28  50  80  55  44  74   4  45  85  56  85  43  17  40  78  24  77  68  13  90  53  39  98  24  94   3  30  15  66   4  92  39  71  62  20  31  46   2  54   7  33 
 75  52  17   0  70  75  49   6  11   7   8  11  39  99  94  43  69  51  38  50  85  54  49  73  48  56  31  37  46  62  36  86  24  84  77  69  37  64  38  27  58  13   5  45  47  53  92  98  35  52 
 31   2  54  95   0  60  65  30  50  65  34  65  86  98  17  71  67  69   7  40  92  82  76  48  27  23  53  16   7  21  22  92  28  52  76  99  32  30  92  72  82  51  98  18  76  41   5  41  91   7 
  7  36  43  51  63   0  11  99  29  86  32   6  31  74  52  20  66  36  81  93   9  82  84  41  31   5  65  34  20  74   2  36  67  38  94  71  20   6  29  14   3   4  22  92  56  64  40  15  59  45 
 53   9  87  72  80  34   0  99  69  18  94  44  92  96  39  50  16  36  48  21  25  54  60  19  77  76  88  65  33  20  82  71  65  89  52  61  85  85  32  26  61  46  99  58  58  34  27  62  97  59 
 65  12  57   4  13  84  17   0  99  90  94   1  60  79  74  46  43  87  90   3  88  17  79   6  80  52  91  73  16  20  45  93  49  70  57  91  55  54  95  89  92  42  48  90  84  91   4  69  11  97 
 81  82  78  73   5  64  17  54   0  12  83  51  83  66  63  54  82  68  33  97  74  49  14  96  69  18  38  39  56   8  31  16  85  84  86   3  80  94  83  96  62  95  52  21   1  83  91  74  15  90 
  9  45   9  66  37  44  17  81  51   0  16  74  67  16  45  26  10  41  41  65  98  27  53  49   8  24  57  96  73  89  59  57  87  18  92   1   1  74  24  61  35  70  83  10  46  70   6   2  40  70 
 77  21  53  67  20  47   6  32  63  22   0   5  33  62  85  41  98  66   9  97  14   9  23  67  66  34  58  17  32  31  76  81  11  51  77  41  76  54  78  16  69  72   1  65  89  63  93  24  38  67 
  6  32  82  63  64  13  34  52  26  34  96   0   1  75  77  19  72  47  16  39  75  32  50  64  64  60  56  28  74  66  69  83  76  25  66  11  11   8  54  95  59  18  71  87  17  70  94  51  42  21 
 68  58  16  43  37   6  30  74  61  23  46  53   0  66   5  16  84  60  89  57  84  36  33  38  15  75  11  92  84  85  12  24   6  78  19  52  17  53  93  95  49  51  55  34  82  10  45  76  39   8 
  8  53   3  22  16  63  83   7  52  47   6  61  11   0  89  25  11  35  38  41   3  96  74  84  92   8  10  10   2  44  50  39  53  69  17   3  60  65  78  43  79  35  89  82  18  62  61  76  31  80 
 17  28  92  76  60  77  39  26  34  76  51  67  79  88   0  62  21  43  47  17  30  56   6  57  50  90  34  50  68  19  98  76  15  23  83  24  20  66  25  99  59  50  48  76  35  46  12  87  86  40 
 20  19  51  37  98  74   1  94   8  32  83  64  91  58  37   0  77  90  66  62  78  88  42  50  94  75  25  76  73  67  81  27  78  44   8   6  14   7  60  21  17  54  35  31  34  57  91   3  55  83 
 97  71  81  68  80  99  95  62  38  32  39  65  62  42  53  67   0  65  14  55  24  48  33  83   7  96  78  46  20  24  54  12  60  84  67  52  86  94   6  22  33  26  45   7  25  78  85  44  95  42 
 14  53  95  36  37  71  50  93  46   3  12  18  72  50  45  76  26   0  61  97  33  52  72  70  66  95  58  55  18  80  11  56  17  61  26  24  90  33  38  86  95  55  52  24  14  79   4  73  55   4 
 71  20  54  87  44   8   3  51  71  25  57  17  30  74  42  99  18  17   0  41  76  10  91  18   7  90  61  82  75  22  16  37  29  76  30  43  29  61  19  14  21  60  91  41  59  41  17  59   3   5 
 21  73  66   3  62  84  94  22  33   2  78  65  84  68  76  50  83  84  98   0  46  83  14  25  42  92  99  23  99  45  72  21  99  76  78  96  99  78  42  91  50  15  60  88  60   2  81  46  23  75 
 66  74  68  29  56   7   5  92  76  94  88  93  54  29  69  73  61  62  11  38   0  71  55  71  66   7  58   4  43  37  42  73  13  81  10  78  43  27  45   5  33  55  48  75  86  13  39  92  12  15 
 75  95  76  76  10  70  15   8  35  65  54  26  65  93  57   1  11  12  56  73  35   0  85  44   1  71  23  21  23  39  85  60  52   9  49   3  53  37  21  45  10  18  34  14  95  23  75  72  68  65 
  7   5  74  17  20  43  96  52  73  52  62  50  13  78  69  67   4  98  99  11  17  47   0  81  31  23  71   6  69  81  26  73  89  61  17  40  44  19  82  82  17  57  54  11  62  53  59  78  67  38 
  7  59  22  86  27  97  61  12  37  88  87  90  78  38  53  80  50  97  19  71  22  34  25   0  11  24  64  34  48  55   7  48  28   1  57  68  10  13  82  41  91  88  31  90  39  99  34  34  48  18 
 29  87  10  71  42  14  48  55  30  31  18  91  45  52  55  70  42  58  50  32  73  31  39  53   0  46  73  10  16  50  18  53  49  24  41  91  85  57  48  26  79  34  51  29  23   5  76  41  64  35 
 94  66  16  14   3  71   2  99   4  84  58  86  95  43  10  51  18  75  68  18   8   5   1  66  18   0  34   8  55  28  51  49  82  63  35  89  56  79  35  23  47  15  56  89  83   2  73  79  22  45 
 30  23  23  15  64  11  15  22  93  92  34  29   1  29  37  24   1  67  41   6  74  93  17  30  56  56   0   1  72  30  27  70  29  72  80  52  36  78  98  62  44  95  24  68  87  80  21  23  80  84 
 52  90  62  38  44   9  52   6  72  34   1  93  37  87  11  97   4   7  76  19  93  30  16  13  78  55  40   0   7  75   3   7  82  87   9  27  65   8  69  10  91  89  92  59  49  60  95  12  59  28 
  2  85  63  30  76  17  71  64   7  34  66  81  88  60  35  45  71  36  31  84  52  95  89   3  29  84  69   7   0  88  85  74  30  51  16  90  62  21  63  60  86  63  85  35  32  62  62  26  85  62 
 84  75  67  37  12  55  18  15  57  74  81  10  47  27   6  42  82  27  61   2  51  37  60  10  46  47   8  39  98   0  31  80  91  15  61   4  86  15  57  65  84  18  25  75   2  22  42  48  48  77 
 48  25   7  40  20  20  67  93  25  62  22  11  84  37  86  59  81  25  27  51  35  33  12  69  69  85  44  94  95  96   0   7  32  34  53  82  90  14  92  94  30  43  98  57  26  40  44  35  10  74 
 78  12  93  15  95  68  66  31  56   2  13  33  29  32  18   8  24  44  84  81   7  77  81  31  41  72  15  78  64  57  53   0  94  22  60  47  68  26  26  87  98   7  25  14   2  67  25  75  52   4 
 10  46  45  93  86   2  91  27  61  62  37   7  69  45  57  29  50  73  10  37  19   7  31  50  35  16  99  24  53  93  18  51   0  63  45  53  41  18  58  14  14  10   6  47  21  21   9  75  35  28 
 73  13  49  42  37  23  11  47  32  89  80   5  42   3  38  26  69  76  25  53  26  95  53  19  61  64  56  67  25   6  91  33  40   0  67  37  70  23  32   1  16  89  23  93  48  60  40  99  63  11 
 79  47  66  17  78  87  77   2  43  83  80  93   2  72  69  12  80  16  16  74  75  42  66  41  68  72  38  39  32  88  80   8  14  53   0  96  78  94  81  82  39  98  84  73  73  92  40  20  90  43 
 74  92  79  73  13  92  25  77  35  46  11  93  75  20  65   2  78  46  48  81  59  92  14  84  25  59  67  78  55  19  81  29  43   3  15   0   4  63   4  86  24   5  53  68   6  87  65  63  18  53 
  3  93  59  87  27  69  15  58  79  99  68  67  60  59  60   9  85  71  61  20  36  87  64  81  16  78  33  92  16  64  45  42  30  70  90  38   0  15  74   8  79  77  76  29   8  39  55  85  33  13 
  5   7  43  72  63   5  97  94  73  61  15  23  73  51  38  85  38  10  81  33  68  72  36  87  10  68  15  65  40  22   7  80  76  44  55  27  47   0  28  54  57  92  74  99  94  98  54  72  30  37 
 63  35   6  65  50  90  10  94  33  85  60  54  86  44  89  68  41  83   1  26  18  73  67  50  67  97  48  16  43  15  26  77  55  40  49   4  64  13   0  30  84  57  72  31  89  79  24  53  35  19 
 42  12  46  64  13  57  93  85  62  24  78  51  17  12  49  57  41  81  61  21  48  34  99  97  83  46  89   4  91  24  94  90  88  17  68  18  78  73  91   0  24  20  68  57  53  69  58  16  63  16 
 59  50  20  82  13  11  70  88  67  79  92  22  79  94  21  10   5  13  39  84  64  35  22  87  69  38   6  34  10  72  16   3  88  99  85  66  60  95  23  70   0  18  16  16  89  82  37  98  60   1 
 58  21  37   5  84  78  79  79  69  59   8  37  86  42  36  44  52  41  23  46  41  61  88  17  78   1  14   2   1  50  43  84  59  76   1  77  66  20  72  99  31   0  92  27  29  42  57  93  17  24 
 69  59   9   3  37  99  80  69  22  20  49   7  95  57  41   5  58  76  51  36  62  95  33  80  67  12  74  19  39  43  11  75  21  74  16  95  77  81  39  52  23  61   0  24  38   1  23  19  41  33 
 22   8  58  59  77  30  30  36  59  99  45  73  60  89  93  97  79  88  29  87  70  71  86  56  81  47  49  39  75  18  14  22   5   5  70  12  68  88  36  24  99   8  45   0  16  43  88  31  58  28 
 28  52   1  75  57  43  90  43  78  20  30  49   1  50  60  55  39  68  25  97  38   8  41  51  57   5  73  78   7  30  15  21  35  98  10  99  86  11   2  82  47  93  98  11   0  37  53  52  25  87 
 88  30  87  54  40  46  30  98  50  19  67  87  98  47  77   8  63  91  18  13  94  39  79  15  30  75  20   6  55  68  59  30  71  67  40  14  38  57  87   2  18  85  57  82  91   0  50  80  78  70 
 35  59   3   2  79  50  99  32  69  71  53  81  32   7  60  81  25  50  41  93   5  80  67  50  48  83  27   2  44  33  72  14  63  79  12  35  53  72  19  42  98  20  92  36  22   7   0  44  69  59 
 43  45   7  61  55  79   4  90  20  29  56  90  64   7  65  76  10  20  54  83   3  67  58  41  31  29  21  35  99  61  40  41  20  43  13  43   9  41  55  88   1  99  86  22  75  19  71   0  32  40 
 93  86  87  45  58  87  60  92  64  61  38  63  71  85  48  48  79  39  85  48  89  52  76  68  42   9  78  26  46  84  89  99  79  19  90  73  72  59  39  45  73  38  65  88  31  10  16  50   0  99 
 30  35  72   2  46  64  10  82   2  97  71  18  25  28   9  75  71  68  27  99  26  27  34  32  69  16  23  53  75  86  49  54  39  17  22  23  81  91  19  57  44  63  78  34  35  73  11  20  31   0 
M4
  0  19  62  45  73  75  28  24  34  62  49  20  73  39  87  23  45  29  58  69  87  26  53  74  56  11  76  37  77   2  40  60  44  91  43  34  55  44  51  46  53  65  96  59  87  98  91  58  36  23 
 89   0  91  70  57  63  79  30  59  78  18  32  95  38  19  17  66  30  99  70  57   4  62  62  98  20  39  29  53  83  61  14  78  54  43  35  58  58  89  72  95  71  86  78  20  34  92  45  54  95 
 43  64   0   7  51  88  35  12  39  28  50  80  55  44  74   4  45  85  56  85  43  17  40  78  24  77  68  13  90  53  39  98  24  94   3  30  15  66   4  92  39  71  62  20  31  46   2  54   7  33 
 75  52  17   0  70  75  49   6  11   7   8  11  39  99  94  43  69  51  38  50  85  54  49  73  48  56  31  37  46  62  36  86  24  84  77  69  37  64  38  27  58  13   5  45  47  53  92  98  35  52 
 31   2  54  95   0  60  65  30  50  65  34  65  86  98  17  71  67  69   7  40  92  82  76  48  27  23  53  16   7  21  22  92  28  52  76  99  32  30  92  72  82  51  98  18  76  41   5  41  91   7 
  7  36  43  51  63   0  11  99  29  86  32   6  31  74  52  20  66  36  81  93   9  82  84  41  31   5  65  34  20  74   2  36  67  38  94  71  20   6  29  14   3   4  22  92  56  64  40  15  59  45 
 53   9  87  72  80  34   0  99  69  18  94  44  92  96  39  50  16  36  48  21  25  54  60  19  77  76  88  65  33  20  82  71  65  89  52  61  85  85  32  26  61  46  99  58  58  34  27  62  97  59 
 65  12  57   4  13  84  17   0  99  90  94   1  60  79  74  46  43  87  90   3  88  17  79   6  80  52  91  73  16  20  45  93  49  70  57  91  55  54  95  89  92  42  48  90  84  91   4  69  11  97 
 81  82  78  73   5  64  17  54   0  12  83  51  83  66  63  54  82  68  33  97  74  49  14  96  69  18  38  39  56   8  31  16  85  84  86   3  80  94  83  96  62  95  52  21   1  83  91  74  15  90 
  9  45   9  66  37  44  17  81  51   0  16  74  67  16  45  26  10  41  41  65  98  27  53  49   8  24  57  96  73  89  59  57  87  18  92   1   1  74  24  61  35  70  83  10  46  70   6   2  40  70 
 77  21  53  67  20  47   6  32  63  22   0   5  33  62  85  41  98  66   9  97  14   9  23  67  66  34  58  17  32  31  76  81  11  51  77  41  76  54  78  16  69  72   1  65  89  63  93  24  38  67 
  6  32  82  63  64  13  34  52  26  34  96   0   1  75  77  19  72  47  16  39  75  32  50  64  64  60  56  28  74  66  69  83  76  25  66  11  11   8  54  95  59  18  71  87  17  70  94  51  42  21 
 68  58  16  43  37   6  30  74  61  23  46  53   0  66   5  16  84  60  89  57  84  36  33  38  15  75  11  92  84  85  12  24   6  78  19  52  17  53  93  95  49  51  55  34  82  10  45  76  39   8 
  8  53   3  22  16  63  83   7  52  47   6  61  11   0  89  25  11  35  38  41   3  96  74  84  92   8  10  10   2  44  50  39  53  69  17   3  60  65  78  43  79  35  89  82  18  62  61  76  31  80 
 17  28  92  76  60  77  39  26  34  76  51  67  79  88   0  62  21  43  47  17  30  56   6  57  50  90  34  50  68  19  98  76  15  23  83  24  20  66  25  99  59  50  48  76  35  46  12  87  86  40 
 20  19  51  37  98  74   1  94   8  32  83  64  91  58  37   0  77  90  66  62  78  88  42  50  94  75  25  76  73  67  81  27  78  44   8   6  14   7  60  21  17  54  35  31  34  57  91   3  55  83 
 97  71  81  68  80  99  95  62  38  32  39  65  62  42  53  67   0  65  14  55  24  48  33  83   7  96  78  46  20  24  54  12  60  84  67  52  86  94   6  22  33  26  45   7  25  78  85  44  95  42 
 14  53  95  36  37  71  50  93  46   3  12  18  72  50  45  76  26   0  61  97  33  52  72  70  66  95  58  55  18  80  11  56  17  61  26  24  90  33  38  86  95  55  52  24  14  79   4  73  55   4 
 71  20  54  87  44   8   3  51  71  25  57  17  30  74  42  99  18  17   0  41  76  10  91  18   7  90  61  82  75  22  16  37  29  76  30  43  29  61  19  14  21  60  91  41  59  41  17  59   3   5 
 21  73  66   3  62  84  94  22  33   2  78  65  84  68  76  50  83  84  98   0  46  83  14  25  42  92  99  23  99  45  72  21  99  76  78  96  99  78  42  91  50  15  60  88  60   2  81  46  23  75 
 66  74  68  29  56   7   5  92  76  94  88  93  54  29  69  73  61  62  11  38   0  71  55  71  66   7  58   4  43  37  42  73  13  81  10  78  43  27  45   5  33  55  48  75  86  13  39  92  12  15 
 75  95  76  76  10  70  15   8  35  65  54  26  65  93  57   1  11  12  56  73  35   0  85  44   1  71  23  21  23  39  85  60  52   9  49   3  53  37  21  45  10  18  34  14  95  23  75  72  68  65 
  7   5  74  17  20  43  96  52  73  52  62  50  13  78  69  67   4  98  99  11  17  47   0  81  31  23  71   6  69  81  26  73  89  61  17  40  44  19  82  82  17  57  54  11  62  53  59  78  67  38 
  7  59  22  86  27  97  61  12  37  88  87  90  78  38  53  80  50  97  19  71  22  34  25   0  11  24  64  34  48  55   7  48  28   1  57  68  10  13  82  41  91  88  31  90  39  99  34  34  48  18 
 29  87  10  71  42  14  48  55  30  31  18  91  45  52  55  70  42  58  50  32  73  31  39  53   0  46  73  10  16  50  18  53  49  24  41  91  85  57  48  26  79  34  51  29  23   5  76  41  64  35 
 94  66  16  14   3  71   2  99   4  84  58  86  95  43  10  51  18  75  68  18   8   5   1  66  18   0  34   8  55  28  51  49  82  63  35  89  56  79  35  23  47  15  56  89  83   2  73  79  22  45 
 30  23  23  15  64  11  15  22  93  92  34  29   1  29  37  24   1  67  41   6  74  93  17  30  56  56   0   1  72  30  27  70  29  72  80  52  36  78  98  62  44  95  24  68  87  80  21  23  80  84 
 52  90  62  38  44   9  52   6  72  34   1  93  37  87  11  97   4   7  76  19  93  30  16  13  78  55  40   0   7  75   3   7  82  87   9  27  65   8  69  10  91  89  92  59  49  60  95  12  59  28 
  2  85  63  30  76  17  71  64   7  34  66  81  88  60  35  45  71  36  31  84  52  95  89   3  29  84  69   7   0  88  85  74  30  51  16  90  62  21  63  60  86  63  85  35  32  62  62  26  85  62 
 84  75  67  37  12  55  18  15  57  74  81  10  47  27   6  42  82  27  61   2  51  37  60  10  46  47   8  39  98   0  31  80  91  15  61   4  86  15  57  65  84  18  25  75   2  22  42  48  48  77 
 48  25   7  40  20  20  67  93  25  62  22  11  84  37  86  59  81  25  27  51  35  33  12  69  69  85  44  94  95  96   0   7  32  34  53  82  90  14  92  94  30  43  98  57  26  40  44  35  10  74 
 78  12  93  15  95  68  66  31  56   2  13  33  29  32  18   8  24  44  84  81   7  77  81  31  41  72  15  78  64  57  53   0  94  22  60  47  68  26  26  87  98   7  25  14   2  67  25  75  52   4 
 10  46  45  93  86   2  91  27  61  62  37   7  69  45  57  29  50  73  10  37  19   7  31  50  35  16  99  24  53  93  18  51   0  63  45  53  41  18  58  14  14  10   6  47  21  21   9  75  35  28 
 73  13  49  42  37  23  11  47  32  89  80   5  42   3  38  26  69  76  25  53  26  95  53  19  61  64  56  67  25   6  91  33  40   0  67  37  70  23  32   1  16  89  23  93  48  60  40  99  63  11 
 79  47  66  17  78  87  77   2  43  83  80  93   2  72  69  12  80  16  16  74  75  42  66  41  68  72  38  39  32  88  80   8  14  53   0  96  78  94  81  82  39  98  84  73  73  92  40  20  90  43 
 74  92  79  73  13  92  25  77  35  46  11  93  75  20  65   2  78  46  48  81  59  92  14  84  25  59  67  78  55  19  81  29  43   3  15   0   4  63   4  86  24   5  53  68   6  87  65  63  18  53 
  3  93  59  87  27  69  15  58  79  99  68  67  60  59  60   9  85  71  61  20  36  87  64  81  16  78  33  92  16  64  45  42  30  70  90  38   0  15  74   8  79  77  76  29   8  39  55  85  33  13 
  5   7  43  72  63   5  97  94  73  61  15  23  73  51  38  85  38  10  81  33  68  72  36  87  10  68  15  65  40  22   7  80  76  44  55  27  47   0  28  54  57  92  74  99  94  98  54  72  30  37 
 63  35   6  65  50  90  10  94  33  85  60  54  86  44  89  68  41  83   1  26  18  73  67  50  67  97  48  16  43  15  26  77  55  40  49   4  64  13   0  30  84  57  72  31  89  79  24  53  35  19 
 42  12  46  64  13  57  93  85  62  24  78  51  17  12  49  57  41  81  61  21  48  34  99  97  83  46  89   4  91  24  94  90  88  17  68  18  78  73  91   0  24  20  68  57  53  69  58  16  63  16 
 59  50  20  82  13  11  70  88  67  79  92  22  79  94  21  10   5  13  39  84  64  35  22  87  69  38   6  34  10  72  16   3  88  99  85  66  60  95  23  70   0  18  16  16  89  82  37  98  60   1 
 58  21  37   5  84  78  79  79  69  59   8  37  86  42  36  44  52  41  23  46  41  61  88  17  78   1  14   2   1  50  43  84  59  76   1  77  66  20  72  99  31   0  92  27  29  42  57  93  17  24 
 69  59   9   3  37  99  80  69  22  20  49   7  95  57  41   5  58  76  51  36  62  95  33  80  67  12  74  19  39  43  11  75  21  74  16  95  77  81  39  52  23  61   0  24  38   1  23  19  41  33 
 22   8  58  59  77  30  30  36  59  99  45  73  60  89  93  97  79  88  29  87  70  71  86  56  81  47  49  39  75  18  14  22   5   5  70  12  68  88  36  24  99   8  45   0  16  43  88  31  58  28 
 28  52   1  75  57  43  90  43  78  20  30  49   1  50  60  55  39  68  25  97  38   8  41  51  57   5  73  78   7  30  15  21  35  98  10  99  86  11   2  82  47  93  98  11   0  37  53  52  25  87 
 88  30  87  54  40  46  30  98  50  19  67  87  98  47  77   8  63  91  18  13  94  39  79  15  30  75  20   6  55  68  59  30  71  67  40  14  38  57  87   2  18  85  57  82  91   0  50  80  78  70 
 35  59   3   2  79  50  99  32  69  71  53  81  32   7  60  81  25  50  41  93   5  80  67  50  48  83  27   2  44  33  72  14  63  79  12  35  53  72  19  42  98  20  92  36  22   7   0  44  69  59 
 43  45   7  61  55  79   4  90  20  29  56  90  64   7  65  76  10  20  54  83   3  67  58  41  31  29  21  35  99  61  40  41  20  43  13  43   9  41  55  88   1  99  86  22  75  19  71   0  32  40 
 93  86  87  45  58  87  60  92  64  61  38  63  71  85  48  48  79  39  85  48  89  52  76  68  42   9  78  26  46  84  89  99  79  19  90  73  72  59  39  45  73  38  65  88  31  10  16  50   0  99 
 30  35  72   2  46  64  10  82   2  97  71  18  25  28   9  75  71  68  27  99  26  27  34  32  69  16  23  53  75  86  49  54  39  17  22  23  81  91  19  57  44  63  78  34  35  73  11  20  31   0 
M5
  0  19  62  45  73  75  28  24  34  62  49  20  73  39  87  23  45  29  58  69  87  26  53  74  56  11  76  37  77   2  40  60  44  91  43  34  55  44  51  46  53  65  96  59  87  98  91  58  36  23 
 89   0  91  70  57  63  79  30  59  78  18  32  95  38  19  17  66  30  99  70  57   4  62  62  98  20  39  29  53  83  61  14  78  54  43  35  58  58  89  72  95  71  86  78  20  34  92  45  54  95 
 43  64   0   7  51  88  35  12  39  28  50  80  55  44  74   4  45  85  56  85  43  17  40  78  24  77  68  13  90  53  39  98  24  94   3  30  15  66   4  92  39  71  62  20  31  46   2  54   7  33 
 75  52  17   0  70  75  49   6  11   7   8  11  39  99  94  43  69  51  38  50  85  54  49  73  48  56  31  37  46  62  36  86  24  84  77  69  37  64  38  27  58  13   5  45  47  53  92  98  35  52 
 31   2  54  95   0  60  65  30  50  65  34  65  86  98  17  71  67  69   7  40  92  82  76  48  27  23  53  16   7  21  22  92  28  52  76  99  32  30  92  72  82  51  98  18  76  41   5  41  91   7 
  7  36  43  51  63   0  11  99  29  86  32   6  31  74  52  20  66  36  81  93   9  82  84  41  31   5  65  34  20  74   2  36  67  38  94  71  20   6  29  14   3   4  22  92  56  64  40  15  59  45 
 53   9  87  72  80  34   0  99  69  18  94  44  92  96  39  50  16  36  48  21  25  54  60  19  77  76  88  65  33  20  82  71  65  89  52  61  85  85  32  26  61  46  99  58  58  34  27  62  97  59 
 65  12  57   4  13  84  17   0  99  90  94   1  60  79  74  46  43  87  90   3  88  17  79   6  80  52  91  73  16  20  45  93  49  70  57  91  55  54  95  89  92  42  48  90  84  91   4  69  11  97 
 81  82  78  73   5  64  17  54   0  12  83  51  83  66  63  54  82  68  33  97  74  49  14  96  69  18  38  39  56   8  31  16  85  84  86   3  80  94  83  96  62  95  52  21   1  83  91  74  15  90 
  9  45   9  66  37  44  17  81  51   0  16  74  67  16  45  26  10  41  41  65  98  27  53  49   8  24  57  96  73  89  59  57  87  18  92   1   1  74  24  61  35  70  83  10  46  70   6   2  40  70 
 77  21  53  67  20  47   6  32  63  22   0   5  33  62  85  41  98  66   9  97  14   9  23  67  66  34  58  17  32  31  76  81  11  51  77  41  76  54  78  16  69  72   1  65  89  63  93  24  38  67 
  6  32  82  63  64  13  34  52  26  34  96   0   1  75  77  19  72  47  16  39  75  32  50  64  64  60  56  28  74  66  69  83  76  25  66  11  11   8  54  95  59  18  71  87  17  70  94  51  42  21 
 68  58  16  43  37   6  30  74  61  23  46  53   0  66   5  16  84  60  89  57  84  36  33  38  15  75  11  92  84  85  12  24   6  78  19  52  17  53  93  95  49  51  55  34  82  10  45  76  39   8 
  8  53   3  22  16  63  83   7  52  47   6  61  11   0  89  25  11  35  38  41   3  96  74  84  92   8  10  10   2  44  50  39  53  69  17   3  60  65  78  43  79  35  89  82  18  62  61  76  31  80 
 17  28  92  76  60  77  39  26  34  76  51  67  79  88   0  62  21  43  47  17  30  56   6  57  50  90  34  50  68  19  98  76  15  23  83  24  20  66  25  99  59  50  48  76  35  46  12  87  86  40 
 20  19  51  37  98  74   1  94   8  32  83  64  91  58  37   0  77  90  66  62  78  88  42  50  94  75  25  76  73  67  81  27  78  44   8   6  14   7  60  21  17  54  35  31  34  57  91   3  55  83 
 97  71  81  68  80  99  95  62  38  32  39  65  62  42  53  67   0  65  14  55  24  48  33  83   7  96  78  46  20  24  54  12  60  84  67  52  86  94   6  22  33  26  45   7  25  78  85  44  95  42 
 14  53  95  36  37  71  50  93  46   3  12  18  72  50  45  76  26   0  61  97  33  52  72  70  66  95  58  55  18  80  11  56  17  61  26  24  90  33  38  86  95  55  52  24  14  79   4  73  55   4 
 71  20  54  87  44   8   3  51  71  25  57  17  30  74  42  99  18  17   0  41  76  10  91  18   7  90  61  82  75  22  16  37  29  76  30  43  29  61  19  14  21  60  91  41  59  41  17  59   3   5 
 21  73  66   3  62  84  94  22  33   2  78  65  84  68  76  50  83  84  98   0  46  83  14  25  42  92  99  23  99  45  72  21  99  76  78  96  99  78  42  91  50  15  60  88  60   2  81  46  23  75 
 66  74  68  29  56   7   5  92  76  94  88  93  54  29  69  73  61  62  11  38   0  71  55  71  66   7  58   4  43  37  42  73  13  81  10  78  43  27  45   5  33  55  48  75  86  13  39  92  12  15 
 75  95  76  76  10  70  15   8  35  65  54  26  65  93  57   1  11  12  56  73  35   0  85  44   1  71  23  21  23  39  85  60  52   9  49   3  53  37  21  45  10  18  34  14  95  23  75  72  68  65 
  7   5  74  17  20  43  96  52  73  52  62  50  13  78  69  67   4  98  99  11  17  47   0  81  31  23  71   6  69  81  26  73  89  61  17  40  44  19  82  82  17  57  54  11  62  53  59  78  67  38 
  7  59  22  86  27  97  61  12  37  88  87  90  78  38  53  80  50  97  19  71  22  34  25   0  11  24  64  34  48  55   7  48  28   1  57  68  10  13  82  41  91  88  31  90  39  99  34  34  48  18 
 29  87  10  71  42  14  48  55  30  31  18  91  45  52  55  70  42  58  50  32  73  31  39  53   0  46  73  10  16  50  18  53  49  24  41  91  85  57  48  26  79  34  51  29  23   5  76  41  64  35 
 94  66  16  14   3  71   2  99   4  84  58  86  95  43  10  51  18  75  68  18   8   5   1  66  18   0  34   8  55  28  51  49  82  63  35  89  56  79  35  23  47  15  56  89  83   2  73  79  22  45 
 30  23  23  15  64  11  15  22  93  92  34  29   1  29  37  24   1  67  41   6  74  93  17  30  56  56   0   1  72  30  27  70  29  72  80  52  36  78  98  62  44  95  24  68  87  80  21  23  80  84 
 52  90  62  38  44   9  52   6  72  34   1  93  37  87  11  97   4   7  76  19  93  30  16  13  78  55  40   0   7  75   3   7  82  87   9  27  65   8  69  10  91  89  92  59  49  60  95  12  59  28 
  2  85  63  30  76  17  71  64   7  34  66  81  88  60  35  45  71  36  31  84  52  95  89   3  29  84  69   7   0  88  85  74  30  51  16  90  62  21  63  60  86  63  85  35  32  62  62  26  85  62 
 84  75  67  37  12  55  18  15  57  74  81  10  47  27   6  42  82  27  61   2  51  37  60  10  46  47   8  39  98   0  31  80  91  15  61   4  86  15  57  65  84  18  25  75   2  22  42  48  48  77 
 48  25   7  40  20  20  67  93  25  62  22  11  84  37  86  59  81  25  27  51  35  33  12  69  69  85  44  94  95  96   0   7  32  34  53  82  90  14  92  94  30  43  98  57  26  40  44  35  10  74 
 78  12  93  15  95  68  66  31  56   2  13  33  29  32  18   8  24  44  84  81   7  77  81  31  41  72  15  78  64  57  53   0  94  22  60  47  68  26  26  87  98   7  25  14   2  67  25  75  52   4 
 10  46  45  93  86   2  91  27  61  62  37   7  69  45  57  29  50  73  10  37  19   7  31  50  35  16  99  24  53  93  18  51   0  63  45  53  41  18  58  14  14  10   6  47  21  21   9  75  35  28 
 73  13  49  42  37  23  11  47  32  89  80   5  42   3  38  26  69  76  25  53  26  95  53  19  61  64  56  67  25   6  91  33  40   0  67  37  70  23  32   1  16  89  23  93  48  60  40  99  63  11 
 79  47  66  17  78  87  77   2  43  83  80  93   2  72  69  12  80  16  16  74  75  42  66  41  68  72  38  39  32  88  80   8  14  53   0  96  78  94  81  82  39  98  84  73  73  92  40  20  90  43 
 74  92  79  73  13  92  25  77  35  46  11  93  75  20  65   2  78  46  48  81  59  92  14  84  25  59  67  78  55  19  81  29  43   3  15   0   4  63   4  86  24   5  53  68   6  87  65  63  18  53 
  3  93  59  87  27  69  15  58  79  99  68  67  60  59  60   9  85  71  61  20  36  87  64  81  16  78  33  92  16  64  45  42  30  70  90  38   0  15  74   8  79  77  76  29   8  39  55  85  33  13 
  5   7  43  72  63   5  97  94  73  61  15  23  73  51  38  85  38  10  81  33  68  72  36  87  10  68  15  65  40  22   7  80  76  44  55  27  47   0  28  54  57  92  74  99  94  98  54  72  30  37 
 63  35   6  65  50  90  10  94  33  85  60  54  86  44  89  68  41  83   1  26  18  73  67  50  67  97  48  16  43  15  26  77  55  40  49   4  64  13   0  30  84  57  72  31  89  79  24  53  35  19 
 42  12  46  64  13  57  93  85  62  24  78  51  17  12  49  57  41  81  61  21  48  34  99  97  83  46  89   4  91  24  94  90  88  17  68  18  78  73  91   0  24  20  68  57  53  69  58  16  63  16 
 59  50  20  82  13  11  70  88  67  79  92  22  79  94  21  10   5  13  39  84  64  35  22  87  69  38   6  34  10  72  16   3  88  99  85  66  60  95  23  70   0  18  16  16  89  82  37  98  60   1 
 58  21  37   5  84  78  79  79  69  59   8  37  86  42  36  44  52  41  23  46  41  61  88  17  78   1  14   2   1  50  43  84  59  76   1  77  66  20  72  99  31   0  92  27  29  42  57  93  17  24 
 69  59   9   3  37  99  80  69  22  20  49   7  95  57  41   5  58  76  51  36  62  95  33  80  67  12  74  19  39  43  11  75  21  74  16  95  77  81  39  52  23  61   0  24  38   1  23  19  41  33 
 22   8  58  59  77  30  30  36  59  99  45  73  60  89  93  97  79  88  29  87  70  71  86  56  81  47  49  39  75  18  14  22   5   5  70  12  68  88  36  24  99   8  45   0  16  43  88  31  58  28 
 28  52   1  75  57  43  90  43  78  20  30  49   1  50  60  55  39  68  25  97  38   8  41  51  57   5  73  78   7  30  15  21  35  98  10  99  86  11   2  82  47  93  98  11   0  37  53  52  25  87 
 88  30  87  54  40  46  30  98  50  19  67  87  98  47  77   8  63  91  18  13  94  39  79  15  30  75  20   6  55  68  59  30  71  67  40  14  38  57  87   2  18  85  57  82  91   0  50  80  78  70 
 35  59   3   2  79  50  99  32  69  71  53  81  32   7  60  81  25  50  41  93   5  80  67  50  48  83  27   2  44  33  72  14  63  79  12  35  53  72  19  42  98  20  92  36  22   7   0  44  69  59 
 43  45   7  61  55  79   4  90  20  29  56  90  64   7  65  76  10  20  54  83   3  67  58  41  31  29  21  35  99  61  40  41  20  43  13  43   9  41  55  88   1  99  86  22  75  19  71   0  32  40 
 93  86  87  45  58  87  60  92  64  61  38  63  71  85  48  48  79  39  85  48  89  52  76  68  42   9  78  26  46  84  89  99  79  19  90  73  72  59  39  45  73  38  65  88  31  10  16  50   0  99 
 30  35  72   2  46  64  10  82   2  97  71  18  25  28   9  75  71  68  27  99  26  27  34  32  69  16  23  53  75  86  49  54  39  17  22  23  81  91  19  57  44  63  78  34  35  73  11  20  31   0 
M6
  0  19  62  45  73  75  28  24  34  62  49  20  73  39  87  23  45  29  58  69  87  26  53  74  56  11  76  37  77   2  40  60  44  91  43  34  55  44  51  46  53  65  96  59  87  98  91  58  36  23 
 89   0  91  70  57  63  79  30  59  78  18  32  95  38  19  17  66  30  99  70  57   4  62  62  98  20  39  29  53  83  61  14  78  54  43  35  58  58  89  72  95  71  86  78  20  34  92  45  54  95 
 43  64   0   7  51  88  35  12  39  28  50  80  55  44  74   4  45  85  56  85  43  17  40  78  24  77  68  13  90  53  39  98  24  94   3  30  15  66   4  92  39  71  62  20  31  46   2  54   7  33 
 75  52  17   0  70  75  49   6  11   7   8  11  39  99  94  43  69  51  38  50  85  54  49  73  48  56  31  37  46  62  36  86  24  84  77  69  37  64  38  27  58  13   5  45  47  53  92  98  35  52 
 31   2  54  95   0  60  65  30  50  65  34  65  86  98  17  71  67  69   7  40  92  82  76  48  27  23  53  16   7  21  22  92  28  52  76  99  32  30  92  72  82  51  98  18  76  41   5  41  91   7 
  7  36  43  51  63   0  11  99  29  86  32   6  31  74  52  20  66  36  81  93   9  82  84  41  31   5  65  34  20  74   2  36  67  38  94  71  20   6  29  14   3   4  22  92  56  64  40  15  59  45 
 53   9  87  72  80  34   0  99  69  18  94  44  92  96  39  50  16  36  48  21  25  54  60  19  77  76  88  65  33  20  82  71  65  89  52  61  85  85  32  26  61  46  99  58  58  34  27  62  97  59 
 65  12  57   4  13  84  17   0  99  90  94   1  60  79  74  46  43  87  90   3  88  17  79   6  80  52  91  73  16  20  45  93  49  70  57  91  55  54  95  89  92  42  48  90  84  91   4  69  11  97 
 81  82  78  73   5  64  17  54   0  12  83  51  83  66  63  54  82  68  33  97  74  49  14  96  69  18  38  39  56   8  31  16  85  84  86   3  80  94  83  96  62  95  52  21   1  83  91  74  15  90 
  9  45   9  66  37  44  17  81  51   0  16  74  67  16  45  26  10  41  41  65  98  27  53  49   8  24  57  96  73  89  59  57  87  18  92   1   1  74  24  61  35  70  83  10  46  70   6   2  40  70 
 77  21  53  67  20  47   6  32  63  22   0   5  33  62  85  41  98  66   9  97  14   9  23  67  66  34  58  17  32  31  76  81  11  51  77  41  76  54  78  16  69  72   1  65  89  63  93  24  38  67 
  6  32  82  63  64  13  34  52  26  34  96   0   1  75  77  19  72  47  16  39  75  32  50  64  64  60  56  28  74  66  69  83  76  25  66  11  11   8  54  95  59  18  71  87  17  70  94  51  42  21 
 68  58  16  43  37   6  30  74  61  23  46  53   0  66   5  16  84  60  89  57  84  36  33  38  15  75  11  92  84  85  12  24   6  78  19  52  17  53  93  95  49  51  55  34  82  10  45  76  39   8 
  8  53   3  22  16  63  83   7  52  47   6  61  11   0  89  25  11  35  38  41   3  96  74  84  92   8  10  10   2  44  50  39  53  69  17   3  60  65  78  43  79  35  89  82  18  62  61  76  31  80 
 17  28  92  76  60  77  39  26  34  76  51  67  79  88   0  62  21  43  47  17  30  56   6  57  50  90  34  50  68  19  98  76  15  23  83  24  20  66  25  99  59  50  48  76  35  46  12  87  86  40 
 20  19  51  37  98  74   1  94   8  32  83  64  91  58  37   0  77  90  66  62  78  88  42  50  94  75  25  76  73  67  81  27  78  44   8   6  14   7  60  21  17  54  35  31  34  57  91   3  55  83 
 97  71  81  68  80  99  95  62  38  32  39  65  62  42  53  67   0  65  14  55  24  48  33  83   7  96  78  46  20  24  54  12  60  84  67  52  86  94   6  22  33  26  45   7  25  78  85  44  95  42 
 14  53  95  36  37  71  50  93  46   3  12  18  72  50  45  76  26   0  61  97  33  52  72  70  66  95  58  55  18  80  11  56  17  61  26  24  90  33  38  86  95  55  52  24  14  79   4  73  55   4 
 71  20  54  87  44   8   3  51  71  25  57  17  30  74  42  99  18  17   0  41  76  10  91  18   7  90  61  82  75  22  16  37  29  76  30  43  29  61  19  14  21  60  91  41  59  41  17  59   3   5 
 21  73  66   3  62  84  94  22  33   2  78  65  84  68  76  50  83  84  98   0  46  83  14  25  42  92  99  23  99  45  72  21  99  76  78  96  99  78  42  91  50  15  60  88  60   2  81  46  23  75 
 66  74  68  29  56   7   5  92  76  94  88  93  54  29  69  73  61  62  11  38   0  71  55  71  66   7  58   4  43  37  42  73  13  81  10  78  43  27  45   5  33  55  48  75  86  13  39  92  12  15 
 75  95  76  76  10  70  15   8  35  65  54  26  65  93  57   1  11  12  56  73  35   0  85  44   1  71  23  21  23  39  85  60  52   9  49   3  53  37  21  45  10  18  34  14  95  23  75  72  68  65 
  7   5  74  17  20  43  96  52  73  52  62  50  13  78  69  67   4  98  99  11  17  47   0  81  31  23  71   6  69  81  26  73  89  61  17  40  44  19  82  82  17  57  54  11  62  53  59  78  67  38 
  7  59  22  86  27  97  61  12  37  88  87  90  78  38  53  80  50  97  19  71  22  34  25   0  11  24  64  34  48  55   7  48  28   1  57  68  10  13  82  41  91  88  31  90  39  99  34  34  48  18 
 29  87  10  71  42  14  48  55  30  31  18  91  45  52  55  70  42  58  50  32  73  31  39  53   0  46  73  10  16  50  18  53  49  24  41  91  85  57  48  26  79  34  51  29  23   5  76  41  64  35 
 94  66  16  14   3  71   2  99   4  84  58  86  95  43  10  51  18  75  68  18   8   5   1  66  18   0  34   8  55  28  51  49  82  63  35  89  56  79  35  23  47  15  56  89  83   2  73  79  22  45 
 30  23  23  15  64  11  15  22  93  92  34  29   1  29  37  24   1  67  41   6  74  93  17  30  56  56   0   1  72  30  27  70  29  72  80  52  36  78  98  62  44  95  24  68  87  80  21  23  80  84 
 52  90  62  38  44   9  52   6  72  34   1  93  37  87  11  97   4   7  76  19  93  30  16  13  78  55  40   0   7  75   3   7  82  87   9  27  65   8  69  10  91  89  92  59  49  60  95  12  59  28 
  2  85  63  30  76  17  71  64   7  34  66  81  88  60  35  45  71  36  31  84  52  95  89   3  29  84  69   7   0  88  85  74  30  51  16  90  62  21  63  60  86  63  85  35  32  62  62  26  85  62 
 84  75  67  37  12  55  18  15  57  74  81  10  47  27   6  42  82  27  61   2  51  37  60  10  46  47   8  39  98   0  31  80  91  15  61   4  86  15  57  65  84  18  25  75   2  22  42  48  48  77 
 48  25   7  40  20  20  67  93  25  62  22  11  84  37  86  59  81  25  27  51  35  33  12  69  69  85  44  94  95  96   0   7  32  34  53  82  90  14  92  94  30  43  98  57  26  40  44  35  10  74 
 78  12  93  15  95  68  66  31  56   2  13  33  29  32  18   8  24  44  84  81   7  77  81  31  41  72  15  78  64  57  53   0  94  22  60  47  68  26  26  87  98   7  25  14   2  67  25  75  52   4 
 10  46  45  93  86   2  91  27  61  62  37   7  69  45  57  29  50  73  10  37  19   7  31  50  35  16  99  24  53  93  18  51   0  63  45  53  41  18  58  14  14  10   6  47  21  21   9  75  35  28 
 73  13  49  42  37  23  11  47  32  89  80   5  42   3  38  26  69  76  25  53  26  95  53  19  61  64  56  67  25   6  91  33  40   0  67  37  70  23  32   1  16  89  23  93  48  60  40  99  63  11 
 79  47  66  17  78  87  77   2  43  83  80  93   2  72  69  12  80  16  16  74  75  42  66  41  68  72  38  39  32  88  80   8  14  53   0  96  78  94  81  82  39  98  84  73  73  92  40  20  90  43 
 74  92  79  73  13  92  25  77  35  46  11  93  75  20  65   2  78  46  48  81  59  92  14  84  25  59  67  78  55  19  81  29  43   3  15   0   4  63   4  86  24   5  53  68   6  87  65  63  18  53 
  3  93  59  87  27  69  15  58  79  99  68  67  60  59  60   9  85  71  61  20  36  87  64  81  16  78  33  92  16  64  45  42  30  70  90  38   0  15  74   8  79  77  76  29   8  39  55  85  33  13 
  5   7  43  72  63   5  97  94  73  61  15  23  73  51  38  85  38  10  81  33  68  72  36  87  10  68  15  65  40  22   7  80  76  44  55  27  47   0  28  54  57  92  74  99  94  98  54  72  30  37 
 63  35   6  65  50  90  10  94  33  85  60  54  86  44  89  68  41  83   1  26  18  73  67  50  67  97  48  16  43  15  26  77  55  40  49   4  64  13   0  30  84  57  72  31  89  79  24  53  35  19 
 42  12  46  64  13  57  93  85  62  24  78  51  17  12  49  57  41  81  61  21  48  34  99  97  83  46  89   4  91  24  94  90  88  17  68  18  78  73  91   0  24  20  68  57  53  69  58  16  63  16 
 59  50  20  82  13  11  70  88  67  79  92  22  79  94  21  10   5  13  39  84  64  35  22  87  69  38   6  34  10  72  16   3  88  99  85  66  60  95  23  70   0  18  16  16  89  82  37  98  60   1 
 58  21  37   5  84  78  79  79  69  59   8  37  86  42  36  44  52  41  23  46  41  61  88  17  78   1  14   2   1  50  43  84  59  76   1  77  66  20  72  99  31   0  92  27  29  42  57  93  17  24 
 69  59   9   3  37  99  80  69  22  20  49   7  95  57  41   5  58  76  51  36  62  95  33  80  67  12  74  19  39  43  11  75  21  74  16  95  77  81  39  52  23  61   0  24  38   1  23  19  41  33 
 22   8  58  59  77  30  30  36  59  99  45  73  60  89  93  97  79  88  29  87  70  71  86  56  81  47  49  39  75  18  14  22   5   5  70  12  68  88  36  24  99   8  45   0  16  43  88  31  58  28 
 28  52   1  75  57  43  90  43  78  20  30  49   1  50  60  55  39  68  25  97  38   8  41  51  57   5  73  78   7  30  15  21  35  98  10  99  86  11   2  82  47  93  98  11   0  37  53  52  25  87 
 88  30  87  54  40  46  30  98  50  19  67  87  98  47  77   8  63  91  18  13  94  39  79  15  30  75  20   6  55  68  59  30  71  67  40  14  38  57  87   2  18  85  57  82  91   0  50  80  78  70 
 35  59   3   2  79  50  99  32  69  71  53  81  32   7  60  81  25  50  41  93   5  80  67  50  48  83  27   2  44  33  72  14  63  79  12  35  53  72  19  42  98  20  92  36  22   7   0  44  69  59 
 43  45   7  61  55  79   4  90  20  29  56  90  64   7  65  76  10  20  54  83   3  67  58  41  31  29  21  35  99  61  40  41  20  43  13  43   9  41  55  88   1  99  86  22  75  19  71   0  32  40 
 93  86  87  45  58  87  60  92  64  61  38  63  71  85  48  48  79  39  85  48  89  52  76  68  42   9  78  26  46  84  89  99  79  19  90  73  72  59  39  45  73  38  65  88  31  10  16  50   0  99 
 30  35  72   2  46  64  10  82   2  97  71  18  25  28   9  75  71  68  27  99  26  27  34  32  69  16  23  53  75  86  49  54  39  17  22  23  81  91  19  57  44  63  78  34  35  73  11  20  31   0 
M7
  0  19  62  45  73  75  28  24  34  62  49  20  73  39  87  23  45  29  58  69  87  26  53  74  56  11  76  37  77   2  40  60  44  91  43  34  55  44  51  46  53  65  96  59  87  98  91  58  36  23 
 89   0  91  70  57  63  79  30  59  78  18  32  95  38  19  17  66  30  99  70  57   4  62  62  98  20  39  29  53  83  61  14  78  54  43  35  58  58  89  72  95  71  86  78  20  34  92  45  54  95 
 43  64   0   7  51  88  35  12  39  28  50  80  55  44  74   4  45  85  56  85  43  17  40  78  24  77  68  13  90  53  39  98  24  94   3  30  15  66   4  92  39  71  62  20  31  46   2  54   7  33 
 75  52  17   0  70  75  49   6  11   7   8  11  39  99  94  43  69  51  38  50  85  54  49  73  48  56  31  37  46  62  36  86  24  84  77  69  37  64  38  27  58  13   5  45  47  53  92  98  35  52 
 31   2  54  95   0  60  65  30  50  65  34  65  86  98  17  71  67  69   7  40  92  82  76  48  27  23  53  16   7  21  22  92  28  52  76  99  32  30  92  72  82  51  98  18  76  41   5  41  91   7 
  7  36  43  51  63   0  11  99  29  86  32   6  31  74  52  20  66  36  81  93   9  82  84  41  31   5  65  34  20  74   2  36  67  38  94  71  20   6  29  14   3   4  22  92  56  64  40  15  59  45 
 53   9  87  72  80  34   0  99  69  18  94  44  92  96  39  50  16  36  48  21  25  54  60  19  77  76  88  65  33  20  82  71  65  89  52  61  85  85  32  26  61  46  99  58  58  34  27  62  97  59 
 65  12  57   4  13  84  17   0  99  90  94   1  60  79  74  46  43  87  90   3  88  17  79   6  80  52  91  73  16  20  45  93  49  70  57  91  55  54  95  89  92  42  48  90  84  91   4  69  11  97 
 81  82  78  73   5  64  17  54   0  12  83  51  83  66  63  54  82  68  33  97  74  49  14  96  69  18  38  39  56   8  31  16  85  84  86   3  80  94  83  96  62  95  52  21   1  83  91  74  15  90 
  9  45   9  66  37  44  17  81  51   0  16  74  67  16  45  26  10  41  41  65  98  27  53  49   8  24  57  96  73  89  59  57  87  18  92   1   1  74  24  61  35  70  83  10  46  70   6   2  40  70 
 77  21  53  67  20  47   6  32  63  22   0   5  33  62  85  41  98  66   9  97  14   9  23  67  66  34  58  17  32  31  76  81  11  51  77  41  76  54  78  16  69  72   1  65  89  63  93  24  38  67 
  6  32  82  63  64  13  34  52  26  34  96   0   1  75  77  19  72  47  16  39  75  32  50  64  64  60  56  28  74  66  69  83  76  25  66  11  11   8  54  95  59  18  71  87  17  70  94  51  42  21 
 68  58  16  43  37   6  30  74  61  23  46  53   0  66   5  16  84  60  89  57  84  36  33  38  15  75  11  92  84  85  12  24   6  78  19  52  17  53  93  95  49  51  55  34  82  10  45  76  39   8 
  8  53   3  22  16  63  83   7  52  47   6  61  11   0  89  25  11  35  38  41   3  96  74  84  92   8  10  10   2  44  50  39  53  69  17   3  60  65  78  43  79  35  89  82  18  62  61  76  31  80 
 17  28  92  76  60  77  39  26  34  76  51  67  79  88   0  62  21  43  47  17  30  56   6  57  50  90  34  50  68  19  98  76  15  23  83  24  20  66  25  99  59  50  48  76  35  46  12  87  86  40 
 20  19  51  37  98  74   1  94   8  32  83  64  91  58  37   0  77  90  66  62  78  88  42  50  94  75  25  76  73  67  81  27  78  44   8   6  14   7  60  21  17  54  35  31  34  57  91   3  55  83 
 97  71  81  68  80  99  95  62  38  32  39  65  62  42  53  67   0  65  14  55  24  48  33  83   7  96  78  46  20  24  54  12  60  84  67  52  86  94   6  22  33  26  45   7  25  78  85  44  95  42 
 14  53  95  36  37  71  50  93  46   3  12  18  72  50  45  76  26   0  61  97  33  52  72  70  66  95  58  55  18  80  11  56  17  61  26  24  90  33  38  86  95  55  52  24  14  79   4  73  55   4 
 71  20  54  87  44   8   3  51  71  25  57  17  30  74  42  99  18  17   0  41  76  10  91  18   7  90  61  82  75  22  16  37  29  76  30  43  29  61  19  14  21  60  91  41  59  41  17  59   3   5 
 21  73  66   3  62  84  94  22  33   2  78  65  84  68  76  50  83  84  98   0  46  83  14  25  42  92  99  23  99  45  72  21  99  76  78  96  99  78  42  91  50  15  60  88  60   2  81  46  23  75 
 66  74  68  29  56   7   5  92  76  94  88  93  54  29  69  73  61  62  11  38   0  71  55  71  66   7  58   4  43  37  42  73  13  81  10  78  43  27  45   5  33  55  48  75  86  13  39  92  12  15 
 75  95  76  76  10  70  15   8  35  65  54  26  65  93  57   1  11  12  56  73  35   0  85  44   1  71  23  21  23  39  85  60  52   9  49   3  53  37  21  45  10  18  34  14  95  23  75  72  68  65 
  7   5  74  17  20  43  96  52  73  52  62  50  13  78  69  67   4  98  99  11  17  47   0  81  31  23  71   6  69  81  26  73  89  61  17  40  44  19  82  82  17  57  54  11  62  53  59  78  67  38 
  7  59  22  86  27  97  61  12  37  88  87  90  78  38  53  80  50  97  19  71  22  34  25   0  11  24  64  34  48  55   7  48  28   1  57  68  10  13  82  41  91  88  31  90  39  99  34  34  48  18 
 29  87  10  71  42  14  48  55  30  31  18  91  45  52  55  70  42  58  50  32  73  31  39  53   0  46  73  10  16  50  18  53  49  24  41  91  85  57  48  26  79  34  51  29  23   5  76  41  64  35 
 94  66  16  14   3  71   2  99   4  84  58  86  95  43  10  51  18  75  68  18   8   5   1  66  18   0  34   8  55  28  51  49  82  63  35  89  56  79  35  23  47  15  56  89  83   2  73  79  22  45 
 30  23  23  15  64  11  15  22  93  92  34  29   1  29  37  24   1  67  41   6  74  93  17  30  56  56   0   1  72  30  27  70  29  72  80  52  36  78  98  62  44  95  24  68  87  80  21  23  80  84 
 52  90  62  38  44   9  52   6  72  34   1  93  37  87  11  97   4   7  76  19  93  30  16  13  78  55  40   0   7  75   3   7  82  87   9  27  65   8  69  10  91  89  92  59  49  60  95  12  59  28 
  2  85  63  30  76  17  71  64   7  34  66  81  88  60  35  45  71  36  31  84  52  95  89   3  29  84  69   7   0  88  85  74  30  51  16  90  62  21  63  60  86  63  85  35  32  62  62  26  85  62 
 84  75  67  37  12  55  18  15  57  74  81  10  47  27   6  42  82  27  61   2  51  37  60  10  46  47   8  39  98   0  31  80  91  15  61   4  86  15  57  65  84  18  25  75   2  22  42  48  48  77 
 48  25   7  40  20  20  67  93  25  62  22  11  84  37  86  59  81  25  27  51  35  33  12  69  69  85  44  94  95  96   0   7  32  34  53  82  90  14  92  94  30  43  98  57  26  40  44  35  10  74 
 78  12  93  15  95  68  66  31  56   2  13  33  29  32  18   8  24  44  84  81   7  77  81  31  41  72  15  78  64  57  53   0  94  22  60  47  68  26  26  87  98   7  25  14   2  67  25  75  52   4 
 10  46  45  93  86   2  91  27  61  62  37   7  69  45  57  29  50  73  10  37  19   7  31  50  35  16  99  24  53  93  18  51   0  63  45  53  41  18  58  14  14  10   6  47  21  21   9  75  35  28 
 73  13  49  42  37  23  11  47  32  89  80   5  42   3  38  26  69  76  25  53  26  95  53  19  61  64  56  67  25   6  91  33  40   0  67  37  70  23  32   1  16  89  23  93  48  60  40  99  63  11 
 79  47  66  17  78  87  77   2  43  83  80  93   2  72  69  12  80  16  16  74  75  42  66  41  68  72  38  39  32  88  80   8  14  53   0  96  78  94  81  82  39  98  84  73  73  92  40  20  90  43 
 74  92  79  73  13  92  25  77  35  46  11  93  75  20  65   2  78  46  48  81  59  92  14  84  25  59  67  78  55  19  81  29  43   3  15   0   4  63   4  86  24   5  53  68   6  87  65  63  18  53 
  3  93  59  87  27  69  15  58  79  99  68  67  60  59  60   9  85  71  61  20  36  87  64  81  16  78  33  92  16  64  45  42  30  70  90  38   0  15  74   8  79  77  76  29   8  39  55  85  33  13 
  5   7  43  72  63   5  97  94  73  61  15  23  73  51  38  85  38  10  81  33  68  72  36  87  10  68  15  65  40  22   7  80  76  44  55  27  47   0  28  54  57  92  74  99  94  98  54  72  30  37 
 63  35   6  65  50  90  10  94  33  85  60  54  86  44  89  68  41  83   1  26  18  73  67  50  67  97  48  16  43  15  26  77  55  40  49   4  64  13   0  30  84  57  72  31  89  79  24  53  35  19 
 42  12  46  64  13  57  93  85  62  24  78  51  17  12  49  57  41  81  61  21  48  34  99  97  83  46  89   4  91  24  94  90  88  17  68  18  78  73  91   0  24  20  68  57  53  69  58  16  63  16 
 59  50  20  82  13  11  70  88  67  79  92  22  79  94  21  10   5  13  39  84  64  35  22  87  69  38   6  34  10  72  16   3  88  99  85  66  60  95  23  70   0  18  16  16  89  82  37  98  60   1 
 58  21  37   5  84  78  79  79  69  59   8  37  86  42  36  44  52  41  23  46  41  61  88  17  78   1  14   2   1  50  43  84  59  76   1  77  66  20  72  99  31   0  92  27  29  42  57  93  17  24 
 69  59   9   3  37  99  80  69  22  20  49   7  95  57  41   5  58  76  51  36  62  95  33  80  67  12  74  19  39  43  11  75  21  74  16  95  77  81  39  52  23  61   0  24  38   1  23  19  41  33 
 22   8  58  59  77  30  30  36  59  99  45  73  60  89  93  97  79  88  29  87  70  71  86  56  81  47  49  39  75  18  14  22   5   5  70  12  68  88  36  24  99   8  45   0  16  43  88  31  58  28 
 28  52   1  75  57  43  90  43  78  20  30  49   1  50  60  55  39  68  25  97  38   8  41  51  57   5  73  78   7  30  15  21  35  98  10  99  86  11   2  82  47  93  98  11   0  37  53  52  25  87 
 88  30  87  54  40  46  30  98  50  19  67  87  98  47  77   8  63  91  18  13  94  39  79  15  30  75  20   6  55  68  59  30  71  67  40  14  38  57  87   2  18  85  57  82  91   0  50  80  78  70 
 35  59   3   2  79  50  99  32  69  71  53  81  32   7  60  81  25  50  41  93   5  80  67  50  48  83  27   2  44  33  72  14  63  79  12  35  53  72  19  42  98  20  92  36  22   7   0  44  69  59 
 43  45   7  61  55  79   4  90  20  29  56  90  64   7  65  76  10  20  54  83   3  67  58  41  31  29  21  35  99  61  40  41  20  43  13  43   9  41  55  88   1  99  86  22  75  19  71   0  32  40 
 93  86  87  45  58  87  60  92  64  61  38  63  71  85  48  48  79  39  85  48  89  52  76  68  42   9  78  26  46  84  89  99  79  19  90  73  72  59  39  45  73  38  65  88  31  10  16  50   0  99 
 30  35  72   2  46  64  10  82   2  97  71  18  25  28   9  75  71  68  27  99  26  27  34  32  69  16  23  53  75  86  49  54  39  17  22  23  81  91  19  57  44  63  78  34  35  73  11  20  31   0 
Reldue
 1631    3    7
 3512    2    6
 2418    4    8
 1931    2    2
 1583    8    2
 1011    1    5
 3067    1    6
 2960    1    6
 1776    5    6
 2763    3    8
 3128    4    9
 2117    1    8
 1409    7    3
 2537    5    2
 2690    7    9
 1148    6    2
 2841    5    5
 1699    7    1
 1463    7    3
 2908    1    1
 1636    4    3
 1589    9    8
 1324    3    7
 2270    5    2
  768    3    4
 1951    9    3
 1691    8    3
 1254    2    1
 2599    4    9
 3328    4    6
 1807    9    9
 1983    1    5
 1825    3    6
 3069    5    5
 1178    1    3
 1960    4    8
 2151    5    3
 1549    9    3
 1544    7    1
 2219    4    9
 1397    7    2
 1683    9    1
 2866    3    6
 3454    1    4
 1874    4    4
 1669    3    5
 2040    4    3
 2998    3    7
  808    5    6
 1031    4    7
DDW
 1524  1738
 3312  3713
 2204  2631
 1832  2030
 1473  1693
  960  1062
 2813  3321
 2720  3200
 1606  1945
 2518  3008
 2914  3342
 1981  2254
 1270  1548
 2298  2776
 2541  2839
 1073  1223
 2651  3031
 1552  1847
 1390  1537
 2635  3181
 1493  1780
 1455  1724
 1205  1443
 2151  2390
  698   838
 1832  2071
 1600  1782
 1162  1346
 2355  2842
 3020  3637
 1642  1971
 1830  2135
 1644  2006
 2819  3318
 1108  1249
 1841  2080
 1940  2362
 1461  1637
 1446  1643
 2067  2370
 1289  1505
 1531  1835
 2674  3058
 3201  3707
 1740  2009
 1563  1775
 1904  2175
 2709  3286
  735   882
  973  1090
