20  10
MD
  3  5  5  2  3  5  3  5  5  5
PT
  8  68  36   7   1  23   4  82  26  73  79  49  99  80  77   1  34  44  86  67 
 17  59  28  90  65  28  43  83  26  62   4  76  76  91  16  34  45  57  98   5 
 15  43  22  35  52  88  29  50  93  78  70  33  38  21  64  87  57  71  10  62 
 88  96  42  13  52  68   1  11  16  24  34  57  17  93  44  33  56  85  86   6 
 29  81  59  69  89   3  31  63  51  25  43   7  60  62  78  24  60  19  95  13 
 85  28  90  42  26  88  47  55  60  16  45  75  71  40  22  24  75  87  75  41 
 94  22  35  36  48   5  91  89  40   5  51  55  46  74  82  67  94  11  72  17 
 34  45  24  27  82  79  52  61   8  26  60  99  27   3  21  94  33  92  96  94 
 72  63  16  24  90  91  21  99  74  10  52  68  34  37  99  91  20  25  56   7 
 72  99  13  86  21  15  46  26  67  15  87  80  75  77  68  55  13  69  81  47 
SSD
M0
  0   2  53  27  37  26  38  98  94  96  99  61  68  70  94  75  59  17  65   8 
 46   0  91  89   6  52  62  41  37  38  40  82  75  22  84  85  38  22  34  76 
 31  86   0  19  24  49  91   8  92  72  85  57  98  14  54  93  23  18  38  97 
 58  78  49   0  49  78  54  19  53  84  13  79  98  49  34  18  32  95  72   5 
 80  41  82  30   0  16  52   1  94  29  82  31  75  58  42  47  50  45  41  56 
 44  49   3  23  68   0   5  67  82  75  28  82  40  68  96  93  17  80  27  73 
 91  50  83  59  54  49   0  44   4  75  14  62  82  88  85  38  61  88  81  94 
 48  46  15   2   4  63  49   0  51  98  94  60   7  37  97  73  39  91  58  24 
 16  14  63  48  67  32   4  23   0   7  75  79  24  69   6  29  81  51  65  48 
 32  97  10  58  27  28  45  94  39   0  12   6  41  93  64  71  10  22  21  89 
 99  14  95  64  80  48   9  47  18  33   0  41  70  32  86  80  54  28  39  50 
 86  52  26  45  19  17  72  22  77  95  12   0  43  92  96  99  65  99  12   2 
 70   3  84  78  12  60  57  91  30  65  34  58   0  62  24  28  27  86  46  95 
 44  27  49  72  67  51  17  62  77  76  61  45  27   0  48  47  10  18  10  50 
 20  45  57  15  57  49  77  10  62  18  79  60  88  54   0  59  15  63  48  88 
 28  58  43  83  45  75   7  35  23  10  60   1  15  68  54   0  20  57  32  53 
 27  44  68  22  44  58  11  29  28  46  58  64  47  39  49  61   0  13  81  37 
 97  49  85  20  11  53  12  98  93  95  56  41  63  34  95  47  36   0  29  93 
 20  99  11  46  37  20  58  53  59  49  55  51  28  86  51  42  52  67   0  96 
 20  37  61  61  93  83  86  21  92  69  34  87  17  71  83  16  99  94  96   0 
M1
  0   2  53  27  37  26  38  98  94  96  99  61  68  70  94  75  59  17  65   8 
 46   0  91  89   6  52  62  41  37  38  40  82  75  22  84  85  38  22  34  76 
 31  86   0  19  24  49  91   8  92  72  85  57  98  14  54  93  23  18  38  97 
 58  78  49   0  49  78  54  19  53  84  13  79  98  49  34  18  32  95  72   5 
 80  41  82  30   0  16  52   1  94  29  82  31  75  58  42  47  50  45  41  56 
 44  49   3  23  68   0   5  67  82  75  28  82  40  68  96  93  17  80  27  73 
 91  50  83  59  54  49   0  44   4  75  14  62  82  88  85  38  61  88  81  94 
 48  46  15   2   4  63  49   0  51  98  94  60   7  37  97  73  39  91  58  24 
 16  14  63  48  67  32   4  23   0   7  75  79  24  69   6  29  81  51  65  48 
 32  97  10  58  27  28  45  94  39   0  12   6  41  93  64  71  10  22  21  89 
 99  14  95  64  80  48   9  47  18  33   0  41  70  32  86  80  54  28  39  50 
 86  52  26  45  19  17  72  22  77  95  12   0  43  92  96  99  65  99  12   2 
 70   3  84  78  12  60  57  91  30  65  34  58   0  62  24  28  27  86  46  95 
 44  27  49  72  67  51  17  62  77  76  61  45  27   0  48  47  10  18  10  50 
 20  45  57  15  57  49  77  10  62  18  79  60  88  54   0  59  15  63  48  88 
 28  58  43  83  45  75   7  35  23  10  60   1  15  68  54   0  20  57  32  53 
 27  44  68  22  44  58  11  29  28  46  58  64  47  39  49  61   0  13  81  37 
 97  49  85  20  11  53  12  98  93  95  56  41  63  34  95  47  36   0  29  93 
 20  99  11  46  37  20  58  53  59  49  55  51  28  86  51  42  52  67   0  96 
 20  37  61  61  93  83  86  21  92  69  34  87  17  71  83  16  99  94  96   0 
M2
  0   2  53  27  37  26  38  98  94  96  99  61  68  70  94  75  59  17  65   8 
 46   0  91  89   6  52  62  41  37  38  40  82  75  22  84  85  38  22  34  76 
 31  86   0  19  24  49  91   8  92  72  85  57  98  14  54  93  23  18  38  97 
 58  78  49   0  49  78  54  19  53  84  13  79  98  49  34  18  32  95  72   5 
 80  41  82  30   0  16  52   1  94  29  82  31  75  58  42  47  50  45  41  56 
 44  49   3  23  68   0   5  67  82  75  28  82  40  68  96  93  17  80  27  73 
 91  50  83  59  54  49   0  44   4  75  14  62  82  88  85  38  61  88  81  94 
 48  46  15   2   4  63  49   0  51  98  94  60   7  37  97  73  39  91  58  24 
 16  14  63  48  67  32   4  23   0   7  75  79  24  69   6  29  81  51  65  48 
 32  97  10  58  27  28  45  94  39   0  12   6  41  93  64  71  10  22  21  89 
 99  14  95  64  80  48   9  47  18  33   0  41  70  32  86  80  54  28  39  50 
 86  52  26  45  19  17  72  22  77  95  12   0  43  92  96  99  65  99  12   2 
 70   3  84  78  12  60  57  91  30  65  34  58   0  62  24  28  27  86  46  95 
 44  27  49  72  67  51  17  62  77  76  61  45  27   0  48  47  10  18  10  50 
 20  45  57  15  57  49  77  10  62  18  79  60  88  54   0  59  15  63  48  88 
 28  58  43  83  45  75   7  35  23  10  60   1  15  68  54   0  20  57  32  53 
 27  44  68  22  44  58  11  29  28  46  58  64  47  39  49  61   0  13  81  37 
 97  49  85  20  11  53  12  98  93  95  56  41  63  34  95  47  36   0  29  93 
 20  99  11  46  37  20  58  53  59  49  55  51  28  86  51  42  52  67   0  96 
 20  37  61  61  93  83  86  21  92  69  34  87  17  71  83  16  99  94  96   0 
M3
  0   2  53  27  37  26  38  98  94  96  99  61  68  70  94  75  59  17  65   8 
 46   0  91  89   6  52  62  41  37  38  40  82  75  22  84  85  38  22  34  76 
 31  86   0  19  24  49  91   8  92  72  85  57  98  14  54  93  23  18  38  97 
 58  78  49   0  49  78  54  19  53  84  13  79  98  49  34  18  32  95  72   5 
 80  41  82  30   0  16  52   1  94  29  82  31  75  58  42  47  50  45  41  56 
 44  49   3  23  68   0   5  67  82  75  28  82  40  68  96  93  17  80  27  73 
 91  50  83  59  54  49   0  44   4  75  14  62  82  88  85  38  61  88  81  94 
 48  46  15   2   4  63  49   0  51  98  94  60   7  37  97  73  39  91  58  24 
 16  14  63  48  67  32   4  23   0   7  75  79  24  69   6  29  81  51  65  48 
 32  97  10  58  27  28  45  94  39   0  12   6  41  93  64  71  10  22  21  89 
 99  14  95  64  80  48   9  47  18  33   0  41  70  32  86  80  54  28  39  50 
 86  52  26  45  19  17  72  22  77  95  12   0  43  92  96  99  65  99  12   2 
 70   3  84  78  12  60  57  91  30  65  34  58   0  62  24  28  27  86  46  95 
 44  27  49  72  67  51  17  62  77  76  61  45  27   0  48  47  10  18  10  50 
 20  45  57  15  57  49  77  10  62  18  79  60  88  54   0  59  15  63  48  88 
 28  58  43  83  45  75   7  35  23  10  60   1  15  68  54   0  20  57  32  53 
 27  44  68  22  44  58  11  29  28  46  58  64  47  39  49  61   0  13  81  37 
 97  49  85  20  11  53  12  98  93  95  56  41  63  34  95  47  36   0  29  93 
 20  99  11  46  37  20  58  53  59  49  55  51  28  86  51  42  52  67   0  96 
 20  37  61  61  93  83  86  21  92  69  34  87  17  71  83  16  99  94  96   0 
M4
  0   2  53  27  37  26  38  98  94  96  99  61  68  70  94  75  59  17  65   8 
 46   0  91  89   6  52  62  41  37  38  40  82  75  22  84  85  38  22  34  76 
 31  86   0  19  24  49  91   8  92  72  85  57  98  14  54  93  23  18  38  97 
 58  78  49   0  49  78  54  19  53  84  13  79  98  49  34  18  32  95  72   5 
 80  41  82  30   0  16  52   1  94  29  82  31  75  58  42  47  50  45  41  56 
 44  49   3  23  68   0   5  67  82  75  28  82  40  68  96  93  17  80  27  73 
 91  50  83  59  54  49   0  44   4  75  14  62  82  88  85  38  61  88  81  94 
 48  46  15   2   4  63  49   0  51  98  94  60   7  37  97  73  39  91  58  24 
 16  14  63  48  67  32   4  23   0   7  75  79  24  69   6  29  81  51  65  48 
 32  97  10  58  27  28  45  94  39   0  12   6  41  93  64  71  10  22  21  89 
 99  14  95  64  80  48   9  47  18  33   0  41  70  32  86  80  54  28  39  50 
 86  52  26  45  19  17  72  22  77  95  12   0  43  92  96  99  65  99  12   2 
 70   3  84  78  12  60  57  91  30  65  34  58   0  62  24  28  27  86  46  95 
 44  27  49  72  67  51  17  62  77  76  61  45  27   0  48  47  10  18  10  50 
 20  45  57  15  57  49  77  10  62  18  79  60  88  54   0  59  15  63  48  88 
 28  58  43  83  45  75   7  35  23  10  60   1  15  68  54   0  20  57  32  53 
 27  44  68  22  44  58  11  29  28  46  58  64  47  39  49  61   0  13  81  37 
 97  49  85  20  11  53  12  98  93  95  56  41  63  34  95  47  36   0  29  93 
 20  99  11  46  37  20  58  53  59  49  55  51  28  86  51  42  52  67   0  96 
 20  37  61  61  93  83  86  21  92  69  34  87  17  71  83  16  99  94  96   0 
M5
  0   2  53  27  37  26  38  98  94  96  99  61  68  70  94  75  59  17  65   8 
 46   0  91  89   6  52  62  41  37  38  40  82  75  22  84  85  38  22  34  76 
 31  86   0  19  24  49  91   8  92  72  85  57  98  14  54  93  23  18  38  97 
 58  78  49   0  49  78  54  19  53  84  13  79  98  49  34  18  32  95  72   5 
 80  41  82  30   0  16  52   1  94  29  82  31  75  58  42  47  50  45  41  56 
 44  49   3  23  68   0   5  67  82  75  28  82  40  68  96  93  17  80  27  73 
 91  50  83  59  54  49   0  44   4  75  14  62  82  88  85  38  61  88  81  94 
 48  46  15   2   4  63  49   0  51  98  94  60   7  37  97  73  39  91  58  24 
 16  14  63  48  67  32   4  23   0   7  75  79  24  69   6  29  81  51  65  48 
 32  97  10  58  27  28  45  94  39   0  12   6  41  93  64  71  10  22  21  89 
 99  14  95  64  80  48   9  47  18  33   0  41  70  32  86  80  54  28  39  50 
 86  52  26  45  19  17  72  22  77  95  12   0  43  92  96  99  65  99  12   2 
 70   3  84  78  12  60  57  91  30  65  34  58   0  62  24  28  27  86  46  95 
 44  27  49  72  67  51  17  62  77  76  61  45  27   0  48  47  10  18  10  50 
 20  45  57  15  57  49  77  10  62  18  79  60  88  54   0  59  15  63  48  88 
 28  58  43  83  45  75   7  35  23  10  60   1  15  68  54   0  20  57  32  53 
 27  44  68  22  44  58  11  29  28  46  58  64  47  39  49  61   0  13  81  37 
 97  49  85  20  11  53  12  98  93  95  56  41  63  34  95  47  36   0  29  93 
 20  99  11  46  37  20  58  53  59  49  55  51  28  86  51  42  52  67   0  96 
 20  37  61  61  93  83  86  21  92  69  34  87  17  71  83  16  99  94  96   0 
M6
  0   2  53  27  37  26  38  98  94  96  99  61  68  70  94  75  59  17  65   8 
 46   0  91  89   6  52  62  41  37  38  40  82  75  22  84  85  38  22  34  76 
 31  86   0  19  24  49  91   8  92  72  85  57  98  14  54  93  23  18  38  97 
 58  78  49   0  49  78  54  19  53  84  13  79  98  49  34  18  32  95  72   5 
 80  41  82  30   0  16  52   1  94  29  82  31  75  58  42  47  50  45  41  56 
 44  49   3  23  68   0   5  67  82  75  28  82  40  68  96  93  17  80  27  73 
 91  50  83  59  54  49   0  44   4  75  14  62  82  88  85  38  61  88  81  94 
 48  46  15   2   4  63  49   0  51  98  94  60   7  37  97  73  39  91  58  24 
 16  14  63  48  67  32   4  23   0   7  75  79  24  69   6  29  81  51  65  48 
 32  97  10  58  27  28  45  94  39   0  12   6  41  93  64  71  10  22  21  89 
 99  14  95  64  80  48   9  47  18  33   0  41  70  32  86  80  54  28  39  50 
 86  52  26  45  19  17  72  22  77  95  12   0  43  92  96  99  65  99  12   2 
 70   3  84  78  12  60  57  91  30  65  34  58   0  62  24  28  27  86  46  95 
 44  27  49  72  67  51  17  62  77  76  61  45  27   0  48  47  10  18  10  50 
 20  45  57  15  57  49  77  10  62  18  79  60  88  54   0  59  15  63  48  88 
 28  58  43  83  45  75   7  35  23  10  60   1  15  68  54   0  20  57  32  53 
 27  44  68  22  44  58  11  29  28  46  58  64  47  39  49  61   0  13  81  37 
 97  49  85  20  11  53  12  98  93  95  56  41  63  34  95  47  36   0  29  93 
 20  99  11  46  37  20  58  53  59  49  55  51  28  86  51  42  52  67   0  96 
 20  37  61  61  93  83  86  21  92  69  34  87  17  71  83  16  99  94  96   0 
M7
  0   2  53  27  37  26  38  98  94  96  99  61  68  70  94  75  59  17  65   8 
 46   0  91  89   6  52  62  41  37  38  40  82  75  22  84  85  38  22  34  76 
 31  86   0  19  24  49  91   8  92  72  85  57  98  14  54  93  23  18  38  97 
 58  78  49   0  49  78  54  19  53  84  13  79  98  49  34  18  32  95  72   5 
 80  41  82  30   0  16  52   1  94  29  82  31  75  58  42  47  50  45  41  56 
 44  49   3  23  68   0   5  67  82  75  28  82  40  68  96  93  17  80  27  73 
 91  50  83  59  54  49   0  44   4  75  14  62  82  88  85  38  61  88  81  94 
 48  46  15   2   4  63  49   0  51  98  94  60   7  37  97  73  39  91  58  24 
 16  14  63  48  67  32   4  23   0   7  75  79  24  69   6  29  81  51  65  48 
 32  97  10  58  27  28  45  94  39   0  12   6  41  93  64  71  10  22  21  89 
 99  14  95  64  80  48   9  47  18  33   0  41  70  32  86  80  54  28  39  50 
 86  52  26  45  19  17  72  22  77  95  12   0  43  92  96  99  65  99  12   2 
 70   3  84  78  12  60  57  91  30  65  34  58   0  62  24  28  27  86  46  95 
 44  27  49  72  67  51  17  62  77  76  61  45  27   0  48  47  10  18  10  50 
 20  45  57  15  57  49  77  10  62  18  79  60  88  54   0  59  15  63  48  88 
 28  58  43  83  45  75   7  35  23  10  60   1  15  68  54   0  20  57  32  53 
 27  44  68  22  44  58  11  29  28  46  58  64  47  39  49  61   0  13  81  37 
 97  49  85  20  11  53  12  98  93  95  56  41  63  34  95  47  36   0  29  93 
 20  99  11  46  37  20  58  53  59  49  55  51  28  86  51  42  52  67   0  96 
 20  37  61  61  93  83  86  21  92  69  34  87  17  71  83  16  99  94  96   0 
M8
  0   2  53  27  37  26  38  98  94  96  99  61  68  70  94  75  59  17  65   8 
 46   0  91  89   6  52  62  41  37  38  40  82  75  22  84  85  38  22  34  76 
 31  86   0  19  24  49  91   8  92  72  85  57  98  14  54  93  23  18  38  97 
 58  78  49   0  49  78  54  19  53  84  13  79  98  49  34  18  32  95  72   5 
 80  41  82  30   0  16  52   1  94  29  82  31  75  58  42  47  50  45  41  56 
 44  49   3  23  68   0   5  67  82  75  28  82  40  68  96  93  17  80  27  73 
 91  50  83  59  54  49   0  44   4  75  14  62  82  88  85  38  61  88  81  94 
 48  46  15   2   4  63  49   0  51  98  94  60   7  37  97  73  39  91  58  24 
 16  14  63  48  67  32   4  23   0   7  75  79  24  69   6  29  81  51  65  48 
 32  97  10  58  27  28  45  94  39   0  12   6  41  93  64  71  10  22  21  89 
 99  14  95  64  80  48   9  47  18  33   0  41  70  32  86  80  54  28  39  50 
 86  52  26  45  19  17  72  22  77  95  12   0  43  92  96  99  65  99  12   2 
 70   3  84  78  12  60  57  91  30  65  34  58   0  62  24  28  27  86  46  95 
 44  27  49  72  67  51  17  62  77  76  61  45  27   0  48  47  10  18  10  50 
 20  45  57  15  57  49  77  10  62  18  79  60  88  54   0  59  15  63  48  88 
 28  58  43  83  45  75   7  35  23  10  60   1  15  68  54   0  20  57  32  53 
 27  44  68  22  44  58  11  29  28  46  58  64  47  39  49  61   0  13  81  37 
 97  49  85  20  11  53  12  98  93  95  56  41  63  34  95  47  36   0  29  93 
 20  99  11  46  37  20  58  53  59  49  55  51  28  86  51  42  52  67   0  96 
 20  37  61  61  93  83  86  21  92  69  34  87  17  71  83  16  99  94  96   0 
M9
  0   2  53  27  37  26  38  98  94  96  99  61  68  70  94  75  59  17  65   8 
 46   0  91  89   6  52  62  41  37  38  40  82  75  22  84  85  38  22  34  76 
 31  86   0  19  24  49  91   8  92  72  85  57  98  14  54  93  23  18  38  97 
 58  78  49   0  49  78  54  19  53  84  13  79  98  49  34  18  32  95  72   5 
 80  41  82  30   0  16  52   1  94  29  82  31  75  58  42  47  50  45  41  56 
 44  49   3  23  68   0   5  67  82  75  28  82  40  68  96  93  17  80  27  73 
 91  50  83  59  54  49   0  44   4  75  14  62  82  88  85  38  61  88  81  94 
 48  46  15   2   4  63  49   0  51  98  94  60   7  37  97  73  39  91  58  24 
 16  14  63  48  67  32   4  23   0   7  75  79  24  69   6  29  81  51  65  48 
 32  97  10  58  27  28  45  94  39   0  12   6  41  93  64  71  10  22  21  89 
 99  14  95  64  80  48   9  47  18  33   0  41  70  32  86  80  54  28  39  50 
 86  52  26  45  19  17  72  22  77  95  12   0  43  92  96  99  65  99  12   2 
 70   3  84  78  12  60  57  91  30  65  34  58   0  62  24  28  27  86  46  95 
 44  27  49  72  67  51  17  62  77  76  61  45  27   0  48  47  10  18  10  50 
 20  45  57  15  57  49  77  10  62  18  79  60  88  54   0  59  15  63  48  88 
 28  58  43  83  45  75   7  35  23  10  60   1  15  68  54   0  20  57  32  53 
 27  44  68  22  44  58  11  29  28  46  58  64  47  39  49  61   0  13  81  37 
 97  49  85  20  11  53  12  98  93  95  56  41  63  34  95  47  36   0  29  93 
 20  99  11  46  37  20  58  53  59  49  55  51  28  86  51  42  52  67   0  96 
 20  37  61  61  93  83  86  21  92  69  34  87  17  71  83  16  99  94  96   0 
Reldue
 3392    2    1
 1274    6    3
 1953    6    8
 1545    8    1
 1268    7    5
 1305    2    1
 1311    9    4
 2917    5    6
 1564    8    5
 2306    3    1
 3285    9    6
 4215    3    7
 2898    7    9
 1743    7    8
 2969    9    6
 1344    8    7
 1188    6    3
 2699    6    4
 2885    2    3
 1118    6    3
DDW
 3067  3717
 1188  1361
 1775  2131
 1436  1655
 1146  1391
 1180  1430
 1210  1411
 2745  3090
 1449  1679
 2115  2497
 3093  3477
 3982  4447
 2745  3051
 1641  1845
 2749  3189
 1221  1467
 1089  1287
 2544  2855
 2599  3170
 1026  1209
