20  10
MD
  3  3  5  5  4  2  3  4  3  4
PT
 25  93   8  38  73  92  52  28  21  66  13  92  23  87  24  54  48  78  29  68 
 55  79   5  56   5  73  76  44  16  56  11  18  18  49  28  65  46  72   4  92 
 73  94  87  38  61  68  91   9  68  94  68  61  10  87  40  38  21  74  30  27 
 86  47  98  45  34  48  23  49  90  47  55  84  46  64  11  14   5  94  51  97 
 91  49  10  44  29  75  91  76  49  24  77   9  49  40  60  79   5  58  76   5 
 64  98  31  33  78  37  48  53  47  12  39   6  50  53   1   8  34  40  80  50 
 67  87  40  74  43  61  59  94  49  94  38  89  41  68   9  66  61  18  75  81 
 61  63  12  73  26  56  58  93  95  18  46  30  73  11  91  97  28  94  55  13 
 34  34  70  65  83  47  46  18  77  72  44  34  33  46  63  52  83  21  35  87 
 97  93   7  92  29  21  83  67  41  61  15  81  72   6  62  59  50  15  58  41 
SSD
M0
  0  67  43  98  69  58  33  18  10  93  93  61  86  30  37  60  18  52  74  10 
  7   0  30  37  94  23  79  21  35  31  90  82  14  36  37  11  88  55   4  79 
  3  78   0  17  32  34  54  51  87   7  91   9  29  51   2  21  50  17  61   5 
 78  30  30   0  53  18  36  72  38  65  98  19  27  71  71  33  63  10  22  43 
 74  85   5  87   0   5  64  24  61  73  83   9  80  70  39  19  54  61  18  76 
 20  21  34  54  15   0  97  18  73  42  89  48  43  98  44  62  61  14  99  29 
 88  25  79  18  22  17   0   7  38  60  33  37  57  21  98   5  64  74  75  80 
 63  43  38  13  62  13  10   0  19  35  83  48  54  43  84  30  95  99  68  92 
 11  73  29  94  60  36  75  74   0  88  95  43  60  35  31  40  91  62  17  47 
 78  33   8  28  59  12  96  98  91   0  91  96  85  24  94  24  32  71  24  89 
 54  19  10  38  81  63  96   2  69  96   0   5  60  88  45   1  48  76  89  32 
 80  55  48  63  45  87  51   3  15  79  99   0  44  49  14  14  87  56  38  94 
 89  90  97  91  46  77  70  98  32  91  38  52   0  43  55  11  87  54  76  76 
 64  70  77  70   3  35  78  77  41  30  28  24  93   0  75  24  25  90  10  93 
 97  44  56  92  84  99  45  95  31  39  48  94  76  91   0   3   1  49  66  15 
  3  10   4   1  20  23  74  65  46  27   2  32  58  95  17   0  90  61  98  26 
 19  81  32  46  59  50  49  22  47  13  71  83  34  80  79  45   0  81  86  19 
 18   9  70  68  16  38  31  35  92  30  82  37  11  40  77  14  37   0  34  41 
 76  45  50  17  11   1  69  99  88  23  51   6  61   1  67  88   3  46   0  95 
 93  40  35  60  69   3  27  76  61  30  67  85  28  19  37  94  67  52  63   0 
M1
  0  67  43  98  69  58  33  18  10  93  93  61  86  30  37  60  18  52  74  10 
  7   0  30  37  94  23  79  21  35  31  90  82  14  36  37  11  88  55   4  79 
  3  78   0  17  32  34  54  51  87   7  91   9  29  51   2  21  50  17  61   5 
 78  30  30   0  53  18  36  72  38  65  98  19  27  71  71  33  63  10  22  43 
 74  85   5  87   0   5  64  24  61  73  83   9  80  70  39  19  54  61  18  76 
 20  21  34  54  15   0  97  18  73  42  89  48  43  98  44  62  61  14  99  29 
 88  25  79  18  22  17   0   7  38  60  33  37  57  21  98   5  64  74  75  80 
 63  43  38  13  62  13  10   0  19  35  83  48  54  43  84  30  95  99  68  92 
 11  73  29  94  60  36  75  74   0  88  95  43  60  35  31  40  91  62  17  47 
 78  33   8  28  59  12  96  98  91   0  91  96  85  24  94  24  32  71  24  89 
 54  19  10  38  81  63  96   2  69  96   0   5  60  88  45   1  48  76  89  32 
 80  55  48  63  45  87  51   3  15  79  99   0  44  49  14  14  87  56  38  94 
 89  90  97  91  46  77  70  98  32  91  38  52   0  43  55  11  87  54  76  76 
 64  70  77  70   3  35  78  77  41  30  28  24  93   0  75  24  25  90  10  93 
 97  44  56  92  84  99  45  95  31  39  48  94  76  91   0   3   1  49  66  15 
  3  10   4   1  20  23  74  65  46  27   2  32  58  95  17   0  90  61  98  26 
 19  81  32  46  59  50  49  22  47  13  71  83  34  80  79  45   0  81  86  19 
 18   9  70  68  16  38  31  35  92  30  82  37  11  40  77  14  37   0  34  41 
 76  45  50  17  11   1  69  99  88  23  51   6  61   1  67  88   3  46   0  95 
 93  40  35  60  69   3  27  76  61  30  67  85  28  19  37  94  67  52  63   0 
M2
  0  67  43  98  69  58  33  18  10  93  93  61  86  30  37  60  18  52  74  10 
  7   0  30  37  94  23  79  21  35  31  90  82  14  36  37  11  88  55   4  79 
  3  78   0  17  32  34  54  51  87   7  91   9  29  51   2  21  50  17  61   5 
 78  30  30   0  53  18  36  72  38  65  98  19  27  71  71  33  63  10  22  43 
 74  85   5  87   0   5  64  24  61  73  83   9  80  70  39  19  54  61  18  76 
 20  21  34  54  15   0  97  18  73  42  89  48  43  98  44  62  61  14  99  29 
 88  25  79  18  22  17   0   7  38  60  33  37  57  21  98   5  64  74  75  80 
 63  43  38  13  62  13  10   0  19  35  83  48  54  43  84  30  95  99  68  92 
 11  73  29  94  60  36  75  74   0  88  95  43  60  35  31  40  91  62  17  47 
 78  33   8  28  59  12  96  98  91   0  91  96  85  24  94  24  32  71  24  89 
 54  19  10  38  81  63  96   2  69  96   0   5  60  88  45   1  48  76  89  32 
 80  55  48  63  45  87  51   3  15  79  99   0  44  49  14  14  87  56  38  94 
 89  90  97  91  46  77  70  98  32  91  38  52   0  43  55  11  87  54  76  76 
 64  70  77  70   3  35  78  77  41  30  28  24  93   0  75  24  25  90  10  93 
 97  44  56  92  84  99  45  95  31  39  48  94  76  91   0   3   1  49  66  15 
  3  10   4   1  20  23  74  65  46  27   2  32  58  95  17   0  90  61  98  26 
 19  81  32  46  59  50  49  22  47  13  71  83  34  80  79  45   0  81  86  19 
 18   9  70  68  16  38  31  35  92  30  82  37  11  40  77  14  37   0  34  41 
 76  45  50  17  11   1  69  99  88  23  51   6  61   1  67  88   3  46   0  95 
 93  40  35  60  69   3  27  76  61  30  67  85  28  19  37  94  67  52  63   0 
M3
  0  67  43  98  69  58  33  18  10  93  93  61  86  30  37  60  18  52  74  10 
  7   0  30  37  94  23  79  21  35  31  90  82  14  36  37  11  88  55   4  79 
  3  78   0  17  32  34  54  51  87   7  91   9  29  51   2  21  50  17  61   5 
 78  30  30   0  53  18  36  72  38  65  98  19  27  71  71  33  63  10  22  43 
 74  85   5  87   0   5  64  24  61  73  83   9  80  70  39  19  54  61  18  76 
 20  21  34  54  15   0  97  18  73  42  89  48  43  98  44  62  61  14  99  29 
 88  25  79  18  22  17   0   7  38  60  33  37  57  21  98   5  64  74  75  80 
 63  43  38  13  62  13  10   0  19  35  83  48  54  43  84  30  95  99  68  92 
 11  73  29  94  60  36  75  74   0  88  95  43  60  35  31  40  91  62  17  47 
 78  33   8  28  59  12  96  98  91   0  91  96  85  24  94  24  32  71  24  89 
 54  19  10  38  81  63  96   2  69  96   0   5  60  88  45   1  48  76  89  32 
 80  55  48  63  45  87  51   3  15  79  99   0  44  49  14  14  87  56  38  94 
 89  90  97  91  46  77  70  98  32  91  38  52   0  43  55  11  87  54  76  76 
 64  70  77  70   3  35  78  77  41  30  28  24  93   0  75  24  25  90  10  93 
 97  44  56  92  84  99  45  95  31  39  48  94  76  91   0   3   1  49  66  15 
  3  10   4   1  20  23  74  65  46  27   2  32  58  95  17   0  90  61  98  26 
 19  81  32  46  59  50  49  22  47  13  71  83  34  80  79  45   0  81  86  19 
 18   9  70  68  16  38  31  35  92  30  82  37  11  40  77  14  37   0  34  41 
 76  45  50  17  11   1  69  99  88  23  51   6  61   1  67  88   3  46   0  95 
 93  40  35  60  69   3  27  76  61  30  67  85  28  19  37  94  67  52  63   0 
M4
  0  67  43  98  69  58  33  18  10  93  93  61  86  30  37  60  18  52  74  10 
  7   0  30  37  94  23  79  21  35  31  90  82  14  36  37  11  88  55   4  79 
  3  78   0  17  32  34  54  51  87   7  91   9  29  51   2  21  50  17  61   5 
 78  30  30   0  53  18  36  72  38  65  98  19  27  71  71  33  63  10  22  43 
 74  85   5  87   0   5  64  24  61  73  83   9  80  70  39  19  54  61  18  76 
 20  21  34  54  15   0  97  18  73  42  89  48  43  98  44  62  61  14  99  29 
 88  25  79  18  22  17   0   7  38  60  33  37  57  21  98   5  64  74  75  80 
 63  43  38  13  62  13  10   0  19  35  83  48  54  43  84  30  95  99  68  92 
 11  73  29  94  60  36  75  74   0  88  95  43  60  35  31  40  91  62  17  47 
 78  33   8  28  59  12  96  98  91   0  91  96  85  24  94  24  32  71  24  89 
 54  19  10  38  81  63  96   2  69  96   0   5  60  88  45   1  48  76  89  32 
 80  55  48  63  45  87  51   3  15  79  99   0  44  49  14  14  87  56  38  94 
 89  90  97  91  46  77  70  98  32  91  38  52   0  43  55  11  87  54  76  76 
 64  70  77  70   3  35  78  77  41  30  28  24  93   0  75  24  25  90  10  93 
 97  44  56  92  84  99  45  95  31  39  48  94  76  91   0   3   1  49  66  15 
  3  10   4   1  20  23  74  65  46  27   2  32  58  95  17   0  90  61  98  26 
 19  81  32  46  59  50  49  22  47  13  71  83  34  80  79  45   0  81  86  19 
 18   9  70  68  16  38  31  35  92  30  82  37  11  40  77  14  37   0  34  41 
 76  45  50  17  11   1  69  99  88  23  51   6  61   1  67  88   3  46   0  95 
 93  40  35  60  69   3  27  76  61  30  67  85  28  19  37  94  67  52  63   0 
M5
  0  67  43  98  69  58  33  18  10  93  93  61  86  30  37  60  18  52  74  10 
  7   0  30  37  94  23  79  21  35  31  90  82  14  36  37  11  88  55   4  79 
  3  78   0  17  32  34  54  51  87   7  91   9  29  51   2  21  50  17  61   5 
 78  30  30   0  53  18  36  72  38  65  98  19  27  71  71  33  63  10  22  43 
 74  85   5  87   0   5  64  24  61  73  83   9  80  70  39  19  54  61  18  76 
 20  21  34  54  15   0  97  18  73  42  89  48  43  98  44  62  61  14  99  29 
 88  25  79  18  22  17   0   7  38  60  33  37  57  21  98   5  64  74  75  80 
 63  43  38  13  62  13  10   0  19  35  83  48  54  43  84  30  95  99  68  92 
 11  73  29  94  60  36  75  74   0  88  95  43  60  35  31  40  91  62  17  47 
 78  33   8  28  59  12  96  98  91   0  91  96  85  24  94  24  32  71  24  89 
 54  19  10  38  81  63  96   2  69  96   0   5  60  88  45   1  48  76  89  32 
 80  55  48  63  45  87  51   3  15  79  99   0  44  49  14  14  87  56  38  94 
 89  90  97  91  46  77  70  98  32  91  38  52   0  43  55  11  87  54  76  76 
 64  70  77  70   3  35  78  77  41  30  28  24  93   0  75  24  25  90  10  93 
 97  44  56  92  84  99  45  95  31  39  48  94  76  91   0   3   1  49  66  15 
  3  10   4   1  20  23  74  65  46  27   2  32  58  95  17   0  90  61  98  26 
 19  81  32  46  59  50  49  22  47  13  71  83  34  80  79  45   0  81  86  19 
 18   9  70  68  16  38  31  35  92  30  82  37  11  40  77  14  37   0  34  41 
 76  45  50  17  11   1  69  99  88  23  51   6  61   1  67  88   3  46   0  95 
 93  40  35  60  69   3  27  76  61  30  67  85  28  19  37  94  67  52  63   0 
M6
  0  67  43  98  69  58  33  18  10  93  93  61  86  30  37  60  18  52  74  10 
  7   0  30  37  94  23  79  21  35  31  90  82  14  36  37  11  88  55   4  79 
  3  78   0  17  32  34  54  51  87   7  91   9  29  51   2  21  50  17  61   5 
 78  30  30   0  53  18  36  72  38  65  98  19  27  71  71  33  63  10  22  43 
 74  85   5  87   0   5  64  24  61  73  83   9  80  70  39  19  54  61  18  76 
 20  21  34  54  15   0  97  18  73  42  89  48  43  98  44  62  61  14  99  29 
 88  25  79  18  22  17   0   7  38  60  33  37  57  21  98   5  64  74  75  80 
 63  43  38  13  62  13  10   0  19  35  83  48  54  43  84  30  95  99  68  92 
 11  73  29  94  60  36  75  74   0  88  95  43  60  35  31  40  91  62  17  47 
 78  33   8  28  59  12  96  98  91   0  91  96  85  24  94  24  32  71  24  89 
 54  19  10  38  81  63  96   2  69  96   0   5  60  88  45   1  48  76  89  32 
 80  55  48  63  45  87  51   3  15  79  99   0  44  49  14  14  87  56  38  94 
 89  90  97  91  46  77  70  98  32  91  38  52   0  43  55  11  87  54  76  76 
 64  70  77  70   3  35  78  77  41  30  28  24  93   0  75  24  25  90  10  93 
 97  44  56  92  84  99  45  95  31  39  48  94  76  91   0   3   1  49  66  15 
  3  10   4   1  20  23  74  65  46  27   2  32  58  95  17   0  90  61  98  26 
 19  81  32  46  59  50  49  22  47  13  71  83  34  80  79  45   0  81  86  19 
 18   9  70  68  16  38  31  35  92  30  82  37  11  40  77  14  37   0  34  41 
 76  45  50  17  11   1  69  99  88  23  51   6  61   1  67  88   3  46   0  95 
 93  40  35  60  69   3  27  76  61  30  67  85  28  19  37  94  67  52  63   0 
M7
  0  67  43  98  69  58  33  18  10  93  93  61  86  30  37  60  18  52  74  10 
  7   0  30  37  94  23  79  21  35  31  90  82  14  36  37  11  88  55   4  79 
  3  78   0  17  32  34  54  51  87   7  91   9  29  51   2  21  50  17  61   5 
 78  30  30   0  53  18  36  72  38  65  98  19  27  71  71  33  63  10  22  43 
 74  85   5  87   0   5  64  24  61  73  83   9  80  70  39  19  54  61  18  76 
 20  21  34  54  15   0  97  18  73  42  89  48  43  98  44  62  61  14  99  29 
 88  25  79  18  22  17   0   7  38  60  33  37  57  21  98   5  64  74  75  80 
 63  43  38  13  62  13  10   0  19  35  83  48  54  43  84  30  95  99  68  92 
 11  73  29  94  60  36  75  74   0  88  95  43  60  35  31  40  91  62  17  47 
 78  33   8  28  59  12  96  98  91   0  91  96  85  24  94  24  32  71  24  89 
 54  19  10  38  81  63  96   2  69  96   0   5  60  88  45   1  48  76  89  32 
 80  55  48  63  45  87  51   3  15  79  99   0  44  49  14  14  87  56  38  94 
 89  90  97  91  46  77  70  98  32  91  38  52   0  43  55  11  87  54  76  76 
 64  70  77  70   3  35  78  77  41  30  28  24  93   0  75  24  25  90  10  93 
 97  44  56  92  84  99  45  95  31  39  48  94  76  91   0   3   1  49  66  15 
  3  10   4   1  20  23  74  65  46  27   2  32  58  95  17   0  90  61  98  26 
 19  81  32  46  59  50  49  22  47  13  71  83  34  80  79  45   0  81  86  19 
 18   9  70  68  16  38  31  35  92  30  82  37  11  40  77  14  37   0  34  41 
 76  45  50  17  11   1  69  99  88  23  51   6  61   1  67  88   3  46   0  95 
 93  40  35  60  69   3  27  76  61  30  67  85  28  19  37  94  67  52  63   0 
M8
  0  67  43  98  69  58  33  18  10  93  93  61  86  30  37  60  18  52  74  10 
  7   0  30  37  94  23  79  21  35  31  90  82  14  36  37  11  88  55   4  79 
  3  78   0  17  32  34  54  51  87   7  91   9  29  51   2  21  50  17  61   5 
 78  30  30   0  53  18  36  72  38  65  98  19  27  71  71  33  63  10  22  43 
 74  85   5  87   0   5  64  24  61  73  83   9  80  70  39  19  54  61  18  76 
 20  21  34  54  15   0  97  18  73  42  89  48  43  98  44  62  61  14  99  29 
 88  25  79  18  22  17   0   7  38  60  33  37  57  21  98   5  64  74  75  80 
 63  43  38  13  62  13  10   0  19  35  83  48  54  43  84  30  95  99  68  92 
 11  73  29  94  60  36  75  74   0  88  95  43  60  35  31  40  91  62  17  47 
 78  33   8  28  59  12  96  98  91   0  91  96  85  24  94  24  32  71  24  89 
 54  19  10  38  81  63  96   2  69  96   0   5  60  88  45   1  48  76  89  32 
 80  55  48  63  45  87  51   3  15  79  99   0  44  49  14  14  87  56  38  94 
 89  90  97  91  46  77  70  98  32  91  38  52   0  43  55  11  87  54  76  76 
 64  70  77  70   3  35  78  77  41  30  28  24  93   0  75  24  25  90  10  93 
 97  44  56  92  84  99  45  95  31  39  48  94  76  91   0   3   1  49  66  15 
  3  10   4   1  20  23  74  65  46  27   2  32  58  95  17   0  90  61  98  26 
 19  81  32  46  59  50  49  22  47  13  71  83  34  80  79  45   0  81  86  19 
 18   9  70  68  16  38  31  35  92  30  82  37  11  40  77  14  37   0  34  41 
 76  45  50  17  11   1  69  99  88  23  51   6  61   1  67  88   3  46   0  95 
 93  40  35  60  69   3  27  76  61  30  67  85  28  19  37  94  67  52  63   0 
M9
  0  67  43  98  69  58  33  18  10  93  93  61  86  30  37  60  18  52  74  10 
  7   0  30  37  94  23  79  21  35  31  90  82  14  36  37  11  88  55   4  79 
  3  78   0  17  32  34  54  51  87   7  91   9  29  51   2  21  50  17  61   5 
 78  30  30   0  53  18  36  72  38  65  98  19  27  71  71  33  63  10  22  43 
 74  85   5  87   0   5  64  24  61  73  83   9  80  70  39  19  54  61  18  76 
 20  21  34  54  15   0  97  18  73  42  89  48  43  98  44  62  61  14  99  29 
 88  25  79  18  22  17   0   7  38  60  33  37  57  21  98   5  64  74  75  80 
 63  43  38  13  62  13  10   0  19  35  83  48  54  43  84  30  95  99  68  92 
 11  73  29  94  60  36  75  74   0  88  95  43  60  35  31  40  91  62  17  47 
 78  33   8  28  59  12  96  98  91   0  91  96  85  24  94  24  32  71  24  89 
 54  19  10  38  81  63  96   2  69  96   0   5  60  88  45   1  48  76  89  32 
 80  55  48  63  45  87  51   3  15  79  99   0  44  49  14  14  87  56  38  94 
 89  90  97  91  46  77  70  98  32  91  38  52   0  43  55  11  87  54  76  76 
 64  70  77  70   3  35  78  77  41  30  28  24  93   0  75  24  25  90  10  93 
 97  44  56  92  84  99  45  95  31  39  48  94  76  91   0   3   1  49  66  15 
  3  10   4   1  20  23  74  65  46  27   2  32  58  95  17   0  90  61  98  26 
 19  81  32  46  59  50  49  22  47  13  71  83  34  80  79  45   0  81  86  19 
 18   9  70  68  16  38  31  35  92  30  82  37  11  40  77  14  37   0  34  41 
 76  45  50  17  11   1  69  99  88  23  51   6  61   1  67  88   3  46   0  95 
 93  40  35  60  69   3  27  76  61  30  67  85  28  19  37  94  67  52  63   0 
Reldue
 4331    7    6
 2043    2    3
 3345    3    3
 2242    8    3
 3086    8    5
 1760    3    4
 2275    7    6
 2724    2    6
 3100    3    2
 2287    1    6
 1105    3    4
 2487    8    6
 1768    9    7
 2183    2    9
 2237    8    9
 1309    4    8
 1106    7    2
 1082    4    5
 1840    7    2
 4292    4    2
DDW
 3904  4757
 1936  2149
 3140  3550
 2123  2362
 2865  3308
 1597  1923
 2120  2430
 2522  2926
 2866  3334
 2155  2419
 1009  1202
 2255  2719
 1656  1879
 2060  2306
 2089  2386
 1198  1420
 1005  1207
  987  1177
 1702  1978
 3962  4622
