20   5
MD
  2  3  2  5  4
PT
  5  92  30  68  80  17  86  69  37  46  62  72  68  52  22   1  47  39  59  44 
 19  75  76  62  46  60  81  59  21  68  76  92  44  60  72  81  27  75   6  49 
 51  10  39  35  53  15  39  51   1  26  50  58   6   1  32  10  22  78  26  42 
 31  58  75  56  47  60  17  52  26  72  25  50  99   6  18   8  12  20  34  67 
 45  16  72  33  49  70  11  77  51  49  97  14  66  80   6  69  16   7  63  74 
SSD
M0
  0  65  32   4  81  63  84  88  80  31  91  67  49  86  31  43  91  28  55  33 
 52   0  95  28  61  10  84  39  33  63  93   4  83  52   5  62  47  70  90   3 
 97  95   0  66  60  12  78  35  52  38   9  80   1  64  78  88  98  20  94  32 
  8  91  31   0  81  62  95   5  26  51  32  43  47  23  32  38  47  55   1  79 
 73  26  70  44   0  97   3  66  48  63  38  27  94  68  48  17  43  11  35  41 
 32  76  69  88  30   0  50  77  53  35  36  63  74  22  40  99  90  63  63  23 
 86  14  41  15  62  26   0  93  84  54  34  18  67  32  37  60  76  58  73  33 
 93  71  82  81  29  86  97   0  67  60  99  88  50  41  60  57  15  25  59   7 
 42   7  18  34  89  93  92  95   0  34  46  64  19  54  13  19  97   9   3  83 
 56  11  92  19  63  29  76  92  78   0  36  75  68  37   8  31  93  78  49  51 
  9   5  19  49  50  55  71  67  65  85   0  54  23  12  69  64  51   8  78  92 
 32  26  38   2  16   4  98  12  34  81   9   0  21  89  65  64  74  27  99  18 
  7  50  49  36  19  92  57  74  31  97   8  33   0  45  64  34  95  84  39  21 
 90  31  18  38  11  83  87  85  95  58  23  69  78   0  56  64  80  24  10  40 
 59  89  71  93  31  59  57  54   8  76  67   2  16  12   0  74  49  33  62  56 
 90  47  59  68  22  50  24  69  25  39   6  51   2   6  34   0  83  91  20  17 
 29  24  52  12  12  71   8  87  22  72  59  45  34  83  67  75   0  30  19  49 
 76  30  97  45   4  62  62  25  76  52  64  54  19  61  26  76  97   0  48  46 
 63  12  85   3  25  15  31  67  91  94  87  50  99  87  70  41  95  20   0  68 
 13  30  25  12  87  67  30  68  35  48   9   7  85  73  37  67  73  97   8   0 
M1
  0  65  32   4  81  63  84  88  80  31  91  67  49  86  31  43  91  28  55  33 
 52   0  95  28  61  10  84  39  33  63  93   4  83  52   5  62  47  70  90   3 
 97  95   0  66  60  12  78  35  52  38   9  80   1  64  78  88  98  20  94  32 
  8  91  31   0  81  62  95   5  26  51  32  43  47  23  32  38  47  55   1  79 
 73  26  70  44   0  97   3  66  48  63  38  27  94  68  48  17  43  11  35  41 
 32  76  69  88  30   0  50  77  53  35  36  63  74  22  40  99  90  63  63  23 
 86  14  41  15  62  26   0  93  84  54  34  18  67  32  37  60  76  58  73  33 
 93  71  82  81  29  86  97   0  67  60  99  88  50  41  60  57  15  25  59   7 
 42   7  18  34  89  93  92  95   0  34  46  64  19  54  13  19  97   9   3  83 
 56  11  92  19  63  29  76  92  78   0  36  75  68  37   8  31  93  78  49  51 
  9   5  19  49  50  55  71  67  65  85   0  54  23  12  69  64  51   8  78  92 
 32  26  38   2  16   4  98  12  34  81   9   0  21  89  65  64  74  27  99  18 
  7  50  49  36  19  92  57  74  31  97   8  33   0  45  64  34  95  84  39  21 
 90  31  18  38  11  83  87  85  95  58  23  69  78   0  56  64  80  24  10  40 
 59  89  71  93  31  59  57  54   8  76  67   2  16  12   0  74  49  33  62  56 
 90  47  59  68  22  50  24  69  25  39   6  51   2   6  34   0  83  91  20  17 
 29  24  52  12  12  71   8  87  22  72  59  45  34  83  67  75   0  30  19  49 
 76  30  97  45   4  62  62  25  76  52  64  54  19  61  26  76  97   0  48  46 
 63  12  85   3  25  15  31  67  91  94  87  50  99  87  70  41  95  20   0  68 
 13  30  25  12  87  67  30  68  35  48   9   7  85  73  37  67  73  97   8   0 
M2
  0  65  32   4  81  63  84  88  80  31  91  67  49  86  31  43  91  28  55  33 
 52   0  95  28  61  10  84  39  33  63  93   4  83  52   5  62  47  70  90   3 
 97  95   0  66  60  12  78  35  52  38   9  80   1  64  78  88  98  20  94  32 
  8  91  31   0  81  62  95   5  26  51  32  43  47  23  32  38  47  55   1  79 
 73  26  70  44   0  97   3  66  48  63  38  27  94  68  48  17  43  11  35  41 
 32  76  69  88  30   0  50  77  53  35  36  63  74  22  40  99  90  63  63  23 
 86  14  41  15  62  26   0  93  84  54  34  18  67  32  37  60  76  58  73  33 
 93  71  82  81  29  86  97   0  67  60  99  88  50  41  60  57  15  25  59   7 
 42   7  18  34  89  93  92  95   0  34  46  64  19  54  13  19  97   9   3  83 
 56  11  92  19  63  29  76  92  78   0  36  75  68  37   8  31  93  78  49  51 
  9   5  19  49  50  55  71  67  65  85   0  54  23  12  69  64  51   8  78  92 
 32  26  38   2  16   4  98  12  34  81   9   0  21  89  65  64  74  27  99  18 
  7  50  49  36  19  92  57  74  31  97   8  33   0  45  64  34  95  84  39  21 
 90  31  18  38  11  83  87  85  95  58  23  69  78   0  56  64  80  24  10  40 
 59  89  71  93  31  59  57  54   8  76  67   2  16  12   0  74  49  33  62  56 
 90  47  59  68  22  50  24  69  25  39   6  51   2   6  34   0  83  91  20  17 
 29  24  52  12  12  71   8  87  22  72  59  45  34  83  67  75   0  30  19  49 
 76  30  97  45   4  62  62  25  76  52  64  54  19  61  26  76  97   0  48  46 
 63  12  85   3  25  15  31  67  91  94  87  50  99  87  70  41  95  20   0  68 
 13  30  25  12  87  67  30  68  35  48   9   7  85  73  37  67  73  97   8   0 
M3
  0  65  32   4  81  63  84  88  80  31  91  67  49  86  31  43  91  28  55  33 
 52   0  95  28  61  10  84  39  33  63  93   4  83  52   5  62  47  70  90   3 
 97  95   0  66  60  12  78  35  52  38   9  80   1  64  78  88  98  20  94  32 
  8  91  31   0  81  62  95   5  26  51  32  43  47  23  32  38  47  55   1  79 
 73  26  70  44   0  97   3  66  48  63  38  27  94  68  48  17  43  11  35  41 
 32  76  69  88  30   0  50  77  53  35  36  63  74  22  40  99  90  63  63  23 
 86  14  41  15  62  26   0  93  84  54  34  18  67  32  37  60  76  58  73  33 
 93  71  82  81  29  86  97   0  67  60  99  88  50  41  60  57  15  25  59   7 
 42   7  18  34  89  93  92  95   0  34  46  64  19  54  13  19  97   9   3  83 
 56  11  92  19  63  29  76  92  78   0  36  75  68  37   8  31  93  78  49  51 
  9   5  19  49  50  55  71  67  65  85   0  54  23  12  69  64  51   8  78  92 
 32  26  38   2  16   4  98  12  34  81   9   0  21  89  65  64  74  27  99  18 
  7  50  49  36  19  92  57  74  31  97   8  33   0  45  64  34  95  84  39  21 
 90  31  18  38  11  83  87  85  95  58  23  69  78   0  56  64  80  24  10  40 
 59  89  71  93  31  59  57  54   8  76  67   2  16  12   0  74  49  33  62  56 
 90  47  59  68  22  50  24  69  25  39   6  51   2   6  34   0  83  91  20  17 
 29  24  52  12  12  71   8  87  22  72  59  45  34  83  67  75   0  30  19  49 
 76  30  97  45   4  62  62  25  76  52  64  54  19  61  26  76  97   0  48  46 
 63  12  85   3  25  15  31  67  91  94  87  50  99  87  70  41  95  20   0  68 
 13  30  25  12  87  67  30  68  35  48   9   7  85  73  37  67  73  97   8   0 
M4
  0  65  32   4  81  63  84  88  80  31  91  67  49  86  31  43  91  28  55  33 
 52   0  95  28  61  10  84  39  33  63  93   4  83  52   5  62  47  70  90   3 
 97  95   0  66  60  12  78  35  52  38   9  80   1  64  78  88  98  20  94  32 
  8  91  31   0  81  62  95   5  26  51  32  43  47  23  32  38  47  55   1  79 
 73  26  70  44   0  97   3  66  48  63  38  27  94  68  48  17  43  11  35  41 
 32  76  69  88  30   0  50  77  53  35  36  63  74  22  40  99  90  63  63  23 
 86  14  41  15  62  26   0  93  84  54  34  18  67  32  37  60  76  58  73  33 
 93  71  82  81  29  86  97   0  67  60  99  88  50  41  60  57  15  25  59   7 
 42   7  18  34  89  93  92  95   0  34  46  64  19  54  13  19  97   9   3  83 
 56  11  92  19  63  29  76  92  78   0  36  75  68  37   8  31  93  78  49  51 
  9   5  19  49  50  55  71  67  65  85   0  54  23  12  69  64  51   8  78  92 
 32  26  38   2  16   4  98  12  34  81   9   0  21  89  65  64  74  27  99  18 
  7  50  49  36  19  92  57  74  31  97   8  33   0  45  64  34  95  84  39  21 
 90  31  18  38  11  83  87  85  95  58  23  69  78   0  56  64  80  24  10  40 
 59  89  71  93  31  59  57  54   8  76  67   2  16  12   0  74  49  33  62  56 
 90  47  59  68  22  50  24  69  25  39   6  51   2   6  34   0  83  91  20  17 
 29  24  52  12  12  71   8  87  22  72  59  45  34  83  67  75   0  30  19  49 
 76  30  97  45   4  62  62  25  76  52  64  54  19  61  26  76  97   0  48  46 
 63  12  85   3  25  15  31  67  91  94  87  50  99  87  70  41  95  20   0  68 
 13  30  25  12  87  67  30  68  35  48   9   7  85  73  37  67  73  97   8   0 
Reldue
 1352    4    6
 1933    4    9
 1112    5    6
 1831    5    3
 2120    2    2
 1468    1    6
 1112    9    4
 2132    1    5
  593    3    4
 1169    7    6
  895    4    8
  751    8    1
 1665    5    3
  977    1    7
  470    4    6
 1268    8    4
  750    1    2
 1361    4    9
 1415    8    2
  580    5    2
DDW
 1253  1450
 1750  2116
 1043  1180
 1713  1949
 1976  2264
 1323  1612
 1016  1209
 1986  2278
  548   638
 1077  1262
  849   942
  703   799
 1499  1832
  894  1061
  436   503
 1160  1376
  700   799
 1245  1477
 1304  1527
  530   630
