50   5
MD
  2  3  5  3  3
PT
 26  64  91  28  55  47  17  24  66  66  58  13   9  53  65  71  90  72  51  24  46  61  12  27  39  37  84  27  36  70  14  69  81   8  27  40  45  16  31  83  78  80  99  23  76  33  56  38  77  80 
 12   1  42  57  56  77  31  81  15  16  35  82  36  28  34  43  89  19  21  82  11  87  51  40  42  26  88   9  58  97  31  68  66  70  25  43   3  11  62  72  60  60  62  98  79  36  32  39  20  40 
 15  87  54  61  91  91   1  30  36  92  78   4  12  27  85  60  17   1  17  60  58  20  51  54   2  17  15   8  79  93  53  29   4  43  17  73   9  77  80  30   8  94  41  11  41   8  14  95  11   3 
 55  46  93  54  26  99   5  81  45  16  26  96  51   2  58  92  73  72  76  72  82  24  16  58  24   2  17  25  78  46  48  99  17  88  44  91  54   4  56  29  76  68  13  18  56  55  33  66  22  90 
 37  63  22  79  23  48  61  34  48   1  16  95  21  87  47  91  40  21  71  39  72  64  63  40  51  10  54  18  39  16  20  53  76   2   2  38  59   1  71  95  78  12  37  66  46  44  12  59  75  43 
SSD
M0
  0  13  68  80  16  58  25  86  56  66  65  26  95  89  56  54  50  48  83  57  61   7  91   6  76  17  32  76  30  12  36  86  54  33  87  16  68  64  96   5   9  99  43  58  45  74  96  23  97  51 
  9   0  64  44  93  57  44  89  21  50  98  64  87  77  51  58  33  80  96  14  37  21  82  99  87  45  22  71  54  49  68  18  67   3  18  49   7  91  98  81  61   5  85  96   2   7  35  66   7  73 
 87  37   0  51  93  19  30  74   9  76  67  73   5  21  59  52  42  57  19  16  47  49  17  45  15  51  18  48  43  99  47  65  90  68  50  23  54  33  82  44  86  63  83  58  66  37  85  69  78  60 
 96   1  96   0   9  68   4  20   4  14  71  90  67  33  77  94  84  85  27  30  70  60  91  44  59  76  46  86  69  15   2  55   4  67  54   1   3  18  84  81  25  57  81  42  29  29  41  51  97  73 
 68  28   6  81   0  59  45  63  78  86  78  78  43   1  89  67   7  65  61  37  10  23  98  34   5  30  57  31  46  74  50  43   7  72  23  59  64   3  97  26  10  64  29  11  47  90  98  65  23  31 
 77  70  66  28  50   0  38  84  45   8  75  37   9  47  47  17   8  11  28  58  83  41  79  64  59  92  43  34  86  67  99  63  37  94  72   5  98  52  70  70  45  67  64  73   7  73   5  35  98  57 
 81  50  66  68  40  48   0  62  95  66  89  97  98  81  26  11  79  94  89  86   5  75  21  99  13  66  73  65  69  10  57   6  88  36  34  95  45  43  55  17  63  70  11  53  70  79  27  58  59  33 
 87  61  46  86  22  92  21   0  37  11  47  40  21  66   9  52  40  35  37  93  56  84  94  74  16  86  12  13  13  63  75  56  18  92   6  42  19  39  62  97  96  17  66   9  66  49  17  47  73  77 
 35  77   8  28  64  43  79  70   0  16  49  84   6  58  81  36  74  70  25  86  18  70  86  86   6  92  59  54  78  96  26   9  79  46  15  24  38  84   4  72  23  15  89  23  20   2  59  13  52  77 
 35  67  57  45   3  65  99  30  41   0  64  92  85  56  52  25  98  14  90   7  82  69  69  67  62  91  31  12  82  84   6  74  46  52  46   9  22  94  81   9  74  81  95  47  95  21  52  55  76  84 
 28  12  58  35  37  75  58  18  19  31   0  64   9  82  47  66  64  28  10  55   7  28  52  18  30  92  21  40  10  37  71  37  27  66  98  64  96  53  76  86  36  52  40  21  89  21  39  12  35  93 
 19  92  67   5  25  24  84  49  15  28  20   0   6  61  60  53  97  23  45  98   5  59  14  63  24  50  34   4  19  27  25  27  17   1  62  72  87  65  59  88  63  58  60   9  45  24  30  66  16  49 
 22  26  13  50  58  26  16  21  81  45  74  54   0  53  11  63  50  40  68  85  98  85  10  28  26  62  70  66  55  31  61  41  51  50  32  85  83  75  70  70  46  43  24  61  88   2  52  40  14  89 
 68  20   5  81  38  87  55  31  26  98  35  33  75   0  37  43  79  43  91  62  69  75  19  59  27  45  45  39  72  43  85  90  41  55  23  51  64   5  92  60  88  31  58  56  68  36  65   4  12  61 
  5   1  26  31  58  75   5  67  64  31  49   8  91  91   0  74  32  98  20  37  85  30  58  26  19  85  19  40  85  43  10  46  90  55  48  13  92  23  58  23  89  78   9  79  22  70  65  62  28  83 
 32  24  86  99   7  18  41  66   9  71  78  76  11  73  10   0  19  93  54  52   8  47  79  52  95   3  64  97  38  74  21  83  99  60  54  35  85  26  28  37   8  79  28  43  81  10  95  45  69  44 
 79  82  80  30  99  54  90  87   8  27  41  96  44  33  81  99   0  83  39  49   6   3  28  95  74  42  54  64  79  36  94  86  63  67  49  50  54  42  74   5  75  55  19  75   3  62  33   6  14  10 
  8  82  38  35  11  45  73  28  93  74  85   5  33  97  91  69  67   0  48  93  47   8  21  46  34  73  93  15  41  75  98  76  53  86  55  87  18  54  36  21  14  20  23  99  59  29  78  65  73  64 
 67  22  48  89  32  99  28  70  91  74  68  69  81  13  77   1  16  23   0  68   2  55  71  70  75  85  79  23  18  37  43  43  46  14  16  59  72  65  22  48  93  26  27  23  56  91  19  10  55  76 
 25  46  16  30  80  28  62  44  96  95  72  86  49  94  83  54  60  26  94   0  35  24  71  73  70  24  46  31  59  40  89  24  55   1  18   8  26  97   4  12  63  63  55  57  92  32  79  45  61   1 
 19  91  33  10  95  78  62  59  90  19  10  89  60   9  75  36  14  75  26  49   0   5  24  26  75  76  70  10   7  65  37   3  19  23  70  70  30  57  81  86  99  82  20  79  78  41  93  13  62  67 
 14  28  45  47  68  10  26  13  11  23  43  34  39  35  98  97  19  58  27  81  80   0  91  64  72  56  78  65  56  85  46  86   5  51  85  73  64  85   5  19  57   3  78  98  42  41  64  93  59  47 
 71  36  51  32   6  49  65  87  94  17  59  55  54  56  46  32  22  62  29  38  86  75   0  70  89  78  91  56  62  91  40  13  42  21  92  85  51  98  36  10  92   6  80  92  10  57  21  72  39  26 
 49  44  84  91   8  61  96   3   1  43  94  16  44  53  27  74  51  23  93  98  57  60  36   0  86  64  66  55  56  80  33  93   8  80  62  78  72  18  67  51   5  94  77  31  86  39  36  85  86  49 
 83  63  42  42  44  48  31  15  23  19  82  23  24  38  34   7  93  43  38   7  58  76  17  81   0  40  52  20  21  13  22  26  99  32  95  14  29  54  35  64  85  51  31  98  78  22  98  77  84  39 
 67  50  98  16  50  65   7  94  57  38  30  25  54  78  83  88  65  66  69  55  11  75  70  95   3   0  14  69  50   9  35  96  16  51   6  34  43  83  59   1  11   4  24  74  35  33  74  56  65  44 
 11  75  30  91  41  96  22  99  49  92  50  13  20  35  89  23  69  59  39  88  27  26  39  14  73  36   0  17  25  63  32  37  85  73  82  84  71   4  79  59   1   3  13  34  31  88  43   7  55  60 
 79  15   4  64   8  93  25  78  36  24  69  59  36  23  93  85  87  20  81  41  60  51  58  21  21  78  38   0  53  74  96  66  33   8  59  93  79  91  14  44  44  62  91  67  91  26   9  64  19  95 
 30  73  46  36  41   7  65  74  23  65  74  25  66  38  28  43   8  11  86  37  59  74  68  85  28  80  24  71   0  94  30  68  12  11  67  32  57  21  61  29  76   9  27  87  73  26  19  66  33  54 
 23  17  74  85   5  34  57  13  92  38  26  59  17  41  93  38  19  58  70  79  61   7  41  17  21  49  73  85   8   0  95  42  47  12  65  48  59  20  59  85  75   4  83  38   3  22  15  43  69  56 
 79  28  59  46  63  52  64  64  84  26  45  92  55  26   6  26  85  86  82  34  35  85  95  50  23  81  74  27  40  23   0  14  15  89  93  90  89  95  29  92  76  64  83  58  17  55  54  14  54  99 
 22   9  49  79  72   4  42  11  47  68   2  57  45   7  14  88  91  64   3  10  25  14  61  70  61  35   7  11  90  98  85   0  49  43  38  25  63  99  10  48  80  96  59  95  64  40   4   5  51  42 
 97   7  85  77   4  37  18  39  89  48  41  15  37  91  70  95  63   3  46  15  71  71  67  51  53  20  45  91  50  11  62  34   0  11  44  13  35  16  77  61  27  29  50  46   5  15  24   5  53  80 
 52  64  93  73  57  70  40  76  33  44  69  11  82  30  36  61  37  83  93  21  12  29  55   9  66  32   1  69  55  68  45  91  60   0  91  73  11  21  98  40  83  45   2  12  76  18  93  85  97   7 
  4  90  85  68  90  61  89  47  45  43  88  66  14   3  36  85  54  85  49  42  86  69  89  16   8  37  32  29  86  12  88  96  12  93   0  44  76   7  86  95  31  16  91  18  74  74  57  53  41  77 
 42  23  49  42   4  15  51  17  75  65  34  52  85   2   6  88  68  25  12  38  13  59  12  35  66  75  44  25   2  86  23  32  42  10  81   0  52  56  59  46   7  46  40  93  54  10  81  15  19  38 
 96  86  39  34  26  41   7  99  16  40  33  90  98  47  72  84  46  78  85  63  38  32  36  93  31  73  27  75  17  24  93  98  66  99  17  78   0  72  10   4  38  21  58  48  86  29  54  83  10  79 
 27  60  55  97  27  72  14   4  60  71  78   7  17  65  26  79  88  87   2  17  15  59  34  64  64  38  65   9  99   5  14  87  26   7  73  58  83   0  40  18  87  47  11  32  88  64  87  20  60  34 
 30  26  14  37  41  74  19  67  85  34  60  73  71  82  90  75   7   4  34  50  35  77  62  11  44   4  56   4  24  52  70  27  92  12  75  39  22  91   0  39  85  48   2  37  63  53  25  70  97  80 
 78  92  91  25  19  59  33  21  64  18  67  19  43  84  83  69  81  11  68  45  61  17  27  45   5  74  29  73   5  82  76  75  32  22  72  69  15  52  32   0  72  99  92   3  20   6  53  88   4  51 
 61  40  54  78  11  40  60  77  91  10  50  21  80  56  97   2  29  10  70  17  16   1  37  26  81  89  30  50  63  55  16  25  39  88   8  65   7  11  97  45   0  80  64  98  31  70  72  13  16  80 
 51  74  78  57  50   9  51  68   6  40  39  81  79  83  47  95  35   3  38  63  32  87  31  65  16   4  39  72  15  41  36  51  43  26   4  83  60   8  90  87  52   0  66  79   8  79  37  98  44  70 
 92  86  84  86  77  33  86  85  45  10   3  48  18  68   8  48  66  49  89  69  87  45  53  48  76  78  48  82  46  68  45  38  15  64  20  76  88   3  12  46  82  18   0  84  50  42  70  40   2   5 
 18  80  76  86  27  30  56  38  46  93  38  86  22  55  55  49  88  67  77  14  75  32  56   9  74  36  99   5   3  56  76  74  64  91   7  75  30  99  66  82  68   6  99   0   7  21  15  98  74  92 
 11  79  76  52  49  72  86  46  11  72  54  30  13  70  92  88  43  26  92  83  13  75  32  49  19  37  22  94  55  95  27  39  61   7  89  89  44  76  93  89  81  32  23  60   0  27  96  61  90  74 
 86  14  67  55  35   9  93  14  19  67  49  44  75  88  33  80  89  65  71  84  71  14  78  67   1  96  15  30  32  36   8  79  51  63  32  12  32  88  30   1  51  19  28  59   7   0  29  39  65  89 
 31  60  73  27  55  73   9  36   9  16   2  45  61  29  11  52  16  89  52  63  63  43  46  21  58  24  11   9  63  95   9  58  21  30  40  44  55  20  49  81  59  91  40  89  21   6   0  51  55   1 
 73  59  28  97  48  36  13  61  37  10  60  60  56  60  36  84  24  21   8  95   5   3  38  22   4  60  14  97  34  15  23   3  47  73   9   2  40  89  51  24  85  60  31  67  54  10   5   0  46  18 
 26  59  54  34  23  49  13  56  37  56  73  33  65  14   6  96  31  85  85  30  80  81  50  45  46  74  72  12   9  45  43  54  71  56  84  37  24  51  31  99  66  61   1  85   4   3  75  55   0  31 
 71   2   7  19  99  82  49  52   1  82  10  62  67  28  60  87   7  76  41  85  60  51  19   7  31  61  77  50  31  80  31  23  70   9  45  65  78  16  36  16  81  39  12  99  57  45  75  27  37   0 
M1
  0  13  68  80  16  58  25  86  56  66  65  26  95  89  56  54  50  48  83  57  61   7  91   6  76  17  32  76  30  12  36  86  54  33  87  16  68  64  96   5   9  99  43  58  45  74  96  23  97  51 
  9   0  64  44  93  57  44  89  21  50  98  64  87  77  51  58  33  80  96  14  37  21  82  99  87  45  22  71  54  49  68  18  67   3  18  49   7  91  98  81  61   5  85  96   2   7  35  66   7  73 
 87  37   0  51  93  19  30  74   9  76  67  73   5  21  59  52  42  57  19  16  47  49  17  45  15  51  18  48  43  99  47  65  90  68  50  23  54  33  82  44  86  63  83  58  66  37  85  69  78  60 
 96   1  96   0   9  68   4  20   4  14  71  90  67  33  77  94  84  85  27  30  70  60  91  44  59  76  46  86  69  15   2  55   4  67  54   1   3  18  84  81  25  57  81  42  29  29  41  51  97  73 
 68  28   6  81   0  59  45  63  78  86  78  78  43   1  89  67   7  65  61  37  10  23  98  34   5  30  57  31  46  74  50  43   7  72  23  59  64   3  97  26  10  64  29  11  47  90  98  65  23  31 
 77  70  66  28  50   0  38  84  45   8  75  37   9  47  47  17   8  11  28  58  83  41  79  64  59  92  43  34  86  67  99  63  37  94  72   5  98  52  70  70  45  67  64  73   7  73   5  35  98  57 
 81  50  66  68  40  48   0  62  95  66  89  97  98  81  26  11  79  94  89  86   5  75  21  99  13  66  73  65  69  10  57   6  88  36  34  95  45  43  55  17  63  70  11  53  70  79  27  58  59  33 
 87  61  46  86  22  92  21   0  37  11  47  40  21  66   9  52  40  35  37  93  56  84  94  74  16  86  12  13  13  63  75  56  18  92   6  42  19  39  62  97  96  17  66   9  66  49  17  47  73  77 
 35  77   8  28  64  43  79  70   0  16  49  84   6  58  81  36  74  70  25  86  18  70  86  86   6  92  59  54  78  96  26   9  79  46  15  24  38  84   4  72  23  15  89  23  20   2  59  13  52  77 
 35  67  57  45   3  65  99  30  41   0  64  92  85  56  52  25  98  14  90   7  82  69  69  67  62  91  31  12  82  84   6  74  46  52  46   9  22  94  81   9  74  81  95  47  95  21  52  55  76  84 
 28  12  58  35  37  75  58  18  19  31   0  64   9  82  47  66  64  28  10  55   7  28  52  18  30  92  21  40  10  37  71  37  27  66  98  64  96  53  76  86  36  52  40  21  89  21  39  12  35  93 
 19  92  67   5  25  24  84  49  15  28  20   0   6  61  60  53  97  23  45  98   5  59  14  63  24  50  34   4  19  27  25  27  17   1  62  72  87  65  59  88  63  58  60   9  45  24  30  66  16  49 
 22  26  13  50  58  26  16  21  81  45  74  54   0  53  11  63  50  40  68  85  98  85  10  28  26  62  70  66  55  31  61  41  51  50  32  85  83  75  70  70  46  43  24  61  88   2  52  40  14  89 
 68  20   5  81  38  87  55  31  26  98  35  33  75   0  37  43  79  43  91  62  69  75  19  59  27  45  45  39  72  43  85  90  41  55  23  51  64   5  92  60  88  31  58  56  68  36  65   4  12  61 
  5   1  26  31  58  75   5  67  64  31  49   8  91  91   0  74  32  98  20  37  85  30  58  26  19  85  19  40  85  43  10  46  90  55  48  13  92  23  58  23  89  78   9  79  22  70  65  62  28  83 
 32  24  86  99   7  18  41  66   9  71  78  76  11  73  10   0  19  93  54  52   8  47  79  52  95   3  64  97  38  74  21  83  99  60  54  35  85  26  28  37   8  79  28  43  81  10  95  45  69  44 
 79  82  80  30  99  54  90  87   8  27  41  96  44  33  81  99   0  83  39  49   6   3  28  95  74  42  54  64  79  36  94  86  63  67  49  50  54  42  74   5  75  55  19  75   3  62  33   6  14  10 
  8  82  38  35  11  45  73  28  93  74  85   5  33  97  91  69  67   0  48  93  47   8  21  46  34  73  93  15  41  75  98  76  53  86  55  87  18  54  36  21  14  20  23  99  59  29  78  65  73  64 
 67  22  48  89  32  99  28  70  91  74  68  69  81  13  77   1  16  23   0  68   2  55  71  70  75  85  79  23  18  37  43  43  46  14  16  59  72  65  22  48  93  26  27  23  56  91  19  10  55  76 
 25  46  16  30  80  28  62  44  96  95  72  86  49  94  83  54  60  26  94   0  35  24  71  73  70  24  46  31  59  40  89  24  55   1  18   8  26  97   4  12  63  63  55  57  92  32  79  45  61   1 
 19  91  33  10  95  78  62  59  90  19  10  89  60   9  75  36  14  75  26  49   0   5  24  26  75  76  70  10   7  65  37   3  19  23  70  70  30  57  81  86  99  82  20  79  78  41  93  13  62  67 
 14  28  45  47  68  10  26  13  11  23  43  34  39  35  98  97  19  58  27  81  80   0  91  64  72  56  78  65  56  85  46  86   5  51  85  73  64  85   5  19  57   3  78  98  42  41  64  93  59  47 
 71  36  51  32   6  49  65  87  94  17  59  55  54  56  46  32  22  62  29  38  86  75   0  70  89  78  91  56  62  91  40  13  42  21  92  85  51  98  36  10  92   6  80  92  10  57  21  72  39  26 
 49  44  84  91   8  61  96   3   1  43  94  16  44  53  27  74  51  23  93  98  57  60  36   0  86  64  66  55  56  80  33  93   8  80  62  78  72  18  67  51   5  94  77  31  86  39  36  85  86  49 
 83  63  42  42  44  48  31  15  23  19  82  23  24  38  34   7  93  43  38   7  58  76  17  81   0  40  52  20  21  13  22  26  99  32  95  14  29  54  35  64  85  51  31  98  78  22  98  77  84  39 
 67  50  98  16  50  65   7  94  57  38  30  25  54  78  83  88  65  66  69  55  11  75  70  95   3   0  14  69  50   9  35  96  16  51   6  34  43  83  59   1  11   4  24  74  35  33  74  56  65  44 
 11  75  30  91  41  96  22  99  49  92  50  13  20  35  89  23  69  59  39  88  27  26  39  14  73  36   0  17  25  63  32  37  85  73  82  84  71   4  79  59   1   3  13  34  31  88  43   7  55  60 
 79  15   4  64   8  93  25  78  36  24  69  59  36  23  93  85  87  20  81  41  60  51  58  21  21  78  38   0  53  74  96  66  33   8  59  93  79  91  14  44  44  62  91  67  91  26   9  64  19  95 
 30  73  46  36  41   7  65  74  23  65  74  25  66  38  28  43   8  11  86  37  59  74  68  85  28  80  24  71   0  94  30  68  12  11  67  32  57  21  61  29  76   9  27  87  73  26  19  66  33  54 
 23  17  74  85   5  34  57  13  92  38  26  59  17  41  93  38  19  58  70  79  61   7  41  17  21  49  73  85   8   0  95  42  47  12  65  48  59  20  59  85  75   4  83  38   3  22  15  43  69  56 
 79  28  59  46  63  52  64  64  84  26  45  92  55  26   6  26  85  86  82  34  35  85  95  50  23  81  74  27  40  23   0  14  15  89  93  90  89  95  29  92  76  64  83  58  17  55  54  14  54  99 
 22   9  49  79  72   4  42  11  47  68   2  57  45   7  14  88  91  64   3  10  25  14  61  70  61  35   7  11  90  98  85   0  49  43  38  25  63  99  10  48  80  96  59  95  64  40   4   5  51  42 
 97   7  85  77   4  37  18  39  89  48  41  15  37  91  70  95  63   3  46  15  71  71  67  51  53  20  45  91  50  11  62  34   0  11  44  13  35  16  77  61  27  29  50  46   5  15  24   5  53  80 
 52  64  93  73  57  70  40  76  33  44  69  11  82  30  36  61  37  83  93  21  12  29  55   9  66  32   1  69  55  68  45  91  60   0  91  73  11  21  98  40  83  45   2  12  76  18  93  85  97   7 
  4  90  85  68  90  61  89  47  45  43  88  66  14   3  36  85  54  85  49  42  86  69  89  16   8  37  32  29  86  12  88  96  12  93   0  44  76   7  86  95  31  16  91  18  74  74  57  53  41  77 
 42  23  49  42   4  15  51  17  75  65  34  52  85   2   6  88  68  25  12  38  13  59  12  35  66  75  44  25   2  86  23  32  42  10  81   0  52  56  59  46   7  46  40  93  54  10  81  15  19  38 
 96  86  39  34  26  41   7  99  16  40  33  90  98  47  72  84  46  78  85  63  38  32  36  93  31  73  27  75  17  24  93  98  66  99  17  78   0  72  10   4  38  21  58  48  86  29  54  83  10  79 
 27  60  55  97  27  72  14   4  60  71  78   7  17  65  26  79  88  87   2  17  15  59  34  64  64  38  65   9  99   5  14  87  26   7  73  58  83   0  40  18  87  47  11  32  88  64  87  20  60  34 
 30  26  14  37  41  74  19  67  85  34  60  73  71  82  90  75   7   4  34  50  35  77  62  11  44   4  56   4  24  52  70  27  92  12  75  39  22  91   0  39  85  48   2  37  63  53  25  70  97  80 
 78  92  91  25  19  59  33  21  64  18  67  19  43  84  83  69  81  11  68  45  61  17  27  45   5  74  29  73   5  82  76  75  32  22  72  69  15  52  32   0  72  99  92   3  20   6  53  88   4  51 
 61  40  54  78  11  40  60  77  91  10  50  21  80  56  97   2  29  10  70  17  16   1  37  26  81  89  30  50  63  55  16  25  39  88   8  65   7  11  97  45   0  80  64  98  31  70  72  13  16  80 
 51  74  78  57  50   9  51  68   6  40  39  81  79  83  47  95  35   3  38  63  32  87  31  65  16   4  39  72  15  41  36  51  43  26   4  83  60   8  90  87  52   0  66  79   8  79  37  98  44  70 
 92  86  84  86  77  33  86  85  45  10   3  48  18  68   8  48  66  49  89  69  87  45  53  48  76  78  48  82  46  68  45  38  15  64  20  76  88   3  12  46  82  18   0  84  50  42  70  40   2   5 
 18  80  76  86  27  30  56  38  46  93  38  86  22  55  55  49  88  67  77  14  75  32  56   9  74  36  99   5   3  56  76  74  64  91   7  75  30  99  66  82  68   6  99   0   7  21  15  98  74  92 
 11  79  76  52  49  72  86  46  11  72  54  30  13  70  92  88  43  26  92  83  13  75  32  49  19  37  22  94  55  95  27  39  61   7  89  89  44  76  93  89  81  32  23  60   0  27  96  61  90  74 
 86  14  67  55  35   9  93  14  19  67  49  44  75  88  33  80  89  65  71  84  71  14  78  67   1  96  15  30  32  36   8  79  51  63  32  12  32  88  30   1  51  19  28  59   7   0  29  39  65  89 
 31  60  73  27  55  73   9  36   9  16   2  45  61  29  11  52  16  89  52  63  63  43  46  21  58  24  11   9  63  95   9  58  21  30  40  44  55  20  49  81  59  91  40  89  21   6   0  51  55   1 
 73  59  28  97  48  36  13  61  37  10  60  60  56  60  36  84  24  21   8  95   5   3  38  22   4  60  14  97  34  15  23   3  47  73   9   2  40  89  51  24  85  60  31  67  54  10   5   0  46  18 
 26  59  54  34  23  49  13  56  37  56  73  33  65  14   6  96  31  85  85  30  80  81  50  45  46  74  72  12   9  45  43  54  71  56  84  37  24  51  31  99  66  61   1  85   4   3  75  55   0  31 
 71   2   7  19  99  82  49  52   1  82  10  62  67  28  60  87   7  76  41  85  60  51  19   7  31  61  77  50  31  80  31  23  70   9  45  65  78  16  36  16  81  39  12  99  57  45  75  27  37   0 
M2
  0  13  68  80  16  58  25  86  56  66  65  26  95  89  56  54  50  48  83  57  61   7  91   6  76  17  32  76  30  12  36  86  54  33  87  16  68  64  96   5   9  99  43  58  45  74  96  23  97  51 
  9   0  64  44  93  57  44  89  21  50  98  64  87  77  51  58  33  80  96  14  37  21  82  99  87  45  22  71  54  49  68  18  67   3  18  49   7  91  98  81  61   5  85  96   2   7  35  66   7  73 
 87  37   0  51  93  19  30  74   9  76  67  73   5  21  59  52  42  57  19  16  47  49  17  45  15  51  18  48  43  99  47  65  90  68  50  23  54  33  82  44  86  63  83  58  66  37  85  69  78  60 
 96   1  96   0   9  68   4  20   4  14  71  90  67  33  77  94  84  85  27  30  70  60  91  44  59  76  46  86  69  15   2  55   4  67  54   1   3  18  84  81  25  57  81  42  29  29  41  51  97  73 
 68  28   6  81   0  59  45  63  78  86  78  78  43   1  89  67   7  65  61  37  10  23  98  34   5  30  57  31  46  74  50  43   7  72  23  59  64   3  97  26  10  64  29  11  47  90  98  65  23  31 
 77  70  66  28  50   0  38  84  45   8  75  37   9  47  47  17   8  11  28  58  83  41  79  64  59  92  43  34  86  67  99  63  37  94  72   5  98  52  70  70  45  67  64  73   7  73   5  35  98  57 
 81  50  66  68  40  48   0  62  95  66  89  97  98  81  26  11  79  94  89  86   5  75  21  99  13  66  73  65  69  10  57   6  88  36  34  95  45  43  55  17  63  70  11  53  70  79  27  58  59  33 
 87  61  46  86  22  92  21   0  37  11  47  40  21  66   9  52  40  35  37  93  56  84  94  74  16  86  12  13  13  63  75  56  18  92   6  42  19  39  62  97  96  17  66   9  66  49  17  47  73  77 
 35  77   8  28  64  43  79  70   0  16  49  84   6  58  81  36  74  70  25  86  18  70  86  86   6  92  59  54  78  96  26   9  79  46  15  24  38  84   4  72  23  15  89  23  20   2  59  13  52  77 
 35  67  57  45   3  65  99  30  41   0  64  92  85  56  52  25  98  14  90   7  82  69  69  67  62  91  31  12  82  84   6  74  46  52  46   9  22  94  81   9  74  81  95  47  95  21  52  55  76  84 
 28  12  58  35  37  75  58  18  19  31   0  64   9  82  47  66  64  28  10  55   7  28  52  18  30  92  21  40  10  37  71  37  27  66  98  64  96  53  76  86  36  52  40  21  89  21  39  12  35  93 
 19  92  67   5  25  24  84  49  15  28  20   0   6  61  60  53  97  23  45  98   5  59  14  63  24  50  34   4  19  27  25  27  17   1  62  72  87  65  59  88  63  58  60   9  45  24  30  66  16  49 
 22  26  13  50  58  26  16  21  81  45  74  54   0  53  11  63  50  40  68  85  98  85  10  28  26  62  70  66  55  31  61  41  51  50  32  85  83  75  70  70  46  43  24  61  88   2  52  40  14  89 
 68  20   5  81  38  87  55  31  26  98  35  33  75   0  37  43  79  43  91  62  69  75  19  59  27  45  45  39  72  43  85  90  41  55  23  51  64   5  92  60  88  31  58  56  68  36  65   4  12  61 
  5   1  26  31  58  75   5  67  64  31  49   8  91  91   0  74  32  98  20  37  85  30  58  26  19  85  19  40  85  43  10  46  90  55  48  13  92  23  58  23  89  78   9  79  22  70  65  62  28  83 
 32  24  86  99   7  18  41  66   9  71  78  76  11  73  10   0  19  93  54  52   8  47  79  52  95   3  64  97  38  74  21  83  99  60  54  35  85  26  28  37   8  79  28  43  81  10  95  45  69  44 
 79  82  80  30  99  54  90  87   8  27  41  96  44  33  81  99   0  83  39  49   6   3  28  95  74  42  54  64  79  36  94  86  63  67  49  50  54  42  74   5  75  55  19  75   3  62  33   6  14  10 
  8  82  38  35  11  45  73  28  93  74  85   5  33  97  91  69  67   0  48  93  47   8  21  46  34  73  93  15  41  75  98  76  53  86  55  87  18  54  36  21  14  20  23  99  59  29  78  65  73  64 
 67  22  48  89  32  99  28  70  91  74  68  69  81  13  77   1  16  23   0  68   2  55  71  70  75  85  79  23  18  37  43  43  46  14  16  59  72  65  22  48  93  26  27  23  56  91  19  10  55  76 
 25  46  16  30  80  28  62  44  96  95  72  86  49  94  83  54  60  26  94   0  35  24  71  73  70  24  46  31  59  40  89  24  55   1  18   8  26  97   4  12  63  63  55  57  92  32  79  45  61   1 
 19  91  33  10  95  78  62  59  90  19  10  89  60   9  75  36  14  75  26  49   0   5  24  26  75  76  70  10   7  65  37   3  19  23  70  70  30  57  81  86  99  82  20  79  78  41  93  13  62  67 
 14  28  45  47  68  10  26  13  11  23  43  34  39  35  98  97  19  58  27  81  80   0  91  64  72  56  78  65  56  85  46  86   5  51  85  73  64  85   5  19  57   3  78  98  42  41  64  93  59  47 
 71  36  51  32   6  49  65  87  94  17  59  55  54  56  46  32  22  62  29  38  86  75   0  70  89  78  91  56  62  91  40  13  42  21  92  85  51  98  36  10  92   6  80  92  10  57  21  72  39  26 
 49  44  84  91   8  61  96   3   1  43  94  16  44  53  27  74  51  23  93  98  57  60  36   0  86  64  66  55  56  80  33  93   8  80  62  78  72  18  67  51   5  94  77  31  86  39  36  85  86  49 
 83  63  42  42  44  48  31  15  23  19  82  23  24  38  34   7  93  43  38   7  58  76  17  81   0  40  52  20  21  13  22  26  99  32  95  14  29  54  35  64  85  51  31  98  78  22  98  77  84  39 
 67  50  98  16  50  65   7  94  57  38  30  25  54  78  83  88  65  66  69  55  11  75  70  95   3   0  14  69  50   9  35  96  16  51   6  34  43  83  59   1  11   4  24  74  35  33  74  56  65  44 
 11  75  30  91  41  96  22  99  49  92  50  13  20  35  89  23  69  59  39  88  27  26  39  14  73  36   0  17  25  63  32  37  85  73  82  84  71   4  79  59   1   3  13  34  31  88  43   7  55  60 
 79  15   4  64   8  93  25  78  36  24  69  59  36  23  93  85  87  20  81  41  60  51  58  21  21  78  38   0  53  74  96  66  33   8  59  93  79  91  14  44  44  62  91  67  91  26   9  64  19  95 
 30  73  46  36  41   7  65  74  23  65  74  25  66  38  28  43   8  11  86  37  59  74  68  85  28  80  24  71   0  94  30  68  12  11  67  32  57  21  61  29  76   9  27  87  73  26  19  66  33  54 
 23  17  74  85   5  34  57  13  92  38  26  59  17  41  93  38  19  58  70  79  61   7  41  17  21  49  73  85   8   0  95  42  47  12  65  48  59  20  59  85  75   4  83  38   3  22  15  43  69  56 
 79  28  59  46  63  52  64  64  84  26  45  92  55  26   6  26  85  86  82  34  35  85  95  50  23  81  74  27  40  23   0  14  15  89  93  90  89  95  29  92  76  64  83  58  17  55  54  14  54  99 
 22   9  49  79  72   4  42  11  47  68   2  57  45   7  14  88  91  64   3  10  25  14  61  70  61  35   7  11  90  98  85   0  49  43  38  25  63  99  10  48  80  96  59  95  64  40   4   5  51  42 
 97   7  85  77   4  37  18  39  89  48  41  15  37  91  70  95  63   3  46  15  71  71  67  51  53  20  45  91  50  11  62  34   0  11  44  13  35  16  77  61  27  29  50  46   5  15  24   5  53  80 
 52  64  93  73  57  70  40  76  33  44  69  11  82  30  36  61  37  83  93  21  12  29  55   9  66  32   1  69  55  68  45  91  60   0  91  73  11  21  98  40  83  45   2  12  76  18  93  85  97   7 
  4  90  85  68  90  61  89  47  45  43  88  66  14   3  36  85  54  85  49  42  86  69  89  16   8  37  32  29  86  12  88  96  12  93   0  44  76   7  86  95  31  16  91  18  74  74  57  53  41  77 
 42  23  49  42   4  15  51  17  75  65  34  52  85   2   6  88  68  25  12  38  13  59  12  35  66  75  44  25   2  86  23  32  42  10  81   0  52  56  59  46   7  46  40  93  54  10  81  15  19  38 
 96  86  39  34  26  41   7  99  16  40  33  90  98  47  72  84  46  78  85  63  38  32  36  93  31  73  27  75  17  24  93  98  66  99  17  78   0  72  10   4  38  21  58  48  86  29  54  83  10  79 
 27  60  55  97  27  72  14   4  60  71  78   7  17  65  26  79  88  87   2  17  15  59  34  64  64  38  65   9  99   5  14  87  26   7  73  58  83   0  40  18  87  47  11  32  88  64  87  20  60  34 
 30  26  14  37  41  74  19  67  85  34  60  73  71  82  90  75   7   4  34  50  35  77  62  11  44   4  56   4  24  52  70  27  92  12  75  39  22  91   0  39  85  48   2  37  63  53  25  70  97  80 
 78  92  91  25  19  59  33  21  64  18  67  19  43  84  83  69  81  11  68  45  61  17  27  45   5  74  29  73   5  82  76  75  32  22  72  69  15  52  32   0  72  99  92   3  20   6  53  88   4  51 
 61  40  54  78  11  40  60  77  91  10  50  21  80  56  97   2  29  10  70  17  16   1  37  26  81  89  30  50  63  55  16  25  39  88   8  65   7  11  97  45   0  80  64  98  31  70  72  13  16  80 
 51  74  78  57  50   9  51  68   6  40  39  81  79  83  47  95  35   3  38  63  32  87  31  65  16   4  39  72  15  41  36  51  43  26   4  83  60   8  90  87  52   0  66  79   8  79  37  98  44  70 
 92  86  84  86  77  33  86  85  45  10   3  48  18  68   8  48  66  49  89  69  87  45  53  48  76  78  48  82  46  68  45  38  15  64  20  76  88   3  12  46  82  18   0  84  50  42  70  40   2   5 
 18  80  76  86  27  30  56  38  46  93  38  86  22  55  55  49  88  67  77  14  75  32  56   9  74  36  99   5   3  56  76  74  64  91   7  75  30  99  66  82  68   6  99   0   7  21  15  98  74  92 
 11  79  76  52  49  72  86  46  11  72  54  30  13  70  92  88  43  26  92  83  13  75  32  49  19  37  22  94  55  95  27  39  61   7  89  89  44  76  93  89  81  32  23  60   0  27  96  61  90  74 
 86  14  67  55  35   9  93  14  19  67  49  44  75  88  33  80  89  65  71  84  71  14  78  67   1  96  15  30  32  36   8  79  51  63  32  12  32  88  30   1  51  19  28  59   7   0  29  39  65  89 
 31  60  73  27  55  73   9  36   9  16   2  45  61  29  11  52  16  89  52  63  63  43  46  21  58  24  11   9  63  95   9  58  21  30  40  44  55  20  49  81  59  91  40  89  21   6   0  51  55   1 
 73  59  28  97  48  36  13  61  37  10  60  60  56  60  36  84  24  21   8  95   5   3  38  22   4  60  14  97  34  15  23   3  47  73   9   2  40  89  51  24  85  60  31  67  54  10   5   0  46  18 
 26  59  54  34  23  49  13  56  37  56  73  33  65  14   6  96  31  85  85  30  80  81  50  45  46  74  72  12   9  45  43  54  71  56  84  37  24  51  31  99  66  61   1  85   4   3  75  55   0  31 
 71   2   7  19  99  82  49  52   1  82  10  62  67  28  60  87   7  76  41  85  60  51  19   7  31  61  77  50  31  80  31  23  70   9  45  65  78  16  36  16  81  39  12  99  57  45  75  27  37   0 
M3
  0  13  68  80  16  58  25  86  56  66  65  26  95  89  56  54  50  48  83  57  61   7  91   6  76  17  32  76  30  12  36  86  54  33  87  16  68  64  96   5   9  99  43  58  45  74  96  23  97  51 
  9   0  64  44  93  57  44  89  21  50  98  64  87  77  51  58  33  80  96  14  37  21  82  99  87  45  22  71  54  49  68  18  67   3  18  49   7  91  98  81  61   5  85  96   2   7  35  66   7  73 
 87  37   0  51  93  19  30  74   9  76  67  73   5  21  59  52  42  57  19  16  47  49  17  45  15  51  18  48  43  99  47  65  90  68  50  23  54  33  82  44  86  63  83  58  66  37  85  69  78  60 
 96   1  96   0   9  68   4  20   4  14  71  90  67  33  77  94  84  85  27  30  70  60  91  44  59  76  46  86  69  15   2  55   4  67  54   1   3  18  84  81  25  57  81  42  29  29  41  51  97  73 
 68  28   6  81   0  59  45  63  78  86  78  78  43   1  89  67   7  65  61  37  10  23  98  34   5  30  57  31  46  74  50  43   7  72  23  59  64   3  97  26  10  64  29  11  47  90  98  65  23  31 
 77  70  66  28  50   0  38  84  45   8  75  37   9  47  47  17   8  11  28  58  83  41  79  64  59  92  43  34  86  67  99  63  37  94  72   5  98  52  70  70  45  67  64  73   7  73   5  35  98  57 
 81  50  66  68  40  48   0  62  95  66  89  97  98  81  26  11  79  94  89  86   5  75  21  99  13  66  73  65  69  10  57   6  88  36  34  95  45  43  55  17  63  70  11  53  70  79  27  58  59  33 
 87  61  46  86  22  92  21   0  37  11  47  40  21  66   9  52  40  35  37  93  56  84  94  74  16  86  12  13  13  63  75  56  18  92   6  42  19  39  62  97  96  17  66   9  66  49  17  47  73  77 
 35  77   8  28  64  43  79  70   0  16  49  84   6  58  81  36  74  70  25  86  18  70  86  86   6  92  59  54  78  96  26   9  79  46  15  24  38  84   4  72  23  15  89  23  20   2  59  13  52  77 
 35  67  57  45   3  65  99  30  41   0  64  92  85  56  52  25  98  14  90   7  82  69  69  67  62  91  31  12  82  84   6  74  46  52  46   9  22  94  81   9  74  81  95  47  95  21  52  55  76  84 
 28  12  58  35  37  75  58  18  19  31   0  64   9  82  47  66  64  28  10  55   7  28  52  18  30  92  21  40  10  37  71  37  27  66  98  64  96  53  76  86  36  52  40  21  89  21  39  12  35  93 
 19  92  67   5  25  24  84  49  15  28  20   0   6  61  60  53  97  23  45  98   5  59  14  63  24  50  34   4  19  27  25  27  17   1  62  72  87  65  59  88  63  58  60   9  45  24  30  66  16  49 
 22  26  13  50  58  26  16  21  81  45  74  54   0  53  11  63  50  40  68  85  98  85  10  28  26  62  70  66  55  31  61  41  51  50  32  85  83  75  70  70  46  43  24  61  88   2  52  40  14  89 
 68  20   5  81  38  87  55  31  26  98  35  33  75   0  37  43  79  43  91  62  69  75  19  59  27  45  45  39  72  43  85  90  41  55  23  51  64   5  92  60  88  31  58  56  68  36  65   4  12  61 
  5   1  26  31  58  75   5  67  64  31  49   8  91  91   0  74  32  98  20  37  85  30  58  26  19  85  19  40  85  43  10  46  90  55  48  13  92  23  58  23  89  78   9  79  22  70  65  62  28  83 
 32  24  86  99   7  18  41  66   9  71  78  76  11  73  10   0  19  93  54  52   8  47  79  52  95   3  64  97  38  74  21  83  99  60  54  35  85  26  28  37   8  79  28  43  81  10  95  45  69  44 
 79  82  80  30  99  54  90  87   8  27  41  96  44  33  81  99   0  83  39  49   6   3  28  95  74  42  54  64  79  36  94  86  63  67  49  50  54  42  74   5  75  55  19  75   3  62  33   6  14  10 
  8  82  38  35  11  45  73  28  93  74  85   5  33  97  91  69  67   0  48  93  47   8  21  46  34  73  93  15  41  75  98  76  53  86  55  87  18  54  36  21  14  20  23  99  59  29  78  65  73  64 
 67  22  48  89  32  99  28  70  91  74  68  69  81  13  77   1  16  23   0  68   2  55  71  70  75  85  79  23  18  37  43  43  46  14  16  59  72  65  22  48  93  26  27  23  56  91  19  10  55  76 
 25  46  16  30  80  28  62  44  96  95  72  86  49  94  83  54  60  26  94   0  35  24  71  73  70  24  46  31  59  40  89  24  55   1  18   8  26  97   4  12  63  63  55  57  92  32  79  45  61   1 
 19  91  33  10  95  78  62  59  90  19  10  89  60   9  75  36  14  75  26  49   0   5  24  26  75  76  70  10   7  65  37   3  19  23  70  70  30  57  81  86  99  82  20  79  78  41  93  13  62  67 
 14  28  45  47  68  10  26  13  11  23  43  34  39  35  98  97  19  58  27  81  80   0  91  64  72  56  78  65  56  85  46  86   5  51  85  73  64  85   5  19  57   3  78  98  42  41  64  93  59  47 
 71  36  51  32   6  49  65  87  94  17  59  55  54  56  46  32  22  62  29  38  86  75   0  70  89  78  91  56  62  91  40  13  42  21  92  85  51  98  36  10  92   6  80  92  10  57  21  72  39  26 
 49  44  84  91   8  61  96   3   1  43  94  16  44  53  27  74  51  23  93  98  57  60  36   0  86  64  66  55  56  80  33  93   8  80  62  78  72  18  67  51   5  94  77  31  86  39  36  85  86  49 
 83  63  42  42  44  48  31  15  23  19  82  23  24  38  34   7  93  43  38   7  58  76  17  81   0  40  52  20  21  13  22  26  99  32  95  14  29  54  35  64  85  51  31  98  78  22  98  77  84  39 
 67  50  98  16  50  65   7  94  57  38  30  25  54  78  83  88  65  66  69  55  11  75  70  95   3   0  14  69  50   9  35  96  16  51   6  34  43  83  59   1  11   4  24  74  35  33  74  56  65  44 
 11  75  30  91  41  96  22  99  49  92  50  13  20  35  89  23  69  59  39  88  27  26  39  14  73  36   0  17  25  63  32  37  85  73  82  84  71   4  79  59   1   3  13  34  31  88  43   7  55  60 
 79  15   4  64   8  93  25  78  36  24  69  59  36  23  93  85  87  20  81  41  60  51  58  21  21  78  38   0  53  74  96  66  33   8  59  93  79  91  14  44  44  62  91  67  91  26   9  64  19  95 
 30  73  46  36  41   7  65  74  23  65  74  25  66  38  28  43   8  11  86  37  59  74  68  85  28  80  24  71   0  94  30  68  12  11  67  32  57  21  61  29  76   9  27  87  73  26  19  66  33  54 
 23  17  74  85   5  34  57  13  92  38  26  59  17  41  93  38  19  58  70  79  61   7  41  17  21  49  73  85   8   0  95  42  47  12  65  48  59  20  59  85  75   4  83  38   3  22  15  43  69  56 
 79  28  59  46  63  52  64  64  84  26  45  92  55  26   6  26  85  86  82  34  35  85  95  50  23  81  74  27  40  23   0  14  15  89  93  90  89  95  29  92  76  64  83  58  17  55  54  14  54  99 
 22   9  49  79  72   4  42  11  47  68   2  57  45   7  14  88  91  64   3  10  25  14  61  70  61  35   7  11  90  98  85   0  49  43  38  25  63  99  10  48  80  96  59  95  64  40   4   5  51  42 
 97   7  85  77   4  37  18  39  89  48  41  15  37  91  70  95  63   3  46  15  71  71  67  51  53  20  45  91  50  11  62  34   0  11  44  13  35  16  77  61  27  29  50  46   5  15  24   5  53  80 
 52  64  93  73  57  70  40  76  33  44  69  11  82  30  36  61  37  83  93  21  12  29  55   9  66  32   1  69  55  68  45  91  60   0  91  73  11  21  98  40  83  45   2  12  76  18  93  85  97   7 
  4  90  85  68  90  61  89  47  45  43  88  66  14   3  36  85  54  85  49  42  86  69  89  16   8  37  32  29  86  12  88  96  12  93   0  44  76   7  86  95  31  16  91  18  74  74  57  53  41  77 
 42  23  49  42   4  15  51  17  75  65  34  52  85   2   6  88  68  25  12  38  13  59  12  35  66  75  44  25   2  86  23  32  42  10  81   0  52  56  59  46   7  46  40  93  54  10  81  15  19  38 
 96  86  39  34  26  41   7  99  16  40  33  90  98  47  72  84  46  78  85  63  38  32  36  93  31  73  27  75  17  24  93  98  66  99  17  78   0  72  10   4  38  21  58  48  86  29  54  83  10  79 
 27  60  55  97  27  72  14   4  60  71  78   7  17  65  26  79  88  87   2  17  15  59  34  64  64  38  65   9  99   5  14  87  26   7  73  58  83   0  40  18  87  47  11  32  88  64  87  20  60  34 
 30  26  14  37  41  74  19  67  85  34  60  73  71  82  90  75   7   4  34  50  35  77  62  11  44   4  56   4  24  52  70  27  92  12  75  39  22  91   0  39  85  48   2  37  63  53  25  70  97  80 
 78  92  91  25  19  59  33  21  64  18  67  19  43  84  83  69  81  11  68  45  61  17  27  45   5  74  29  73   5  82  76  75  32  22  72  69  15  52  32   0  72  99  92   3  20   6  53  88   4  51 
 61  40  54  78  11  40  60  77  91  10  50  21  80  56  97   2  29  10  70  17  16   1  37  26  81  89  30  50  63  55  16  25  39  88   8  65   7  11  97  45   0  80  64  98  31  70  72  13  16  80 
 51  74  78  57  50   9  51  68   6  40  39  81  79  83  47  95  35   3  38  63  32  87  31  65  16   4  39  72  15  41  36  51  43  26   4  83  60   8  90  87  52   0  66  79   8  79  37  98  44  70 
 92  86  84  86  77  33  86  85  45  10   3  48  18  68   8  48  66  49  89  69  87  45  53  48  76  78  48  82  46  68  45  38  15  64  20  76  88   3  12  46  82  18   0  84  50  42  70  40   2   5 
 18  80  76  86  27  30  56  38  46  93  38  86  22  55  55  49  88  67  77  14  75  32  56   9  74  36  99   5   3  56  76  74  64  91   7  75  30  99  66  82  68   6  99   0   7  21  15  98  74  92 
 11  79  76  52  49  72  86  46  11  72  54  30  13  70  92  88  43  26  92  83  13  75  32  49  19  37  22  94  55  95  27  39  61   7  89  89  44  76  93  89  81  32  23  60   0  27  96  61  90  74 
 86  14  67  55  35   9  93  14  19  67  49  44  75  88  33  80  89  65  71  84  71  14  78  67   1  96  15  30  32  36   8  79  51  63  32  12  32  88  30   1  51  19  28  59   7   0  29  39  65  89 
 31  60  73  27  55  73   9  36   9  16   2  45  61  29  11  52  16  89  52  63  63  43  46  21  58  24  11   9  63  95   9  58  21  30  40  44  55  20  49  81  59  91  40  89  21   6   0  51  55   1 
 73  59  28  97  48  36  13  61  37  10  60  60  56  60  36  84  24  21   8  95   5   3  38  22   4  60  14  97  34  15  23   3  47  73   9   2  40  89  51  24  85  60  31  67  54  10   5   0  46  18 
 26  59  54  34  23  49  13  56  37  56  73  33  65  14   6  96  31  85  85  30  80  81  50  45  46  74  72  12   9  45  43  54  71  56  84  37  24  51  31  99  66  61   1  85   4   3  75  55   0  31 
 71   2   7  19  99  82  49  52   1  82  10  62  67  28  60  87   7  76  41  85  60  51  19   7  31  61  77  50  31  80  31  23  70   9  45  65  78  16  36  16  81  39  12  99  57  45  75  27  37   0 
M4
  0  13  68  80  16  58  25  86  56  66  65  26  95  89  56  54  50  48  83  57  61   7  91   6  76  17  32  76  30  12  36  86  54  33  87  16  68  64  96   5   9  99  43  58  45  74  96  23  97  51 
  9   0  64  44  93  57  44  89  21  50  98  64  87  77  51  58  33  80  96  14  37  21  82  99  87  45  22  71  54  49  68  18  67   3  18  49   7  91  98  81  61   5  85  96   2   7  35  66   7  73 
 87  37   0  51  93  19  30  74   9  76  67  73   5  21  59  52  42  57  19  16  47  49  17  45  15  51  18  48  43  99  47  65  90  68  50  23  54  33  82  44  86  63  83  58  66  37  85  69  78  60 
 96   1  96   0   9  68   4  20   4  14  71  90  67  33  77  94  84  85  27  30  70  60  91  44  59  76  46  86  69  15   2  55   4  67  54   1   3  18  84  81  25  57  81  42  29  29  41  51  97  73 
 68  28   6  81   0  59  45  63  78  86  78  78  43   1  89  67   7  65  61  37  10  23  98  34   5  30  57  31  46  74  50  43   7  72  23  59  64   3  97  26  10  64  29  11  47  90  98  65  23  31 
 77  70  66  28  50   0  38  84  45   8  75  37   9  47  47  17   8  11  28  58  83  41  79  64  59  92  43  34  86  67  99  63  37  94  72   5  98  52  70  70  45  67  64  73   7  73   5  35  98  57 
 81  50  66  68  40  48   0  62  95  66  89  97  98  81  26  11  79  94  89  86   5  75  21  99  13  66  73  65  69  10  57   6  88  36  34  95  45  43  55  17  63  70  11  53  70  79  27  58  59  33 
 87  61  46  86  22  92  21   0  37  11  47  40  21  66   9  52  40  35  37  93  56  84  94  74  16  86  12  13  13  63  75  56  18  92   6  42  19  39  62  97  96  17  66   9  66  49  17  47  73  77 
 35  77   8  28  64  43  79  70   0  16  49  84   6  58  81  36  74  70  25  86  18  70  86  86   6  92  59  54  78  96  26   9  79  46  15  24  38  84   4  72  23  15  89  23  20   2  59  13  52  77 
 35  67  57  45   3  65  99  30  41   0  64  92  85  56  52  25  98  14  90   7  82  69  69  67  62  91  31  12  82  84   6  74  46  52  46   9  22  94  81   9  74  81  95  47  95  21  52  55  76  84 
 28  12  58  35  37  75  58  18  19  31   0  64   9  82  47  66  64  28  10  55   7  28  52  18  30  92  21  40  10  37  71  37  27  66  98  64  96  53  76  86  36  52  40  21  89  21  39  12  35  93 
 19  92  67   5  25  24  84  49  15  28  20   0   6  61  60  53  97  23  45  98   5  59  14  63  24  50  34   4  19  27  25  27  17   1  62  72  87  65  59  88  63  58  60   9  45  24  30  66  16  49 
 22  26  13  50  58  26  16  21  81  45  74  54   0  53  11  63  50  40  68  85  98  85  10  28  26  62  70  66  55  31  61  41  51  50  32  85  83  75  70  70  46  43  24  61  88   2  52  40  14  89 
 68  20   5  81  38  87  55  31  26  98  35  33  75   0  37  43  79  43  91  62  69  75  19  59  27  45  45  39  72  43  85  90  41  55  23  51  64   5  92  60  88  31  58  56  68  36  65   4  12  61 
  5   1  26  31  58  75   5  67  64  31  49   8  91  91   0  74  32  98  20  37  85  30  58  26  19  85  19  40  85  43  10  46  90  55  48  13  92  23  58  23  89  78   9  79  22  70  65  62  28  83 
 32  24  86  99   7  18  41  66   9  71  78  76  11  73  10   0  19  93  54  52   8  47  79  52  95   3  64  97  38  74  21  83  99  60  54  35  85  26  28  37   8  79  28  43  81  10  95  45  69  44 
 79  82  80  30  99  54  90  87   8  27  41  96  44  33  81  99   0  83  39  49   6   3  28  95  74  42  54  64  79  36  94  86  63  67  49  50  54  42  74   5  75  55  19  75   3  62  33   6  14  10 
  8  82  38  35  11  45  73  28  93  74  85   5  33  97  91  69  67   0  48  93  47   8  21  46  34  73  93  15  41  75  98  76  53  86  55  87  18  54  36  21  14  20  23  99  59  29  78  65  73  64 
 67  22  48  89  32  99  28  70  91  74  68  69  81  13  77   1  16  23   0  68   2  55  71  70  75  85  79  23  18  37  43  43  46  14  16  59  72  65  22  48  93  26  27  23  56  91  19  10  55  76 
 25  46  16  30  80  28  62  44  96  95  72  86  49  94  83  54  60  26  94   0  35  24  71  73  70  24  46  31  59  40  89  24  55   1  18   8  26  97   4  12  63  63  55  57  92  32  79  45  61   1 
 19  91  33  10  95  78  62  59  90  19  10  89  60   9  75  36  14  75  26  49   0   5  24  26  75  76  70  10   7  65  37   3  19  23  70  70  30  57  81  86  99  82  20  79  78  41  93  13  62  67 
 14  28  45  47  68  10  26  13  11  23  43  34  39  35  98  97  19  58  27  81  80   0  91  64  72  56  78  65  56  85  46  86   5  51  85  73  64  85   5  19  57   3  78  98  42  41  64  93  59  47 
 71  36  51  32   6  49  65  87  94  17  59  55  54  56  46  32  22  62  29  38  86  75   0  70  89  78  91  56  62  91  40  13  42  21  92  85  51  98  36  10  92   6  80  92  10  57  21  72  39  26 
 49  44  84  91   8  61  96   3   1  43  94  16  44  53  27  74  51  23  93  98  57  60  36   0  86  64  66  55  56  80  33  93   8  80  62  78  72  18  67  51   5  94  77  31  86  39  36  85  86  49 
 83  63  42  42  44  48  31  15  23  19  82  23  24  38  34   7  93  43  38   7  58  76  17  81   0  40  52  20  21  13  22  26  99  32  95  14  29  54  35  64  85  51  31  98  78  22  98  77  84  39 
 67  50  98  16  50  65   7  94  57  38  30  25  54  78  83  88  65  66  69  55  11  75  70  95   3   0  14  69  50   9  35  96  16  51   6  34  43  83  59   1  11   4  24  74  35  33  74  56  65  44 
 11  75  30  91  41  96  22  99  49  92  50  13  20  35  89  23  69  59  39  88  27  26  39  14  73  36   0  17  25  63  32  37  85  73  82  84  71   4  79  59   1   3  13  34  31  88  43   7  55  60 
 79  15   4  64   8  93  25  78  36  24  69  59  36  23  93  85  87  20  81  41  60  51  58  21  21  78  38   0  53  74  96  66  33   8  59  93  79  91  14  44  44  62  91  67  91  26   9  64  19  95 
 30  73  46  36  41   7  65  74  23  65  74  25  66  38  28  43   8  11  86  37  59  74  68  85  28  80  24  71   0  94  30  68  12  11  67  32  57  21  61  29  76   9  27  87  73  26  19  66  33  54 
 23  17  74  85   5  34  57  13  92  38  26  59  17  41  93  38  19  58  70  79  61   7  41  17  21  49  73  85   8   0  95  42  47  12  65  48  59  20  59  85  75   4  83  38   3  22  15  43  69  56 
 79  28  59  46  63  52  64  64  84  26  45  92  55  26   6  26  85  86  82  34  35  85  95  50  23  81  74  27  40  23   0  14  15  89  93  90  89  95  29  92  76  64  83  58  17  55  54  14  54  99 
 22   9  49  79  72   4  42  11  47  68   2  57  45   7  14  88  91  64   3  10  25  14  61  70  61  35   7  11  90  98  85   0  49  43  38  25  63  99  10  48  80  96  59  95  64  40   4   5  51  42 
 97   7  85  77   4  37  18  39  89  48  41  15  37  91  70  95  63   3  46  15  71  71  67  51  53  20  45  91  50  11  62  34   0  11  44  13  35  16  77  61  27  29  50  46   5  15  24   5  53  80 
 52  64  93  73  57  70  40  76  33  44  69  11  82  30  36  61  37  83  93  21  12  29  55   9  66  32   1  69  55  68  45  91  60   0  91  73  11  21  98  40  83  45   2  12  76  18  93  85  97   7 
  4  90  85  68  90  61  89  47  45  43  88  66  14   3  36  85  54  85  49  42  86  69  89  16   8  37  32  29  86  12  88  96  12  93   0  44  76   7  86  95  31  16  91  18  74  74  57  53  41  77 
 42  23  49  42   4  15  51  17  75  65  34  52  85   2   6  88  68  25  12  38  13  59  12  35  66  75  44  25   2  86  23  32  42  10  81   0  52  56  59  46   7  46  40  93  54  10  81  15  19  38 
 96  86  39  34  26  41   7  99  16  40  33  90  98  47  72  84  46  78  85  63  38  32  36  93  31  73  27  75  17  24  93  98  66  99  17  78   0  72  10   4  38  21  58  48  86  29  54  83  10  79 
 27  60  55  97  27  72  14   4  60  71  78   7  17  65  26  79  88  87   2  17  15  59  34  64  64  38  65   9  99   5  14  87  26   7  73  58  83   0  40  18  87  47  11  32  88  64  87  20  60  34 
 30  26  14  37  41  74  19  67  85  34  60  73  71  82  90  75   7   4  34  50  35  77  62  11  44   4  56   4  24  52  70  27  92  12  75  39  22  91   0  39  85  48   2  37  63  53  25  70  97  80 
 78  92  91  25  19  59  33  21  64  18  67  19  43  84  83  69  81  11  68  45  61  17  27  45   5  74  29  73   5  82  76  75  32  22  72  69  15  52  32   0  72  99  92   3  20   6  53  88   4  51 
 61  40  54  78  11  40  60  77  91  10  50  21  80  56  97   2  29  10  70  17  16   1  37  26  81  89  30  50  63  55  16  25  39  88   8  65   7  11  97  45   0  80  64  98  31  70  72  13  16  80 
 51  74  78  57  50   9  51  68   6  40  39  81  79  83  47  95  35   3  38  63  32  87  31  65  16   4  39  72  15  41  36  51  43  26   4  83  60   8  90  87  52   0  66  79   8  79  37  98  44  70 
 92  86  84  86  77  33  86  85  45  10   3  48  18  68   8  48  66  49  89  69  87  45  53  48  76  78  48  82  46  68  45  38  15  64  20  76  88   3  12  46  82  18   0  84  50  42  70  40   2   5 
 18  80  76  86  27  30  56  38  46  93  38  86  22  55  55  49  88  67  77  14  75  32  56   9  74  36  99   5   3  56  76  74  64  91   7  75  30  99  66  82  68   6  99   0   7  21  15  98  74  92 
 11  79  76  52  49  72  86  46  11  72  54  30  13  70  92  88  43  26  92  83  13  75  32  49  19  37  22  94  55  95  27  39  61   7  89  89  44  76  93  89  81  32  23  60   0  27  96  61  90  74 
 86  14  67  55  35   9  93  14  19  67  49  44  75  88  33  80  89  65  71  84  71  14  78  67   1  96  15  30  32  36   8  79  51  63  32  12  32  88  30   1  51  19  28  59   7   0  29  39  65  89 
 31  60  73  27  55  73   9  36   9  16   2  45  61  29  11  52  16  89  52  63  63  43  46  21  58  24  11   9  63  95   9  58  21  30  40  44  55  20  49  81  59  91  40  89  21   6   0  51  55   1 
 73  59  28  97  48  36  13  61  37  10  60  60  56  60  36  84  24  21   8  95   5   3  38  22   4  60  14  97  34  15  23   3  47  73   9   2  40  89  51  24  85  60  31  67  54  10   5   0  46  18 
 26  59  54  34  23  49  13  56  37  56  73  33  65  14   6  96  31  85  85  30  80  81  50  45  46  74  72  12   9  45  43  54  71  56  84  37  24  51  31  99  66  61   1  85   4   3  75  55   0  31 
 71   2   7  19  99  82  49  52   1  82  10  62  67  28  60  87   7  76  41  85  60  51  19   7  31  61  77  50  31  80  31  23  70   9  45  65  78  16  36  16  81  39  12  99  57  45  75  27  37   0 
Reldue
  906    1    8
 1736    6    3
 1645    2    7
  913    2    7
 1910    8    6
 1563    6    1
 1203    7    1
 1648    9    4
 1538    7    8
  995    4    4
  916    2    3
  947    7    7
 1286    5    2
 1400    3    2
 1973    4    2
 2091    8    3
 1890    9    3
  516    2    5
 1178    2    6
 1324    1    9
 1412    5    1
  963    2    6
  543    3    6
  756    9    7
  662    9    6
  779    3    1
  777    5    1
 1090    3    7
 2092    9    9
  814    4    1
  653    7    9
 1751    4    7
 1665    6    1
 1203    5    7
  483    1    9
 1771    4    6
  507    1    2
 1349    6    5
 1638    9    4
 1650    7    3
 1615    6    8
 1846    2    7
 1140    7    2
 1228    6    2
 1514    3    2
 1709    3    3
 1025    7    8
 1346    5    8
 1463    9    1
 1007    2    4
DDW
  819   993
 1615  1857
 1514  1775
  826  1000
 1777  2043
 1452  1674
 1129  1278
 1526  1771
 1457  1618
  913  1078
  865   968
  893  1002
 1188  1384
 1317  1484
 1852  2095
 1884  2297
 1749  2032
  478   554
 1112  1244
 1194  1453
 1301  1524
  906  1019
  506   581
  709   802
  602   721
  705   854
  711   842
 1000  1180
 1893  2291
  760   868
  602   704
 1618  1884
 1577  1753
 1108  1297
  458   507
 1661  1881
  461   553
 1247  1451
 1541  1734
 1517  1783
 1507  1722
 1729  1962
 1076  1204
 1120  1336
 1417  1611
 1565  1854
  923  1128
 1256  1436
 1368  1558
  934  1080
