50   5
MD
  3  5  3  2  3
PT
  5  17  50  70  48  29  59  74  27  67  75  44  19  20  25  84  10  88  52  70  37  24  64  59  78  90  21  81  56  44   2  78  79  82  60  93  56  24  60  56  84   2  95  68  48  50  54  31  78  78 
 87  36  47  69  31  86  18  47  17  52  69  48   5  95  80  98  58  76  95  40  77  25  69   3  78  76   1  16  30  83  71  36   7  83  96  25  76   8  55  51  59  77   6  61  33   9  74  96  75  32 
  3   1  23  11  88  64  19  78  43  69  68  19  18  54  96  74  64  98   7  34  40  94  18  28  21   3  78  50  70  68   9  21  49  19  20  54  76   1  76  47  77  72  53  51  93  43   3  67  38  80 
  9  93  60  39  88  48  11  42  17  72  48  36  31  67  38  63  55  63  69  66  50  58  84  98  71  54   1  55  30   3  20  51  70  73   3   5  65  18  74  87  18  31  36  82  81  58  70  37  80  91 
 21  99  74  54  73  94  76  47  16  62  95  89  28  97  76   7  16  50  85  86  75  44  68   2  57  59  35  58   2  58  85  88  53  75  41  67  37  90  87  51   7  64  71  61  95  97  65  68  57  51 
SSD
M0
  0   7  15  85  27  81  17  21  81   6  39  99  29  99  60  66  68  90  96  32   2  77  51  54  90  73  59  12  37  28  87  33  86  26   4  63  76  33  93  68  67  39  44  24  36   8   1  95  84  79 
 41   0  46  75  95  88  81  29  28  92  78  72  57  23   5  41   8   6  92  53  81  97  90  11  27  10  76  97  95   1   4  57  25  98  15  45  96  87  74  55  45  80  61  35  17  88  99  54  54  95 
  9  36   0  21  85  57  82  25  89  49  88  64  50   7  23  31  38  74  75  42   2   7   8  69  98  22  85  25  73  22  24  94  32  28   9  72  77  69  76  26  37  65  18  40  15  81  74  12  17   8 
 35  51  91   0  40  34  69   6  65  50  57  96  61   8  15  58   7  43  22  47  86  77  55  20  13  61  19  60  79  45  81  63  27  79  21   2  90  15  15   8  59  10  45  76  16   5   8  63   5  25 
 37  71  98   5   0  14  21  20   3  74  84   1  21  20  63  81  42  44  43  91  15  24  92  24   2  42  95  86  84  77  91  42  28   5  86  46  88  58  85  22  18  31  42   8  50  52  33  57  44  95 
 21   5  79  25  64   0  40   4  72  78   8  61  67  31  47  40  32  66  65  27  65  48  10  20  79  61  62  67  56  74  37  79   3  88  31  54  39  28   1  10  26  31  80  69  70   2  50  57  52  89 
 15  19  81  54  69  27   0  55  82  23   9  21  38  97  58  71  53   4  38  47   3  55  42  27  38  42  91  96  83  48   3  89  10  72  52  77  81  63   1  23  78  67  72  15  66  80  94  98   1  52 
 75  82  46   2  75  67  56   0  96  67  12  44  10   3  33  95  95  28  70  44  10  19  26  34  72  43  22  63  52   1  74  15  68  11  48  60  87  35  46  26  43  35  89  61  45  84  62  99  85  76 
 80  47  61  68   4  90  75  39   0  69  98  80  36   9  14   6  48  59  57  34  70  72  67  16  55  78  73   3  16  49   2  74  51   9  59  38  64  97  69  24  59  15  71  39  94  11  25  48  89  52 
 16  26  43  96  99  22  39  19  53   0  32  41  69  10  52  80  65  54  99  49   4  34  29  40  84  82  20  84   3  93  45  49  29  32   1   5  93  11  28  58  72  25  74  53  10  55  22  94  74  77 
 43   4  16  65  57  66  25  91  28   6   0  40  44  12  50  23  86  10  66  27  31  99  33  20  89  67  95  27  28  49  37  66  43  16  47  60  63  60  13  72  78  89  28  84  72  28  18   1   5  67 
 24  81  91  42  74   8  31   5  42  66  34   0  55  70  49  27  68  60  30  20  12  56  11  92  32  14   3  22  93  73  16  72  88  40  44  70  62  89  50  26  10  33  68  36  98  70  37  27  93  33 
 31  83   2  22  55  59  48  62   9  72  91  73   0  13  47  35  52  27  11  59  51  12  70  22  99  90  34  10  82  39  70  43  41  56  14  34  60  33  57  60   5  29  96  35   2  66  83  54  63  76 
 26  81  83  12  56  53   3  75  12  14  34  23  91   0  24  73  62  27  13  68  54  75  73  62  45  54   4  37  24  13   3   3  99  11  37  77  13  86  68  46  23  89  79  58  59  81  90  40   9  15 
  2  73  27  84   5  28  24  69  83  16  59   5   7  15   0  64  65  64  99  95  15  17  27  32  21  44  73  13  32   1  53  42  91   4  38  63  56  99  94  68  24  28  94   1   7  92  16  75  68  32 
 33  42  91  57  96  65  58  56  47  87  74  41  39  13  72   0  55  29  33  18  59  72  23  72  67  41  45   4  56  88  99  42  56  98  12  49  93  62  81  81  35  68  70  17  81  82  87   7  46  38 
 62  88  53  90  84  24  72  32  34  79  87  15   3  15  80  26   0  26  41  42  43   7  22  60  84  95  60  27  58  85  91  16   7  27   3   4  92   7  46  32  13  42   3  19  16  77  98  71  15  75 
 24  73  56  17  32  13  37  62  77  82  77  72  40  24  20   2  76   0   9  93  24  67  77  46  42  35  20  70  35  51   9  62  96  81  33  54  30  97  90  18  94  71  74  80  20  55  93  63  51  28 
 45  93  96  51  87  89  23   7  28  52  25  39  67  97  17  88  56  74   0  72  43  43  35  56   8   2  58  38  80  42  50  45  98  60  11   9  76  48   8  87  38  83  87  79  46  26  96  56  43  47 
 59  74  57  48  39  86  36  13  89  38  30  11  85  54   7  22  91  13  31   0  41  98  88  14  41  86  50  85  67  57  52  51  41  23  96  29  69  90  23  53  28  45  82  92  44  66  64  34  83  47 
 40   7   3  46  55  54  89  59  63  85  15   7  74  38  66  60  11  60  40  15   0  53  51  81  62  34  89  93  80  16  73  13  22  38  79  37  70  26   1  17  16  33  53  64  17  33  25  41  23  93 
  7   2  53  93  67  82  52  83  70  57  33  94  95  18  65  64  37  24  53  47  63   0  47  57  25  47  45  94   5  16   8  80  80  86  30  97  80  14  55  69  83  71  56  78  51  43  45  69  60  46 
 27   7  61   2  87  52  81  78  52  73  95  62  11  49   1  98  19   2  86  21  10  34   0  87  76  34  80  78  75  33  34  46  43  19  10   9  51   8  87  64  82  12   3  85  37  63  35  95  42  30 
 34  44  30  25  86  68  37  47  47  22  95  84  46  86  40  33  80  21  67  97  90   4  94   0  92   3  30  42  50  39  15  46  67  64  98  30  78  17  51  58  18  44  49  50  57  18  50  32  95  96 
 86  10  58  68  64  96  25  89  90  28  29  98  59  25  30  81  43  21  99  20   4   8  66  32   0  67  68  71  54  49  81  60  31  36   2   1  20  57  22  14  82  77  19  76  79  86  73  96  45  42 
 76  55  43  53  69  39  35   1  24  70  26  63  64  35  41  27  71  45  30  52  36   4  25  22   7   0  77  36  16  17  99  37   4  22  95  43  13  17   3  70   8  81  19  81  88  99   9  84  85  77 
 91  43  77  19  51  18  21  79  52   9  41  32  14  86  44  82  47  27   4   7  24  88  13  71  50  36   0  90  39  34   8  44  18  19  93  47  83  73  69  43  12  17  96  84  18  53   8  46  85  66 
 35  63  12  13  48  68  47  90  71  97  39  28  65  67  75  75  85  93  64  95  40  94  74  34  96   5  36   0  61  26  26   1  84  30  70  77  82  68  83  47  27  85  71  32  24  66  83  72  47  65 
 30  21  66  89  61  94  63  82  37  49  96  43  97  83  24  35  99  67  63  92  88  59  67  21  93  85  21  20   0  42  98  88  68  83  92  49  88  88  36  47  52  60  41  56  70  96  84  70  52  55 
 82  27  53  78  60  75  68  92  51  39   9  20  87  61  94  76  21  91  65  54  19  94  81  66  58  45  41  39  26   0   4  53  78  10  47  70  75  41  51  78  45  32  69  65  12  87  71  61  90   1 
 40  57  14  58  47  51  13  46  59  43  36  78  62  22  26  40  84  93  66  73  43  70  77   8  94  66  73  20   1  76   0  57   3  24  75  72  95  91  68  19  16  85   3  86  41  30  69  41  29   1 
 46  91  92  75  72  43  11  88  45  65  97  32  28  90   9  61  82  42  51  40  95  22  36  45  41  28  93  83  97  25  47   0  13  39   1  44  81  37  75  95  13  18  22  40  24  93  51  61  32  93 
 78  26  11  83  15  93   9  73  76  39  11  53  53  43  65  21  40   3  46  56  84  43  21  78   1  14  16  97  62  76  24  41   0  82  52  90  79  60  54   1  45  79  56  51   2  93  56  61   1   5 
 66  90  10  59  31  26  83  15  10  98  87  65  17  96  62   7  61  73  41  79  64  30  97  75  50  53  38  50  48   8  67  83  91   0  73   4  61  66  26  56  71  67  78  77  12  81  28  32  34  82 
 51  86  67  21  89  66  31  15  39  58  31  31  66  29  82  83  28  11  89  95  95   9  64  94  43  76  15  69  49  69  87  60  75  59   0  39  60  53  90  37  83  61  41  59  86  21  54  46  46  86 
 56  63  65  56  29  74  84  96  95  27  65  96  91  77  72  65   3  14  94  96  25  35  37  22  62  62  37  25  35   4  24  33  35  27  45   0  71   3  64  95  52  22  69  35   6  90  84  30  58  40 
 60   6  59  91  72  34  37  37  61  91  33  40  14  88  71  74  22  62   4  14  45  73  18  95  60  33  40  11  83  19  27  73  95  59  17   8   0  75  94  68  52  53  84  34  67  24  38  26  26  75 
 81  66  21  47  84  15  84  59   7  26  74  41  26  70  50  69  86  89  10  68  34  43  95  97  59  34  12  89  25  19  51  56  56  31  70  57  95   0  73  69  62  28  51  48  62  19   2  69  37  98 
 50  27  11  23  72  41  65   4  66  35  19  81  94  94  53   9  74  58  63  74  90  42  63  74  83  51  29  82  13  35  29  10  69  89  98  17  10  73   0  56  68  20  23  45  30  86  45  63  94  36 
 64  26  89  39  93  42  50  15  34  21   2  39  63  89  68  51  62  35  75  69  24  63  59  61  24  27  97  58   5  67  64  96  56  24  36  33  35  28  91   0  16  56  67  19   8   4  60  69  79  88 
 68  14   2  15  24  73  92  23  37   6  54  57  38  94  80  99  59  85  91   9  42  35  71  57  42  15  15  38  88  71  37  72   3  93  68  34  30  91  86  30   0  34  48  69  27  68  53  65   7  58 
 84  51  71  81  78  42  82  71   4  77  47  36  70  54  16  91  40  34  37  50  92  37  52  51  33   1  53   4  34  86  88  62  27  73  58   9  40   3  67  34  56   0  61  99  53  54  38   2  73   3 
 18  52  56  16  66  43  93  18  62  30  24   5  23  42  44  27  44  39  79  94  17  75  49  20  80  83  48  33  15  33  99  76  41  41  89  67   9  81  45   3  27  93   0  65  12  68  78  91  90  15 
 77  54  29  95  58  49  28  83  67  19  30  73   4  79  63  82   2  60  83  32  45  25  59  27  53   7  20  94  73  69  18  84  13  37  40  17   9  64  60  14  57  42  19   0  66  57  78  97  64  86 
 55  58  58  46  26  82  17  51  85  91  11  90  40  68  60  19  36  34  52  11  41  66  98  10  23  52  51  97  35  92  25  57  77  75  14  61  45  40   5  30  29  55  89  50   0  75  77  34  74  22 
 43  73  22  93  23  12  80  52   1  93  89  75  56  86  58  39  93  23  98  59  94  30  51  69  57  46   4  64  73  72  41  57  29  56  15  28  33  39  39   9  13  98  97   5  66   0  84  41  31  23 
 64  21  19  97  84  74  97  15   4  25  68  66   2  69  83  53  76  57  66  54  40  77  84  44  12  55  63   4  39  18  77  69  57   7  20  56  47  48  99  12  41  55  24  72  91  35   0  32  90  88 
 83  19  10  95  78  99  97  20  16  69  75  58  81  78  14  30  36  51  32  40  70  84  87  98  94  47  74  28  58  75  31  94  72  32  15   5   8   6   9  78  48  48  27  65  38  95  50   0   6  61 
 51  54  69  46  84  45  78  94  88  79  50   1  91  57  25  60  51  17  55   7  32  68  14  76  20  64  94  22  50  48   7  49  23  14  96  59  82  41  12  75  43  55  73  32  50  36  53  78   0  99 
 53  87  24  79  14  54  39  67  70  34  59  15  23  83  78  98   2  39  51  68  64  63  34  95  61  28  57   7  89   8  67  82  62  21  81  89  66  63  74  30  69  28  68  12  11  34  15  37  37   0 
M1
  0   7  15  85  27  81  17  21  81   6  39  99  29  99  60  66  68  90  96  32   2  77  51  54  90  73  59  12  37  28  87  33  86  26   4  63  76  33  93  68  67  39  44  24  36   8   1  95  84  79 
 41   0  46  75  95  88  81  29  28  92  78  72  57  23   5  41   8   6  92  53  81  97  90  11  27  10  76  97  95   1   4  57  25  98  15  45  96  87  74  55  45  80  61  35  17  88  99  54  54  95 
  9  36   0  21  85  57  82  25  89  49  88  64  50   7  23  31  38  74  75  42   2   7   8  69  98  22  85  25  73  22  24  94  32  28   9  72  77  69  76  26  37  65  18  40  15  81  74  12  17   8 
 35  51  91   0  40  34  69   6  65  50  57  96  61   8  15  58   7  43  22  47  86  77  55  20  13  61  19  60  79  45  81  63  27  79  21   2  90  15  15   8  59  10  45  76  16   5   8  63   5  25 
 37  71  98   5   0  14  21  20   3  74  84   1  21  20  63  81  42  44  43  91  15  24  92  24   2  42  95  86  84  77  91  42  28   5  86  46  88  58  85  22  18  31  42   8  50  52  33  57  44  95 
 21   5  79  25  64   0  40   4  72  78   8  61  67  31  47  40  32  66  65  27  65  48  10  20  79  61  62  67  56  74  37  79   3  88  31  54  39  28   1  10  26  31  80  69  70   2  50  57  52  89 
 15  19  81  54  69  27   0  55  82  23   9  21  38  97  58  71  53   4  38  47   3  55  42  27  38  42  91  96  83  48   3  89  10  72  52  77  81  63   1  23  78  67  72  15  66  80  94  98   1  52 
 75  82  46   2  75  67  56   0  96  67  12  44  10   3  33  95  95  28  70  44  10  19  26  34  72  43  22  63  52   1  74  15  68  11  48  60  87  35  46  26  43  35  89  61  45  84  62  99  85  76 
 80  47  61  68   4  90  75  39   0  69  98  80  36   9  14   6  48  59  57  34  70  72  67  16  55  78  73   3  16  49   2  74  51   9  59  38  64  97  69  24  59  15  71  39  94  11  25  48  89  52 
 16  26  43  96  99  22  39  19  53   0  32  41  69  10  52  80  65  54  99  49   4  34  29  40  84  82  20  84   3  93  45  49  29  32   1   5  93  11  28  58  72  25  74  53  10  55  22  94  74  77 
 43   4  16  65  57  66  25  91  28   6   0  40  44  12  50  23  86  10  66  27  31  99  33  20  89  67  95  27  28  49  37  66  43  16  47  60  63  60  13  72  78  89  28  84  72  28  18   1   5  67 
 24  81  91  42  74   8  31   5  42  66  34   0  55  70  49  27  68  60  30  20  12  56  11  92  32  14   3  22  93  73  16  72  88  40  44  70  62  89  50  26  10  33  68  36  98  70  37  27  93  33 
 31  83   2  22  55  59  48  62   9  72  91  73   0  13  47  35  52  27  11  59  51  12  70  22  99  90  34  10  82  39  70  43  41  56  14  34  60  33  57  60   5  29  96  35   2  66  83  54  63  76 
 26  81  83  12  56  53   3  75  12  14  34  23  91   0  24  73  62  27  13  68  54  75  73  62  45  54   4  37  24  13   3   3  99  11  37  77  13  86  68  46  23  89  79  58  59  81  90  40   9  15 
  2  73  27  84   5  28  24  69  83  16  59   5   7  15   0  64  65  64  99  95  15  17  27  32  21  44  73  13  32   1  53  42  91   4  38  63  56  99  94  68  24  28  94   1   7  92  16  75  68  32 
 33  42  91  57  96  65  58  56  47  87  74  41  39  13  72   0  55  29  33  18  59  72  23  72  67  41  45   4  56  88  99  42  56  98  12  49  93  62  81  81  35  68  70  17  81  82  87   7  46  38 
 62  88  53  90  84  24  72  32  34  79  87  15   3  15  80  26   0  26  41  42  43   7  22  60  84  95  60  27  58  85  91  16   7  27   3   4  92   7  46  32  13  42   3  19  16  77  98  71  15  75 
 24  73  56  17  32  13  37  62  77  82  77  72  40  24  20   2  76   0   9  93  24  67  77  46  42  35  20  70  35  51   9  62  96  81  33  54  30  97  90  18  94  71  74  80  20  55  93  63  51  28 
 45  93  96  51  87  89  23   7  28  52  25  39  67  97  17  88  56  74   0  72  43  43  35  56   8   2  58  38  80  42  50  45  98  60  11   9  76  48   8  87  38  83  87  79  46  26  96  56  43  47 
 59  74  57  48  39  86  36  13  89  38  30  11  85  54   7  22  91  13  31   0  41  98  88  14  41  86  50  85  67  57  52  51  41  23  96  29  69  90  23  53  28  45  82  92  44  66  64  34  83  47 
 40   7   3  46  55  54  89  59  63  85  15   7  74  38  66  60  11  60  40  15   0  53  51  81  62  34  89  93  80  16  73  13  22  38  79  37  70  26   1  17  16  33  53  64  17  33  25  41  23  93 
  7   2  53  93  67  82  52  83  70  57  33  94  95  18  65  64  37  24  53  47  63   0  47  57  25  47  45  94   5  16   8  80  80  86  30  97  80  14  55  69  83  71  56  78  51  43  45  69  60  46 
 27   7  61   2  87  52  81  78  52  73  95  62  11  49   1  98  19   2  86  21  10  34   0  87  76  34  80  78  75  33  34  46  43  19  10   9  51   8  87  64  82  12   3  85  37  63  35  95  42  30 
 34  44  30  25  86  68  37  47  47  22  95  84  46  86  40  33  80  21  67  97  90   4  94   0  92   3  30  42  50  39  15  46  67  64  98  30  78  17  51  58  18  44  49  50  57  18  50  32  95  96 
 86  10  58  68  64  96  25  89  90  28  29  98  59  25  30  81  43  21  99  20   4   8  66  32   0  67  68  71  54  49  81  60  31  36   2   1  20  57  22  14  82  77  19  76  79  86  73  96  45  42 
 76  55  43  53  69  39  35   1  24  70  26  63  64  35  41  27  71  45  30  52  36   4  25  22   7   0  77  36  16  17  99  37   4  22  95  43  13  17   3  70   8  81  19  81  88  99   9  84  85  77 
 91  43  77  19  51  18  21  79  52   9  41  32  14  86  44  82  47  27   4   7  24  88  13  71  50  36   0  90  39  34   8  44  18  19  93  47  83  73  69  43  12  17  96  84  18  53   8  46  85  66 
 35  63  12  13  48  68  47  90  71  97  39  28  65  67  75  75  85  93  64  95  40  94  74  34  96   5  36   0  61  26  26   1  84  30  70  77  82  68  83  47  27  85  71  32  24  66  83  72  47  65 
 30  21  66  89  61  94  63  82  37  49  96  43  97  83  24  35  99  67  63  92  88  59  67  21  93  85  21  20   0  42  98  88  68  83  92  49  88  88  36  47  52  60  41  56  70  96  84  70  52  55 
 82  27  53  78  60  75  68  92  51  39   9  20  87  61  94  76  21  91  65  54  19  94  81  66  58  45  41  39  26   0   4  53  78  10  47  70  75  41  51  78  45  32  69  65  12  87  71  61  90   1 
 40  57  14  58  47  51  13  46  59  43  36  78  62  22  26  40  84  93  66  73  43  70  77   8  94  66  73  20   1  76   0  57   3  24  75  72  95  91  68  19  16  85   3  86  41  30  69  41  29   1 
 46  91  92  75  72  43  11  88  45  65  97  32  28  90   9  61  82  42  51  40  95  22  36  45  41  28  93  83  97  25  47   0  13  39   1  44  81  37  75  95  13  18  22  40  24  93  51  61  32  93 
 78  26  11  83  15  93   9  73  76  39  11  53  53  43  65  21  40   3  46  56  84  43  21  78   1  14  16  97  62  76  24  41   0  82  52  90  79  60  54   1  45  79  56  51   2  93  56  61   1   5 
 66  90  10  59  31  26  83  15  10  98  87  65  17  96  62   7  61  73  41  79  64  30  97  75  50  53  38  50  48   8  67  83  91   0  73   4  61  66  26  56  71  67  78  77  12  81  28  32  34  82 
 51  86  67  21  89  66  31  15  39  58  31  31  66  29  82  83  28  11  89  95  95   9  64  94  43  76  15  69  49  69  87  60  75  59   0  39  60  53  90  37  83  61  41  59  86  21  54  46  46  86 
 56  63  65  56  29  74  84  96  95  27  65  96  91  77  72  65   3  14  94  96  25  35  37  22  62  62  37  25  35   4  24  33  35  27  45   0  71   3  64  95  52  22  69  35   6  90  84  30  58  40 
 60   6  59  91  72  34  37  37  61  91  33  40  14  88  71  74  22  62   4  14  45  73  18  95  60  33  40  11  83  19  27  73  95  59  17   8   0  75  94  68  52  53  84  34  67  24  38  26  26  75 
 81  66  21  47  84  15  84  59   7  26  74  41  26  70  50  69  86  89  10  68  34  43  95  97  59  34  12  89  25  19  51  56  56  31  70  57  95   0  73  69  62  28  51  48  62  19   2  69  37  98 
 50  27  11  23  72  41  65   4  66  35  19  81  94  94  53   9  74  58  63  74  90  42  63  74  83  51  29  82  13  35  29  10  69  89  98  17  10  73   0  56  68  20  23  45  30  86  45  63  94  36 
 64  26  89  39  93  42  50  15  34  21   2  39  63  89  68  51  62  35  75  69  24  63  59  61  24  27  97  58   5  67  64  96  56  24  36  33  35  28  91   0  16  56  67  19   8   4  60  69  79  88 
 68  14   2  15  24  73  92  23  37   6  54  57  38  94  80  99  59  85  91   9  42  35  71  57  42  15  15  38  88  71  37  72   3  93  68  34  30  91  86  30   0  34  48  69  27  68  53  65   7  58 
 84  51  71  81  78  42  82  71   4  77  47  36  70  54  16  91  40  34  37  50  92  37  52  51  33   1  53   4  34  86  88  62  27  73  58   9  40   3  67  34  56   0  61  99  53  54  38   2  73   3 
 18  52  56  16  66  43  93  18  62  30  24   5  23  42  44  27  44  39  79  94  17  75  49  20  80  83  48  33  15  33  99  76  41  41  89  67   9  81  45   3  27  93   0  65  12  68  78  91  90  15 
 77  54  29  95  58  49  28  83  67  19  30  73   4  79  63  82   2  60  83  32  45  25  59  27  53   7  20  94  73  69  18  84  13  37  40  17   9  64  60  14  57  42  19   0  66  57  78  97  64  86 
 55  58  58  46  26  82  17  51  85  91  11  90  40  68  60  19  36  34  52  11  41  66  98  10  23  52  51  97  35  92  25  57  77  75  14  61  45  40   5  30  29  55  89  50   0  75  77  34  74  22 
 43  73  22  93  23  12  80  52   1  93  89  75  56  86  58  39  93  23  98  59  94  30  51  69  57  46   4  64  73  72  41  57  29  56  15  28  33  39  39   9  13  98  97   5  66   0  84  41  31  23 
 64  21  19  97  84  74  97  15   4  25  68  66   2  69  83  53  76  57  66  54  40  77  84  44  12  55  63   4  39  18  77  69  57   7  20  56  47  48  99  12  41  55  24  72  91  35   0  32  90  88 
 83  19  10  95  78  99  97  20  16  69  75  58  81  78  14  30  36  51  32  40  70  84  87  98  94  47  74  28  58  75  31  94  72  32  15   5   8   6   9  78  48  48  27  65  38  95  50   0   6  61 
 51  54  69  46  84  45  78  94  88  79  50   1  91  57  25  60  51  17  55   7  32  68  14  76  20  64  94  22  50  48   7  49  23  14  96  59  82  41  12  75  43  55  73  32  50  36  53  78   0  99 
 53  87  24  79  14  54  39  67  70  34  59  15  23  83  78  98   2  39  51  68  64  63  34  95  61  28  57   7  89   8  67  82  62  21  81  89  66  63  74  30  69  28  68  12  11  34  15  37  37   0 
M2
  0   7  15  85  27  81  17  21  81   6  39  99  29  99  60  66  68  90  96  32   2  77  51  54  90  73  59  12  37  28  87  33  86  26   4  63  76  33  93  68  67  39  44  24  36   8   1  95  84  79 
 41   0  46  75  95  88  81  29  28  92  78  72  57  23   5  41   8   6  92  53  81  97  90  11  27  10  76  97  95   1   4  57  25  98  15  45  96  87  74  55  45  80  61  35  17  88  99  54  54  95 
  9  36   0  21  85  57  82  25  89  49  88  64  50   7  23  31  38  74  75  42   2   7   8  69  98  22  85  25  73  22  24  94  32  28   9  72  77  69  76  26  37  65  18  40  15  81  74  12  17   8 
 35  51  91   0  40  34  69   6  65  50  57  96  61   8  15  58   7  43  22  47  86  77  55  20  13  61  19  60  79  45  81  63  27  79  21   2  90  15  15   8  59  10  45  76  16   5   8  63   5  25 
 37  71  98   5   0  14  21  20   3  74  84   1  21  20  63  81  42  44  43  91  15  24  92  24   2  42  95  86  84  77  91  42  28   5  86  46  88  58  85  22  18  31  42   8  50  52  33  57  44  95 
 21   5  79  25  64   0  40   4  72  78   8  61  67  31  47  40  32  66  65  27  65  48  10  20  79  61  62  67  56  74  37  79   3  88  31  54  39  28   1  10  26  31  80  69  70   2  50  57  52  89 
 15  19  81  54  69  27   0  55  82  23   9  21  38  97  58  71  53   4  38  47   3  55  42  27  38  42  91  96  83  48   3  89  10  72  52  77  81  63   1  23  78  67  72  15  66  80  94  98   1  52 
 75  82  46   2  75  67  56   0  96  67  12  44  10   3  33  95  95  28  70  44  10  19  26  34  72  43  22  63  52   1  74  15  68  11  48  60  87  35  46  26  43  35  89  61  45  84  62  99  85  76 
 80  47  61  68   4  90  75  39   0  69  98  80  36   9  14   6  48  59  57  34  70  72  67  16  55  78  73   3  16  49   2  74  51   9  59  38  64  97  69  24  59  15  71  39  94  11  25  48  89  52 
 16  26  43  96  99  22  39  19  53   0  32  41  69  10  52  80  65  54  99  49   4  34  29  40  84  82  20  84   3  93  45  49  29  32   1   5  93  11  28  58  72  25  74  53  10  55  22  94  74  77 
 43   4  16  65  57  66  25  91  28   6   0  40  44  12  50  23  86  10  66  27  31  99  33  20  89  67  95  27  28  49  37  66  43  16  47  60  63  60  13  72  78  89  28  84  72  28  18   1   5  67 
 24  81  91  42  74   8  31   5  42  66  34   0  55  70  49  27  68  60  30  20  12  56  11  92  32  14   3  22  93  73  16  72  88  40  44  70  62  89  50  26  10  33  68  36  98  70  37  27  93  33 
 31  83   2  22  55  59  48  62   9  72  91  73   0  13  47  35  52  27  11  59  51  12  70  22  99  90  34  10  82  39  70  43  41  56  14  34  60  33  57  60   5  29  96  35   2  66  83  54  63  76 
 26  81  83  12  56  53   3  75  12  14  34  23  91   0  24  73  62  27  13  68  54  75  73  62  45  54   4  37  24  13   3   3  99  11  37  77  13  86  68  46  23  89  79  58  59  81  90  40   9  15 
  2  73  27  84   5  28  24  69  83  16  59   5   7  15   0  64  65  64  99  95  15  17  27  32  21  44  73  13  32   1  53  42  91   4  38  63  56  99  94  68  24  28  94   1   7  92  16  75  68  32 
 33  42  91  57  96  65  58  56  47  87  74  41  39  13  72   0  55  29  33  18  59  72  23  72  67  41  45   4  56  88  99  42  56  98  12  49  93  62  81  81  35  68  70  17  81  82  87   7  46  38 
 62  88  53  90  84  24  72  32  34  79  87  15   3  15  80  26   0  26  41  42  43   7  22  60  84  95  60  27  58  85  91  16   7  27   3   4  92   7  46  32  13  42   3  19  16  77  98  71  15  75 
 24  73  56  17  32  13  37  62  77  82  77  72  40  24  20   2  76   0   9  93  24  67  77  46  42  35  20  70  35  51   9  62  96  81  33  54  30  97  90  18  94  71  74  80  20  55  93  63  51  28 
 45  93  96  51  87  89  23   7  28  52  25  39  67  97  17  88  56  74   0  72  43  43  35  56   8   2  58  38  80  42  50  45  98  60  11   9  76  48   8  87  38  83  87  79  46  26  96  56  43  47 
 59  74  57  48  39  86  36  13  89  38  30  11  85  54   7  22  91  13  31   0  41  98  88  14  41  86  50  85  67  57  52  51  41  23  96  29  69  90  23  53  28  45  82  92  44  66  64  34  83  47 
 40   7   3  46  55  54  89  59  63  85  15   7  74  38  66  60  11  60  40  15   0  53  51  81  62  34  89  93  80  16  73  13  22  38  79  37  70  26   1  17  16  33  53  64  17  33  25  41  23  93 
  7   2  53  93  67  82  52  83  70  57  33  94  95  18  65  64  37  24  53  47  63   0  47  57  25  47  45  94   5  16   8  80  80  86  30  97  80  14  55  69  83  71  56  78  51  43  45  69  60  46 
 27   7  61   2  87  52  81  78  52  73  95  62  11  49   1  98  19   2  86  21  10  34   0  87  76  34  80  78  75  33  34  46  43  19  10   9  51   8  87  64  82  12   3  85  37  63  35  95  42  30 
 34  44  30  25  86  68  37  47  47  22  95  84  46  86  40  33  80  21  67  97  90   4  94   0  92   3  30  42  50  39  15  46  67  64  98  30  78  17  51  58  18  44  49  50  57  18  50  32  95  96 
 86  10  58  68  64  96  25  89  90  28  29  98  59  25  30  81  43  21  99  20   4   8  66  32   0  67  68  71  54  49  81  60  31  36   2   1  20  57  22  14  82  77  19  76  79  86  73  96  45  42 
 76  55  43  53  69  39  35   1  24  70  26  63  64  35  41  27  71  45  30  52  36   4  25  22   7   0  77  36  16  17  99  37   4  22  95  43  13  17   3  70   8  81  19  81  88  99   9  84  85  77 
 91  43  77  19  51  18  21  79  52   9  41  32  14  86  44  82  47  27   4   7  24  88  13  71  50  36   0  90  39  34   8  44  18  19  93  47  83  73  69  43  12  17  96  84  18  53   8  46  85  66 
 35  63  12  13  48  68  47  90  71  97  39  28  65  67  75  75  85  93  64  95  40  94  74  34  96   5  36   0  61  26  26   1  84  30  70  77  82  68  83  47  27  85  71  32  24  66  83  72  47  65 
 30  21  66  89  61  94  63  82  37  49  96  43  97  83  24  35  99  67  63  92  88  59  67  21  93  85  21  20   0  42  98  88  68  83  92  49  88  88  36  47  52  60  41  56  70  96  84  70  52  55 
 82  27  53  78  60  75  68  92  51  39   9  20  87  61  94  76  21  91  65  54  19  94  81  66  58  45  41  39  26   0   4  53  78  10  47  70  75  41  51  78  45  32  69  65  12  87  71  61  90   1 
 40  57  14  58  47  51  13  46  59  43  36  78  62  22  26  40  84  93  66  73  43  70  77   8  94  66  73  20   1  76   0  57   3  24  75  72  95  91  68  19  16  85   3  86  41  30  69  41  29   1 
 46  91  92  75  72  43  11  88  45  65  97  32  28  90   9  61  82  42  51  40  95  22  36  45  41  28  93  83  97  25  47   0  13  39   1  44  81  37  75  95  13  18  22  40  24  93  51  61  32  93 
 78  26  11  83  15  93   9  73  76  39  11  53  53  43  65  21  40   3  46  56  84  43  21  78   1  14  16  97  62  76  24  41   0  82  52  90  79  60  54   1  45  79  56  51   2  93  56  61   1   5 
 66  90  10  59  31  26  83  15  10  98  87  65  17  96  62   7  61  73  41  79  64  30  97  75  50  53  38  50  48   8  67  83  91   0  73   4  61  66  26  56  71  67  78  77  12  81  28  32  34  82 
 51  86  67  21  89  66  31  15  39  58  31  31  66  29  82  83  28  11  89  95  95   9  64  94  43  76  15  69  49  69  87  60  75  59   0  39  60  53  90  37  83  61  41  59  86  21  54  46  46  86 
 56  63  65  56  29  74  84  96  95  27  65  96  91  77  72  65   3  14  94  96  25  35  37  22  62  62  37  25  35   4  24  33  35  27  45   0  71   3  64  95  52  22  69  35   6  90  84  30  58  40 
 60   6  59  91  72  34  37  37  61  91  33  40  14  88  71  74  22  62   4  14  45  73  18  95  60  33  40  11  83  19  27  73  95  59  17   8   0  75  94  68  52  53  84  34  67  24  38  26  26  75 
 81  66  21  47  84  15  84  59   7  26  74  41  26  70  50  69  86  89  10  68  34  43  95  97  59  34  12  89  25  19  51  56  56  31  70  57  95   0  73  69  62  28  51  48  62  19   2  69  37  98 
 50  27  11  23  72  41  65   4  66  35  19  81  94  94  53   9  74  58  63  74  90  42  63  74  83  51  29  82  13  35  29  10  69  89  98  17  10  73   0  56  68  20  23  45  30  86  45  63  94  36 
 64  26  89  39  93  42  50  15  34  21   2  39  63  89  68  51  62  35  75  69  24  63  59  61  24  27  97  58   5  67  64  96  56  24  36  33  35  28  91   0  16  56  67  19   8   4  60  69  79  88 
 68  14   2  15  24  73  92  23  37   6  54  57  38  94  80  99  59  85  91   9  42  35  71  57  42  15  15  38  88  71  37  72   3  93  68  34  30  91  86  30   0  34  48  69  27  68  53  65   7  58 
 84  51  71  81  78  42  82  71   4  77  47  36  70  54  16  91  40  34  37  50  92  37  52  51  33   1  53   4  34  86  88  62  27  73  58   9  40   3  67  34  56   0  61  99  53  54  38   2  73   3 
 18  52  56  16  66  43  93  18  62  30  24   5  23  42  44  27  44  39  79  94  17  75  49  20  80  83  48  33  15  33  99  76  41  41  89  67   9  81  45   3  27  93   0  65  12  68  78  91  90  15 
 77  54  29  95  58  49  28  83  67  19  30  73   4  79  63  82   2  60  83  32  45  25  59  27  53   7  20  94  73  69  18  84  13  37  40  17   9  64  60  14  57  42  19   0  66  57  78  97  64  86 
 55  58  58  46  26  82  17  51  85  91  11  90  40  68  60  19  36  34  52  11  41  66  98  10  23  52  51  97  35  92  25  57  77  75  14  61  45  40   5  30  29  55  89  50   0  75  77  34  74  22 
 43  73  22  93  23  12  80  52   1  93  89  75  56  86  58  39  93  23  98  59  94  30  51  69  57  46   4  64  73  72  41  57  29  56  15  28  33  39  39   9  13  98  97   5  66   0  84  41  31  23 
 64  21  19  97  84  74  97  15   4  25  68  66   2  69  83  53  76  57  66  54  40  77  84  44  12  55  63   4  39  18  77  69  57   7  20  56  47  48  99  12  41  55  24  72  91  35   0  32  90  88 
 83  19  10  95  78  99  97  20  16  69  75  58  81  78  14  30  36  51  32  40  70  84  87  98  94  47  74  28  58  75  31  94  72  32  15   5   8   6   9  78  48  48  27  65  38  95  50   0   6  61 
 51  54  69  46  84  45  78  94  88  79  50   1  91  57  25  60  51  17  55   7  32  68  14  76  20  64  94  22  50  48   7  49  23  14  96  59  82  41  12  75  43  55  73  32  50  36  53  78   0  99 
 53  87  24  79  14  54  39  67  70  34  59  15  23  83  78  98   2  39  51  68  64  63  34  95  61  28  57   7  89   8  67  82  62  21  81  89  66  63  74  30  69  28  68  12  11  34  15  37  37   0 
M3
  0   7  15  85  27  81  17  21  81   6  39  99  29  99  60  66  68  90  96  32   2  77  51  54  90  73  59  12  37  28  87  33  86  26   4  63  76  33  93  68  67  39  44  24  36   8   1  95  84  79 
 41   0  46  75  95  88  81  29  28  92  78  72  57  23   5  41   8   6  92  53  81  97  90  11  27  10  76  97  95   1   4  57  25  98  15  45  96  87  74  55  45  80  61  35  17  88  99  54  54  95 
  9  36   0  21  85  57  82  25  89  49  88  64  50   7  23  31  38  74  75  42   2   7   8  69  98  22  85  25  73  22  24  94  32  28   9  72  77  69  76  26  37  65  18  40  15  81  74  12  17   8 
 35  51  91   0  40  34  69   6  65  50  57  96  61   8  15  58   7  43  22  47  86  77  55  20  13  61  19  60  79  45  81  63  27  79  21   2  90  15  15   8  59  10  45  76  16   5   8  63   5  25 
 37  71  98   5   0  14  21  20   3  74  84   1  21  20  63  81  42  44  43  91  15  24  92  24   2  42  95  86  84  77  91  42  28   5  86  46  88  58  85  22  18  31  42   8  50  52  33  57  44  95 
 21   5  79  25  64   0  40   4  72  78   8  61  67  31  47  40  32  66  65  27  65  48  10  20  79  61  62  67  56  74  37  79   3  88  31  54  39  28   1  10  26  31  80  69  70   2  50  57  52  89 
 15  19  81  54  69  27   0  55  82  23   9  21  38  97  58  71  53   4  38  47   3  55  42  27  38  42  91  96  83  48   3  89  10  72  52  77  81  63   1  23  78  67  72  15  66  80  94  98   1  52 
 75  82  46   2  75  67  56   0  96  67  12  44  10   3  33  95  95  28  70  44  10  19  26  34  72  43  22  63  52   1  74  15  68  11  48  60  87  35  46  26  43  35  89  61  45  84  62  99  85  76 
 80  47  61  68   4  90  75  39   0  69  98  80  36   9  14   6  48  59  57  34  70  72  67  16  55  78  73   3  16  49   2  74  51   9  59  38  64  97  69  24  59  15  71  39  94  11  25  48  89  52 
 16  26  43  96  99  22  39  19  53   0  32  41  69  10  52  80  65  54  99  49   4  34  29  40  84  82  20  84   3  93  45  49  29  32   1   5  93  11  28  58  72  25  74  53  10  55  22  94  74  77 
 43   4  16  65  57  66  25  91  28   6   0  40  44  12  50  23  86  10  66  27  31  99  33  20  89  67  95  27  28  49  37  66  43  16  47  60  63  60  13  72  78  89  28  84  72  28  18   1   5  67 
 24  81  91  42  74   8  31   5  42  66  34   0  55  70  49  27  68  60  30  20  12  56  11  92  32  14   3  22  93  73  16  72  88  40  44  70  62  89  50  26  10  33  68  36  98  70  37  27  93  33 
 31  83   2  22  55  59  48  62   9  72  91  73   0  13  47  35  52  27  11  59  51  12  70  22  99  90  34  10  82  39  70  43  41  56  14  34  60  33  57  60   5  29  96  35   2  66  83  54  63  76 
 26  81  83  12  56  53   3  75  12  14  34  23  91   0  24  73  62  27  13  68  54  75  73  62  45  54   4  37  24  13   3   3  99  11  37  77  13  86  68  46  23  89  79  58  59  81  90  40   9  15 
  2  73  27  84   5  28  24  69  83  16  59   5   7  15   0  64  65  64  99  95  15  17  27  32  21  44  73  13  32   1  53  42  91   4  38  63  56  99  94  68  24  28  94   1   7  92  16  75  68  32 
 33  42  91  57  96  65  58  56  47  87  74  41  39  13  72   0  55  29  33  18  59  72  23  72  67  41  45   4  56  88  99  42  56  98  12  49  93  62  81  81  35  68  70  17  81  82  87   7  46  38 
 62  88  53  90  84  24  72  32  34  79  87  15   3  15  80  26   0  26  41  42  43   7  22  60  84  95  60  27  58  85  91  16   7  27   3   4  92   7  46  32  13  42   3  19  16  77  98  71  15  75 
 24  73  56  17  32  13  37  62  77  82  77  72  40  24  20   2  76   0   9  93  24  67  77  46  42  35  20  70  35  51   9  62  96  81  33  54  30  97  90  18  94  71  74  80  20  55  93  63  51  28 
 45  93  96  51  87  89  23   7  28  52  25  39  67  97  17  88  56  74   0  72  43  43  35  56   8   2  58  38  80  42  50  45  98  60  11   9  76  48   8  87  38  83  87  79  46  26  96  56  43  47 
 59  74  57  48  39  86  36  13  89  38  30  11  85  54   7  22  91  13  31   0  41  98  88  14  41  86  50  85  67  57  52  51  41  23  96  29  69  90  23  53  28  45  82  92  44  66  64  34  83  47 
 40   7   3  46  55  54  89  59  63  85  15   7  74  38  66  60  11  60  40  15   0  53  51  81  62  34  89  93  80  16  73  13  22  38  79  37  70  26   1  17  16  33  53  64  17  33  25  41  23  93 
  7   2  53  93  67  82  52  83  70  57  33  94  95  18  65  64  37  24  53  47  63   0  47  57  25  47  45  94   5  16   8  80  80  86  30  97  80  14  55  69  83  71  56  78  51  43  45  69  60  46 
 27   7  61   2  87  52  81  78  52  73  95  62  11  49   1  98  19   2  86  21  10  34   0  87  76  34  80  78  75  33  34  46  43  19  10   9  51   8  87  64  82  12   3  85  37  63  35  95  42  30 
 34  44  30  25  86  68  37  47  47  22  95  84  46  86  40  33  80  21  67  97  90   4  94   0  92   3  30  42  50  39  15  46  67  64  98  30  78  17  51  58  18  44  49  50  57  18  50  32  95  96 
 86  10  58  68  64  96  25  89  90  28  29  98  59  25  30  81  43  21  99  20   4   8  66  32   0  67  68  71  54  49  81  60  31  36   2   1  20  57  22  14  82  77  19  76  79  86  73  96  45  42 
 76  55  43  53  69  39  35   1  24  70  26  63  64  35  41  27  71  45  30  52  36   4  25  22   7   0  77  36  16  17  99  37   4  22  95  43  13  17   3  70   8  81  19  81  88  99   9  84  85  77 
 91  43  77  19  51  18  21  79  52   9  41  32  14  86  44  82  47  27   4   7  24  88  13  71  50  36   0  90  39  34   8  44  18  19  93  47  83  73  69  43  12  17  96  84  18  53   8  46  85  66 
 35  63  12  13  48  68  47  90  71  97  39  28  65  67  75  75  85  93  64  95  40  94  74  34  96   5  36   0  61  26  26   1  84  30  70  77  82  68  83  47  27  85  71  32  24  66  83  72  47  65 
 30  21  66  89  61  94  63  82  37  49  96  43  97  83  24  35  99  67  63  92  88  59  67  21  93  85  21  20   0  42  98  88  68  83  92  49  88  88  36  47  52  60  41  56  70  96  84  70  52  55 
 82  27  53  78  60  75  68  92  51  39   9  20  87  61  94  76  21  91  65  54  19  94  81  66  58  45  41  39  26   0   4  53  78  10  47  70  75  41  51  78  45  32  69  65  12  87  71  61  90   1 
 40  57  14  58  47  51  13  46  59  43  36  78  62  22  26  40  84  93  66  73  43  70  77   8  94  66  73  20   1  76   0  57   3  24  75  72  95  91  68  19  16  85   3  86  41  30  69  41  29   1 
 46  91  92  75  72  43  11  88  45  65  97  32  28  90   9  61  82  42  51  40  95  22  36  45  41  28  93  83  97  25  47   0  13  39   1  44  81  37  75  95  13  18  22  40  24  93  51  61  32  93 
 78  26  11  83  15  93   9  73  76  39  11  53  53  43  65  21  40   3  46  56  84  43  21  78   1  14  16  97  62  76  24  41   0  82  52  90  79  60  54   1  45  79  56  51   2  93  56  61   1   5 
 66  90  10  59  31  26  83  15  10  98  87  65  17  96  62   7  61  73  41  79  64  30  97  75  50  53  38  50  48   8  67  83  91   0  73   4  61  66  26  56  71  67  78  77  12  81  28  32  34  82 
 51  86  67  21  89  66  31  15  39  58  31  31  66  29  82  83  28  11  89  95  95   9  64  94  43  76  15  69  49  69  87  60  75  59   0  39  60  53  90  37  83  61  41  59  86  21  54  46  46  86 
 56  63  65  56  29  74  84  96  95  27  65  96  91  77  72  65   3  14  94  96  25  35  37  22  62  62  37  25  35   4  24  33  35  27  45   0  71   3  64  95  52  22  69  35   6  90  84  30  58  40 
 60   6  59  91  72  34  37  37  61  91  33  40  14  88  71  74  22  62   4  14  45  73  18  95  60  33  40  11  83  19  27  73  95  59  17   8   0  75  94  68  52  53  84  34  67  24  38  26  26  75 
 81  66  21  47  84  15  84  59   7  26  74  41  26  70  50  69  86  89  10  68  34  43  95  97  59  34  12  89  25  19  51  56  56  31  70  57  95   0  73  69  62  28  51  48  62  19   2  69  37  98 
 50  27  11  23  72  41  65   4  66  35  19  81  94  94  53   9  74  58  63  74  90  42  63  74  83  51  29  82  13  35  29  10  69  89  98  17  10  73   0  56  68  20  23  45  30  86  45  63  94  36 
 64  26  89  39  93  42  50  15  34  21   2  39  63  89  68  51  62  35  75  69  24  63  59  61  24  27  97  58   5  67  64  96  56  24  36  33  35  28  91   0  16  56  67  19   8   4  60  69  79  88 
 68  14   2  15  24  73  92  23  37   6  54  57  38  94  80  99  59  85  91   9  42  35  71  57  42  15  15  38  88  71  37  72   3  93  68  34  30  91  86  30   0  34  48  69  27  68  53  65   7  58 
 84  51  71  81  78  42  82  71   4  77  47  36  70  54  16  91  40  34  37  50  92  37  52  51  33   1  53   4  34  86  88  62  27  73  58   9  40   3  67  34  56   0  61  99  53  54  38   2  73   3 
 18  52  56  16  66  43  93  18  62  30  24   5  23  42  44  27  44  39  79  94  17  75  49  20  80  83  48  33  15  33  99  76  41  41  89  67   9  81  45   3  27  93   0  65  12  68  78  91  90  15 
 77  54  29  95  58  49  28  83  67  19  30  73   4  79  63  82   2  60  83  32  45  25  59  27  53   7  20  94  73  69  18  84  13  37  40  17   9  64  60  14  57  42  19   0  66  57  78  97  64  86 
 55  58  58  46  26  82  17  51  85  91  11  90  40  68  60  19  36  34  52  11  41  66  98  10  23  52  51  97  35  92  25  57  77  75  14  61  45  40   5  30  29  55  89  50   0  75  77  34  74  22 
 43  73  22  93  23  12  80  52   1  93  89  75  56  86  58  39  93  23  98  59  94  30  51  69  57  46   4  64  73  72  41  57  29  56  15  28  33  39  39   9  13  98  97   5  66   0  84  41  31  23 
 64  21  19  97  84  74  97  15   4  25  68  66   2  69  83  53  76  57  66  54  40  77  84  44  12  55  63   4  39  18  77  69  57   7  20  56  47  48  99  12  41  55  24  72  91  35   0  32  90  88 
 83  19  10  95  78  99  97  20  16  69  75  58  81  78  14  30  36  51  32  40  70  84  87  98  94  47  74  28  58  75  31  94  72  32  15   5   8   6   9  78  48  48  27  65  38  95  50   0   6  61 
 51  54  69  46  84  45  78  94  88  79  50   1  91  57  25  60  51  17  55   7  32  68  14  76  20  64  94  22  50  48   7  49  23  14  96  59  82  41  12  75  43  55  73  32  50  36  53  78   0  99 
 53  87  24  79  14  54  39  67  70  34  59  15  23  83  78  98   2  39  51  68  64  63  34  95  61  28  57   7  89   8  67  82  62  21  81  89  66  63  74  30  69  28  68  12  11  34  15  37  37   0 
M4
  0   7  15  85  27  81  17  21  81   6  39  99  29  99  60  66  68  90  96  32   2  77  51  54  90  73  59  12  37  28  87  33  86  26   4  63  76  33  93  68  67  39  44  24  36   8   1  95  84  79 
 41   0  46  75  95  88  81  29  28  92  78  72  57  23   5  41   8   6  92  53  81  97  90  11  27  10  76  97  95   1   4  57  25  98  15  45  96  87  74  55  45  80  61  35  17  88  99  54  54  95 
  9  36   0  21  85  57  82  25  89  49  88  64  50   7  23  31  38  74  75  42   2   7   8  69  98  22  85  25  73  22  24  94  32  28   9  72  77  69  76  26  37  65  18  40  15  81  74  12  17   8 
 35  51  91   0  40  34  69   6  65  50  57  96  61   8  15  58   7  43  22  47  86  77  55  20  13  61  19  60  79  45  81  63  27  79  21   2  90  15  15   8  59  10  45  76  16   5   8  63   5  25 
 37  71  98   5   0  14  21  20   3  74  84   1  21  20  63  81  42  44  43  91  15  24  92  24   2  42  95  86  84  77  91  42  28   5  86  46  88  58  85  22  18  31  42   8  50  52  33  57  44  95 
 21   5  79  25  64   0  40   4  72  78   8  61  67  31  47  40  32  66  65  27  65  48  10  20  79  61  62  67  56  74  37  79   3  88  31  54  39  28   1  10  26  31  80  69  70   2  50  57  52  89 
 15  19  81  54  69  27   0  55  82  23   9  21  38  97  58  71  53   4  38  47   3  55  42  27  38  42  91  96  83  48   3  89  10  72  52  77  81  63   1  23  78  67  72  15  66  80  94  98   1  52 
 75  82  46   2  75  67  56   0  96  67  12  44  10   3  33  95  95  28  70  44  10  19  26  34  72  43  22  63  52   1  74  15  68  11  48  60  87  35  46  26  43  35  89  61  45  84  62  99  85  76 
 80  47  61  68   4  90  75  39   0  69  98  80  36   9  14   6  48  59  57  34  70  72  67  16  55  78  73   3  16  49   2  74  51   9  59  38  64  97  69  24  59  15  71  39  94  11  25  48  89  52 
 16  26  43  96  99  22  39  19  53   0  32  41  69  10  52  80  65  54  99  49   4  34  29  40  84  82  20  84   3  93  45  49  29  32   1   5  93  11  28  58  72  25  74  53  10  55  22  94  74  77 
 43   4  16  65  57  66  25  91  28   6   0  40  44  12  50  23  86  10  66  27  31  99  33  20  89  67  95  27  28  49  37  66  43  16  47  60  63  60  13  72  78  89  28  84  72  28  18   1   5  67 
 24  81  91  42  74   8  31   5  42  66  34   0  55  70  49  27  68  60  30  20  12  56  11  92  32  14   3  22  93  73  16  72  88  40  44  70  62  89  50  26  10  33  68  36  98  70  37  27  93  33 
 31  83   2  22  55  59  48  62   9  72  91  73   0  13  47  35  52  27  11  59  51  12  70  22  99  90  34  10  82  39  70  43  41  56  14  34  60  33  57  60   5  29  96  35   2  66  83  54  63  76 
 26  81  83  12  56  53   3  75  12  14  34  23  91   0  24  73  62  27  13  68  54  75  73  62  45  54   4  37  24  13   3   3  99  11  37  77  13  86  68  46  23  89  79  58  59  81  90  40   9  15 
  2  73  27  84   5  28  24  69  83  16  59   5   7  15   0  64  65  64  99  95  15  17  27  32  21  44  73  13  32   1  53  42  91   4  38  63  56  99  94  68  24  28  94   1   7  92  16  75  68  32 
 33  42  91  57  96  65  58  56  47  87  74  41  39  13  72   0  55  29  33  18  59  72  23  72  67  41  45   4  56  88  99  42  56  98  12  49  93  62  81  81  35  68  70  17  81  82  87   7  46  38 
 62  88  53  90  84  24  72  32  34  79  87  15   3  15  80  26   0  26  41  42  43   7  22  60  84  95  60  27  58  85  91  16   7  27   3   4  92   7  46  32  13  42   3  19  16  77  98  71  15  75 
 24  73  56  17  32  13  37  62  77  82  77  72  40  24  20   2  76   0   9  93  24  67  77  46  42  35  20  70  35  51   9  62  96  81  33  54  30  97  90  18  94  71  74  80  20  55  93  63  51  28 
 45  93  96  51  87  89  23   7  28  52  25  39  67  97  17  88  56  74   0  72  43  43  35  56   8   2  58  38  80  42  50  45  98  60  11   9  76  48   8  87  38  83  87  79  46  26  96  56  43  47 
 59  74  57  48  39  86  36  13  89  38  30  11  85  54   7  22  91  13  31   0  41  98  88  14  41  86  50  85  67  57  52  51  41  23  96  29  69  90  23  53  28  45  82  92  44  66  64  34  83  47 
 40   7   3  46  55  54  89  59  63  85  15   7  74  38  66  60  11  60  40  15   0  53  51  81  62  34  89  93  80  16  73  13  22  38  79  37  70  26   1  17  16  33  53  64  17  33  25  41  23  93 
  7   2  53  93  67  82  52  83  70  57  33  94  95  18  65  64  37  24  53  47  63   0  47  57  25  47  45  94   5  16   8  80  80  86  30  97  80  14  55  69  83  71  56  78  51  43  45  69  60  46 
 27   7  61   2  87  52  81  78  52  73  95  62  11  49   1  98  19   2  86  21  10  34   0  87  76  34  80  78  75  33  34  46  43  19  10   9  51   8  87  64  82  12   3  85  37  63  35  95  42  30 
 34  44  30  25  86  68  37  47  47  22  95  84  46  86  40  33  80  21  67  97  90   4  94   0  92   3  30  42  50  39  15  46  67  64  98  30  78  17  51  58  18  44  49  50  57  18  50  32  95  96 
 86  10  58  68  64  96  25  89  90  28  29  98  59  25  30  81  43  21  99  20   4   8  66  32   0  67  68  71  54  49  81  60  31  36   2   1  20  57  22  14  82  77  19  76  79  86  73  96  45  42 
 76  55  43  53  69  39  35   1  24  70  26  63  64  35  41  27  71  45  30  52  36   4  25  22   7   0  77  36  16  17  99  37   4  22  95  43  13  17   3  70   8  81  19  81  88  99   9  84  85  77 
 91  43  77  19  51  18  21  79  52   9  41  32  14  86  44  82  47  27   4   7  24  88  13  71  50  36   0  90  39  34   8  44  18  19  93  47  83  73  69  43  12  17  96  84  18  53   8  46  85  66 
 35  63  12  13  48  68  47  90  71  97  39  28  65  67  75  75  85  93  64  95  40  94  74  34  96   5  36   0  61  26  26   1  84  30  70  77  82  68  83  47  27  85  71  32  24  66  83  72  47  65 
 30  21  66  89  61  94  63  82  37  49  96  43  97  83  24  35  99  67  63  92  88  59  67  21  93  85  21  20   0  42  98  88  68  83  92  49  88  88  36  47  52  60  41  56  70  96  84  70  52  55 
 82  27  53  78  60  75  68  92  51  39   9  20  87  61  94  76  21  91  65  54  19  94  81  66  58  45  41  39  26   0   4  53  78  10  47  70  75  41  51  78  45  32  69  65  12  87  71  61  90   1 
 40  57  14  58  47  51  13  46  59  43  36  78  62  22  26  40  84  93  66  73  43  70  77   8  94  66  73  20   1  76   0  57   3  24  75  72  95  91  68  19  16  85   3  86  41  30  69  41  29   1 
 46  91  92  75  72  43  11  88  45  65  97  32  28  90   9  61  82  42  51  40  95  22  36  45  41  28  93  83  97  25  47   0  13  39   1  44  81  37  75  95  13  18  22  40  24  93  51  61  32  93 
 78  26  11  83  15  93   9  73  76  39  11  53  53  43  65  21  40   3  46  56  84  43  21  78   1  14  16  97  62  76  24  41   0  82  52  90  79  60  54   1  45  79  56  51   2  93  56  61   1   5 
 66  90  10  59  31  26  83  15  10  98  87  65  17  96  62   7  61  73  41  79  64  30  97  75  50  53  38  50  48   8  67  83  91   0  73   4  61  66  26  56  71  67  78  77  12  81  28  32  34  82 
 51  86  67  21  89  66  31  15  39  58  31  31  66  29  82  83  28  11  89  95  95   9  64  94  43  76  15  69  49  69  87  60  75  59   0  39  60  53  90  37  83  61  41  59  86  21  54  46  46  86 
 56  63  65  56  29  74  84  96  95  27  65  96  91  77  72  65   3  14  94  96  25  35  37  22  62  62  37  25  35   4  24  33  35  27  45   0  71   3  64  95  52  22  69  35   6  90  84  30  58  40 
 60   6  59  91  72  34  37  37  61  91  33  40  14  88  71  74  22  62   4  14  45  73  18  95  60  33  40  11  83  19  27  73  95  59  17   8   0  75  94  68  52  53  84  34  67  24  38  26  26  75 
 81  66  21  47  84  15  84  59   7  26  74  41  26  70  50  69  86  89  10  68  34  43  95  97  59  34  12  89  25  19  51  56  56  31  70  57  95   0  73  69  62  28  51  48  62  19   2  69  37  98 
 50  27  11  23  72  41  65   4  66  35  19  81  94  94  53   9  74  58  63  74  90  42  63  74  83  51  29  82  13  35  29  10  69  89  98  17  10  73   0  56  68  20  23  45  30  86  45  63  94  36 
 64  26  89  39  93  42  50  15  34  21   2  39  63  89  68  51  62  35  75  69  24  63  59  61  24  27  97  58   5  67  64  96  56  24  36  33  35  28  91   0  16  56  67  19   8   4  60  69  79  88 
 68  14   2  15  24  73  92  23  37   6  54  57  38  94  80  99  59  85  91   9  42  35  71  57  42  15  15  38  88  71  37  72   3  93  68  34  30  91  86  30   0  34  48  69  27  68  53  65   7  58 
 84  51  71  81  78  42  82  71   4  77  47  36  70  54  16  91  40  34  37  50  92  37  52  51  33   1  53   4  34  86  88  62  27  73  58   9  40   3  67  34  56   0  61  99  53  54  38   2  73   3 
 18  52  56  16  66  43  93  18  62  30  24   5  23  42  44  27  44  39  79  94  17  75  49  20  80  83  48  33  15  33  99  76  41  41  89  67   9  81  45   3  27  93   0  65  12  68  78  91  90  15 
 77  54  29  95  58  49  28  83  67  19  30  73   4  79  63  82   2  60  83  32  45  25  59  27  53   7  20  94  73  69  18  84  13  37  40  17   9  64  60  14  57  42  19   0  66  57  78  97  64  86 
 55  58  58  46  26  82  17  51  85  91  11  90  40  68  60  19  36  34  52  11  41  66  98  10  23  52  51  97  35  92  25  57  77  75  14  61  45  40   5  30  29  55  89  50   0  75  77  34  74  22 
 43  73  22  93  23  12  80  52   1  93  89  75  56  86  58  39  93  23  98  59  94  30  51  69  57  46   4  64  73  72  41  57  29  56  15  28  33  39  39   9  13  98  97   5  66   0  84  41  31  23 
 64  21  19  97  84  74  97  15   4  25  68  66   2  69  83  53  76  57  66  54  40  77  84  44  12  55  63   4  39  18  77  69  57   7  20  56  47  48  99  12  41  55  24  72  91  35   0  32  90  88 
 83  19  10  95  78  99  97  20  16  69  75  58  81  78  14  30  36  51  32  40  70  84  87  98  94  47  74  28  58  75  31  94  72  32  15   5   8   6   9  78  48  48  27  65  38  95  50   0   6  61 
 51  54  69  46  84  45  78  94  88  79  50   1  91  57  25  60  51  17  55   7  32  68  14  76  20  64  94  22  50  48   7  49  23  14  96  59  82  41  12  75  43  55  73  32  50  36  53  78   0  99 
 53  87  24  79  14  54  39  67  70  34  59  15  23  83  78  98   2  39  51  68  64  63  34  95  61  28  57   7  89   8  67  82  62  21  81  89  66  63  74  30  69  28  68  12  11  34  15  37  37   0 
Reldue
 1085    6    8
  885    3    6
 1887    4    9
 1058    3    2
 1435    5    1
 1155    2    3
 1074    9    3
  919    7    1
 1074    9    1
 1904    2    9
  732    7    4
 1710    2    2
  967    7    7
 1377    2    2
  733    9    8
 1107    5    6
  514    4    8
  960    2    8
 1300    6    7
 1290    4    9
  917    7    8
 1042    1    3
 1258    1    4
 1533    7    9
  950    8    3
 1937    5    5
  637    3    9
 1158    6    8
 1727    9    5
  739    4    4
 1197    4    3
  835    1    8
 1136    9    8
 1544    7    2
 1520    9    6
 1755    9    4
  937    5    3
 1310    9    2
  799    8    1
  886    6    8
 1657    9    1
  904    4    8
 1093    6    8
  837    6    5
 1747    1    5
 1412    2    5
 1275    4    4
  867    9    2
 2309    1    4
 1221    5    1
DDW
 1005  1164
  839   932
 1770  2005
  970  1146
 1313  1556
 1057  1253
 1012  1137
  831  1006
 1016  1132
 1714  2095
  676   787
 1588  1831
  875  1060
 1292  1461
  687   780
 1038  1177
  471   557
  892  1029
 1194  1406
 1179  1401
  833  1002
  954  1131
 1170  1346
 1397  1669
  885  1016
 1811  2064
  583   690
 1077  1239
 1579  1876
  701   776
 1120  1274
  774   896
 1037  1234
 1431  1656
 1388  1652
 1632  1879
  877   997
 1224  1396
  742   856
  819   952
 1502  1813
  828   980
 1032  1154
  763   912
 1600  1894
 1298  1526
 1189  1362
  803   931
 2096  2522
 1110  1333
