20   8
MD
  5  3  3  3  4  3  5  5
PT
 20   6  84  41  24  83  81  39  63  47  76  28  21  41  92   9  23  89  35  78 
 28  27  40  28  72  75  16  74  83  77  98  13   6  25  62  20  23  57  96  66 
 45  15  46  94  83  40  57  11   7  95  23  79   4   6  84  27  64  46  80  56 
 95  18  59  22  96  39  68  88  73  68  21  43  40   5  98  40  90  59  75  75 
 66  24  44  45  87  60  83  82  43  54  78  17  61  61   8  54  63  16  99  50 
 76  76  36  63  54  95  43  63   1   5   2  42   4  73  25   4  29  19  92  62 
  4  63  16  54  60   4   1  26  60   6  39  58  93  92  96  93  61  86  15   5 
 28  73  69  65  29  32  26  96  22   4  69  28  61   4   1  56  58  35   8  29 
SSD
M0
  0  78  60  69  98  59  73  82  35  25  50  73  73  49   4  44  76  85  85   2 
  6   0  30  89  34   4  83  86  35  80  18  85  83  68  70  55  43  77   6   2 
 32  24   0  20  86   8  45  22   9  54   2  77  30  78  35  40   8  33  27  32 
 42  18  65   0  30  32  62  71  96  49  87  28  52  70   8  71   9  63  41  75 
 51  47  57  52   0  98  49  79  80  14  16  27  34  82  47  26  15  79  97  73 
 14  69  58  24   4   0  39  30  35  13  74  69  33  62  88  81  67  72   2  52 
 61  65  62  42  73   3   0   2  46  91  93  70  54  89  54  22  26  59  45   5 
 43  34   3  15   9  73  49   0  22  29   1   2  78  73  33  53   4  30  57  16 
 23  68  98  56  69  52   7  47   0  30  34  44  88  36  13  79  14  98   1  82 
  4   8   9  39  15   5  53  99   3   0  81   8  42  55  52  81  28  90  28   5 
 12  69  22  34  79  98  32   8  27  29   0  80  16  85  72  45  13  75  25  17 
 38  79  61  47  28  92  66  16   4  12  81   0  70   3  78  53  95  89  99  24 
 57  22  52  68  65   1  44  23  29  87  89   5   0  33  55  31  43  23  38  18 
  2  20  78  53  69  76   5  49  78  20  69  54   1   0  54  38  25   1  68  86 
 93  33  63  49  49  31  72  38  93  14  52  62  20  35   0  35  78  20  68  54 
 15  72   6  15  98  76  51  41  98  33  95  79  41  60  38   0  46  15  85  46 
 30  40  35  94  75  67  23   5  30  83   6  77  36  87  78  62   0  43  23  15 
 82  78   4  43  89  83  53  83  60  45  90  67  46  60  22  30  23   0  30  39 
 25  59  27  34  56  26  77  68  91   5  88  86  83  50  79  45  62  96   0  16 
 16  19  50  19   2   3  40  12  31  56  38  50  11  28  80  35  79  71  37   0 
M1
  0  78  60  69  98  59  73  82  35  25  50  73  73  49   4  44  76  85  85   2 
  6   0  30  89  34   4  83  86  35  80  18  85  83  68  70  55  43  77   6   2 
 32  24   0  20  86   8  45  22   9  54   2  77  30  78  35  40   8  33  27  32 
 42  18  65   0  30  32  62  71  96  49  87  28  52  70   8  71   9  63  41  75 
 51  47  57  52   0  98  49  79  80  14  16  27  34  82  47  26  15  79  97  73 
 14  69  58  24   4   0  39  30  35  13  74  69  33  62  88  81  67  72   2  52 
 61  65  62  42  73   3   0   2  46  91  93  70  54  89  54  22  26  59  45   5 
 43  34   3  15   9  73  49   0  22  29   1   2  78  73  33  53   4  30  57  16 
 23  68  98  56  69  52   7  47   0  30  34  44  88  36  13  79  14  98   1  82 
  4   8   9  39  15   5  53  99   3   0  81   8  42  55  52  81  28  90  28   5 
 12  69  22  34  79  98  32   8  27  29   0  80  16  85  72  45  13  75  25  17 
 38  79  61  47  28  92  66  16   4  12  81   0  70   3  78  53  95  89  99  24 
 57  22  52  68  65   1  44  23  29  87  89   5   0  33  55  31  43  23  38  18 
  2  20  78  53  69  76   5  49  78  20  69  54   1   0  54  38  25   1  68  86 
 93  33  63  49  49  31  72  38  93  14  52  62  20  35   0  35  78  20  68  54 
 15  72   6  15  98  76  51  41  98  33  95  79  41  60  38   0  46  15  85  46 
 30  40  35  94  75  67  23   5  30  83   6  77  36  87  78  62   0  43  23  15 
 82  78   4  43  89  83  53  83  60  45  90  67  46  60  22  30  23   0  30  39 
 25  59  27  34  56  26  77  68  91   5  88  86  83  50  79  45  62  96   0  16 
 16  19  50  19   2   3  40  12  31  56  38  50  11  28  80  35  79  71  37   0 
M2
  0  78  60  69  98  59  73  82  35  25  50  73  73  49   4  44  76  85  85   2 
  6   0  30  89  34   4  83  86  35  80  18  85  83  68  70  55  43  77   6   2 
 32  24   0  20  86   8  45  22   9  54   2  77  30  78  35  40   8  33  27  32 
 42  18  65   0  30  32  62  71  96  49  87  28  52  70   8  71   9  63  41  75 
 51  47  57  52   0  98  49  79  80  14  16  27  34  82  47  26  15  79  97  73 
 14  69  58  24   4   0  39  30  35  13  74  69  33  62  88  81  67  72   2  52 
 61  65  62  42  73   3   0   2  46  91  93  70  54  89  54  22  26  59  45   5 
 43  34   3  15   9  73  49   0  22  29   1   2  78  73  33  53   4  30  57  16 
 23  68  98  56  69  52   7  47   0  30  34  44  88  36  13  79  14  98   1  82 
  4   8   9  39  15   5  53  99   3   0  81   8  42  55  52  81  28  90  28   5 
 12  69  22  34  79  98  32   8  27  29   0  80  16  85  72  45  13  75  25  17 
 38  79  61  47  28  92  66  16   4  12  81   0  70   3  78  53  95  89  99  24 
 57  22  52  68  65   1  44  23  29  87  89   5   0  33  55  31  43  23  38  18 
  2  20  78  53  69  76   5  49  78  20  69  54   1   0  54  38  25   1  68  86 
 93  33  63  49  49  31  72  38  93  14  52  62  20  35   0  35  78  20  68  54 
 15  72   6  15  98  76  51  41  98  33  95  79  41  60  38   0  46  15  85  46 
 30  40  35  94  75  67  23   5  30  83   6  77  36  87  78  62   0  43  23  15 
 82  78   4  43  89  83  53  83  60  45  90  67  46  60  22  30  23   0  30  39 
 25  59  27  34  56  26  77  68  91   5  88  86  83  50  79  45  62  96   0  16 
 16  19  50  19   2   3  40  12  31  56  38  50  11  28  80  35  79  71  37   0 
M3
  0  78  60  69  98  59  73  82  35  25  50  73  73  49   4  44  76  85  85   2 
  6   0  30  89  34   4  83  86  35  80  18  85  83  68  70  55  43  77   6   2 
 32  24   0  20  86   8  45  22   9  54   2  77  30  78  35  40   8  33  27  32 
 42  18  65   0  30  32  62  71  96  49  87  28  52  70   8  71   9  63  41  75 
 51  47  57  52   0  98  49  79  80  14  16  27  34  82  47  26  15  79  97  73 
 14  69  58  24   4   0  39  30  35  13  74  69  33  62  88  81  67  72   2  52 
 61  65  62  42  73   3   0   2  46  91  93  70  54  89  54  22  26  59  45   5 
 43  34   3  15   9  73  49   0  22  29   1   2  78  73  33  53   4  30  57  16 
 23  68  98  56  69  52   7  47   0  30  34  44  88  36  13  79  14  98   1  82 
  4   8   9  39  15   5  53  99   3   0  81   8  42  55  52  81  28  90  28   5 
 12  69  22  34  79  98  32   8  27  29   0  80  16  85  72  45  13  75  25  17 
 38  79  61  47  28  92  66  16   4  12  81   0  70   3  78  53  95  89  99  24 
 57  22  52  68  65   1  44  23  29  87  89   5   0  33  55  31  43  23  38  18 
  2  20  78  53  69  76   5  49  78  20  69  54   1   0  54  38  25   1  68  86 
 93  33  63  49  49  31  72  38  93  14  52  62  20  35   0  35  78  20  68  54 
 15  72   6  15  98  76  51  41  98  33  95  79  41  60  38   0  46  15  85  46 
 30  40  35  94  75  67  23   5  30  83   6  77  36  87  78  62   0  43  23  15 
 82  78   4  43  89  83  53  83  60  45  90  67  46  60  22  30  23   0  30  39 
 25  59  27  34  56  26  77  68  91   5  88  86  83  50  79  45  62  96   0  16 
 16  19  50  19   2   3  40  12  31  56  38  50  11  28  80  35  79  71  37   0 
M4
  0  78  60  69  98  59  73  82  35  25  50  73  73  49   4  44  76  85  85   2 
  6   0  30  89  34   4  83  86  35  80  18  85  83  68  70  55  43  77   6   2 
 32  24   0  20  86   8  45  22   9  54   2  77  30  78  35  40   8  33  27  32 
 42  18  65   0  30  32  62  71  96  49  87  28  52  70   8  71   9  63  41  75 
 51  47  57  52   0  98  49  79  80  14  16  27  34  82  47  26  15  79  97  73 
 14  69  58  24   4   0  39  30  35  13  74  69  33  62  88  81  67  72   2  52 
 61  65  62  42  73   3   0   2  46  91  93  70  54  89  54  22  26  59  45   5 
 43  34   3  15   9  73  49   0  22  29   1   2  78  73  33  53   4  30  57  16 
 23  68  98  56  69  52   7  47   0  30  34  44  88  36  13  79  14  98   1  82 
  4   8   9  39  15   5  53  99   3   0  81   8  42  55  52  81  28  90  28   5 
 12  69  22  34  79  98  32   8  27  29   0  80  16  85  72  45  13  75  25  17 
 38  79  61  47  28  92  66  16   4  12  81   0  70   3  78  53  95  89  99  24 
 57  22  52  68  65   1  44  23  29  87  89   5   0  33  55  31  43  23  38  18 
  2  20  78  53  69  76   5  49  78  20  69  54   1   0  54  38  25   1  68  86 
 93  33  63  49  49  31  72  38  93  14  52  62  20  35   0  35  78  20  68  54 
 15  72   6  15  98  76  51  41  98  33  95  79  41  60  38   0  46  15  85  46 
 30  40  35  94  75  67  23   5  30  83   6  77  36  87  78  62   0  43  23  15 
 82  78   4  43  89  83  53  83  60  45  90  67  46  60  22  30  23   0  30  39 
 25  59  27  34  56  26  77  68  91   5  88  86  83  50  79  45  62  96   0  16 
 16  19  50  19   2   3  40  12  31  56  38  50  11  28  80  35  79  71  37   0 
M5
  0  78  60  69  98  59  73  82  35  25  50  73  73  49   4  44  76  85  85   2 
  6   0  30  89  34   4  83  86  35  80  18  85  83  68  70  55  43  77   6   2 
 32  24   0  20  86   8  45  22   9  54   2  77  30  78  35  40   8  33  27  32 
 42  18  65   0  30  32  62  71  96  49  87  28  52  70   8  71   9  63  41  75 
 51  47  57  52   0  98  49  79  80  14  16  27  34  82  47  26  15  79  97  73 
 14  69  58  24   4   0  39  30  35  13  74  69  33  62  88  81  67  72   2  52 
 61  65  62  42  73   3   0   2  46  91  93  70  54  89  54  22  26  59  45   5 
 43  34   3  15   9  73  49   0  22  29   1   2  78  73  33  53   4  30  57  16 
 23  68  98  56  69  52   7  47   0  30  34  44  88  36  13  79  14  98   1  82 
  4   8   9  39  15   5  53  99   3   0  81   8  42  55  52  81  28  90  28   5 
 12  69  22  34  79  98  32   8  27  29   0  80  16  85  72  45  13  75  25  17 
 38  79  61  47  28  92  66  16   4  12  81   0  70   3  78  53  95  89  99  24 
 57  22  52  68  65   1  44  23  29  87  89   5   0  33  55  31  43  23  38  18 
  2  20  78  53  69  76   5  49  78  20  69  54   1   0  54  38  25   1  68  86 
 93  33  63  49  49  31  72  38  93  14  52  62  20  35   0  35  78  20  68  54 
 15  72   6  15  98  76  51  41  98  33  95  79  41  60  38   0  46  15  85  46 
 30  40  35  94  75  67  23   5  30  83   6  77  36  87  78  62   0  43  23  15 
 82  78   4  43  89  83  53  83  60  45  90  67  46  60  22  30  23   0  30  39 
 25  59  27  34  56  26  77  68  91   5  88  86  83  50  79  45  62  96   0  16 
 16  19  50  19   2   3  40  12  31  56  38  50  11  28  80  35  79  71  37   0 
M6
  0  78  60  69  98  59  73  82  35  25  50  73  73  49   4  44  76  85  85   2 
  6   0  30  89  34   4  83  86  35  80  18  85  83  68  70  55  43  77   6   2 
 32  24   0  20  86   8  45  22   9  54   2  77  30  78  35  40   8  33  27  32 
 42  18  65   0  30  32  62  71  96  49  87  28  52  70   8  71   9  63  41  75 
 51  47  57  52   0  98  49  79  80  14  16  27  34  82  47  26  15  79  97  73 
 14  69  58  24   4   0  39  30  35  13  74  69  33  62  88  81  67  72   2  52 
 61  65  62  42  73   3   0   2  46  91  93  70  54  89  54  22  26  59  45   5 
 43  34   3  15   9  73  49   0  22  29   1   2  78  73  33  53   4  30  57  16 
 23  68  98  56  69  52   7  47   0  30  34  44  88  36  13  79  14  98   1  82 
  4   8   9  39  15   5  53  99   3   0  81   8  42  55  52  81  28  90  28   5 
 12  69  22  34  79  98  32   8  27  29   0  80  16  85  72  45  13  75  25  17 
 38  79  61  47  28  92  66  16   4  12  81   0  70   3  78  53  95  89  99  24 
 57  22  52  68  65   1  44  23  29  87  89   5   0  33  55  31  43  23  38  18 
  2  20  78  53  69  76   5  49  78  20  69  54   1   0  54  38  25   1  68  86 
 93  33  63  49  49  31  72  38  93  14  52  62  20  35   0  35  78  20  68  54 
 15  72   6  15  98  76  51  41  98  33  95  79  41  60  38   0  46  15  85  46 
 30  40  35  94  75  67  23   5  30  83   6  77  36  87  78  62   0  43  23  15 
 82  78   4  43  89  83  53  83  60  45  90  67  46  60  22  30  23   0  30  39 
 25  59  27  34  56  26  77  68  91   5  88  86  83  50  79  45  62  96   0  16 
 16  19  50  19   2   3  40  12  31  56  38  50  11  28  80  35  79  71  37   0 
M7
  0  78  60  69  98  59  73  82  35  25  50  73  73  49   4  44  76  85  85   2 
  6   0  30  89  34   4  83  86  35  80  18  85  83  68  70  55  43  77   6   2 
 32  24   0  20  86   8  45  22   9  54   2  77  30  78  35  40   8  33  27  32 
 42  18  65   0  30  32  62  71  96  49  87  28  52  70   8  71   9  63  41  75 
 51  47  57  52   0  98  49  79  80  14  16  27  34  82  47  26  15  79  97  73 
 14  69  58  24   4   0  39  30  35  13  74  69  33  62  88  81  67  72   2  52 
 61  65  62  42  73   3   0   2  46  91  93  70  54  89  54  22  26  59  45   5 
 43  34   3  15   9  73  49   0  22  29   1   2  78  73  33  53   4  30  57  16 
 23  68  98  56  69  52   7  47   0  30  34  44  88  36  13  79  14  98   1  82 
  4   8   9  39  15   5  53  99   3   0  81   8  42  55  52  81  28  90  28   5 
 12  69  22  34  79  98  32   8  27  29   0  80  16  85  72  45  13  75  25  17 
 38  79  61  47  28  92  66  16   4  12  81   0  70   3  78  53  95  89  99  24 
 57  22  52  68  65   1  44  23  29  87  89   5   0  33  55  31  43  23  38  18 
  2  20  78  53  69  76   5  49  78  20  69  54   1   0  54  38  25   1  68  86 
 93  33  63  49  49  31  72  38  93  14  52  62  20  35   0  35  78  20  68  54 
 15  72   6  15  98  76  51  41  98  33  95  79  41  60  38   0  46  15  85  46 
 30  40  35  94  75  67  23   5  30  83   6  77  36  87  78  62   0  43  23  15 
 82  78   4  43  89  83  53  83  60  45  90  67  46  60  22  30  23   0  30  39 
 25  59  27  34  56  26  77  68  91   5  88  86  83  50  79  45  62  96   0  16 
 16  19  50  19   2   3  40  12  31  56  38  50  11  28  80  35  79  71  37   0 
Reldue
 2475    6    5
 1213    4    5
 1307    8    1
 1879    5    4
 1704    6    6
  838    9    6
 2375    7    1
 2596    6    4
 2081    6    9
 2597    5    2
 1951    7    4
 1209    9    6
 1069    4    4
 2482    3    4
 1656    1    2
 2131    7    6
 1788    5    6
  934    1    4
 3516    4    8
 2682    9    5
DDW
 2338  2611
 1125  1301
 1234  1379
 1736  2022
 1570  1839
  759   917
 2147  2603
 2354  2838
 1940  2223
 2461  2733
 1821  2081
 1103  1314
  972  1165
 2266  2698
 1555  1756
 1979  2283
 1612  1964
  857  1012
 3201  3830
 2502  2862
