20   8
MD
  2  3  4  2  2  3  2  2
PT
  2  95  83  90  92  72  18  29   6  98  14  93  23  42  65  56  11  56   3   4 
 39  70  90  14  87   2  60  67  30  58  95  54  18  25   5  42  59  13  74  90 
 91  95  20  63   7  51  98  71  41  30  79  33  25   6  54  91   4  81  50  93 
 13  30  24  62  72  58  36  57  92  32  83  54  39  62  17  88  18  54  57  70 
 81  41   7  42  82  73  23  68  75  14  21  46  11  23  23  49  17  82  75  87 
 97  34  98  28  66  34   7   8  11  16   9  12  74  43  30  35  33  93  81  51 
 16  82  29  19  24  52  41  73  95  99  84  74  67  72  49  38  65  62  40  13 
 58  47   3  71  81  84  80  44  10  15  78  41  44  47  69  65  59  77  42  52 
SSD
M0
  0  58  62  15  47  70  99  54  49  70  14  84   4  40  22   5  98  44  31  74 
 82   0  97  92  70  43   6   9  77   7  62   8  13   4  81  52  29  94  59  80 
 89  16   0   9  83  28  51  73  28  33  21  45   1   8  88   9  97  94  72   4 
 85  87  35   0  59  77  76  46  10  56  52   7  62  55   5  84  10  15  17  67 
 56  64   4  54   0  57  57  47  73  46  75  17  58  14   4  96  53   5  26  23 
  8  10  16  67  50   0  83  66  64  40  42  55  13  12  56  81  42  42  74  64 
 28  39  71  38   9  26   0   5   5  41  36  65  18  32  11  81  16  86  77  31 
 66  50  28  92  54  95  36   0  30  28  94  50  45  10  63  28   6  59   6  26 
 99  56  39  16  33  86   5  36   0  28  79  97  82   3  48  79  59  10  92  92 
 64  24  43  33  71  21  97  12  87   0  65  88  26  39  30  48  11  70  40  98 
 18  15  24  68   8  95  66  96  33  65   0  13  96  30  67  83  27  21  58  43 
 67  10  55  43  15  19  14  73  83  26  66   0  14  21  45  67  71  43  49  95 
  5   7  73  33  94   3  52  23  33  78  12  54   0  60  46  44  50  46   9  12 
 15  21  68  80   5  65   5  22  92  43  17  16   7   0   1  37  84  79  61  52 
  7  80  25  77  15  42  15  82  24  42  27  38  32  30   0   2  70   6   1  17 
 12  10  73  96   3  87  69  55  63  42  30  49  29  77  43   0  29  80  99  80 
 90  96  69  56  81  90  72  45  83  73  14  92  11  37  31  17   0  48  82  19 
 51  25  71  89  18  49  27  88  88  96   8  86  48  39  97  32  32   0  13  56 
 36  23  26  28  85  68  47   3  88  39  27  78  67  80  59  41  35  14   0  50 
 70  62  74  37  64  62  69  36  24   3   7   1  90  37  82  40  48  51  59   0 
M1
  0  58  62  15  47  70  99  54  49  70  14  84   4  40  22   5  98  44  31  74 
 82   0  97  92  70  43   6   9  77   7  62   8  13   4  81  52  29  94  59  80 
 89  16   0   9  83  28  51  73  28  33  21  45   1   8  88   9  97  94  72   4 
 85  87  35   0  59  77  76  46  10  56  52   7  62  55   5  84  10  15  17  67 
 56  64   4  54   0  57  57  47  73  46  75  17  58  14   4  96  53   5  26  23 
  8  10  16  67  50   0  83  66  64  40  42  55  13  12  56  81  42  42  74  64 
 28  39  71  38   9  26   0   5   5  41  36  65  18  32  11  81  16  86  77  31 
 66  50  28  92  54  95  36   0  30  28  94  50  45  10  63  28   6  59   6  26 
 99  56  39  16  33  86   5  36   0  28  79  97  82   3  48  79  59  10  92  92 
 64  24  43  33  71  21  97  12  87   0  65  88  26  39  30  48  11  70  40  98 
 18  15  24  68   8  95  66  96  33  65   0  13  96  30  67  83  27  21  58  43 
 67  10  55  43  15  19  14  73  83  26  66   0  14  21  45  67  71  43  49  95 
  5   7  73  33  94   3  52  23  33  78  12  54   0  60  46  44  50  46   9  12 
 15  21  68  80   5  65   5  22  92  43  17  16   7   0   1  37  84  79  61  52 
  7  80  25  77  15  42  15  82  24  42  27  38  32  30   0   2  70   6   1  17 
 12  10  73  96   3  87  69  55  63  42  30  49  29  77  43   0  29  80  99  80 
 90  96  69  56  81  90  72  45  83  73  14  92  11  37  31  17   0  48  82  19 
 51  25  71  89  18  49  27  88  88  96   8  86  48  39  97  32  32   0  13  56 
 36  23  26  28  85  68  47   3  88  39  27  78  67  80  59  41  35  14   0  50 
 70  62  74  37  64  62  69  36  24   3   7   1  90  37  82  40  48  51  59   0 
M2
  0  58  62  15  47  70  99  54  49  70  14  84   4  40  22   5  98  44  31  74 
 82   0  97  92  70  43   6   9  77   7  62   8  13   4  81  52  29  94  59  80 
 89  16   0   9  83  28  51  73  28  33  21  45   1   8  88   9  97  94  72   4 
 85  87  35   0  59  77  76  46  10  56  52   7  62  55   5  84  10  15  17  67 
 56  64   4  54   0  57  57  47  73  46  75  17  58  14   4  96  53   5  26  23 
  8  10  16  67  50   0  83  66  64  40  42  55  13  12  56  81  42  42  74  64 
 28  39  71  38   9  26   0   5   5  41  36  65  18  32  11  81  16  86  77  31 
 66  50  28  92  54  95  36   0  30  28  94  50  45  10  63  28   6  59   6  26 
 99  56  39  16  33  86   5  36   0  28  79  97  82   3  48  79  59  10  92  92 
 64  24  43  33  71  21  97  12  87   0  65  88  26  39  30  48  11  70  40  98 
 18  15  24  68   8  95  66  96  33  65   0  13  96  30  67  83  27  21  58  43 
 67  10  55  43  15  19  14  73  83  26  66   0  14  21  45  67  71  43  49  95 
  5   7  73  33  94   3  52  23  33  78  12  54   0  60  46  44  50  46   9  12 
 15  21  68  80   5  65   5  22  92  43  17  16   7   0   1  37  84  79  61  52 
  7  80  25  77  15  42  15  82  24  42  27  38  32  30   0   2  70   6   1  17 
 12  10  73  96   3  87  69  55  63  42  30  49  29  77  43   0  29  80  99  80 
 90  96  69  56  81  90  72  45  83  73  14  92  11  37  31  17   0  48  82  19 
 51  25  71  89  18  49  27  88  88  96   8  86  48  39  97  32  32   0  13  56 
 36  23  26  28  85  68  47   3  88  39  27  78  67  80  59  41  35  14   0  50 
 70  62  74  37  64  62  69  36  24   3   7   1  90  37  82  40  48  51  59   0 
M3
  0  58  62  15  47  70  99  54  49  70  14  84   4  40  22   5  98  44  31  74 
 82   0  97  92  70  43   6   9  77   7  62   8  13   4  81  52  29  94  59  80 
 89  16   0   9  83  28  51  73  28  33  21  45   1   8  88   9  97  94  72   4 
 85  87  35   0  59  77  76  46  10  56  52   7  62  55   5  84  10  15  17  67 
 56  64   4  54   0  57  57  47  73  46  75  17  58  14   4  96  53   5  26  23 
  8  10  16  67  50   0  83  66  64  40  42  55  13  12  56  81  42  42  74  64 
 28  39  71  38   9  26   0   5   5  41  36  65  18  32  11  81  16  86  77  31 
 66  50  28  92  54  95  36   0  30  28  94  50  45  10  63  28   6  59   6  26 
 99  56  39  16  33  86   5  36   0  28  79  97  82   3  48  79  59  10  92  92 
 64  24  43  33  71  21  97  12  87   0  65  88  26  39  30  48  11  70  40  98 
 18  15  24  68   8  95  66  96  33  65   0  13  96  30  67  83  27  21  58  43 
 67  10  55  43  15  19  14  73  83  26  66   0  14  21  45  67  71  43  49  95 
  5   7  73  33  94   3  52  23  33  78  12  54   0  60  46  44  50  46   9  12 
 15  21  68  80   5  65   5  22  92  43  17  16   7   0   1  37  84  79  61  52 
  7  80  25  77  15  42  15  82  24  42  27  38  32  30   0   2  70   6   1  17 
 12  10  73  96   3  87  69  55  63  42  30  49  29  77  43   0  29  80  99  80 
 90  96  69  56  81  90  72  45  83  73  14  92  11  37  31  17   0  48  82  19 
 51  25  71  89  18  49  27  88  88  96   8  86  48  39  97  32  32   0  13  56 
 36  23  26  28  85  68  47   3  88  39  27  78  67  80  59  41  35  14   0  50 
 70  62  74  37  64  62  69  36  24   3   7   1  90  37  82  40  48  51  59   0 
M4
  0  58  62  15  47  70  99  54  49  70  14  84   4  40  22   5  98  44  31  74 
 82   0  97  92  70  43   6   9  77   7  62   8  13   4  81  52  29  94  59  80 
 89  16   0   9  83  28  51  73  28  33  21  45   1   8  88   9  97  94  72   4 
 85  87  35   0  59  77  76  46  10  56  52   7  62  55   5  84  10  15  17  67 
 56  64   4  54   0  57  57  47  73  46  75  17  58  14   4  96  53   5  26  23 
  8  10  16  67  50   0  83  66  64  40  42  55  13  12  56  81  42  42  74  64 
 28  39  71  38   9  26   0   5   5  41  36  65  18  32  11  81  16  86  77  31 
 66  50  28  92  54  95  36   0  30  28  94  50  45  10  63  28   6  59   6  26 
 99  56  39  16  33  86   5  36   0  28  79  97  82   3  48  79  59  10  92  92 
 64  24  43  33  71  21  97  12  87   0  65  88  26  39  30  48  11  70  40  98 
 18  15  24  68   8  95  66  96  33  65   0  13  96  30  67  83  27  21  58  43 
 67  10  55  43  15  19  14  73  83  26  66   0  14  21  45  67  71  43  49  95 
  5   7  73  33  94   3  52  23  33  78  12  54   0  60  46  44  50  46   9  12 
 15  21  68  80   5  65   5  22  92  43  17  16   7   0   1  37  84  79  61  52 
  7  80  25  77  15  42  15  82  24  42  27  38  32  30   0   2  70   6   1  17 
 12  10  73  96   3  87  69  55  63  42  30  49  29  77  43   0  29  80  99  80 
 90  96  69  56  81  90  72  45  83  73  14  92  11  37  31  17   0  48  82  19 
 51  25  71  89  18  49  27  88  88  96   8  86  48  39  97  32  32   0  13  56 
 36  23  26  28  85  68  47   3  88  39  27  78  67  80  59  41  35  14   0  50 
 70  62  74  37  64  62  69  36  24   3   7   1  90  37  82  40  48  51  59   0 
M5
  0  58  62  15  47  70  99  54  49  70  14  84   4  40  22   5  98  44  31  74 
 82   0  97  92  70  43   6   9  77   7  62   8  13   4  81  52  29  94  59  80 
 89  16   0   9  83  28  51  73  28  33  21  45   1   8  88   9  97  94  72   4 
 85  87  35   0  59  77  76  46  10  56  52   7  62  55   5  84  10  15  17  67 
 56  64   4  54   0  57  57  47  73  46  75  17  58  14   4  96  53   5  26  23 
  8  10  16  67  50   0  83  66  64  40  42  55  13  12  56  81  42  42  74  64 
 28  39  71  38   9  26   0   5   5  41  36  65  18  32  11  81  16  86  77  31 
 66  50  28  92  54  95  36   0  30  28  94  50  45  10  63  28   6  59   6  26 
 99  56  39  16  33  86   5  36   0  28  79  97  82   3  48  79  59  10  92  92 
 64  24  43  33  71  21  97  12  87   0  65  88  26  39  30  48  11  70  40  98 
 18  15  24  68   8  95  66  96  33  65   0  13  96  30  67  83  27  21  58  43 
 67  10  55  43  15  19  14  73  83  26  66   0  14  21  45  67  71  43  49  95 
  5   7  73  33  94   3  52  23  33  78  12  54   0  60  46  44  50  46   9  12 
 15  21  68  80   5  65   5  22  92  43  17  16   7   0   1  37  84  79  61  52 
  7  80  25  77  15  42  15  82  24  42  27  38  32  30   0   2  70   6   1  17 
 12  10  73  96   3  87  69  55  63  42  30  49  29  77  43   0  29  80  99  80 
 90  96  69  56  81  90  72  45  83  73  14  92  11  37  31  17   0  48  82  19 
 51  25  71  89  18  49  27  88  88  96   8  86  48  39  97  32  32   0  13  56 
 36  23  26  28  85  68  47   3  88  39  27  78  67  80  59  41  35  14   0  50 
 70  62  74  37  64  62  69  36  24   3   7   1  90  37  82  40  48  51  59   0 
M6
  0  58  62  15  47  70  99  54  49  70  14  84   4  40  22   5  98  44  31  74 
 82   0  97  92  70  43   6   9  77   7  62   8  13   4  81  52  29  94  59  80 
 89  16   0   9  83  28  51  73  28  33  21  45   1   8  88   9  97  94  72   4 
 85  87  35   0  59  77  76  46  10  56  52   7  62  55   5  84  10  15  17  67 
 56  64   4  54   0  57  57  47  73  46  75  17  58  14   4  96  53   5  26  23 
  8  10  16  67  50   0  83  66  64  40  42  55  13  12  56  81  42  42  74  64 
 28  39  71  38   9  26   0   5   5  41  36  65  18  32  11  81  16  86  77  31 
 66  50  28  92  54  95  36   0  30  28  94  50  45  10  63  28   6  59   6  26 
 99  56  39  16  33  86   5  36   0  28  79  97  82   3  48  79  59  10  92  92 
 64  24  43  33  71  21  97  12  87   0  65  88  26  39  30  48  11  70  40  98 
 18  15  24  68   8  95  66  96  33  65   0  13  96  30  67  83  27  21  58  43 
 67  10  55  43  15  19  14  73  83  26  66   0  14  21  45  67  71  43  49  95 
  5   7  73  33  94   3  52  23  33  78  12  54   0  60  46  44  50  46   9  12 
 15  21  68  80   5  65   5  22  92  43  17  16   7   0   1  37  84  79  61  52 
  7  80  25  77  15  42  15  82  24  42  27  38  32  30   0   2  70   6   1  17 
 12  10  73  96   3  87  69  55  63  42  30  49  29  77  43   0  29  80  99  80 
 90  96  69  56  81  90  72  45  83  73  14  92  11  37  31  17   0  48  82  19 
 51  25  71  89  18  49  27  88  88  96   8  86  48  39  97  32  32   0  13  56 
 36  23  26  28  85  68  47   3  88  39  27  78  67  80  59  41  35  14   0  50 
 70  62  74  37  64  62  69  36  24   3   7   1  90  37  82  40  48  51  59   0 
M7
  0  58  62  15  47  70  99  54  49  70  14  84   4  40  22   5  98  44  31  74 
 82   0  97  92  70  43   6   9  77   7  62   8  13   4  81  52  29  94  59  80 
 89  16   0   9  83  28  51  73  28  33  21  45   1   8  88   9  97  94  72   4 
 85  87  35   0  59  77  76  46  10  56  52   7  62  55   5  84  10  15  17  67 
 56  64   4  54   0  57  57  47  73  46  75  17  58  14   4  96  53   5  26  23 
  8  10  16  67  50   0  83  66  64  40  42  55  13  12  56  81  42  42  74  64 
 28  39  71  38   9  26   0   5   5  41  36  65  18  32  11  81  16  86  77  31 
 66  50  28  92  54  95  36   0  30  28  94  50  45  10  63  28   6  59   6  26 
 99  56  39  16  33  86   5  36   0  28  79  97  82   3  48  79  59  10  92  92 
 64  24  43  33  71  21  97  12  87   0  65  88  26  39  30  48  11  70  40  98 
 18  15  24  68   8  95  66  96  33  65   0  13  96  30  67  83  27  21  58  43 
 67  10  55  43  15  19  14  73  83  26  66   0  14  21  45  67  71  43  49  95 
  5   7  73  33  94   3  52  23  33  78  12  54   0  60  46  44  50  46   9  12 
 15  21  68  80   5  65   5  22  92  43  17  16   7   0   1  37  84  79  61  52 
  7  80  25  77  15  42  15  82  24  42  27  38  32  30   0   2  70   6   1  17 
 12  10  73  96   3  87  69  55  63  42  30  49  29  77  43   0  29  80  99  80 
 90  96  69  56  81  90  72  45  83  73  14  92  11  37  31  17   0  48  82  19 
 51  25  71  89  18  49  27  88  88  96   8  86  48  39  97  32  32   0  13  56 
 36  23  26  28  85  68  47   3  88  39  27  78  67  80  59  41  35  14   0  50 
 70  62  74  37  64  62  69  36  24   3   7   1  90  37  82  40  48  51  59   0 
Reldue
 1588    5    2
 1347    5    9
 2507    4    2
 2509    1    2
 3248    8    7
 1406    8    5
 1664    6    2
 1086    1    4
 2671    1    9
 1248    6    8
  989    7    9
 1642    6    1
 1612    7    3
 2003    2    7
 1931    7    2
 1526    2    4
 2419    2    1
 1695    6    4
 1090    8    5
 1512    5    3
DDW
 1483  1694
 1266  1427
 2320  2693
 2360  2658
 2930  3567
 1331  1480
 1574  1753
 1000  1172
 2439  2904
 1133  1363
  920  1058
 1548  1736
 1497  1726
 1886  2120
 1810  2052
 1381  1670
 2213  2626
 1562  1828
 1035  1146
 1427  1598
