20   8
MD
  2  2  3  2  5  5  5  3
PT
 60  58  41  64  47  89  54  61  18  18  22  21  11  34  80  10  61  45   6  75 
 29  71  70  10  53  60  99  91  15  39  97  64  90  46  43  73  49  18  95  98 
 68  55  91   7  64  19  50  49  48  86  63  43  48  77  25  32  56  83  18  54 
 52  47  67  67  12  35  13  61  13  72  38  30  69  51  86  68  66  99  66  26 
  7  14  62   5   5  40  16  84  63  32  51  34   9  62  23  44   7  90  87  93 
 22  60  80   7  87   9  36  90  44  76  36  19  41  27  19  20  19  10  54  64 
 59  12  52  91  71  11  36   3  65  21  17  27  84  30  96  53  61  61  14  76 
 86  26  85  84  16  28  27  64  41   9  89  72  52  11  18  92  78  73  43  36 
SSD
M0
  0  73  46  52  22  18   7  54  12  50  37  28   8  84  81  73  32   2  55   3 
 51   0  31  81  42  92  11  38  66   4  14  65  80  78  64  88  18  27   3  91 
 45  75   0  38  20   1  13  98  74  87  90  89  20  57   9  92  74  69  12  66 
 15  53  19   0  38  72  33  95   3  63  14  37  78   9  45  71  85  53  77  66 
  8   9  90  13   0  62  29  23  97  38  62  42  16  89  40  78  23  38  29   5 
 18  94  73  86  39   0   8  24  83  25  77  44  44  53   3  66  92  83  93  44 
 64  20  66  38  41  11   0  73  80  53  95  11  27  22  84  26  32  83  20  21 
 54  58   8  46  16  59  18   0  34   9  49  64  45  96  98  56  59  81  62  95 
 49  15  62  23  31  45  13  84   0  86  63  55   6   7  60  75  82  41  36  28 
 40  64  51  93  17  17  60  47  27   0  41  66  67  15  43  87   8  66  51  58 
 15  77  39  33  13  72  27  97  19  38   0  95  23  89  15  83  39  85  11  55 
 37  81  73  74  94  82  20  52  19  10  74   0  46  42  15  16  68   4  46   5 
 20  57  79  66  93  90  29  50  31  91  24   7   0  45  70   3  74  87  10  58 
  8  12  28  15  22  18  43  91  51  76  72  21  77   0   5  10  76  72  84  26 
  6  98  61  56  85  12  16  54  34   1  26  45  46  16   0  83  98   2  92  19 
 18  72  67  91  79  35  50  11  46  86  44  37  77  71  33   0  80  87  61  10 
 26  54  61  52  61  15  77  23  59  40  67  16  56  95  16  70   0  34  10  79 
 65  83  70  42  21  14  10  53   5  17  29  67  78  81  13  19  75   0  15  88 
 52  91  23  45  27   6  93  73  33  59   6  58  16  35  56  86  14   9   0  20 
 39   1  78  71  83  72  46  24  48  82  78  39  31  48  65  89  42  98   5   0 
M1
  0  73  46  52  22  18   7  54  12  50  37  28   8  84  81  73  32   2  55   3 
 51   0  31  81  42  92  11  38  66   4  14  65  80  78  64  88  18  27   3  91 
 45  75   0  38  20   1  13  98  74  87  90  89  20  57   9  92  74  69  12  66 
 15  53  19   0  38  72  33  95   3  63  14  37  78   9  45  71  85  53  77  66 
  8   9  90  13   0  62  29  23  97  38  62  42  16  89  40  78  23  38  29   5 
 18  94  73  86  39   0   8  24  83  25  77  44  44  53   3  66  92  83  93  44 
 64  20  66  38  41  11   0  73  80  53  95  11  27  22  84  26  32  83  20  21 
 54  58   8  46  16  59  18   0  34   9  49  64  45  96  98  56  59  81  62  95 
 49  15  62  23  31  45  13  84   0  86  63  55   6   7  60  75  82  41  36  28 
 40  64  51  93  17  17  60  47  27   0  41  66  67  15  43  87   8  66  51  58 
 15  77  39  33  13  72  27  97  19  38   0  95  23  89  15  83  39  85  11  55 
 37  81  73  74  94  82  20  52  19  10  74   0  46  42  15  16  68   4  46   5 
 20  57  79  66  93  90  29  50  31  91  24   7   0  45  70   3  74  87  10  58 
  8  12  28  15  22  18  43  91  51  76  72  21  77   0   5  10  76  72  84  26 
  6  98  61  56  85  12  16  54  34   1  26  45  46  16   0  83  98   2  92  19 
 18  72  67  91  79  35  50  11  46  86  44  37  77  71  33   0  80  87  61  10 
 26  54  61  52  61  15  77  23  59  40  67  16  56  95  16  70   0  34  10  79 
 65  83  70  42  21  14  10  53   5  17  29  67  78  81  13  19  75   0  15  88 
 52  91  23  45  27   6  93  73  33  59   6  58  16  35  56  86  14   9   0  20 
 39   1  78  71  83  72  46  24  48  82  78  39  31  48  65  89  42  98   5   0 
M2
  0  73  46  52  22  18   7  54  12  50  37  28   8  84  81  73  32   2  55   3 
 51   0  31  81  42  92  11  38  66   4  14  65  80  78  64  88  18  27   3  91 
 45  75   0  38  20   1  13  98  74  87  90  89  20  57   9  92  74  69  12  66 
 15  53  19   0  38  72  33  95   3  63  14  37  78   9  45  71  85  53  77  66 
  8   9  90  13   0  62  29  23  97  38  62  42  16  89  40  78  23  38  29   5 
 18  94  73  86  39   0   8  24  83  25  77  44  44  53   3  66  92  83  93  44 
 64  20  66  38  41  11   0  73  80  53  95  11  27  22  84  26  32  83  20  21 
 54  58   8  46  16  59  18   0  34   9  49  64  45  96  98  56  59  81  62  95 
 49  15  62  23  31  45  13  84   0  86  63  55   6   7  60  75  82  41  36  28 
 40  64  51  93  17  17  60  47  27   0  41  66  67  15  43  87   8  66  51  58 
 15  77  39  33  13  72  27  97  19  38   0  95  23  89  15  83  39  85  11  55 
 37  81  73  74  94  82  20  52  19  10  74   0  46  42  15  16  68   4  46   5 
 20  57  79  66  93  90  29  50  31  91  24   7   0  45  70   3  74  87  10  58 
  8  12  28  15  22  18  43  91  51  76  72  21  77   0   5  10  76  72  84  26 
  6  98  61  56  85  12  16  54  34   1  26  45  46  16   0  83  98   2  92  19 
 18  72  67  91  79  35  50  11  46  86  44  37  77  71  33   0  80  87  61  10 
 26  54  61  52  61  15  77  23  59  40  67  16  56  95  16  70   0  34  10  79 
 65  83  70  42  21  14  10  53   5  17  29  67  78  81  13  19  75   0  15  88 
 52  91  23  45  27   6  93  73  33  59   6  58  16  35  56  86  14   9   0  20 
 39   1  78  71  83  72  46  24  48  82  78  39  31  48  65  89  42  98   5   0 
M3
  0  73  46  52  22  18   7  54  12  50  37  28   8  84  81  73  32   2  55   3 
 51   0  31  81  42  92  11  38  66   4  14  65  80  78  64  88  18  27   3  91 
 45  75   0  38  20   1  13  98  74  87  90  89  20  57   9  92  74  69  12  66 
 15  53  19   0  38  72  33  95   3  63  14  37  78   9  45  71  85  53  77  66 
  8   9  90  13   0  62  29  23  97  38  62  42  16  89  40  78  23  38  29   5 
 18  94  73  86  39   0   8  24  83  25  77  44  44  53   3  66  92  83  93  44 
 64  20  66  38  41  11   0  73  80  53  95  11  27  22  84  26  32  83  20  21 
 54  58   8  46  16  59  18   0  34   9  49  64  45  96  98  56  59  81  62  95 
 49  15  62  23  31  45  13  84   0  86  63  55   6   7  60  75  82  41  36  28 
 40  64  51  93  17  17  60  47  27   0  41  66  67  15  43  87   8  66  51  58 
 15  77  39  33  13  72  27  97  19  38   0  95  23  89  15  83  39  85  11  55 
 37  81  73  74  94  82  20  52  19  10  74   0  46  42  15  16  68   4  46   5 
 20  57  79  66  93  90  29  50  31  91  24   7   0  45  70   3  74  87  10  58 
  8  12  28  15  22  18  43  91  51  76  72  21  77   0   5  10  76  72  84  26 
  6  98  61  56  85  12  16  54  34   1  26  45  46  16   0  83  98   2  92  19 
 18  72  67  91  79  35  50  11  46  86  44  37  77  71  33   0  80  87  61  10 
 26  54  61  52  61  15  77  23  59  40  67  16  56  95  16  70   0  34  10  79 
 65  83  70  42  21  14  10  53   5  17  29  67  78  81  13  19  75   0  15  88 
 52  91  23  45  27   6  93  73  33  59   6  58  16  35  56  86  14   9   0  20 
 39   1  78  71  83  72  46  24  48  82  78  39  31  48  65  89  42  98   5   0 
M4
  0  73  46  52  22  18   7  54  12  50  37  28   8  84  81  73  32   2  55   3 
 51   0  31  81  42  92  11  38  66   4  14  65  80  78  64  88  18  27   3  91 
 45  75   0  38  20   1  13  98  74  87  90  89  20  57   9  92  74  69  12  66 
 15  53  19   0  38  72  33  95   3  63  14  37  78   9  45  71  85  53  77  66 
  8   9  90  13   0  62  29  23  97  38  62  42  16  89  40  78  23  38  29   5 
 18  94  73  86  39   0   8  24  83  25  77  44  44  53   3  66  92  83  93  44 
 64  20  66  38  41  11   0  73  80  53  95  11  27  22  84  26  32  83  20  21 
 54  58   8  46  16  59  18   0  34   9  49  64  45  96  98  56  59  81  62  95 
 49  15  62  23  31  45  13  84   0  86  63  55   6   7  60  75  82  41  36  28 
 40  64  51  93  17  17  60  47  27   0  41  66  67  15  43  87   8  66  51  58 
 15  77  39  33  13  72  27  97  19  38   0  95  23  89  15  83  39  85  11  55 
 37  81  73  74  94  82  20  52  19  10  74   0  46  42  15  16  68   4  46   5 
 20  57  79  66  93  90  29  50  31  91  24   7   0  45  70   3  74  87  10  58 
  8  12  28  15  22  18  43  91  51  76  72  21  77   0   5  10  76  72  84  26 
  6  98  61  56  85  12  16  54  34   1  26  45  46  16   0  83  98   2  92  19 
 18  72  67  91  79  35  50  11  46  86  44  37  77  71  33   0  80  87  61  10 
 26  54  61  52  61  15  77  23  59  40  67  16  56  95  16  70   0  34  10  79 
 65  83  70  42  21  14  10  53   5  17  29  67  78  81  13  19  75   0  15  88 
 52  91  23  45  27   6  93  73  33  59   6  58  16  35  56  86  14   9   0  20 
 39   1  78  71  83  72  46  24  48  82  78  39  31  48  65  89  42  98   5   0 
M5
  0  73  46  52  22  18   7  54  12  50  37  28   8  84  81  73  32   2  55   3 
 51   0  31  81  42  92  11  38  66   4  14  65  80  78  64  88  18  27   3  91 
 45  75   0  38  20   1  13  98  74  87  90  89  20  57   9  92  74  69  12  66 
 15  53  19   0  38  72  33  95   3  63  14  37  78   9  45  71  85  53  77  66 
  8   9  90  13   0  62  29  23  97  38  62  42  16  89  40  78  23  38  29   5 
 18  94  73  86  39   0   8  24  83  25  77  44  44  53   3  66  92  83  93  44 
 64  20  66  38  41  11   0  73  80  53  95  11  27  22  84  26  32  83  20  21 
 54  58   8  46  16  59  18   0  34   9  49  64  45  96  98  56  59  81  62  95 
 49  15  62  23  31  45  13  84   0  86  63  55   6   7  60  75  82  41  36  28 
 40  64  51  93  17  17  60  47  27   0  41  66  67  15  43  87   8  66  51  58 
 15  77  39  33  13  72  27  97  19  38   0  95  23  89  15  83  39  85  11  55 
 37  81  73  74  94  82  20  52  19  10  74   0  46  42  15  16  68   4  46   5 
 20  57  79  66  93  90  29  50  31  91  24   7   0  45  70   3  74  87  10  58 
  8  12  28  15  22  18  43  91  51  76  72  21  77   0   5  10  76  72  84  26 
  6  98  61  56  85  12  16  54  34   1  26  45  46  16   0  83  98   2  92  19 
 18  72  67  91  79  35  50  11  46  86  44  37  77  71  33   0  80  87  61  10 
 26  54  61  52  61  15  77  23  59  40  67  16  56  95  16  70   0  34  10  79 
 65  83  70  42  21  14  10  53   5  17  29  67  78  81  13  19  75   0  15  88 
 52  91  23  45  27   6  93  73  33  59   6  58  16  35  56  86  14   9   0  20 
 39   1  78  71  83  72  46  24  48  82  78  39  31  48  65  89  42  98   5   0 
M6
  0  73  46  52  22  18   7  54  12  50  37  28   8  84  81  73  32   2  55   3 
 51   0  31  81  42  92  11  38  66   4  14  65  80  78  64  88  18  27   3  91 
 45  75   0  38  20   1  13  98  74  87  90  89  20  57   9  92  74  69  12  66 
 15  53  19   0  38  72  33  95   3  63  14  37  78   9  45  71  85  53  77  66 
  8   9  90  13   0  62  29  23  97  38  62  42  16  89  40  78  23  38  29   5 
 18  94  73  86  39   0   8  24  83  25  77  44  44  53   3  66  92  83  93  44 
 64  20  66  38  41  11   0  73  80  53  95  11  27  22  84  26  32  83  20  21 
 54  58   8  46  16  59  18   0  34   9  49  64  45  96  98  56  59  81  62  95 
 49  15  62  23  31  45  13  84   0  86  63  55   6   7  60  75  82  41  36  28 
 40  64  51  93  17  17  60  47  27   0  41  66  67  15  43  87   8  66  51  58 
 15  77  39  33  13  72  27  97  19  38   0  95  23  89  15  83  39  85  11  55 
 37  81  73  74  94  82  20  52  19  10  74   0  46  42  15  16  68   4  46   5 
 20  57  79  66  93  90  29  50  31  91  24   7   0  45  70   3  74  87  10  58 
  8  12  28  15  22  18  43  91  51  76  72  21  77   0   5  10  76  72  84  26 
  6  98  61  56  85  12  16  54  34   1  26  45  46  16   0  83  98   2  92  19 
 18  72  67  91  79  35  50  11  46  86  44  37  77  71  33   0  80  87  61  10 
 26  54  61  52  61  15  77  23  59  40  67  16  56  95  16  70   0  34  10  79 
 65  83  70  42  21  14  10  53   5  17  29  67  78  81  13  19  75   0  15  88 
 52  91  23  45  27   6  93  73  33  59   6  58  16  35  56  86  14   9   0  20 
 39   1  78  71  83  72  46  24  48  82  78  39  31  48  65  89  42  98   5   0 
M7
  0  73  46  52  22  18   7  54  12  50  37  28   8  84  81  73  32   2  55   3 
 51   0  31  81  42  92  11  38  66   4  14  65  80  78  64  88  18  27   3  91 
 45  75   0  38  20   1  13  98  74  87  90  89  20  57   9  92  74  69  12  66 
 15  53  19   0  38  72  33  95   3  63  14  37  78   9  45  71  85  53  77  66 
  8   9  90  13   0  62  29  23  97  38  62  42  16  89  40  78  23  38  29   5 
 18  94  73  86  39   0   8  24  83  25  77  44  44  53   3  66  92  83  93  44 
 64  20  66  38  41  11   0  73  80  53  95  11  27  22  84  26  32  83  20  21 
 54  58   8  46  16  59  18   0  34   9  49  64  45  96  98  56  59  81  62  95 
 49  15  62  23  31  45  13  84   0  86  63  55   6   7  60  75  82  41  36  28 
 40  64  51  93  17  17  60  47  27   0  41  66  67  15  43  87   8  66  51  58 
 15  77  39  33  13  72  27  97  19  38   0  95  23  89  15  83  39  85  11  55 
 37  81  73  74  94  82  20  52  19  10  74   0  46  42  15  16  68   4  46   5 
 20  57  79  66  93  90  29  50  31  91  24   7   0  45  70   3  74  87  10  58 
  8  12  28  15  22  18  43  91  51  76  72  21  77   0   5  10  76  72  84  26 
  6  98  61  56  85  12  16  54  34   1  26  45  46  16   0  83  98   2  92  19 
 18  72  67  91  79  35  50  11  46  86  44  37  77  71  33   0  80  87  61  10 
 26  54  61  52  61  15  77  23  59  40  67  16  56  95  16  70   0  34  10  79 
 65  83  70  42  21  14  10  53   5  17  29  67  78  81  13  19  75   0  15  88 
 52  91  23  45  27   6  93  73  33  59   6  58  16  35  56  86  14   9   0  20 
 39   1  78  71  83  72  46  24  48  82  78  39  31  48  65  89  42  98   5   0 
Reldue
 2165    8    9
 1539    8    9
 3389    7    7
 2179    4    1
 1580    4    5
 1404    9    2
 2169    3    2
 2637    7    2
 1647    3    9
 2014    3    5
 1363    2    5
  834    6    7
 2897    9    6
  841    7    1
 2227    9    1
 1743    3    6
 1730    9    7
 2652    4    2
 1010    9    3
 2375    9    9
DDW
 2041  2289
 1452  1627
 3120  3657
 2039  2319
 1463  1697
 1316  1493
 2043  2295
 2475  2799
 1508  1785
 1820  2209
 1255  1472
  783   885
 2749  3045
  768   915
 2047  2407
 1571  1915
 1625  1835
 2464  2840
  938  1082
 2229  2521
