50   5
MD
  4  2  3  4  5
PT
 29  82  19  61  52  73  41  94  80   5  79  60  23  40   1  88  72   3  68  84  68  16  62  89  22  38  93  18   5  16  77  45  38   2  90  28  92  72  59   2  50  16  36  70  29  48  30  18  31  35 
 60  38  30  54   4  22  30  70  51  75  53   7  99   4  33  98  23  32  11  84   2  44  65  50  84  23  15  34  55   6  83  88   6  83  13  15   2  77  85  76  32  61  95  61  38  21  88  36  60  40 
 38  70  76  30  50  72  51  18  89  16  55  80  47  66  59  58  94  22  37  69  26  16   7  70  25  96  47  43   7  91  59  35  53  53  14  27  95  72  37  22   6  87  50  34  92  71  58  61  29  48 
 28  41  43   4  52  23  32  30   8  22  83  67  45  97  59  65  12  78  14  84  16  47  77  80  97  35  59  73  61  51  26  91  63  54  66  58  31  23  10  88  36  67  34  62  62  63  72  66  30  95 
 89  32  52  56  73  26  94  26  58  44  13  29  15  33  16  81  42  72  65  24   1  96  60  99  74  10  26  11  12  22  96  43  93   8  77  47  32  71  46  14  60  73  10  18  18   4  45  19  59  39 
SSD
M0
  0   2  87  24  21  63  52  90  91  79   7  24  64  53  99  73  62  92  38  13  56  19  56  78   4  11  99  55  82   4  79  76  73  60  37  14  87  19  84  50  36  20  32   3  86  45  10  73  40  44 
 77   0  28  83  73   5  97  11  22  39  76  68  74  18  16  41   5  57  86  16  89  84  53  24  25  29  81  86   4  44  20  53  15  97  37  16  24  44  62  64   7  11  57  27  24  36  62   6  49  84 
 29  37   0  93  45  66  62   7  34  34  54  11  55  86  17  12  72  10  58  52  34  69  19  65  73  80  32  34  37  79  38  96  25  56  65  72  37  36   2  51  79  42  11  29  84  17  27  53  13  79 
 48  80  17   0  99  74  29  64  41  17  67   4  13  53  28  17  27  22  78  15  83  23  18  75  57  95  88  97  43  36  49  71  38  44  88  12  69  19  10  14  77  31  95  17  46  62  78  92  15  64 
 96   6  63  82   0  12  33  35  25  58  97  50  14  97   2  96  91  90  75  74  91  36  34  39   2  46  74  72  75  95  73  23  35  86  95  77  68  42  89  26  52  51  53  48  49  68  98  37  87  95 
 72  73  34  70  51   0  93  40  11  74  14  31  19  74  19  29  74  75   9   3  46  69  95  44  87  25  62  22  49  65  56  36  93  27  67  43  22  98  58  74  16  49  69  17  84  32  43  57  76  20 
  4  85  20   8  65  15   0  12  24  41  91  79  58  63  57  34  93  33  13  84  14   6  71  16  36  50  51  35  98  10  34  94  60  40  11  95  85  11  50  47  22  41  17   7  58  71   8  57  70  77 
 60  54  28  59  30  89  95   0  48  57  10  47  96  46  18   2  96  89  57   8  11   9   1  73  22  15  42  76  18  33  22  77  52  19  97  95  25  54  13  50  64  64  44  65  85  69  17   7  13  48 
 89  79  37  95  72  95  86  56   0  46  56  57  78  11  32  64  32  83  83  98  62  41  99  58  34  15  12  21  54  81  58  94  62  44  82  40  80  75   5  63  33  18  30  59  84  90  74  16  10  58 
 73  35  36  75  17  67  79  38  87   0  87  77  33  58  23  70  62  30  13  20  75  25  30  84  83   6  38  72  90  98  81  91  40  41  56  64  75   1  18  61  66  38  55  33  13  44  24  36  42  39 
 79   5  43  75  72  76  21  27  80  64   0  49  62  80  60  93  83  87  77  55  30  34  95  48  68  27  28  88  71  27  21  96  81  46   1  41   9  29  39  14  44  68  14  69  68   7  33  15  29  25 
 50  48  43  95  62  63  19  24  56  93  38   0  94  71  17  73  81  33  43   7  15  79  85  87  28  68  62  64  52  56  63  65  91  82  38  94  12  27  82  64  57  93  84  60  75  22  24  37   8  98 
 55  96  65  55  15  38  10  49  77   3  91  60   0  46  39   2  24  59  53  77  67  98  86  54  20  43  86  76  46  75  63  83  67  35  50  87  64  98  97  93  69  27   9  68  33  29  64  62  94  93 
 63   8  36  75  28  75   3  43  12  86  11  28  99   0  12  91  18  41   5  18  48  39  84  71  20  34   3  30   3  11  65   7  93  48  48  69   6  73   6  88  15  77  47   1  58  49  12  88  73   5 
 14  89  84  54  66  22  69  67   7  56  45   3  20  45   0  25  12  91  62  33  87  20  20  63  40  82  27  68  18  28  69  96  12  50  41  74  34  17  47  62  61   3  43  68  74  43  59  82  13  42 
 87  41  66  73   4  57  65  81  30   3  91  22   6  67  38   0  35  22  84   2  49  66  96  20  63  29  19  82   2  44  22  12  13  48  31  21  40  34  83  96  76  92  98  82  19  43  47  86  10  69 
 82  40  47  19  66  13  28  22  84  86  93  24  43  81  47  39   0  66  41  39  50  87  79  96  84  57  57  16  25  46  39  70  54  14  33  65  31  93  90   2  96  74  71  20  84  54  20  12  77  68 
 98  29   6  74  58  33  84  59  25  44  75  28  56  76  96  43  24   0  34  48  46   9  11  42  31  91  79   3  32  33  18  57  29  20  37  74  16  47  77   9  86   3  66  29  31  10  90  68  29  17 
 79  86  79  82  16  40   6  68  16  50  70  75  50  41   3  95  66  77   0  92  97  29  28  98   9  38  56  82  56   9  94  81  29  77  47  25  18  21  44  62  40  73  89  48  12  44  65  90  74  33 
 97  39  25  31   5  71  49  51  31  30  56  78   7  49  22  63  52  31  79   0   3  66  90   2  84   3  59  78  98   8  12  17  66  71  32  85  47  20  62  54  64   9  66   1  22  82  76  11  90  10 
 62  95  15   1  91   3  48  49  24  85  89  59   4  69  56  25  26  25  23  81   0  60  14  93  63  39  51   3  27  12  23  66  73  43  42  30  60  19  66  90  76  62  78  92   4  55  82   2  29   8 
 84  26  74  80  69  75   5  62   6  76  99  54  80  71  97  19  16  36  40  18  25   0  84  69  36   4   2  98  36  14  81  40  37  78  74  71  40  81   6  93  27  88  97  62  79  38  26  74   8  50 
 12  29  58  91  57  53  69  56  84   9   6  35  77  60  43  92  25  92   4  64   8  28   0  42  27  37  92  13  70  79  60  15  78  46   1  20  47  99  72  21  56  20  79   4  63  85  11  98  91  44 
  9   8  55   7  26  40  52  19  47   2  68  63  80  56  39  21  16  13  41  32  61  60  66   0  32  40  66  46  45  76  89  10  24  22  88  84  89   9  59  38  71  16  49  22  39  28   7  67  48  92 
 69   3  57   1   6  54   4  59  38  59  66  95  85  22  28  52  89  10  77  82  22  90  39  81   0  34  67  52  12  56   7  54  18  41  60  81  53  46   1  71  42  98  24  69  44  20  29  87  60  83 
 60  68  88  85  28  15  49  78  24  26   4  90  14  45  39   6  40  76   6  29  60   5   9  34  63   0  32  79  36  36  34  90  60  17  41  49   7  46  55  46  74  99  54  51  62  11  84  14  29  83 
 39  95  93  97  20  44  49  55   6  66  38  56  45  81  11  61  40  83  13  47  80   5  54  55  78  62   0  73  18  69  74  73  21  15  88  39  46  64  86  58  20  74  15  44  53  19  74   8  96  46 
 55  95  46  30  48  87  32  59  15  50  61  85  17  28  71  52   6  18  79  35  41  84  43  59  75  73  26   0  30  95  48  49  40   8  65  93  50  41  26  65  56  62  53  73  30  57   5  63  75  45 
  3  88  10  19   7  54  40  45  17  55  58  14  88  65  53  53  26  94  28  65  31  26  53   1  93   2  49  29   0  59  80  96   6  22   5  60  60  77   3  74   8  84  96  32  11  13  60  13  54  25 
 56  96  38  19  89  24  27  53  65  83  67  55  82  33  44  19  75  49  38  28  69  69  10  39  55   3  27   4  78   0  56  97   7  29  27   5  42  53  39  22  33  87  48  33  22  28  63  30  33  44 
 59  65  29  79  14   9  31  65  47  44   6  37  19   1  24  44  59  86  62  83  55  16  17  96  51   4   9  16  63  38   0  34  12  82  83  44  42  92  48   5   3  87   7  75  59  49   5  79  69  24 
 28  59  31  28  96  69  73  19  90  50  85  87  52  78  34  10   8  83  62  75  73  90  73  33  39  82  43  69  55  23  32   0  37  60   9  47  56  21  16  72  55  29  97  49  45  94  85  75  23  26 
 52  99  74  82  72  59  46  99  43  57  75  64   9  79  81  68  44   3  70  21  97  91  32  90  54  21  60  99  71  31  36  79   0  22  28  89  60  84  57  12  30  42  19  88  39  49  82  20  63  32 
 53  72  72  90  57  49  94  13  52   3  63  22  52  64  44  56  87   2  65  45  63  18   8  31  44  59  20  32  22  26  79  18  80   0  66  94  16  38  43  27  87  54  84  16  77  66   8   1   8  72 
 44  50  29  82  58   6  93  82  15  14  95  79  46  25  39  86  84  49  68  70  48  55   1  63  69  38  12  59  14  73  50   7  13   7   0  91  62  21  13  63  81  51  54  23  17  44   1  99  88  10 
 17  35  69  13  80  96  95  57  14  46   8  99  31  40  29  98  43  65  79  85  69   4  37  89  62  24  14  39  61  44  67  58  24  27  73   0  91  86  73  71  60  82  52  40   3  48  33   5  58  44 
 62  21  34  85  66  92  45  34  17  35   2  79  34  72  19  62  46  92   2  25  88  80   4  19  45  40  37  41  73  81  36  32  97  22  51  11   0  55  79  13  66  48  68   2  46  56  36  66  19  89 
 61  96  40  97  21  46  54   4  26  91  45  17  38   7   8   4  12   8  86  71  86  59  21  62  88  31  52  54  15  29   6  47  40  65  28  50  62   0  75   6  60  56  44  15  84  51  68  60  54  16 
 60  72  95  77  64  87  50  70  45  35  68   5  70  45  84  56  92  37  44  11  47  27  35  45  54  43  43  92  80  53   8  75  35  20  39  87  67  64   0  62  93  40  50   6  75  59  37  58  20   3 
 35  60  42  11  86  39  86  10  19  76  12  96  85  59   8  87  51  97   7  63  23  39  73  48  12  30  34  73  78  66  30  99  39  51   7  14  79  28  17   0  22  48  88   3  58  97  95  37  57  78 
 15  52  93  41  34  78  94  32  27  79  76  89  71  97  59  66  66  82  41  71  93  47  45  88  27   6  88  49  65   2  52  40  81  37  83  41  12  81  52  86   0   6  53  22  56  19  65  25  23  41 
 87   4   5  24  84  54  93  82  55   8  79  80  32  84  70  33  96  36  36  62  11  99  43  98  50  66  64  43  54  46  30  26  46  42  67  35  88  10  11   7   8   0  13  64  97  75  94  38  19   3 
 68  22  92  24   8  12  38  17  88  99  32  97  78  14  56  39   2  13  64  24  14  46  30  66  55  80  27  41  77  28  25  11  62  93  21  24   6  89  61  98  93  79   0  57   4  10   9  58  14  77 
 32  46   6  62  48  71  19  81  96  15  15  60  44  79  55  44   8  13  31  26  75  71  99  92  21  41  62  82  31  57  72  10  56  38  32  93   6  99  21  73  32  23  96   0  67  82  85  83  90  45 
  6  73  22  23  25  35  32  73  62  15  36  60  81  13  13  60  43  42  98  68  50  79  89  31  53   8  92  13  96  27  35  47  67  77  30  74  98  66  13  41  95  62  18  36   0  12  85   2  14  78 
 83  15  54  24  91  88  92  42  30  78  80  73  56  75  15  88  22  99  30  69  83  67  62  60  86  93  80  90  84  78  19  67  65  25  40  10   2  39  46  90  35  44   8  80  67   0  53  85  44  89 
 74  89   1   9  70  32  26  36  77  60  38  84  48  63   8  39  76  41  69  23  93  31  10  67  73  25  13  99  86  20  52  40  72  86  87  41  61  59  79  53  53   7  81  10  69  83   0  45  41  55 
 75  94  33  44  15  94  45  77  20  15  57  42  38  14  45  83  71  15  34  70  75  22  40  59  32  74  51  58  25  42  37   6  56   4  51  55  60  58  23  92  39  33  65  83  60  17  14   0  89  69 
 13  36  40  64  47  21  50  13  84   2  64  14  39  26  66  53  65  63  90   8  89  52  38   2   5  41   8  71  29  29   8  67   1  95  48  69  50  79   7  41   5  64  21  42  18  25  72  89   0  27 
 95  31  43  15  85  70   4  10  67  27  57  61  21  82  31  74  12  19  76   6  89  16   3  37  44   9  92  70  22  70  19  10  80  98  99  60  35   3   9  44  77  57  88  54  13  76  75  46  97   0 
M1
  0   2  87  24  21  63  52  90  91  79   7  24  64  53  99  73  62  92  38  13  56  19  56  78   4  11  99  55  82   4  79  76  73  60  37  14  87  19  84  50  36  20  32   3  86  45  10  73  40  44 
 77   0  28  83  73   5  97  11  22  39  76  68  74  18  16  41   5  57  86  16  89  84  53  24  25  29  81  86   4  44  20  53  15  97  37  16  24  44  62  64   7  11  57  27  24  36  62   6  49  84 
 29  37   0  93  45  66  62   7  34  34  54  11  55  86  17  12  72  10  58  52  34  69  19  65  73  80  32  34  37  79  38  96  25  56  65  72  37  36   2  51  79  42  11  29  84  17  27  53  13  79 
 48  80  17   0  99  74  29  64  41  17  67   4  13  53  28  17  27  22  78  15  83  23  18  75  57  95  88  97  43  36  49  71  38  44  88  12  69  19  10  14  77  31  95  17  46  62  78  92  15  64 
 96   6  63  82   0  12  33  35  25  58  97  50  14  97   2  96  91  90  75  74  91  36  34  39   2  46  74  72  75  95  73  23  35  86  95  77  68  42  89  26  52  51  53  48  49  68  98  37  87  95 
 72  73  34  70  51   0  93  40  11  74  14  31  19  74  19  29  74  75   9   3  46  69  95  44  87  25  62  22  49  65  56  36  93  27  67  43  22  98  58  74  16  49  69  17  84  32  43  57  76  20 
  4  85  20   8  65  15   0  12  24  41  91  79  58  63  57  34  93  33  13  84  14   6  71  16  36  50  51  35  98  10  34  94  60  40  11  95  85  11  50  47  22  41  17   7  58  71   8  57  70  77 
 60  54  28  59  30  89  95   0  48  57  10  47  96  46  18   2  96  89  57   8  11   9   1  73  22  15  42  76  18  33  22  77  52  19  97  95  25  54  13  50  64  64  44  65  85  69  17   7  13  48 
 89  79  37  95  72  95  86  56   0  46  56  57  78  11  32  64  32  83  83  98  62  41  99  58  34  15  12  21  54  81  58  94  62  44  82  40  80  75   5  63  33  18  30  59  84  90  74  16  10  58 
 73  35  36  75  17  67  79  38  87   0  87  77  33  58  23  70  62  30  13  20  75  25  30  84  83   6  38  72  90  98  81  91  40  41  56  64  75   1  18  61  66  38  55  33  13  44  24  36  42  39 
 79   5  43  75  72  76  21  27  80  64   0  49  62  80  60  93  83  87  77  55  30  34  95  48  68  27  28  88  71  27  21  96  81  46   1  41   9  29  39  14  44  68  14  69  68   7  33  15  29  25 
 50  48  43  95  62  63  19  24  56  93  38   0  94  71  17  73  81  33  43   7  15  79  85  87  28  68  62  64  52  56  63  65  91  82  38  94  12  27  82  64  57  93  84  60  75  22  24  37   8  98 
 55  96  65  55  15  38  10  49  77   3  91  60   0  46  39   2  24  59  53  77  67  98  86  54  20  43  86  76  46  75  63  83  67  35  50  87  64  98  97  93  69  27   9  68  33  29  64  62  94  93 
 63   8  36  75  28  75   3  43  12  86  11  28  99   0  12  91  18  41   5  18  48  39  84  71  20  34   3  30   3  11  65   7  93  48  48  69   6  73   6  88  15  77  47   1  58  49  12  88  73   5 
 14  89  84  54  66  22  69  67   7  56  45   3  20  45   0  25  12  91  62  33  87  20  20  63  40  82  27  68  18  28  69  96  12  50  41  74  34  17  47  62  61   3  43  68  74  43  59  82  13  42 
 87  41  66  73   4  57  65  81  30   3  91  22   6  67  38   0  35  22  84   2  49  66  96  20  63  29  19  82   2  44  22  12  13  48  31  21  40  34  83  96  76  92  98  82  19  43  47  86  10  69 
 82  40  47  19  66  13  28  22  84  86  93  24  43  81  47  39   0  66  41  39  50  87  79  96  84  57  57  16  25  46  39  70  54  14  33  65  31  93  90   2  96  74  71  20  84  54  20  12  77  68 
 98  29   6  74  58  33  84  59  25  44  75  28  56  76  96  43  24   0  34  48  46   9  11  42  31  91  79   3  32  33  18  57  29  20  37  74  16  47  77   9  86   3  66  29  31  10  90  68  29  17 
 79  86  79  82  16  40   6  68  16  50  70  75  50  41   3  95  66  77   0  92  97  29  28  98   9  38  56  82  56   9  94  81  29  77  47  25  18  21  44  62  40  73  89  48  12  44  65  90  74  33 
 97  39  25  31   5  71  49  51  31  30  56  78   7  49  22  63  52  31  79   0   3  66  90   2  84   3  59  78  98   8  12  17  66  71  32  85  47  20  62  54  64   9  66   1  22  82  76  11  90  10 
 62  95  15   1  91   3  48  49  24  85  89  59   4  69  56  25  26  25  23  81   0  60  14  93  63  39  51   3  27  12  23  66  73  43  42  30  60  19  66  90  76  62  78  92   4  55  82   2  29   8 
 84  26  74  80  69  75   5  62   6  76  99  54  80  71  97  19  16  36  40  18  25   0  84  69  36   4   2  98  36  14  81  40  37  78  74  71  40  81   6  93  27  88  97  62  79  38  26  74   8  50 
 12  29  58  91  57  53  69  56  84   9   6  35  77  60  43  92  25  92   4  64   8  28   0  42  27  37  92  13  70  79  60  15  78  46   1  20  47  99  72  21  56  20  79   4  63  85  11  98  91  44 
  9   8  55   7  26  40  52  19  47   2  68  63  80  56  39  21  16  13  41  32  61  60  66   0  32  40  66  46  45  76  89  10  24  22  88  84  89   9  59  38  71  16  49  22  39  28   7  67  48  92 
 69   3  57   1   6  54   4  59  38  59  66  95  85  22  28  52  89  10  77  82  22  90  39  81   0  34  67  52  12  56   7  54  18  41  60  81  53  46   1  71  42  98  24  69  44  20  29  87  60  83 
 60  68  88  85  28  15  49  78  24  26   4  90  14  45  39   6  40  76   6  29  60   5   9  34  63   0  32  79  36  36  34  90  60  17  41  49   7  46  55  46  74  99  54  51  62  11  84  14  29  83 
 39  95  93  97  20  44  49  55   6  66  38  56  45  81  11  61  40  83  13  47  80   5  54  55  78  62   0  73  18  69  74  73  21  15  88  39  46  64  86  58  20  74  15  44  53  19  74   8  96  46 
 55  95  46  30  48  87  32  59  15  50  61  85  17  28  71  52   6  18  79  35  41  84  43  59  75  73  26   0  30  95  48  49  40   8  65  93  50  41  26  65  56  62  53  73  30  57   5  63  75  45 
  3  88  10  19   7  54  40  45  17  55  58  14  88  65  53  53  26  94  28  65  31  26  53   1  93   2  49  29   0  59  80  96   6  22   5  60  60  77   3  74   8  84  96  32  11  13  60  13  54  25 
 56  96  38  19  89  24  27  53  65  83  67  55  82  33  44  19  75  49  38  28  69  69  10  39  55   3  27   4  78   0  56  97   7  29  27   5  42  53  39  22  33  87  48  33  22  28  63  30  33  44 
 59  65  29  79  14   9  31  65  47  44   6  37  19   1  24  44  59  86  62  83  55  16  17  96  51   4   9  16  63  38   0  34  12  82  83  44  42  92  48   5   3  87   7  75  59  49   5  79  69  24 
 28  59  31  28  96  69  73  19  90  50  85  87  52  78  34  10   8  83  62  75  73  90  73  33  39  82  43  69  55  23  32   0  37  60   9  47  56  21  16  72  55  29  97  49  45  94  85  75  23  26 
 52  99  74  82  72  59  46  99  43  57  75  64   9  79  81  68  44   3  70  21  97  91  32  90  54  21  60  99  71  31  36  79   0  22  28  89  60  84  57  12  30  42  19  88  39  49  82  20  63  32 
 53  72  72  90  57  49  94  13  52   3  63  22  52  64  44  56  87   2  65  45  63  18   8  31  44  59  20  32  22  26  79  18  80   0  66  94  16  38  43  27  87  54  84  16  77  66   8   1   8  72 
 44  50  29  82  58   6  93  82  15  14  95  79  46  25  39  86  84  49  68  70  48  55   1  63  69  38  12  59  14  73  50   7  13   7   0  91  62  21  13  63  81  51  54  23  17  44   1  99  88  10 
 17  35  69  13  80  96  95  57  14  46   8  99  31  40  29  98  43  65  79  85  69   4  37  89  62  24  14  39  61  44  67  58  24  27  73   0  91  86  73  71  60  82  52  40   3  48  33   5  58  44 
 62  21  34  85  66  92  45  34  17  35   2  79  34  72  19  62  46  92   2  25  88  80   4  19  45  40  37  41  73  81  36  32  97  22  51  11   0  55  79  13  66  48  68   2  46  56  36  66  19  89 
 61  96  40  97  21  46  54   4  26  91  45  17  38   7   8   4  12   8  86  71  86  59  21  62  88  31  52  54  15  29   6  47  40  65  28  50  62   0  75   6  60  56  44  15  84  51  68  60  54  16 
 60  72  95  77  64  87  50  70  45  35  68   5  70  45  84  56  92  37  44  11  47  27  35  45  54  43  43  92  80  53   8  75  35  20  39  87  67  64   0  62  93  40  50   6  75  59  37  58  20   3 
 35  60  42  11  86  39  86  10  19  76  12  96  85  59   8  87  51  97   7  63  23  39  73  48  12  30  34  73  78  66  30  99  39  51   7  14  79  28  17   0  22  48  88   3  58  97  95  37  57  78 
 15  52  93  41  34  78  94  32  27  79  76  89  71  97  59  66  66  82  41  71  93  47  45  88  27   6  88  49  65   2  52  40  81  37  83  41  12  81  52  86   0   6  53  22  56  19  65  25  23  41 
 87   4   5  24  84  54  93  82  55   8  79  80  32  84  70  33  96  36  36  62  11  99  43  98  50  66  64  43  54  46  30  26  46  42  67  35  88  10  11   7   8   0  13  64  97  75  94  38  19   3 
 68  22  92  24   8  12  38  17  88  99  32  97  78  14  56  39   2  13  64  24  14  46  30  66  55  80  27  41  77  28  25  11  62  93  21  24   6  89  61  98  93  79   0  57   4  10   9  58  14  77 
 32  46   6  62  48  71  19  81  96  15  15  60  44  79  55  44   8  13  31  26  75  71  99  92  21  41  62  82  31  57  72  10  56  38  32  93   6  99  21  73  32  23  96   0  67  82  85  83  90  45 
  6  73  22  23  25  35  32  73  62  15  36  60  81  13  13  60  43  42  98  68  50  79  89  31  53   8  92  13  96  27  35  47  67  77  30  74  98  66  13  41  95  62  18  36   0  12  85   2  14  78 
 83  15  54  24  91  88  92  42  30  78  80  73  56  75  15  88  22  99  30  69  83  67  62  60  86  93  80  90  84  78  19  67  65  25  40  10   2  39  46  90  35  44   8  80  67   0  53  85  44  89 
 74  89   1   9  70  32  26  36  77  60  38  84  48  63   8  39  76  41  69  23  93  31  10  67  73  25  13  99  86  20  52  40  72  86  87  41  61  59  79  53  53   7  81  10  69  83   0  45  41  55 
 75  94  33  44  15  94  45  77  20  15  57  42  38  14  45  83  71  15  34  70  75  22  40  59  32  74  51  58  25  42  37   6  56   4  51  55  60  58  23  92  39  33  65  83  60  17  14   0  89  69 
 13  36  40  64  47  21  50  13  84   2  64  14  39  26  66  53  65  63  90   8  89  52  38   2   5  41   8  71  29  29   8  67   1  95  48  69  50  79   7  41   5  64  21  42  18  25  72  89   0  27 
 95  31  43  15  85  70   4  10  67  27  57  61  21  82  31  74  12  19  76   6  89  16   3  37  44   9  92  70  22  70  19  10  80  98  99  60  35   3   9  44  77  57  88  54  13  76  75  46  97   0 
M2
  0   2  87  24  21  63  52  90  91  79   7  24  64  53  99  73  62  92  38  13  56  19  56  78   4  11  99  55  82   4  79  76  73  60  37  14  87  19  84  50  36  20  32   3  86  45  10  73  40  44 
 77   0  28  83  73   5  97  11  22  39  76  68  74  18  16  41   5  57  86  16  89  84  53  24  25  29  81  86   4  44  20  53  15  97  37  16  24  44  62  64   7  11  57  27  24  36  62   6  49  84 
 29  37   0  93  45  66  62   7  34  34  54  11  55  86  17  12  72  10  58  52  34  69  19  65  73  80  32  34  37  79  38  96  25  56  65  72  37  36   2  51  79  42  11  29  84  17  27  53  13  79 
 48  80  17   0  99  74  29  64  41  17  67   4  13  53  28  17  27  22  78  15  83  23  18  75  57  95  88  97  43  36  49  71  38  44  88  12  69  19  10  14  77  31  95  17  46  62  78  92  15  64 
 96   6  63  82   0  12  33  35  25  58  97  50  14  97   2  96  91  90  75  74  91  36  34  39   2  46  74  72  75  95  73  23  35  86  95  77  68  42  89  26  52  51  53  48  49  68  98  37  87  95 
 72  73  34  70  51   0  93  40  11  74  14  31  19  74  19  29  74  75   9   3  46  69  95  44  87  25  62  22  49  65  56  36  93  27  67  43  22  98  58  74  16  49  69  17  84  32  43  57  76  20 
  4  85  20   8  65  15   0  12  24  41  91  79  58  63  57  34  93  33  13  84  14   6  71  16  36  50  51  35  98  10  34  94  60  40  11  95  85  11  50  47  22  41  17   7  58  71   8  57  70  77 
 60  54  28  59  30  89  95   0  48  57  10  47  96  46  18   2  96  89  57   8  11   9   1  73  22  15  42  76  18  33  22  77  52  19  97  95  25  54  13  50  64  64  44  65  85  69  17   7  13  48 
 89  79  37  95  72  95  86  56   0  46  56  57  78  11  32  64  32  83  83  98  62  41  99  58  34  15  12  21  54  81  58  94  62  44  82  40  80  75   5  63  33  18  30  59  84  90  74  16  10  58 
 73  35  36  75  17  67  79  38  87   0  87  77  33  58  23  70  62  30  13  20  75  25  30  84  83   6  38  72  90  98  81  91  40  41  56  64  75   1  18  61  66  38  55  33  13  44  24  36  42  39 
 79   5  43  75  72  76  21  27  80  64   0  49  62  80  60  93  83  87  77  55  30  34  95  48  68  27  28  88  71  27  21  96  81  46   1  41   9  29  39  14  44  68  14  69  68   7  33  15  29  25 
 50  48  43  95  62  63  19  24  56  93  38   0  94  71  17  73  81  33  43   7  15  79  85  87  28  68  62  64  52  56  63  65  91  82  38  94  12  27  82  64  57  93  84  60  75  22  24  37   8  98 
 55  96  65  55  15  38  10  49  77   3  91  60   0  46  39   2  24  59  53  77  67  98  86  54  20  43  86  76  46  75  63  83  67  35  50  87  64  98  97  93  69  27   9  68  33  29  64  62  94  93 
 63   8  36  75  28  75   3  43  12  86  11  28  99   0  12  91  18  41   5  18  48  39  84  71  20  34   3  30   3  11  65   7  93  48  48  69   6  73   6  88  15  77  47   1  58  49  12  88  73   5 
 14  89  84  54  66  22  69  67   7  56  45   3  20  45   0  25  12  91  62  33  87  20  20  63  40  82  27  68  18  28  69  96  12  50  41  74  34  17  47  62  61   3  43  68  74  43  59  82  13  42 
 87  41  66  73   4  57  65  81  30   3  91  22   6  67  38   0  35  22  84   2  49  66  96  20  63  29  19  82   2  44  22  12  13  48  31  21  40  34  83  96  76  92  98  82  19  43  47  86  10  69 
 82  40  47  19  66  13  28  22  84  86  93  24  43  81  47  39   0  66  41  39  50  87  79  96  84  57  57  16  25  46  39  70  54  14  33  65  31  93  90   2  96  74  71  20  84  54  20  12  77  68 
 98  29   6  74  58  33  84  59  25  44  75  28  56  76  96  43  24   0  34  48  46   9  11  42  31  91  79   3  32  33  18  57  29  20  37  74  16  47  77   9  86   3  66  29  31  10  90  68  29  17 
 79  86  79  82  16  40   6  68  16  50  70  75  50  41   3  95  66  77   0  92  97  29  28  98   9  38  56  82  56   9  94  81  29  77  47  25  18  21  44  62  40  73  89  48  12  44  65  90  74  33 
 97  39  25  31   5  71  49  51  31  30  56  78   7  49  22  63  52  31  79   0   3  66  90   2  84   3  59  78  98   8  12  17  66  71  32  85  47  20  62  54  64   9  66   1  22  82  76  11  90  10 
 62  95  15   1  91   3  48  49  24  85  89  59   4  69  56  25  26  25  23  81   0  60  14  93  63  39  51   3  27  12  23  66  73  43  42  30  60  19  66  90  76  62  78  92   4  55  82   2  29   8 
 84  26  74  80  69  75   5  62   6  76  99  54  80  71  97  19  16  36  40  18  25   0  84  69  36   4   2  98  36  14  81  40  37  78  74  71  40  81   6  93  27  88  97  62  79  38  26  74   8  50 
 12  29  58  91  57  53  69  56  84   9   6  35  77  60  43  92  25  92   4  64   8  28   0  42  27  37  92  13  70  79  60  15  78  46   1  20  47  99  72  21  56  20  79   4  63  85  11  98  91  44 
  9   8  55   7  26  40  52  19  47   2  68  63  80  56  39  21  16  13  41  32  61  60  66   0  32  40  66  46  45  76  89  10  24  22  88  84  89   9  59  38  71  16  49  22  39  28   7  67  48  92 
 69   3  57   1   6  54   4  59  38  59  66  95  85  22  28  52  89  10  77  82  22  90  39  81   0  34  67  52  12  56   7  54  18  41  60  81  53  46   1  71  42  98  24  69  44  20  29  87  60  83 
 60  68  88  85  28  15  49  78  24  26   4  90  14  45  39   6  40  76   6  29  60   5   9  34  63   0  32  79  36  36  34  90  60  17  41  49   7  46  55  46  74  99  54  51  62  11  84  14  29  83 
 39  95  93  97  20  44  49  55   6  66  38  56  45  81  11  61  40  83  13  47  80   5  54  55  78  62   0  73  18  69  74  73  21  15  88  39  46  64  86  58  20  74  15  44  53  19  74   8  96  46 
 55  95  46  30  48  87  32  59  15  50  61  85  17  28  71  52   6  18  79  35  41  84  43  59  75  73  26   0  30  95  48  49  40   8  65  93  50  41  26  65  56  62  53  73  30  57   5  63  75  45 
  3  88  10  19   7  54  40  45  17  55  58  14  88  65  53  53  26  94  28  65  31  26  53   1  93   2  49  29   0  59  80  96   6  22   5  60  60  77   3  74   8  84  96  32  11  13  60  13  54  25 
 56  96  38  19  89  24  27  53  65  83  67  55  82  33  44  19  75  49  38  28  69  69  10  39  55   3  27   4  78   0  56  97   7  29  27   5  42  53  39  22  33  87  48  33  22  28  63  30  33  44 
 59  65  29  79  14   9  31  65  47  44   6  37  19   1  24  44  59  86  62  83  55  16  17  96  51   4   9  16  63  38   0  34  12  82  83  44  42  92  48   5   3  87   7  75  59  49   5  79  69  24 
 28  59  31  28  96  69  73  19  90  50  85  87  52  78  34  10   8  83  62  75  73  90  73  33  39  82  43  69  55  23  32   0  37  60   9  47  56  21  16  72  55  29  97  49  45  94  85  75  23  26 
 52  99  74  82  72  59  46  99  43  57  75  64   9  79  81  68  44   3  70  21  97  91  32  90  54  21  60  99  71  31  36  79   0  22  28  89  60  84  57  12  30  42  19  88  39  49  82  20  63  32 
 53  72  72  90  57  49  94  13  52   3  63  22  52  64  44  56  87   2  65  45  63  18   8  31  44  59  20  32  22  26  79  18  80   0  66  94  16  38  43  27  87  54  84  16  77  66   8   1   8  72 
 44  50  29  82  58   6  93  82  15  14  95  79  46  25  39  86  84  49  68  70  48  55   1  63  69  38  12  59  14  73  50   7  13   7   0  91  62  21  13  63  81  51  54  23  17  44   1  99  88  10 
 17  35  69  13  80  96  95  57  14  46   8  99  31  40  29  98  43  65  79  85  69   4  37  89  62  24  14  39  61  44  67  58  24  27  73   0  91  86  73  71  60  82  52  40   3  48  33   5  58  44 
 62  21  34  85  66  92  45  34  17  35   2  79  34  72  19  62  46  92   2  25  88  80   4  19  45  40  37  41  73  81  36  32  97  22  51  11   0  55  79  13  66  48  68   2  46  56  36  66  19  89 
 61  96  40  97  21  46  54   4  26  91  45  17  38   7   8   4  12   8  86  71  86  59  21  62  88  31  52  54  15  29   6  47  40  65  28  50  62   0  75   6  60  56  44  15  84  51  68  60  54  16 
 60  72  95  77  64  87  50  70  45  35  68   5  70  45  84  56  92  37  44  11  47  27  35  45  54  43  43  92  80  53   8  75  35  20  39  87  67  64   0  62  93  40  50   6  75  59  37  58  20   3 
 35  60  42  11  86  39  86  10  19  76  12  96  85  59   8  87  51  97   7  63  23  39  73  48  12  30  34  73  78  66  30  99  39  51   7  14  79  28  17   0  22  48  88   3  58  97  95  37  57  78 
 15  52  93  41  34  78  94  32  27  79  76  89  71  97  59  66  66  82  41  71  93  47  45  88  27   6  88  49  65   2  52  40  81  37  83  41  12  81  52  86   0   6  53  22  56  19  65  25  23  41 
 87   4   5  24  84  54  93  82  55   8  79  80  32  84  70  33  96  36  36  62  11  99  43  98  50  66  64  43  54  46  30  26  46  42  67  35  88  10  11   7   8   0  13  64  97  75  94  38  19   3 
 68  22  92  24   8  12  38  17  88  99  32  97  78  14  56  39   2  13  64  24  14  46  30  66  55  80  27  41  77  28  25  11  62  93  21  24   6  89  61  98  93  79   0  57   4  10   9  58  14  77 
 32  46   6  62  48  71  19  81  96  15  15  60  44  79  55  44   8  13  31  26  75  71  99  92  21  41  62  82  31  57  72  10  56  38  32  93   6  99  21  73  32  23  96   0  67  82  85  83  90  45 
  6  73  22  23  25  35  32  73  62  15  36  60  81  13  13  60  43  42  98  68  50  79  89  31  53   8  92  13  96  27  35  47  67  77  30  74  98  66  13  41  95  62  18  36   0  12  85   2  14  78 
 83  15  54  24  91  88  92  42  30  78  80  73  56  75  15  88  22  99  30  69  83  67  62  60  86  93  80  90  84  78  19  67  65  25  40  10   2  39  46  90  35  44   8  80  67   0  53  85  44  89 
 74  89   1   9  70  32  26  36  77  60  38  84  48  63   8  39  76  41  69  23  93  31  10  67  73  25  13  99  86  20  52  40  72  86  87  41  61  59  79  53  53   7  81  10  69  83   0  45  41  55 
 75  94  33  44  15  94  45  77  20  15  57  42  38  14  45  83  71  15  34  70  75  22  40  59  32  74  51  58  25  42  37   6  56   4  51  55  60  58  23  92  39  33  65  83  60  17  14   0  89  69 
 13  36  40  64  47  21  50  13  84   2  64  14  39  26  66  53  65  63  90   8  89  52  38   2   5  41   8  71  29  29   8  67   1  95  48  69  50  79   7  41   5  64  21  42  18  25  72  89   0  27 
 95  31  43  15  85  70   4  10  67  27  57  61  21  82  31  74  12  19  76   6  89  16   3  37  44   9  92  70  22  70  19  10  80  98  99  60  35   3   9  44  77  57  88  54  13  76  75  46  97   0 
M3
  0   2  87  24  21  63  52  90  91  79   7  24  64  53  99  73  62  92  38  13  56  19  56  78   4  11  99  55  82   4  79  76  73  60  37  14  87  19  84  50  36  20  32   3  86  45  10  73  40  44 
 77   0  28  83  73   5  97  11  22  39  76  68  74  18  16  41   5  57  86  16  89  84  53  24  25  29  81  86   4  44  20  53  15  97  37  16  24  44  62  64   7  11  57  27  24  36  62   6  49  84 
 29  37   0  93  45  66  62   7  34  34  54  11  55  86  17  12  72  10  58  52  34  69  19  65  73  80  32  34  37  79  38  96  25  56  65  72  37  36   2  51  79  42  11  29  84  17  27  53  13  79 
 48  80  17   0  99  74  29  64  41  17  67   4  13  53  28  17  27  22  78  15  83  23  18  75  57  95  88  97  43  36  49  71  38  44  88  12  69  19  10  14  77  31  95  17  46  62  78  92  15  64 
 96   6  63  82   0  12  33  35  25  58  97  50  14  97   2  96  91  90  75  74  91  36  34  39   2  46  74  72  75  95  73  23  35  86  95  77  68  42  89  26  52  51  53  48  49  68  98  37  87  95 
 72  73  34  70  51   0  93  40  11  74  14  31  19  74  19  29  74  75   9   3  46  69  95  44  87  25  62  22  49  65  56  36  93  27  67  43  22  98  58  74  16  49  69  17  84  32  43  57  76  20 
  4  85  20   8  65  15   0  12  24  41  91  79  58  63  57  34  93  33  13  84  14   6  71  16  36  50  51  35  98  10  34  94  60  40  11  95  85  11  50  47  22  41  17   7  58  71   8  57  70  77 
 60  54  28  59  30  89  95   0  48  57  10  47  96  46  18   2  96  89  57   8  11   9   1  73  22  15  42  76  18  33  22  77  52  19  97  95  25  54  13  50  64  64  44  65  85  69  17   7  13  48 
 89  79  37  95  72  95  86  56   0  46  56  57  78  11  32  64  32  83  83  98  62  41  99  58  34  15  12  21  54  81  58  94  62  44  82  40  80  75   5  63  33  18  30  59  84  90  74  16  10  58 
 73  35  36  75  17  67  79  38  87   0  87  77  33  58  23  70  62  30  13  20  75  25  30  84  83   6  38  72  90  98  81  91  40  41  56  64  75   1  18  61  66  38  55  33  13  44  24  36  42  39 
 79   5  43  75  72  76  21  27  80  64   0  49  62  80  60  93  83  87  77  55  30  34  95  48  68  27  28  88  71  27  21  96  81  46   1  41   9  29  39  14  44  68  14  69  68   7  33  15  29  25 
 50  48  43  95  62  63  19  24  56  93  38   0  94  71  17  73  81  33  43   7  15  79  85  87  28  68  62  64  52  56  63  65  91  82  38  94  12  27  82  64  57  93  84  60  75  22  24  37   8  98 
 55  96  65  55  15  38  10  49  77   3  91  60   0  46  39   2  24  59  53  77  67  98  86  54  20  43  86  76  46  75  63  83  67  35  50  87  64  98  97  93  69  27   9  68  33  29  64  62  94  93 
 63   8  36  75  28  75   3  43  12  86  11  28  99   0  12  91  18  41   5  18  48  39  84  71  20  34   3  30   3  11  65   7  93  48  48  69   6  73   6  88  15  77  47   1  58  49  12  88  73   5 
 14  89  84  54  66  22  69  67   7  56  45   3  20  45   0  25  12  91  62  33  87  20  20  63  40  82  27  68  18  28  69  96  12  50  41  74  34  17  47  62  61   3  43  68  74  43  59  82  13  42 
 87  41  66  73   4  57  65  81  30   3  91  22   6  67  38   0  35  22  84   2  49  66  96  20  63  29  19  82   2  44  22  12  13  48  31  21  40  34  83  96  76  92  98  82  19  43  47  86  10  69 
 82  40  47  19  66  13  28  22  84  86  93  24  43  81  47  39   0  66  41  39  50  87  79  96  84  57  57  16  25  46  39  70  54  14  33  65  31  93  90   2  96  74  71  20  84  54  20  12  77  68 
 98  29   6  74  58  33  84  59  25  44  75  28  56  76  96  43  24   0  34  48  46   9  11  42  31  91  79   3  32  33  18  57  29  20  37  74  16  47  77   9  86   3  66  29  31  10  90  68  29  17 
 79  86  79  82  16  40   6  68  16  50  70  75  50  41   3  95  66  77   0  92  97  29  28  98   9  38  56  82  56   9  94  81  29  77  47  25  18  21  44  62  40  73  89  48  12  44  65  90  74  33 
 97  39  25  31   5  71  49  51  31  30  56  78   7  49  22  63  52  31  79   0   3  66  90   2  84   3  59  78  98   8  12  17  66  71  32  85  47  20  62  54  64   9  66   1  22  82  76  11  90  10 
 62  95  15   1  91   3  48  49  24  85  89  59   4  69  56  25  26  25  23  81   0  60  14  93  63  39  51   3  27  12  23  66  73  43  42  30  60  19  66  90  76  62  78  92   4  55  82   2  29   8 
 84  26  74  80  69  75   5  62   6  76  99  54  80  71  97  19  16  36  40  18  25   0  84  69  36   4   2  98  36  14  81  40  37  78  74  71  40  81   6  93  27  88  97  62  79  38  26  74   8  50 
 12  29  58  91  57  53  69  56  84   9   6  35  77  60  43  92  25  92   4  64   8  28   0  42  27  37  92  13  70  79  60  15  78  46   1  20  47  99  72  21  56  20  79   4  63  85  11  98  91  44 
  9   8  55   7  26  40  52  19  47   2  68  63  80  56  39  21  16  13  41  32  61  60  66   0  32  40  66  46  45  76  89  10  24  22  88  84  89   9  59  38  71  16  49  22  39  28   7  67  48  92 
 69   3  57   1   6  54   4  59  38  59  66  95  85  22  28  52  89  10  77  82  22  90  39  81   0  34  67  52  12  56   7  54  18  41  60  81  53  46   1  71  42  98  24  69  44  20  29  87  60  83 
 60  68  88  85  28  15  49  78  24  26   4  90  14  45  39   6  40  76   6  29  60   5   9  34  63   0  32  79  36  36  34  90  60  17  41  49   7  46  55  46  74  99  54  51  62  11  84  14  29  83 
 39  95  93  97  20  44  49  55   6  66  38  56  45  81  11  61  40  83  13  47  80   5  54  55  78  62   0  73  18  69  74  73  21  15  88  39  46  64  86  58  20  74  15  44  53  19  74   8  96  46 
 55  95  46  30  48  87  32  59  15  50  61  85  17  28  71  52   6  18  79  35  41  84  43  59  75  73  26   0  30  95  48  49  40   8  65  93  50  41  26  65  56  62  53  73  30  57   5  63  75  45 
  3  88  10  19   7  54  40  45  17  55  58  14  88  65  53  53  26  94  28  65  31  26  53   1  93   2  49  29   0  59  80  96   6  22   5  60  60  77   3  74   8  84  96  32  11  13  60  13  54  25 
 56  96  38  19  89  24  27  53  65  83  67  55  82  33  44  19  75  49  38  28  69  69  10  39  55   3  27   4  78   0  56  97   7  29  27   5  42  53  39  22  33  87  48  33  22  28  63  30  33  44 
 59  65  29  79  14   9  31  65  47  44   6  37  19   1  24  44  59  86  62  83  55  16  17  96  51   4   9  16  63  38   0  34  12  82  83  44  42  92  48   5   3  87   7  75  59  49   5  79  69  24 
 28  59  31  28  96  69  73  19  90  50  85  87  52  78  34  10   8  83  62  75  73  90  73  33  39  82  43  69  55  23  32   0  37  60   9  47  56  21  16  72  55  29  97  49  45  94  85  75  23  26 
 52  99  74  82  72  59  46  99  43  57  75  64   9  79  81  68  44   3  70  21  97  91  32  90  54  21  60  99  71  31  36  79   0  22  28  89  60  84  57  12  30  42  19  88  39  49  82  20  63  32 
 53  72  72  90  57  49  94  13  52   3  63  22  52  64  44  56  87   2  65  45  63  18   8  31  44  59  20  32  22  26  79  18  80   0  66  94  16  38  43  27  87  54  84  16  77  66   8   1   8  72 
 44  50  29  82  58   6  93  82  15  14  95  79  46  25  39  86  84  49  68  70  48  55   1  63  69  38  12  59  14  73  50   7  13   7   0  91  62  21  13  63  81  51  54  23  17  44   1  99  88  10 
 17  35  69  13  80  96  95  57  14  46   8  99  31  40  29  98  43  65  79  85  69   4  37  89  62  24  14  39  61  44  67  58  24  27  73   0  91  86  73  71  60  82  52  40   3  48  33   5  58  44 
 62  21  34  85  66  92  45  34  17  35   2  79  34  72  19  62  46  92   2  25  88  80   4  19  45  40  37  41  73  81  36  32  97  22  51  11   0  55  79  13  66  48  68   2  46  56  36  66  19  89 
 61  96  40  97  21  46  54   4  26  91  45  17  38   7   8   4  12   8  86  71  86  59  21  62  88  31  52  54  15  29   6  47  40  65  28  50  62   0  75   6  60  56  44  15  84  51  68  60  54  16 
 60  72  95  77  64  87  50  70  45  35  68   5  70  45  84  56  92  37  44  11  47  27  35  45  54  43  43  92  80  53   8  75  35  20  39  87  67  64   0  62  93  40  50   6  75  59  37  58  20   3 
 35  60  42  11  86  39  86  10  19  76  12  96  85  59   8  87  51  97   7  63  23  39  73  48  12  30  34  73  78  66  30  99  39  51   7  14  79  28  17   0  22  48  88   3  58  97  95  37  57  78 
 15  52  93  41  34  78  94  32  27  79  76  89  71  97  59  66  66  82  41  71  93  47  45  88  27   6  88  49  65   2  52  40  81  37  83  41  12  81  52  86   0   6  53  22  56  19  65  25  23  41 
 87   4   5  24  84  54  93  82  55   8  79  80  32  84  70  33  96  36  36  62  11  99  43  98  50  66  64  43  54  46  30  26  46  42  67  35  88  10  11   7   8   0  13  64  97  75  94  38  19   3 
 68  22  92  24   8  12  38  17  88  99  32  97  78  14  56  39   2  13  64  24  14  46  30  66  55  80  27  41  77  28  25  11  62  93  21  24   6  89  61  98  93  79   0  57   4  10   9  58  14  77 
 32  46   6  62  48  71  19  81  96  15  15  60  44  79  55  44   8  13  31  26  75  71  99  92  21  41  62  82  31  57  72  10  56  38  32  93   6  99  21  73  32  23  96   0  67  82  85  83  90  45 
  6  73  22  23  25  35  32  73  62  15  36  60  81  13  13  60  43  42  98  68  50  79  89  31  53   8  92  13  96  27  35  47  67  77  30  74  98  66  13  41  95  62  18  36   0  12  85   2  14  78 
 83  15  54  24  91  88  92  42  30  78  80  73  56  75  15  88  22  99  30  69  83  67  62  60  86  93  80  90  84  78  19  67  65  25  40  10   2  39  46  90  35  44   8  80  67   0  53  85  44  89 
 74  89   1   9  70  32  26  36  77  60  38  84  48  63   8  39  76  41  69  23  93  31  10  67  73  25  13  99  86  20  52  40  72  86  87  41  61  59  79  53  53   7  81  10  69  83   0  45  41  55 
 75  94  33  44  15  94  45  77  20  15  57  42  38  14  45  83  71  15  34  70  75  22  40  59  32  74  51  58  25  42  37   6  56   4  51  55  60  58  23  92  39  33  65  83  60  17  14   0  89  69 
 13  36  40  64  47  21  50  13  84   2  64  14  39  26  66  53  65  63  90   8  89  52  38   2   5  41   8  71  29  29   8  67   1  95  48  69  50  79   7  41   5  64  21  42  18  25  72  89   0  27 
 95  31  43  15  85  70   4  10  67  27  57  61  21  82  31  74  12  19  76   6  89  16   3  37  44   9  92  70  22  70  19  10  80  98  99  60  35   3   9  44  77  57  88  54  13  76  75  46  97   0 
M4
  0   2  87  24  21  63  52  90  91  79   7  24  64  53  99  73  62  92  38  13  56  19  56  78   4  11  99  55  82   4  79  76  73  60  37  14  87  19  84  50  36  20  32   3  86  45  10  73  40  44 
 77   0  28  83  73   5  97  11  22  39  76  68  74  18  16  41   5  57  86  16  89  84  53  24  25  29  81  86   4  44  20  53  15  97  37  16  24  44  62  64   7  11  57  27  24  36  62   6  49  84 
 29  37   0  93  45  66  62   7  34  34  54  11  55  86  17  12  72  10  58  52  34  69  19  65  73  80  32  34  37  79  38  96  25  56  65  72  37  36   2  51  79  42  11  29  84  17  27  53  13  79 
 48  80  17   0  99  74  29  64  41  17  67   4  13  53  28  17  27  22  78  15  83  23  18  75  57  95  88  97  43  36  49  71  38  44  88  12  69  19  10  14  77  31  95  17  46  62  78  92  15  64 
 96   6  63  82   0  12  33  35  25  58  97  50  14  97   2  96  91  90  75  74  91  36  34  39   2  46  74  72  75  95  73  23  35  86  95  77  68  42  89  26  52  51  53  48  49  68  98  37  87  95 
 72  73  34  70  51   0  93  40  11  74  14  31  19  74  19  29  74  75   9   3  46  69  95  44  87  25  62  22  49  65  56  36  93  27  67  43  22  98  58  74  16  49  69  17  84  32  43  57  76  20 
  4  85  20   8  65  15   0  12  24  41  91  79  58  63  57  34  93  33  13  84  14   6  71  16  36  50  51  35  98  10  34  94  60  40  11  95  85  11  50  47  22  41  17   7  58  71   8  57  70  77 
 60  54  28  59  30  89  95   0  48  57  10  47  96  46  18   2  96  89  57   8  11   9   1  73  22  15  42  76  18  33  22  77  52  19  97  95  25  54  13  50  64  64  44  65  85  69  17   7  13  48 
 89  79  37  95  72  95  86  56   0  46  56  57  78  11  32  64  32  83  83  98  62  41  99  58  34  15  12  21  54  81  58  94  62  44  82  40  80  75   5  63  33  18  30  59  84  90  74  16  10  58 
 73  35  36  75  17  67  79  38  87   0  87  77  33  58  23  70  62  30  13  20  75  25  30  84  83   6  38  72  90  98  81  91  40  41  56  64  75   1  18  61  66  38  55  33  13  44  24  36  42  39 
 79   5  43  75  72  76  21  27  80  64   0  49  62  80  60  93  83  87  77  55  30  34  95  48  68  27  28  88  71  27  21  96  81  46   1  41   9  29  39  14  44  68  14  69  68   7  33  15  29  25 
 50  48  43  95  62  63  19  24  56  93  38   0  94  71  17  73  81  33  43   7  15  79  85  87  28  68  62  64  52  56  63  65  91  82  38  94  12  27  82  64  57  93  84  60  75  22  24  37   8  98 
 55  96  65  55  15  38  10  49  77   3  91  60   0  46  39   2  24  59  53  77  67  98  86  54  20  43  86  76  46  75  63  83  67  35  50  87  64  98  97  93  69  27   9  68  33  29  64  62  94  93 
 63   8  36  75  28  75   3  43  12  86  11  28  99   0  12  91  18  41   5  18  48  39  84  71  20  34   3  30   3  11  65   7  93  48  48  69   6  73   6  88  15  77  47   1  58  49  12  88  73   5 
 14  89  84  54  66  22  69  67   7  56  45   3  20  45   0  25  12  91  62  33  87  20  20  63  40  82  27  68  18  28  69  96  12  50  41  74  34  17  47  62  61   3  43  68  74  43  59  82  13  42 
 87  41  66  73   4  57  65  81  30   3  91  22   6  67  38   0  35  22  84   2  49  66  96  20  63  29  19  82   2  44  22  12  13  48  31  21  40  34  83  96  76  92  98  82  19  43  47  86  10  69 
 82  40  47  19  66  13  28  22  84  86  93  24  43  81  47  39   0  66  41  39  50  87  79  96  84  57  57  16  25  46  39  70  54  14  33  65  31  93  90   2  96  74  71  20  84  54  20  12  77  68 
 98  29   6  74  58  33  84  59  25  44  75  28  56  76  96  43  24   0  34  48  46   9  11  42  31  91  79   3  32  33  18  57  29  20  37  74  16  47  77   9  86   3  66  29  31  10  90  68  29  17 
 79  86  79  82  16  40   6  68  16  50  70  75  50  41   3  95  66  77   0  92  97  29  28  98   9  38  56  82  56   9  94  81  29  77  47  25  18  21  44  62  40  73  89  48  12  44  65  90  74  33 
 97  39  25  31   5  71  49  51  31  30  56  78   7  49  22  63  52  31  79   0   3  66  90   2  84   3  59  78  98   8  12  17  66  71  32  85  47  20  62  54  64   9  66   1  22  82  76  11  90  10 
 62  95  15   1  91   3  48  49  24  85  89  59   4  69  56  25  26  25  23  81   0  60  14  93  63  39  51   3  27  12  23  66  73  43  42  30  60  19  66  90  76  62  78  92   4  55  82   2  29   8 
 84  26  74  80  69  75   5  62   6  76  99  54  80  71  97  19  16  36  40  18  25   0  84  69  36   4   2  98  36  14  81  40  37  78  74  71  40  81   6  93  27  88  97  62  79  38  26  74   8  50 
 12  29  58  91  57  53  69  56  84   9   6  35  77  60  43  92  25  92   4  64   8  28   0  42  27  37  92  13  70  79  60  15  78  46   1  20  47  99  72  21  56  20  79   4  63  85  11  98  91  44 
  9   8  55   7  26  40  52  19  47   2  68  63  80  56  39  21  16  13  41  32  61  60  66   0  32  40  66  46  45  76  89  10  24  22  88  84  89   9  59  38  71  16  49  22  39  28   7  67  48  92 
 69   3  57   1   6  54   4  59  38  59  66  95  85  22  28  52  89  10  77  82  22  90  39  81   0  34  67  52  12  56   7  54  18  41  60  81  53  46   1  71  42  98  24  69  44  20  29  87  60  83 
 60  68  88  85  28  15  49  78  24  26   4  90  14  45  39   6  40  76   6  29  60   5   9  34  63   0  32  79  36  36  34  90  60  17  41  49   7  46  55  46  74  99  54  51  62  11  84  14  29  83 
 39  95  93  97  20  44  49  55   6  66  38  56  45  81  11  61  40  83  13  47  80   5  54  55  78  62   0  73  18  69  74  73  21  15  88  39  46  64  86  58  20  74  15  44  53  19  74   8  96  46 
 55  95  46  30  48  87  32  59  15  50  61  85  17  28  71  52   6  18  79  35  41  84  43  59  75  73  26   0  30  95  48  49  40   8  65  93  50  41  26  65  56  62  53  73  30  57   5  63  75  45 
  3  88  10  19   7  54  40  45  17  55  58  14  88  65  53  53  26  94  28  65  31  26  53   1  93   2  49  29   0  59  80  96   6  22   5  60  60  77   3  74   8  84  96  32  11  13  60  13  54  25 
 56  96  38  19  89  24  27  53  65  83  67  55  82  33  44  19  75  49  38  28  69  69  10  39  55   3  27   4  78   0  56  97   7  29  27   5  42  53  39  22  33  87  48  33  22  28  63  30  33  44 
 59  65  29  79  14   9  31  65  47  44   6  37  19   1  24  44  59  86  62  83  55  16  17  96  51   4   9  16  63  38   0  34  12  82  83  44  42  92  48   5   3  87   7  75  59  49   5  79  69  24 
 28  59  31  28  96  69  73  19  90  50  85  87  52  78  34  10   8  83  62  75  73  90  73  33  39  82  43  69  55  23  32   0  37  60   9  47  56  21  16  72  55  29  97  49  45  94  85  75  23  26 
 52  99  74  82  72  59  46  99  43  57  75  64   9  79  81  68  44   3  70  21  97  91  32  90  54  21  60  99  71  31  36  79   0  22  28  89  60  84  57  12  30  42  19  88  39  49  82  20  63  32 
 53  72  72  90  57  49  94  13  52   3  63  22  52  64  44  56  87   2  65  45  63  18   8  31  44  59  20  32  22  26  79  18  80   0  66  94  16  38  43  27  87  54  84  16  77  66   8   1   8  72 
 44  50  29  82  58   6  93  82  15  14  95  79  46  25  39  86  84  49  68  70  48  55   1  63  69  38  12  59  14  73  50   7  13   7   0  91  62  21  13  63  81  51  54  23  17  44   1  99  88  10 
 17  35  69  13  80  96  95  57  14  46   8  99  31  40  29  98  43  65  79  85  69   4  37  89  62  24  14  39  61  44  67  58  24  27  73   0  91  86  73  71  60  82  52  40   3  48  33   5  58  44 
 62  21  34  85  66  92  45  34  17  35   2  79  34  72  19  62  46  92   2  25  88  80   4  19  45  40  37  41  73  81  36  32  97  22  51  11   0  55  79  13  66  48  68   2  46  56  36  66  19  89 
 61  96  40  97  21  46  54   4  26  91  45  17  38   7   8   4  12   8  86  71  86  59  21  62  88  31  52  54  15  29   6  47  40  65  28  50  62   0  75   6  60  56  44  15  84  51  68  60  54  16 
 60  72  95  77  64  87  50  70  45  35  68   5  70  45  84  56  92  37  44  11  47  27  35  45  54  43  43  92  80  53   8  75  35  20  39  87  67  64   0  62  93  40  50   6  75  59  37  58  20   3 
 35  60  42  11  86  39  86  10  19  76  12  96  85  59   8  87  51  97   7  63  23  39  73  48  12  30  34  73  78  66  30  99  39  51   7  14  79  28  17   0  22  48  88   3  58  97  95  37  57  78 
 15  52  93  41  34  78  94  32  27  79  76  89  71  97  59  66  66  82  41  71  93  47  45  88  27   6  88  49  65   2  52  40  81  37  83  41  12  81  52  86   0   6  53  22  56  19  65  25  23  41 
 87   4   5  24  84  54  93  82  55   8  79  80  32  84  70  33  96  36  36  62  11  99  43  98  50  66  64  43  54  46  30  26  46  42  67  35  88  10  11   7   8   0  13  64  97  75  94  38  19   3 
 68  22  92  24   8  12  38  17  88  99  32  97  78  14  56  39   2  13  64  24  14  46  30  66  55  80  27  41  77  28  25  11  62  93  21  24   6  89  61  98  93  79   0  57   4  10   9  58  14  77 
 32  46   6  62  48  71  19  81  96  15  15  60  44  79  55  44   8  13  31  26  75  71  99  92  21  41  62  82  31  57  72  10  56  38  32  93   6  99  21  73  32  23  96   0  67  82  85  83  90  45 
  6  73  22  23  25  35  32  73  62  15  36  60  81  13  13  60  43  42  98  68  50  79  89  31  53   8  92  13  96  27  35  47  67  77  30  74  98  66  13  41  95  62  18  36   0  12  85   2  14  78 
 83  15  54  24  91  88  92  42  30  78  80  73  56  75  15  88  22  99  30  69  83  67  62  60  86  93  80  90  84  78  19  67  65  25  40  10   2  39  46  90  35  44   8  80  67   0  53  85  44  89 
 74  89   1   9  70  32  26  36  77  60  38  84  48  63   8  39  76  41  69  23  93  31  10  67  73  25  13  99  86  20  52  40  72  86  87  41  61  59  79  53  53   7  81  10  69  83   0  45  41  55 
 75  94  33  44  15  94  45  77  20  15  57  42  38  14  45  83  71  15  34  70  75  22  40  59  32  74  51  58  25  42  37   6  56   4  51  55  60  58  23  92  39  33  65  83  60  17  14   0  89  69 
 13  36  40  64  47  21  50  13  84   2  64  14  39  26  66  53  65  63  90   8  89  52  38   2   5  41   8  71  29  29   8  67   1  95  48  69  50  79   7  41   5  64  21  42  18  25  72  89   0  27 
 95  31  43  15  85  70   4  10  67  27  57  61  21  82  31  74  12  19  76   6  89  16   3  37  44   9  92  70  22  70  19  10  80  98  99  60  35   3   9  44  77  57  88  54  13  76  75  46  97   0 
Reldue
 1426    3    9
 1291    1    2
  488    2    3
 1398    7    1
 1204    9    2
  717    5    1
 1632    4    2
 2000    2    8
 1122    7    6
 1243    9    6
  832    6    6
  714    7    5
  954    4    9
 1117    5    3
 1183    7    5
 2035    3    1
 1180    1    5
 1603    1    9
  721    5    3
 1491    5    3
  883    7    1
  546    3    9
 1476    6    7
 1834    5    9
  760    5    4
 1563    2    4
 1106    7    3
  918    3    2
 1329    3    4
  787    3    3
 1316    5    9
 1404    9    8
  667    7    7
  540    8    8
 1404    1    6
  524    1    9
 1307    7    2
  582    7    2
  715    5    4
 1682    4    7
 1783    9    2
 1779    7    9
  879    8    7
 1921    5    8
 1261    4    7
 1137    4    3
 2091    9    9
 1170    7    3
  515    8    3
 1281    6    1
DDW
 1302  1551
 1201  1381
  445   532
 1305  1491
 1142  1266
  662   771
 1512  1751
 1882  2119
 1052  1192
 1131  1354
  756   908
  651   776
  905  1002
 1017  1217
 1122  1244
 1926  2144
 1064  1296
 1483  1724
  650   792
 1373  1609
  809   957
  512   580
 1374  1577
 1667  2001
  691   830
 1454  1672
 1027  1184
  864   972
 1200  1459
  737   836
 1214  1418
 1303  1504
  612   721
  503   576
 1294  1513
  476   571
 1226  1387
  549   616
  654   776
 1542  1822
 1660  1905
 1611  1948
  818   940
 1789  2053
 1171  1351
 1029  1246
 1929  2252
 1111  1230
  466   564
 1161  1402
