50   8
MD
  5  5  2  3  5  5  5  3
PT
 35  74  22  67  13  70  60  22  28  10  18  85  55  61  58  62  14  12  82  11  36  85  77  76  73  54  39  27  98  71  79  72  17  89  95  92  54  99  20  85  47  51   1  96  11  41  65  26  59  67 
 94  76  63   7  21  36  83  29  21  57  20  48   6  70  99  23  81  37  20  66  58  68  51  80  19  80  50  70  78   9  10  53  94  36  97  57  40  64  59  39  96  72   2  21  46  47  17  90  84  75 
  5  35  22  94  10  78  91  70  16  49  78  28  14  69   1  51  36  61  77  39  38   5  36  77   3  21  52  37  16  53  63  66  25  22  50  32  88  87  93  84  18  80  72  62  81  76  25  77  37  82 
 41  21  41  36  44  79  22  82  91  38  42  28  53  84  25  60  69  17  93  22  94  67   7  50  15  99  43  57  61  80  22  83  92   4  90  89   6  32  75  76  24  30  82  23  10  48  79  10  31  56 
  2  10  29  77  85  37   6  73  72   7  67  37  84  65  78  29  41  92  50  71  92  42  50  30  70  14  60   3  55  66   8  88  92  27  83  70  63   1   2  43  40   1   8   5  98  30  62  83  58  88 
 68  92  33  55  51  52  58  87  55  94   1  32  72  51  66  13  61  43  36  99  52  97   5  75  81  53  10  89  18  30  53  40  92  64  96  28   7  46  81  21  83  55   8  39  34  68  43  69  60  58 
  3  98  30  42  55  63   7  31  26   7   6  35  84  55  77  80  53  28  56  82  21  51  98  37  41  75  23  83  50  91  44  89  20  64  86  53  10  32  46  55  53  36  59  37  52  97  63  15   9  98 
 30  26  69  98  92  15  30  60  14  43  75  36  25  20  71  57  82  16  89  91  26  32  13  81  46  49  54  52  41  12  27  13  31  26  86  83  66   9  13  12  62  23  48  13  62  42   5  33  25  71 
SSD
M0
  0  58   3  29  38  28  45  72  94  58   3  10  39  79  71  82  95  26  81  93   9  86  35  18  72  29  59  51  64  47  33  90  97  12  45  93  43  81  26  23  86  35  81   1   2  91  41   5  14   3 
 73   0  52  19  19  44  84  32  26  13  65  95  31  35  82  18  21  62  31  42  23  44  47  33  62  27  92  79   9  99  49  81  96  60  15  80  94  61  19  92  44  18  97  98  48  82  91  36  98  55 
 39  60   0  86  94  34  55  54  44  21  99  48  97  21  32  71  79  12  50  81  68   3  54   2  35  96  82   9  37  99   6  27  88  30  62  63  36  39  96  41  11  54  17   5  26  48  47  22  89  31 
  9  19  72   0  63  34  36  94  59  39  76  76  70  55  11  93  65  11  30  89  35  46   6   4  58  21  12  20  99   9  99  82  46  67  93  11  47  17   1  49  78  40   9  91  41  86  43  41  57   1 
 86  85  36  83   0  78  21  70  37  23  46  33  61  12  81  15  94  91  11  97  97  50  73  42   6  48  88  11  90  44  54  21  34  93  64  63   3  11  72  47  58  59  31  58  61  26  79  74  44   5 
 92  63  83  72  97   0   4  80  37  82  31  44  74  49  59  97  68   7  68  30  68  39  37  46  76   6  64  47  50  62  30  71  45   1  68  52  71  44  35  40  49  34   9  32  98  94   4  45  34   9 
 70  42  57  66  38  31   0  59  19  63  71  95  25  48  74  66  99  49  87  47  42  33  59   3  79  49   4  87  86  63  33   2  99  95  23  61  88  40   7  33  44  32  85  35  55  51  30  77  91  69 
 45  98  77  19   4  21  19   0  72  54  59  73  84  27  46  80  98  88  49  20  77  41  14  84  68  30  70  99  56  22  77  58  76  84  78  24  97  80  32  14  65  82  46  19  12  62  64  45  17   5 
 73  77  78  50  46  75  36  48   0  34  83  38   6  88  36  52  34  70  72  75  59   5  52   5  88  19   8  79  10  99  82  68  89  36  90  12  17  44  84  56  27  89  88  74  47  88  95  67  62   5 
 59  12  23  76  68  15  85  19  82   0  50  29  50  78  44  54  21  89  44   5  59  81  70  22  86  32   3  74  62  89  89  25  42  28  51  56  36  73  37  35  89  38  78   4  40  70  83  77  46  29 
 78  67  40   3   4  51  46  43  33  70   0  66  37  61  64  88  84  50   5  72  57  57  76  68  38  38  43  47  90  14  85  30  43  27  89  96  53  33  45   7  54  89  94  60   5  42  49  84  12  69 
 70  27  19  26  83  86  41  45  48  96  69   0  84  88  39  29  64  81  70  61  97  14  74  43  44  43  41  47  12  23  86   7  17  15  43  83  38  79  78  49  24   4  73  66  71  94  46  20  78  11 
 25  63  35   7  57   3  49   4   5  19  89  36   0  92  28   5  43  61  15  30  35  13  29  15  92  93  19  50   5  14  57  65  87  31  89  20  95  34  22   1  93   3  19  99  91  71   2  53  32  91 
 21  34  53   1   3  49  71  28  15  44  87  77   2   0  34  74  22  41  21  91  14  85  57  72  83   1  54   1  15  99  56   1  27  37  35  58  40  30  89  48  52  59  92   2  40   7  50   9  60  74 
 11  36  43   6  71  75  70   9  99  79  63  50  51   9   0  56  96  76  89  57  72  77  40  68  53  70   9  14  22  99  82   3  54  74   9  17  28   7  29  14  16  14  73  96  13  68  33  93  42  11 
  9  95  30  40  52  49  31  36  32  46  32  78  96  26  41   0  99  99  89  53  40  95  35  88  39  26  47  80  58   5  13  17  57  41  19  27  97  66  93   3  90  66  90  65  15  51  10  45   9   7 
 93  18  98  96   7  66  82  19  69  82  89  18  16  29  82  28   0  22  24  84  20  52  28  46  62  13  38  16  31  16  50  91  49  44  26  81  11  47  26  38  76  95  26   4  57  91  77  65  31   1 
 29   5  50  57  24  13  50  95  39  29  11  21  10  50  21  54  64   0  38  73  27  46  56  94  77  66  80  27  18  43  47  44  46  11  57  27  34  92  56  80   7  26  42  30  31  38  62  28  17  99 
 54  21  84  14  57  56  53  79  48  56  78  40  65  16  45  46   9  36   0  10  80  70  18  70  45  34  52  90  63  74  66  22  14  93  11  13  49  55  34  10  72  43  87  18  75  75  78  85  85  39 
 73  11  51  83  28  67  79  85  90  39  36  88  96   4  47  89  17   9  90   0  62  87  94  45  77  97  59  26  91  46  10  85   3  22  97  47  84  39  14  67   4   4  86  74  12  18  74  20  26  57 
 74  91  37  91  51  91  71  20  57  80  73  43  75  83  10  20  31  81  80  66   0  68  79  84  47  21  42  85  35  20  50  56  10  82  95  29  54  52  46  85  58  55   7  88  57  59   9  57  12  82 
 45  62  97  36  60  36  45  98  28  23  41   6  72  29  70  80  39  59  82  46  13   0  87  48  61   1  21  92  20  25  25  47  83  50  93   5  31  90  96  66  57  82  28  81  93  57  89   4  20  88 
 50  91  33  43  29  73  74  11  82  94  73  40  70   3  83  59  15  12  81  40   4  86   0  65  30  68  87  37  62  24   2  70  24  11  81  23  12  91  81  82  25  68  56  91  63  38  55  27   6  81 
 78  84  82  46  24  29  26  89  59  91  14  29  59   3  68   5  87  61  95  84  61   5  17   0  37  81  41  22  18  31   6  72   8  41  66  45  56  80   4  22  17  45  91  81  66  93  28  96  39  20 
 35  60  21  59  42  47   7  15  66  67  73  42  65  42  93  39  72  57  64  59  57  14  58  84   0  69  49  36  96  11  52  51  59  69  59  51  81  81  24   3  73  88  35  34  60  36  20  14  64  83 
 68  23  79  14  40  62  49  60  86  33  32  13   8  91  49  74  32  92  54  51   8  38  56   4  88   0  31  95  50  59  14  44  58  37  59  23  62  30  94  56  48  60  58  87  90  21  58  50  28  59 
 71  33  80  17  53  54  42  63  22  72  31  62  67  10  90  54   1  43   4  67  57  33  50  81  42  60   0  93  78  25  61  34  73  94  42  81  14   9  65  12   3  87  17  65  97  25  65  51  89  67 
 79  33  97  79  35  75  97  88  83  55  89  56  63  46  19  84  87  48  65  77  10  29  60  12  42  47  57   0  23  40  47  92  70   3  47  84  23   3  73  37  59  96  65  23   8  79  54  48  75  18 
 14  38  30  82  86  80  89  84  28  57  83  88   9  75  15  63  69  71   5  64  75  13   4  38   1  86  28  37   0  16  51   5  77  66  63   7  57  70   6  56  51  24  35  87  13  36  19   1  89  49 
  2  69  74  64   7  40  45  51  55  43  70  24  95  21  79  30  24  62  61  98  69  45  14  72  17  62  70  24  23   0  42  56  11  57  11  37  67  64  27  43  39   5  17  42  13  38  62  85   9  93 
 44  22   4  70  45  67  65  67  46   9  71  53  49  95  72  64  58  38  79  55  16  31  92  75  21  26  68  12   6   3   0  34  37  79  33  62  26  66  91   4   2  70  78   6  73  17   3  30   2  61 
 31  13  91  64  21  53  91  25  52  89  17  26  85  60  26  78  55  81  88  53   6  42  52  91  77  94  41  12  42  62  23   0   7  14  25  88  15  22  83  15  33  90  27  81   7  44  38  88  57  68 
 34  39  92  96  23  97  36  74  62  81  87  35  70  14  67  38  52  13  71  87  94  82  57  59  53  61  46  85   1  56  24  75   0  33   7  90  20  32  53  43  66  59   8  94  15  51  66  51  94  11 
 25  81   8  39  66  11  37  84  25   9  31  73   6  37  58   5  91  51  67  18  69  76   4  18  89  16  85  40  93  89  15  77  13   0  57  22  11  27  87  41  94  20  72  82  42  59  12  40   1  21 
 28  42  82  33  35  27  71  41  81  67  52  30  61  60  42  75  46  75  46  77  16  60   9  98  62  64  85  46  62  61  71  85  78  50   0  10  33  76  71  27  15  83  54  44  17  87  18  95  71  93 
 31  87  18  38  17  34  58  12  79  40  62  74  32  47  21  84  22  38  62   3  34  58  30  51   3  28   6  41  50  40  58  97  34  91  73   0  83  93  25  57  76  40   4  17  50  12  91  97  30  45 
 40  82  85  45  12   6  33  98  24  11  17  10  12  60  56  15  22  23  90  10  21  15  64  23  48  39  58  30  68  66  36   8  24  26  13  65   0  35  18  25  73  14  19  10  63  13  74  83  74  93 
 65  53  27  12  68   6  62  84  48  11  27  83  33  75   5  73  49  56  63  71   3  87  70  46  73  98  20  22  17  24  52  74  72  81  55  47  41   0  90  49  65  59  74   2   9  44  71   5  43  38 
 56   8  88  71  93  29  89  28  52  17  69  44  75   9  19  21  39  79  65   9  67  24  82  88  79  15  42  72  59  27  94  60  12  99  60  35  62   3   0  80  35  81  54  26  31  36  54  59  32  27 
 13  47  10  44  15  50  57  32   9  31  36   2  34  84  75  19  19  37  79  82  32  60  11  53  94  59  91  60  38  81  69  98  52  56  53  91  82  15  24   0  81  18  42  16  43  14  56  83   8  21 
 16  88  63  24  83  40  34   4  50  65  22  45  14  71  19  19  75  42  38  69  98  72  77  43   6  22  98  88  76  90  53  28  88  30  62  34  45  29  21  66   0  71  42   4  67  46  72  24  59  62 
 29  56  50  14  52   2  85  74  53   6  71  72  75   4  75  31  32  64  18  24  24  66  75  14  97  44  35  66  56  51  92  16  84  39  77  16   5  34  72  55  17   0  91  36  94  55  73  71  42  35 
 76  41  23  64  38  85  76   2  40   6  21   3  23  86  60  37  68  84  67  95   7  28  94  86  92  14  99   2  99  33  39  47  39  73  68   5  74  52  23  68  94  55   0  18   2  17  40  47  43  88 
 56  25  95  55  44  81  37  46  96  91  72  48  56  20  92  36   3  69  75  53  80  31  24  15  90  80   1  35  24  29  97   9   1   7   5  45  36  45  35  28  39  65  60   0  83  88  51  24  10  15 
 76   4  86  48  11  96  22  44  66  38  85  84  49  49  83  18  60  86  25  71  19  68  71  21  74  51  58  35  93  78  35  46  46  58  96  89  83  34  70  96   9  99  35  18   0  20  12  63   4   1 
 86  96  85  29  79  24  42  80  18  28  35  44  11  24  67   8  18  49  16  78  92  88  23  64  43  93  54  60   7  83  15  35  43  29  58  56  25  70  47  24  85  12  44  89  52   0  91  60  42  44 
 25  97  40  37  57  47  57  16  79  40  18  26   7  11  90  87  59  69  44  92  11  78  92   1  21  98  51  82   5  71  52  90  51  96  11  11  69  86  84  48  48  95  67  66  74  45   0  76  90  57 
 59  61  11   8   2  21  91  55  54  98  24  61  42  63  76  91   6  47  78  44  13  99  40  84  20  89  67  84  93  12  38  56  17  41  28  33  64  28  96  70  44  77   8  10  21  89  46   0  19  45 
 34   3  60  10  13  40  94  48  15  59  78  45  32  64  31  28  75  65   7  71  95  43   7  45  17  80  22  58  68  73  67  34  86  93  30   4  55  96  95  17  55  31  94  45  25  21  28  70   0  60 
 33  90  77  40  64  43  86  58  31  37  67  58  31  49  22  50  61  55  21  60   7  42  72  99  46  43  32  24  78  86   3  34  56  50  83  39  91   5  52  42  69  23  15  92  29  28  55  97  86   0 
M1
  0  58   3  29  38  28  45  72  94  58   3  10  39  79  71  82  95  26  81  93   9  86  35  18  72  29  59  51  64  47  33  90  97  12  45  93  43  81  26  23  86  35  81   1   2  91  41   5  14   3 
 73   0  52  19  19  44  84  32  26  13  65  95  31  35  82  18  21  62  31  42  23  44  47  33  62  27  92  79   9  99  49  81  96  60  15  80  94  61  19  92  44  18  97  98  48  82  91  36  98  55 
 39  60   0  86  94  34  55  54  44  21  99  48  97  21  32  71  79  12  50  81  68   3  54   2  35  96  82   9  37  99   6  27  88  30  62  63  36  39  96  41  11  54  17   5  26  48  47  22  89  31 
  9  19  72   0  63  34  36  94  59  39  76  76  70  55  11  93  65  11  30  89  35  46   6   4  58  21  12  20  99   9  99  82  46  67  93  11  47  17   1  49  78  40   9  91  41  86  43  41  57   1 
 86  85  36  83   0  78  21  70  37  23  46  33  61  12  81  15  94  91  11  97  97  50  73  42   6  48  88  11  90  44  54  21  34  93  64  63   3  11  72  47  58  59  31  58  61  26  79  74  44   5 
 92  63  83  72  97   0   4  80  37  82  31  44  74  49  59  97  68   7  68  30  68  39  37  46  76   6  64  47  50  62  30  71  45   1  68  52  71  44  35  40  49  34   9  32  98  94   4  45  34   9 
 70  42  57  66  38  31   0  59  19  63  71  95  25  48  74  66  99  49  87  47  42  33  59   3  79  49   4  87  86  63  33   2  99  95  23  61  88  40   7  33  44  32  85  35  55  51  30  77  91  69 
 45  98  77  19   4  21  19   0  72  54  59  73  84  27  46  80  98  88  49  20  77  41  14  84  68  30  70  99  56  22  77  58  76  84  78  24  97  80  32  14  65  82  46  19  12  62  64  45  17   5 
 73  77  78  50  46  75  36  48   0  34  83  38   6  88  36  52  34  70  72  75  59   5  52   5  88  19   8  79  10  99  82  68  89  36  90  12  17  44  84  56  27  89  88  74  47  88  95  67  62   5 
 59  12  23  76  68  15  85  19  82   0  50  29  50  78  44  54  21  89  44   5  59  81  70  22  86  32   3  74  62  89  89  25  42  28  51  56  36  73  37  35  89  38  78   4  40  70  83  77  46  29 
 78  67  40   3   4  51  46  43  33  70   0  66  37  61  64  88  84  50   5  72  57  57  76  68  38  38  43  47  90  14  85  30  43  27  89  96  53  33  45   7  54  89  94  60   5  42  49  84  12  69 
 70  27  19  26  83  86  41  45  48  96  69   0  84  88  39  29  64  81  70  61  97  14  74  43  44  43  41  47  12  23  86   7  17  15  43  83  38  79  78  49  24   4  73  66  71  94  46  20  78  11 
 25  63  35   7  57   3  49   4   5  19  89  36   0  92  28   5  43  61  15  30  35  13  29  15  92  93  19  50   5  14  57  65  87  31  89  20  95  34  22   1  93   3  19  99  91  71   2  53  32  91 
 21  34  53   1   3  49  71  28  15  44  87  77   2   0  34  74  22  41  21  91  14  85  57  72  83   1  54   1  15  99  56   1  27  37  35  58  40  30  89  48  52  59  92   2  40   7  50   9  60  74 
 11  36  43   6  71  75  70   9  99  79  63  50  51   9   0  56  96  76  89  57  72  77  40  68  53  70   9  14  22  99  82   3  54  74   9  17  28   7  29  14  16  14  73  96  13  68  33  93  42  11 
  9  95  30  40  52  49  31  36  32  46  32  78  96  26  41   0  99  99  89  53  40  95  35  88  39  26  47  80  58   5  13  17  57  41  19  27  97  66  93   3  90  66  90  65  15  51  10  45   9   7 
 93  18  98  96   7  66  82  19  69  82  89  18  16  29  82  28   0  22  24  84  20  52  28  46  62  13  38  16  31  16  50  91  49  44  26  81  11  47  26  38  76  95  26   4  57  91  77  65  31   1 
 29   5  50  57  24  13  50  95  39  29  11  21  10  50  21  54  64   0  38  73  27  46  56  94  77  66  80  27  18  43  47  44  46  11  57  27  34  92  56  80   7  26  42  30  31  38  62  28  17  99 
 54  21  84  14  57  56  53  79  48  56  78  40  65  16  45  46   9  36   0  10  80  70  18  70  45  34  52  90  63  74  66  22  14  93  11  13  49  55  34  10  72  43  87  18  75  75  78  85  85  39 
 73  11  51  83  28  67  79  85  90  39  36  88  96   4  47  89  17   9  90   0  62  87  94  45  77  97  59  26  91  46  10  85   3  22  97  47  84  39  14  67   4   4  86  74  12  18  74  20  26  57 
 74  91  37  91  51  91  71  20  57  80  73  43  75  83  10  20  31  81  80  66   0  68  79  84  47  21  42  85  35  20  50  56  10  82  95  29  54  52  46  85  58  55   7  88  57  59   9  57  12  82 
 45  62  97  36  60  36  45  98  28  23  41   6  72  29  70  80  39  59  82  46  13   0  87  48  61   1  21  92  20  25  25  47  83  50  93   5  31  90  96  66  57  82  28  81  93  57  89   4  20  88 
 50  91  33  43  29  73  74  11  82  94  73  40  70   3  83  59  15  12  81  40   4  86   0  65  30  68  87  37  62  24   2  70  24  11  81  23  12  91  81  82  25  68  56  91  63  38  55  27   6  81 
 78  84  82  46  24  29  26  89  59  91  14  29  59   3  68   5  87  61  95  84  61   5  17   0  37  81  41  22  18  31   6  72   8  41  66  45  56  80   4  22  17  45  91  81  66  93  28  96  39  20 
 35  60  21  59  42  47   7  15  66  67  73  42  65  42  93  39  72  57  64  59  57  14  58  84   0  69  49  36  96  11  52  51  59  69  59  51  81  81  24   3  73  88  35  34  60  36  20  14  64  83 
 68  23  79  14  40  62  49  60  86  33  32  13   8  91  49  74  32  92  54  51   8  38  56   4  88   0  31  95  50  59  14  44  58  37  59  23  62  30  94  56  48  60  58  87  90  21  58  50  28  59 
 71  33  80  17  53  54  42  63  22  72  31  62  67  10  90  54   1  43   4  67  57  33  50  81  42  60   0  93  78  25  61  34  73  94  42  81  14   9  65  12   3  87  17  65  97  25  65  51  89  67 
 79  33  97  79  35  75  97  88  83  55  89  56  63  46  19  84  87  48  65  77  10  29  60  12  42  47  57   0  23  40  47  92  70   3  47  84  23   3  73  37  59  96  65  23   8  79  54  48  75  18 
 14  38  30  82  86  80  89  84  28  57  83  88   9  75  15  63  69  71   5  64  75  13   4  38   1  86  28  37   0  16  51   5  77  66  63   7  57  70   6  56  51  24  35  87  13  36  19   1  89  49 
  2  69  74  64   7  40  45  51  55  43  70  24  95  21  79  30  24  62  61  98  69  45  14  72  17  62  70  24  23   0  42  56  11  57  11  37  67  64  27  43  39   5  17  42  13  38  62  85   9  93 
 44  22   4  70  45  67  65  67  46   9  71  53  49  95  72  64  58  38  79  55  16  31  92  75  21  26  68  12   6   3   0  34  37  79  33  62  26  66  91   4   2  70  78   6  73  17   3  30   2  61 
 31  13  91  64  21  53  91  25  52  89  17  26  85  60  26  78  55  81  88  53   6  42  52  91  77  94  41  12  42  62  23   0   7  14  25  88  15  22  83  15  33  90  27  81   7  44  38  88  57  68 
 34  39  92  96  23  97  36  74  62  81  87  35  70  14  67  38  52  13  71  87  94  82  57  59  53  61  46  85   1  56  24  75   0  33   7  90  20  32  53  43  66  59   8  94  15  51  66  51  94  11 
 25  81   8  39  66  11  37  84  25   9  31  73   6  37  58   5  91  51  67  18  69  76   4  18  89  16  85  40  93  89  15  77  13   0  57  22  11  27  87  41  94  20  72  82  42  59  12  40   1  21 
 28  42  82  33  35  27  71  41  81  67  52  30  61  60  42  75  46  75  46  77  16  60   9  98  62  64  85  46  62  61  71  85  78  50   0  10  33  76  71  27  15  83  54  44  17  87  18  95  71  93 
 31  87  18  38  17  34  58  12  79  40  62  74  32  47  21  84  22  38  62   3  34  58  30  51   3  28   6  41  50  40  58  97  34  91  73   0  83  93  25  57  76  40   4  17  50  12  91  97  30  45 
 40  82  85  45  12   6  33  98  24  11  17  10  12  60  56  15  22  23  90  10  21  15  64  23  48  39  58  30  68  66  36   8  24  26  13  65   0  35  18  25  73  14  19  10  63  13  74  83  74  93 
 65  53  27  12  68   6  62  84  48  11  27  83  33  75   5  73  49  56  63  71   3  87  70  46  73  98  20  22  17  24  52  74  72  81  55  47  41   0  90  49  65  59  74   2   9  44  71   5  43  38 
 56   8  88  71  93  29  89  28  52  17  69  44  75   9  19  21  39  79  65   9  67  24  82  88  79  15  42  72  59  27  94  60  12  99  60  35  62   3   0  80  35  81  54  26  31  36  54  59  32  27 
 13  47  10  44  15  50  57  32   9  31  36   2  34  84  75  19  19  37  79  82  32  60  11  53  94  59  91  60  38  81  69  98  52  56  53  91  82  15  24   0  81  18  42  16  43  14  56  83   8  21 
 16  88  63  24  83  40  34   4  50  65  22  45  14  71  19  19  75  42  38  69  98  72  77  43   6  22  98  88  76  90  53  28  88  30  62  34  45  29  21  66   0  71  42   4  67  46  72  24  59  62 
 29  56  50  14  52   2  85  74  53   6  71  72  75   4  75  31  32  64  18  24  24  66  75  14  97  44  35  66  56  51  92  16  84  39  77  16   5  34  72  55  17   0  91  36  94  55  73  71  42  35 
 76  41  23  64  38  85  76   2  40   6  21   3  23  86  60  37  68  84  67  95   7  28  94  86  92  14  99   2  99  33  39  47  39  73  68   5  74  52  23  68  94  55   0  18   2  17  40  47  43  88 
 56  25  95  55  44  81  37  46  96  91  72  48  56  20  92  36   3  69  75  53  80  31  24  15  90  80   1  35  24  29  97   9   1   7   5  45  36  45  35  28  39  65  60   0  83  88  51  24  10  15 
 76   4  86  48  11  96  22  44  66  38  85  84  49  49  83  18  60  86  25  71  19  68  71  21  74  51  58  35  93  78  35  46  46  58  96  89  83  34  70  96   9  99  35  18   0  20  12  63   4   1 
 86  96  85  29  79  24  42  80  18  28  35  44  11  24  67   8  18  49  16  78  92  88  23  64  43  93  54  60   7  83  15  35  43  29  58  56  25  70  47  24  85  12  44  89  52   0  91  60  42  44 
 25  97  40  37  57  47  57  16  79  40  18  26   7  11  90  87  59  69  44  92  11  78  92   1  21  98  51  82   5  71  52  90  51  96  11  11  69  86  84  48  48  95  67  66  74  45   0  76  90  57 
 59  61  11   8   2  21  91  55  54  98  24  61  42  63  76  91   6  47  78  44  13  99  40  84  20  89  67  84  93  12  38  56  17  41  28  33  64  28  96  70  44  77   8  10  21  89  46   0  19  45 
 34   3  60  10  13  40  94  48  15  59  78  45  32  64  31  28  75  65   7  71  95  43   7  45  17  80  22  58  68  73  67  34  86  93  30   4  55  96  95  17  55  31  94  45  25  21  28  70   0  60 
 33  90  77  40  64  43  86  58  31  37  67  58  31  49  22  50  61  55  21  60   7  42  72  99  46  43  32  24  78  86   3  34  56  50  83  39  91   5  52  42  69  23  15  92  29  28  55  97  86   0 
M2
  0  58   3  29  38  28  45  72  94  58   3  10  39  79  71  82  95  26  81  93   9  86  35  18  72  29  59  51  64  47  33  90  97  12  45  93  43  81  26  23  86  35  81   1   2  91  41   5  14   3 
 73   0  52  19  19  44  84  32  26  13  65  95  31  35  82  18  21  62  31  42  23  44  47  33  62  27  92  79   9  99  49  81  96  60  15  80  94  61  19  92  44  18  97  98  48  82  91  36  98  55 
 39  60   0  86  94  34  55  54  44  21  99  48  97  21  32  71  79  12  50  81  68   3  54   2  35  96  82   9  37  99   6  27  88  30  62  63  36  39  96  41  11  54  17   5  26  48  47  22  89  31 
  9  19  72   0  63  34  36  94  59  39  76  76  70  55  11  93  65  11  30  89  35  46   6   4  58  21  12  20  99   9  99  82  46  67  93  11  47  17   1  49  78  40   9  91  41  86  43  41  57   1 
 86  85  36  83   0  78  21  70  37  23  46  33  61  12  81  15  94  91  11  97  97  50  73  42   6  48  88  11  90  44  54  21  34  93  64  63   3  11  72  47  58  59  31  58  61  26  79  74  44   5 
 92  63  83  72  97   0   4  80  37  82  31  44  74  49  59  97  68   7  68  30  68  39  37  46  76   6  64  47  50  62  30  71  45   1  68  52  71  44  35  40  49  34   9  32  98  94   4  45  34   9 
 70  42  57  66  38  31   0  59  19  63  71  95  25  48  74  66  99  49  87  47  42  33  59   3  79  49   4  87  86  63  33   2  99  95  23  61  88  40   7  33  44  32  85  35  55  51  30  77  91  69 
 45  98  77  19   4  21  19   0  72  54  59  73  84  27  46  80  98  88  49  20  77  41  14  84  68  30  70  99  56  22  77  58  76  84  78  24  97  80  32  14  65  82  46  19  12  62  64  45  17   5 
 73  77  78  50  46  75  36  48   0  34  83  38   6  88  36  52  34  70  72  75  59   5  52   5  88  19   8  79  10  99  82  68  89  36  90  12  17  44  84  56  27  89  88  74  47  88  95  67  62   5 
 59  12  23  76  68  15  85  19  82   0  50  29  50  78  44  54  21  89  44   5  59  81  70  22  86  32   3  74  62  89  89  25  42  28  51  56  36  73  37  35  89  38  78   4  40  70  83  77  46  29 
 78  67  40   3   4  51  46  43  33  70   0  66  37  61  64  88  84  50   5  72  57  57  76  68  38  38  43  47  90  14  85  30  43  27  89  96  53  33  45   7  54  89  94  60   5  42  49  84  12  69 
 70  27  19  26  83  86  41  45  48  96  69   0  84  88  39  29  64  81  70  61  97  14  74  43  44  43  41  47  12  23  86   7  17  15  43  83  38  79  78  49  24   4  73  66  71  94  46  20  78  11 
 25  63  35   7  57   3  49   4   5  19  89  36   0  92  28   5  43  61  15  30  35  13  29  15  92  93  19  50   5  14  57  65  87  31  89  20  95  34  22   1  93   3  19  99  91  71   2  53  32  91 
 21  34  53   1   3  49  71  28  15  44  87  77   2   0  34  74  22  41  21  91  14  85  57  72  83   1  54   1  15  99  56   1  27  37  35  58  40  30  89  48  52  59  92   2  40   7  50   9  60  74 
 11  36  43   6  71  75  70   9  99  79  63  50  51   9   0  56  96  76  89  57  72  77  40  68  53  70   9  14  22  99  82   3  54  74   9  17  28   7  29  14  16  14  73  96  13  68  33  93  42  11 
  9  95  30  40  52  49  31  36  32  46  32  78  96  26  41   0  99  99  89  53  40  95  35  88  39  26  47  80  58   5  13  17  57  41  19  27  97  66  93   3  90  66  90  65  15  51  10  45   9   7 
 93  18  98  96   7  66  82  19  69  82  89  18  16  29  82  28   0  22  24  84  20  52  28  46  62  13  38  16  31  16  50  91  49  44  26  81  11  47  26  38  76  95  26   4  57  91  77  65  31   1 
 29   5  50  57  24  13  50  95  39  29  11  21  10  50  21  54  64   0  38  73  27  46  56  94  77  66  80  27  18  43  47  44  46  11  57  27  34  92  56  80   7  26  42  30  31  38  62  28  17  99 
 54  21  84  14  57  56  53  79  48  56  78  40  65  16  45  46   9  36   0  10  80  70  18  70  45  34  52  90  63  74  66  22  14  93  11  13  49  55  34  10  72  43  87  18  75  75  78  85  85  39 
 73  11  51  83  28  67  79  85  90  39  36  88  96   4  47  89  17   9  90   0  62  87  94  45  77  97  59  26  91  46  10  85   3  22  97  47  84  39  14  67   4   4  86  74  12  18  74  20  26  57 
 74  91  37  91  51  91  71  20  57  80  73  43  75  83  10  20  31  81  80  66   0  68  79  84  47  21  42  85  35  20  50  56  10  82  95  29  54  52  46  85  58  55   7  88  57  59   9  57  12  82 
 45  62  97  36  60  36  45  98  28  23  41   6  72  29  70  80  39  59  82  46  13   0  87  48  61   1  21  92  20  25  25  47  83  50  93   5  31  90  96  66  57  82  28  81  93  57  89   4  20  88 
 50  91  33  43  29  73  74  11  82  94  73  40  70   3  83  59  15  12  81  40   4  86   0  65  30  68  87  37  62  24   2  70  24  11  81  23  12  91  81  82  25  68  56  91  63  38  55  27   6  81 
 78  84  82  46  24  29  26  89  59  91  14  29  59   3  68   5  87  61  95  84  61   5  17   0  37  81  41  22  18  31   6  72   8  41  66  45  56  80   4  22  17  45  91  81  66  93  28  96  39  20 
 35  60  21  59  42  47   7  15  66  67  73  42  65  42  93  39  72  57  64  59  57  14  58  84   0  69  49  36  96  11  52  51  59  69  59  51  81  81  24   3  73  88  35  34  60  36  20  14  64  83 
 68  23  79  14  40  62  49  60  86  33  32  13   8  91  49  74  32  92  54  51   8  38  56   4  88   0  31  95  50  59  14  44  58  37  59  23  62  30  94  56  48  60  58  87  90  21  58  50  28  59 
 71  33  80  17  53  54  42  63  22  72  31  62  67  10  90  54   1  43   4  67  57  33  50  81  42  60   0  93  78  25  61  34  73  94  42  81  14   9  65  12   3  87  17  65  97  25  65  51  89  67 
 79  33  97  79  35  75  97  88  83  55  89  56  63  46  19  84  87  48  65  77  10  29  60  12  42  47  57   0  23  40  47  92  70   3  47  84  23   3  73  37  59  96  65  23   8  79  54  48  75  18 
 14  38  30  82  86  80  89  84  28  57  83  88   9  75  15  63  69  71   5  64  75  13   4  38   1  86  28  37   0  16  51   5  77  66  63   7  57  70   6  56  51  24  35  87  13  36  19   1  89  49 
  2  69  74  64   7  40  45  51  55  43  70  24  95  21  79  30  24  62  61  98  69  45  14  72  17  62  70  24  23   0  42  56  11  57  11  37  67  64  27  43  39   5  17  42  13  38  62  85   9  93 
 44  22   4  70  45  67  65  67  46   9  71  53  49  95  72  64  58  38  79  55  16  31  92  75  21  26  68  12   6   3   0  34  37  79  33  62  26  66  91   4   2  70  78   6  73  17   3  30   2  61 
 31  13  91  64  21  53  91  25  52  89  17  26  85  60  26  78  55  81  88  53   6  42  52  91  77  94  41  12  42  62  23   0   7  14  25  88  15  22  83  15  33  90  27  81   7  44  38  88  57  68 
 34  39  92  96  23  97  36  74  62  81  87  35  70  14  67  38  52  13  71  87  94  82  57  59  53  61  46  85   1  56  24  75   0  33   7  90  20  32  53  43  66  59   8  94  15  51  66  51  94  11 
 25  81   8  39  66  11  37  84  25   9  31  73   6  37  58   5  91  51  67  18  69  76   4  18  89  16  85  40  93  89  15  77  13   0  57  22  11  27  87  41  94  20  72  82  42  59  12  40   1  21 
 28  42  82  33  35  27  71  41  81  67  52  30  61  60  42  75  46  75  46  77  16  60   9  98  62  64  85  46  62  61  71  85  78  50   0  10  33  76  71  27  15  83  54  44  17  87  18  95  71  93 
 31  87  18  38  17  34  58  12  79  40  62  74  32  47  21  84  22  38  62   3  34  58  30  51   3  28   6  41  50  40  58  97  34  91  73   0  83  93  25  57  76  40   4  17  50  12  91  97  30  45 
 40  82  85  45  12   6  33  98  24  11  17  10  12  60  56  15  22  23  90  10  21  15  64  23  48  39  58  30  68  66  36   8  24  26  13  65   0  35  18  25  73  14  19  10  63  13  74  83  74  93 
 65  53  27  12  68   6  62  84  48  11  27  83  33  75   5  73  49  56  63  71   3  87  70  46  73  98  20  22  17  24  52  74  72  81  55  47  41   0  90  49  65  59  74   2   9  44  71   5  43  38 
 56   8  88  71  93  29  89  28  52  17  69  44  75   9  19  21  39  79  65   9  67  24  82  88  79  15  42  72  59  27  94  60  12  99  60  35  62   3   0  80  35  81  54  26  31  36  54  59  32  27 
 13  47  10  44  15  50  57  32   9  31  36   2  34  84  75  19  19  37  79  82  32  60  11  53  94  59  91  60  38  81  69  98  52  56  53  91  82  15  24   0  81  18  42  16  43  14  56  83   8  21 
 16  88  63  24  83  40  34   4  50  65  22  45  14  71  19  19  75  42  38  69  98  72  77  43   6  22  98  88  76  90  53  28  88  30  62  34  45  29  21  66   0  71  42   4  67  46  72  24  59  62 
 29  56  50  14  52   2  85  74  53   6  71  72  75   4  75  31  32  64  18  24  24  66  75  14  97  44  35  66  56  51  92  16  84  39  77  16   5  34  72  55  17   0  91  36  94  55  73  71  42  35 
 76  41  23  64  38  85  76   2  40   6  21   3  23  86  60  37  68  84  67  95   7  28  94  86  92  14  99   2  99  33  39  47  39  73  68   5  74  52  23  68  94  55   0  18   2  17  40  47  43  88 
 56  25  95  55  44  81  37  46  96  91  72  48  56  20  92  36   3  69  75  53  80  31  24  15  90  80   1  35  24  29  97   9   1   7   5  45  36  45  35  28  39  65  60   0  83  88  51  24  10  15 
 76   4  86  48  11  96  22  44  66  38  85  84  49  49  83  18  60  86  25  71  19  68  71  21  74  51  58  35  93  78  35  46  46  58  96  89  83  34  70  96   9  99  35  18   0  20  12  63   4   1 
 86  96  85  29  79  24  42  80  18  28  35  44  11  24  67   8  18  49  16  78  92  88  23  64  43  93  54  60   7  83  15  35  43  29  58  56  25  70  47  24  85  12  44  89  52   0  91  60  42  44 
 25  97  40  37  57  47  57  16  79  40  18  26   7  11  90  87  59  69  44  92  11  78  92   1  21  98  51  82   5  71  52  90  51  96  11  11  69  86  84  48  48  95  67  66  74  45   0  76  90  57 
 59  61  11   8   2  21  91  55  54  98  24  61  42  63  76  91   6  47  78  44  13  99  40  84  20  89  67  84  93  12  38  56  17  41  28  33  64  28  96  70  44  77   8  10  21  89  46   0  19  45 
 34   3  60  10  13  40  94  48  15  59  78  45  32  64  31  28  75  65   7  71  95  43   7  45  17  80  22  58  68  73  67  34  86  93  30   4  55  96  95  17  55  31  94  45  25  21  28  70   0  60 
 33  90  77  40  64  43  86  58  31  37  67  58  31  49  22  50  61  55  21  60   7  42  72  99  46  43  32  24  78  86   3  34  56  50  83  39  91   5  52  42  69  23  15  92  29  28  55  97  86   0 
M3
  0  58   3  29  38  28  45  72  94  58   3  10  39  79  71  82  95  26  81  93   9  86  35  18  72  29  59  51  64  47  33  90  97  12  45  93  43  81  26  23  86  35  81   1   2  91  41   5  14   3 
 73   0  52  19  19  44  84  32  26  13  65  95  31  35  82  18  21  62  31  42  23  44  47  33  62  27  92  79   9  99  49  81  96  60  15  80  94  61  19  92  44  18  97  98  48  82  91  36  98  55 
 39  60   0  86  94  34  55  54  44  21  99  48  97  21  32  71  79  12  50  81  68   3  54   2  35  96  82   9  37  99   6  27  88  30  62  63  36  39  96  41  11  54  17   5  26  48  47  22  89  31 
  9  19  72   0  63  34  36  94  59  39  76  76  70  55  11  93  65  11  30  89  35  46   6   4  58  21  12  20  99   9  99  82  46  67  93  11  47  17   1  49  78  40   9  91  41  86  43  41  57   1 
 86  85  36  83   0  78  21  70  37  23  46  33  61  12  81  15  94  91  11  97  97  50  73  42   6  48  88  11  90  44  54  21  34  93  64  63   3  11  72  47  58  59  31  58  61  26  79  74  44   5 
 92  63  83  72  97   0   4  80  37  82  31  44  74  49  59  97  68   7  68  30  68  39  37  46  76   6  64  47  50  62  30  71  45   1  68  52  71  44  35  40  49  34   9  32  98  94   4  45  34   9 
 70  42  57  66  38  31   0  59  19  63  71  95  25  48  74  66  99  49  87  47  42  33  59   3  79  49   4  87  86  63  33   2  99  95  23  61  88  40   7  33  44  32  85  35  55  51  30  77  91  69 
 45  98  77  19   4  21  19   0  72  54  59  73  84  27  46  80  98  88  49  20  77  41  14  84  68  30  70  99  56  22  77  58  76  84  78  24  97  80  32  14  65  82  46  19  12  62  64  45  17   5 
 73  77  78  50  46  75  36  48   0  34  83  38   6  88  36  52  34  70  72  75  59   5  52   5  88  19   8  79  10  99  82  68  89  36  90  12  17  44  84  56  27  89  88  74  47  88  95  67  62   5 
 59  12  23  76  68  15  85  19  82   0  50  29  50  78  44  54  21  89  44   5  59  81  70  22  86  32   3  74  62  89  89  25  42  28  51  56  36  73  37  35  89  38  78   4  40  70  83  77  46  29 
 78  67  40   3   4  51  46  43  33  70   0  66  37  61  64  88  84  50   5  72  57  57  76  68  38  38  43  47  90  14  85  30  43  27  89  96  53  33  45   7  54  89  94  60   5  42  49  84  12  69 
 70  27  19  26  83  86  41  45  48  96  69   0  84  88  39  29  64  81  70  61  97  14  74  43  44  43  41  47  12  23  86   7  17  15  43  83  38  79  78  49  24   4  73  66  71  94  46  20  78  11 
 25  63  35   7  57   3  49   4   5  19  89  36   0  92  28   5  43  61  15  30  35  13  29  15  92  93  19  50   5  14  57  65  87  31  89  20  95  34  22   1  93   3  19  99  91  71   2  53  32  91 
 21  34  53   1   3  49  71  28  15  44  87  77   2   0  34  74  22  41  21  91  14  85  57  72  83   1  54   1  15  99  56   1  27  37  35  58  40  30  89  48  52  59  92   2  40   7  50   9  60  74 
 11  36  43   6  71  75  70   9  99  79  63  50  51   9   0  56  96  76  89  57  72  77  40  68  53  70   9  14  22  99  82   3  54  74   9  17  28   7  29  14  16  14  73  96  13  68  33  93  42  11 
  9  95  30  40  52  49  31  36  32  46  32  78  96  26  41   0  99  99  89  53  40  95  35  88  39  26  47  80  58   5  13  17  57  41  19  27  97  66  93   3  90  66  90  65  15  51  10  45   9   7 
 93  18  98  96   7  66  82  19  69  82  89  18  16  29  82  28   0  22  24  84  20  52  28  46  62  13  38  16  31  16  50  91  49  44  26  81  11  47  26  38  76  95  26   4  57  91  77  65  31   1 
 29   5  50  57  24  13  50  95  39  29  11  21  10  50  21  54  64   0  38  73  27  46  56  94  77  66  80  27  18  43  47  44  46  11  57  27  34  92  56  80   7  26  42  30  31  38  62  28  17  99 
 54  21  84  14  57  56  53  79  48  56  78  40  65  16  45  46   9  36   0  10  80  70  18  70  45  34  52  90  63  74  66  22  14  93  11  13  49  55  34  10  72  43  87  18  75  75  78  85  85  39 
 73  11  51  83  28  67  79  85  90  39  36  88  96   4  47  89  17   9  90   0  62  87  94  45  77  97  59  26  91  46  10  85   3  22  97  47  84  39  14  67   4   4  86  74  12  18  74  20  26  57 
 74  91  37  91  51  91  71  20  57  80  73  43  75  83  10  20  31  81  80  66   0  68  79  84  47  21  42  85  35  20  50  56  10  82  95  29  54  52  46  85  58  55   7  88  57  59   9  57  12  82 
 45  62  97  36  60  36  45  98  28  23  41   6  72  29  70  80  39  59  82  46  13   0  87  48  61   1  21  92  20  25  25  47  83  50  93   5  31  90  96  66  57  82  28  81  93  57  89   4  20  88 
 50  91  33  43  29  73  74  11  82  94  73  40  70   3  83  59  15  12  81  40   4  86   0  65  30  68  87  37  62  24   2  70  24  11  81  23  12  91  81  82  25  68  56  91  63  38  55  27   6  81 
 78  84  82  46  24  29  26  89  59  91  14  29  59   3  68   5  87  61  95  84  61   5  17   0  37  81  41  22  18  31   6  72   8  41  66  45  56  80   4  22  17  45  91  81  66  93  28  96  39  20 
 35  60  21  59  42  47   7  15  66  67  73  42  65  42  93  39  72  57  64  59  57  14  58  84   0  69  49  36  96  11  52  51  59  69  59  51  81  81  24   3  73  88  35  34  60  36  20  14  64  83 
 68  23  79  14  40  62  49  60  86  33  32  13   8  91  49  74  32  92  54  51   8  38  56   4  88   0  31  95  50  59  14  44  58  37  59  23  62  30  94  56  48  60  58  87  90  21  58  50  28  59 
 71  33  80  17  53  54  42  63  22  72  31  62  67  10  90  54   1  43   4  67  57  33  50  81  42  60   0  93  78  25  61  34  73  94  42  81  14   9  65  12   3  87  17  65  97  25  65  51  89  67 
 79  33  97  79  35  75  97  88  83  55  89  56  63  46  19  84  87  48  65  77  10  29  60  12  42  47  57   0  23  40  47  92  70   3  47  84  23   3  73  37  59  96  65  23   8  79  54  48  75  18 
 14  38  30  82  86  80  89  84  28  57  83  88   9  75  15  63  69  71   5  64  75  13   4  38   1  86  28  37   0  16  51   5  77  66  63   7  57  70   6  56  51  24  35  87  13  36  19   1  89  49 
  2  69  74  64   7  40  45  51  55  43  70  24  95  21  79  30  24  62  61  98  69  45  14  72  17  62  70  24  23   0  42  56  11  57  11  37  67  64  27  43  39   5  17  42  13  38  62  85   9  93 
 44  22   4  70  45  67  65  67  46   9  71  53  49  95  72  64  58  38  79  55  16  31  92  75  21  26  68  12   6   3   0  34  37  79  33  62  26  66  91   4   2  70  78   6  73  17   3  30   2  61 
 31  13  91  64  21  53  91  25  52  89  17  26  85  60  26  78  55  81  88  53   6  42  52  91  77  94  41  12  42  62  23   0   7  14  25  88  15  22  83  15  33  90  27  81   7  44  38  88  57  68 
 34  39  92  96  23  97  36  74  62  81  87  35  70  14  67  38  52  13  71  87  94  82  57  59  53  61  46  85   1  56  24  75   0  33   7  90  20  32  53  43  66  59   8  94  15  51  66  51  94  11 
 25  81   8  39  66  11  37  84  25   9  31  73   6  37  58   5  91  51  67  18  69  76   4  18  89  16  85  40  93  89  15  77  13   0  57  22  11  27  87  41  94  20  72  82  42  59  12  40   1  21 
 28  42  82  33  35  27  71  41  81  67  52  30  61  60  42  75  46  75  46  77  16  60   9  98  62  64  85  46  62  61  71  85  78  50   0  10  33  76  71  27  15  83  54  44  17  87  18  95  71  93 
 31  87  18  38  17  34  58  12  79  40  62  74  32  47  21  84  22  38  62   3  34  58  30  51   3  28   6  41  50  40  58  97  34  91  73   0  83  93  25  57  76  40   4  17  50  12  91  97  30  45 
 40  82  85  45  12   6  33  98  24  11  17  10  12  60  56  15  22  23  90  10  21  15  64  23  48  39  58  30  68  66  36   8  24  26  13  65   0  35  18  25  73  14  19  10  63  13  74  83  74  93 
 65  53  27  12  68   6  62  84  48  11  27  83  33  75   5  73  49  56  63  71   3  87  70  46  73  98  20  22  17  24  52  74  72  81  55  47  41   0  90  49  65  59  74   2   9  44  71   5  43  38 
 56   8  88  71  93  29  89  28  52  17  69  44  75   9  19  21  39  79  65   9  67  24  82  88  79  15  42  72  59  27  94  60  12  99  60  35  62   3   0  80  35  81  54  26  31  36  54  59  32  27 
 13  47  10  44  15  50  57  32   9  31  36   2  34  84  75  19  19  37  79  82  32  60  11  53  94  59  91  60  38  81  69  98  52  56  53  91  82  15  24   0  81  18  42  16  43  14  56  83   8  21 
 16  88  63  24  83  40  34   4  50  65  22  45  14  71  19  19  75  42  38  69  98  72  77  43   6  22  98  88  76  90  53  28  88  30  62  34  45  29  21  66   0  71  42   4  67  46  72  24  59  62 
 29  56  50  14  52   2  85  74  53   6  71  72  75   4  75  31  32  64  18  24  24  66  75  14  97  44  35  66  56  51  92  16  84  39  77  16   5  34  72  55  17   0  91  36  94  55  73  71  42  35 
 76  41  23  64  38  85  76   2  40   6  21   3  23  86  60  37  68  84  67  95   7  28  94  86  92  14  99   2  99  33  39  47  39  73  68   5  74  52  23  68  94  55   0  18   2  17  40  47  43  88 
 56  25  95  55  44  81  37  46  96  91  72  48  56  20  92  36   3  69  75  53  80  31  24  15  90  80   1  35  24  29  97   9   1   7   5  45  36  45  35  28  39  65  60   0  83  88  51  24  10  15 
 76   4  86  48  11  96  22  44  66  38  85  84  49  49  83  18  60  86  25  71  19  68  71  21  74  51  58  35  93  78  35  46  46  58  96  89  83  34  70  96   9  99  35  18   0  20  12  63   4   1 
 86  96  85  29  79  24  42  80  18  28  35  44  11  24  67   8  18  49  16  78  92  88  23  64  43  93  54  60   7  83  15  35  43  29  58  56  25  70  47  24  85  12  44  89  52   0  91  60  42  44 
 25  97  40  37  57  47  57  16  79  40  18  26   7  11  90  87  59  69  44  92  11  78  92   1  21  98  51  82   5  71  52  90  51  96  11  11  69  86  84  48  48  95  67  66  74  45   0  76  90  57 
 59  61  11   8   2  21  91  55  54  98  24  61  42  63  76  91   6  47  78  44  13  99  40  84  20  89  67  84  93  12  38  56  17  41  28  33  64  28  96  70  44  77   8  10  21  89  46   0  19  45 
 34   3  60  10  13  40  94  48  15  59  78  45  32  64  31  28  75  65   7  71  95  43   7  45  17  80  22  58  68  73  67  34  86  93  30   4  55  96  95  17  55  31  94  45  25  21  28  70   0  60 
 33  90  77  40  64  43  86  58  31  37  67  58  31  49  22  50  61  55  21  60   7  42  72  99  46  43  32  24  78  86   3  34  56  50  83  39  91   5  52  42  69  23  15  92  29  28  55  97  86   0 
M4
  0  58   3  29  38  28  45  72  94  58   3  10  39  79  71  82  95  26  81  93   9  86  35  18  72  29  59  51  64  47  33  90  97  12  45  93  43  81  26  23  86  35  81   1   2  91  41   5  14   3 
 73   0  52  19  19  44  84  32  26  13  65  95  31  35  82  18  21  62  31  42  23  44  47  33  62  27  92  79   9  99  49  81  96  60  15  80  94  61  19  92  44  18  97  98  48  82  91  36  98  55 
 39  60   0  86  94  34  55  54  44  21  99  48  97  21  32  71  79  12  50  81  68   3  54   2  35  96  82   9  37  99   6  27  88  30  62  63  36  39  96  41  11  54  17   5  26  48  47  22  89  31 
  9  19  72   0  63  34  36  94  59  39  76  76  70  55  11  93  65  11  30  89  35  46   6   4  58  21  12  20  99   9  99  82  46  67  93  11  47  17   1  49  78  40   9  91  41  86  43  41  57   1 
 86  85  36  83   0  78  21  70  37  23  46  33  61  12  81  15  94  91  11  97  97  50  73  42   6  48  88  11  90  44  54  21  34  93  64  63   3  11  72  47  58  59  31  58  61  26  79  74  44   5 
 92  63  83  72  97   0   4  80  37  82  31  44  74  49  59  97  68   7  68  30  68  39  37  46  76   6  64  47  50  62  30  71  45   1  68  52  71  44  35  40  49  34   9  32  98  94   4  45  34   9 
 70  42  57  66  38  31   0  59  19  63  71  95  25  48  74  66  99  49  87  47  42  33  59   3  79  49   4  87  86  63  33   2  99  95  23  61  88  40   7  33  44  32  85  35  55  51  30  77  91  69 
 45  98  77  19   4  21  19   0  72  54  59  73  84  27  46  80  98  88  49  20  77  41  14  84  68  30  70  99  56  22  77  58  76  84  78  24  97  80  32  14  65  82  46  19  12  62  64  45  17   5 
 73  77  78  50  46  75  36  48   0  34  83  38   6  88  36  52  34  70  72  75  59   5  52   5  88  19   8  79  10  99  82  68  89  36  90  12  17  44  84  56  27  89  88  74  47  88  95  67  62   5 
 59  12  23  76  68  15  85  19  82   0  50  29  50  78  44  54  21  89  44   5  59  81  70  22  86  32   3  74  62  89  89  25  42  28  51  56  36  73  37  35  89  38  78   4  40  70  83  77  46  29 
 78  67  40   3   4  51  46  43  33  70   0  66  37  61  64  88  84  50   5  72  57  57  76  68  38  38  43  47  90  14  85  30  43  27  89  96  53  33  45   7  54  89  94  60   5  42  49  84  12  69 
 70  27  19  26  83  86  41  45  48  96  69   0  84  88  39  29  64  81  70  61  97  14  74  43  44  43  41  47  12  23  86   7  17  15  43  83  38  79  78  49  24   4  73  66  71  94  46  20  78  11 
 25  63  35   7  57   3  49   4   5  19  89  36   0  92  28   5  43  61  15  30  35  13  29  15  92  93  19  50   5  14  57  65  87  31  89  20  95  34  22   1  93   3  19  99  91  71   2  53  32  91 
 21  34  53   1   3  49  71  28  15  44  87  77   2   0  34  74  22  41  21  91  14  85  57  72  83   1  54   1  15  99  56   1  27  37  35  58  40  30  89  48  52  59  92   2  40   7  50   9  60  74 
 11  36  43   6  71  75  70   9  99  79  63  50  51   9   0  56  96  76  89  57  72  77  40  68  53  70   9  14  22  99  82   3  54  74   9  17  28   7  29  14  16  14  73  96  13  68  33  93  42  11 
  9  95  30  40  52  49  31  36  32  46  32  78  96  26  41   0  99  99  89  53  40  95  35  88  39  26  47  80  58   5  13  17  57  41  19  27  97  66  93   3  90  66  90  65  15  51  10  45   9   7 
 93  18  98  96   7  66  82  19  69  82  89  18  16  29  82  28   0  22  24  84  20  52  28  46  62  13  38  16  31  16  50  91  49  44  26  81  11  47  26  38  76  95  26   4  57  91  77  65  31   1 
 29   5  50  57  24  13  50  95  39  29  11  21  10  50  21  54  64   0  38  73  27  46  56  94  77  66  80  27  18  43  47  44  46  11  57  27  34  92  56  80   7  26  42  30  31  38  62  28  17  99 
 54  21  84  14  57  56  53  79  48  56  78  40  65  16  45  46   9  36   0  10  80  70  18  70  45  34  52  90  63  74  66  22  14  93  11  13  49  55  34  10  72  43  87  18  75  75  78  85  85  39 
 73  11  51  83  28  67  79  85  90  39  36  88  96   4  47  89  17   9  90   0  62  87  94  45  77  97  59  26  91  46  10  85   3  22  97  47  84  39  14  67   4   4  86  74  12  18  74  20  26  57 
 74  91  37  91  51  91  71  20  57  80  73  43  75  83  10  20  31  81  80  66   0  68  79  84  47  21  42  85  35  20  50  56  10  82  95  29  54  52  46  85  58  55   7  88  57  59   9  57  12  82 
 45  62  97  36  60  36  45  98  28  23  41   6  72  29  70  80  39  59  82  46  13   0  87  48  61   1  21  92  20  25  25  47  83  50  93   5  31  90  96  66  57  82  28  81  93  57  89   4  20  88 
 50  91  33  43  29  73  74  11  82  94  73  40  70   3  83  59  15  12  81  40   4  86   0  65  30  68  87  37  62  24   2  70  24  11  81  23  12  91  81  82  25  68  56  91  63  38  55  27   6  81 
 78  84  82  46  24  29  26  89  59  91  14  29  59   3  68   5  87  61  95  84  61   5  17   0  37  81  41  22  18  31   6  72   8  41  66  45  56  80   4  22  17  45  91  81  66  93  28  96  39  20 
 35  60  21  59  42  47   7  15  66  67  73  42  65  42  93  39  72  57  64  59  57  14  58  84   0  69  49  36  96  11  52  51  59  69  59  51  81  81  24   3  73  88  35  34  60  36  20  14  64  83 
 68  23  79  14  40  62  49  60  86  33  32  13   8  91  49  74  32  92  54  51   8  38  56   4  88   0  31  95  50  59  14  44  58  37  59  23  62  30  94  56  48  60  58  87  90  21  58  50  28  59 
 71  33  80  17  53  54  42  63  22  72  31  62  67  10  90  54   1  43   4  67  57  33  50  81  42  60   0  93  78  25  61  34  73  94  42  81  14   9  65  12   3  87  17  65  97  25  65  51  89  67 
 79  33  97  79  35  75  97  88  83  55  89  56  63  46  19  84  87  48  65  77  10  29  60  12  42  47  57   0  23  40  47  92  70   3  47  84  23   3  73  37  59  96  65  23   8  79  54  48  75  18 
 14  38  30  82  86  80  89  84  28  57  83  88   9  75  15  63  69  71   5  64  75  13   4  38   1  86  28  37   0  16  51   5  77  66  63   7  57  70   6  56  51  24  35  87  13  36  19   1  89  49 
  2  69  74  64   7  40  45  51  55  43  70  24  95  21  79  30  24  62  61  98  69  45  14  72  17  62  70  24  23   0  42  56  11  57  11  37  67  64  27  43  39   5  17  42  13  38  62  85   9  93 
 44  22   4  70  45  67  65  67  46   9  71  53  49  95  72  64  58  38  79  55  16  31  92  75  21  26  68  12   6   3   0  34  37  79  33  62  26  66  91   4   2  70  78   6  73  17   3  30   2  61 
 31  13  91  64  21  53  91  25  52  89  17  26  85  60  26  78  55  81  88  53   6  42  52  91  77  94  41  12  42  62  23   0   7  14  25  88  15  22  83  15  33  90  27  81   7  44  38  88  57  68 
 34  39  92  96  23  97  36  74  62  81  87  35  70  14  67  38  52  13  71  87  94  82  57  59  53  61  46  85   1  56  24  75   0  33   7  90  20  32  53  43  66  59   8  94  15  51  66  51  94  11 
 25  81   8  39  66  11  37  84  25   9  31  73   6  37  58   5  91  51  67  18  69  76   4  18  89  16  85  40  93  89  15  77  13   0  57  22  11  27  87  41  94  20  72  82  42  59  12  40   1  21 
 28  42  82  33  35  27  71  41  81  67  52  30  61  60  42  75  46  75  46  77  16  60   9  98  62  64  85  46  62  61  71  85  78  50   0  10  33  76  71  27  15  83  54  44  17  87  18  95  71  93 
 31  87  18  38  17  34  58  12  79  40  62  74  32  47  21  84  22  38  62   3  34  58  30  51   3  28   6  41  50  40  58  97  34  91  73   0  83  93  25  57  76  40   4  17  50  12  91  97  30  45 
 40  82  85  45  12   6  33  98  24  11  17  10  12  60  56  15  22  23  90  10  21  15  64  23  48  39  58  30  68  66  36   8  24  26  13  65   0  35  18  25  73  14  19  10  63  13  74  83  74  93 
 65  53  27  12  68   6  62  84  48  11  27  83  33  75   5  73  49  56  63  71   3  87  70  46  73  98  20  22  17  24  52  74  72  81  55  47  41   0  90  49  65  59  74   2   9  44  71   5  43  38 
 56   8  88  71  93  29  89  28  52  17  69  44  75   9  19  21  39  79  65   9  67  24  82  88  79  15  42  72  59  27  94  60  12  99  60  35  62   3   0  80  35  81  54  26  31  36  54  59  32  27 
 13  47  10  44  15  50  57  32   9  31  36   2  34  84  75  19  19  37  79  82  32  60  11  53  94  59  91  60  38  81  69  98  52  56  53  91  82  15  24   0  81  18  42  16  43  14  56  83   8  21 
 16  88  63  24  83  40  34   4  50  65  22  45  14  71  19  19  75  42  38  69  98  72  77  43   6  22  98  88  76  90  53  28  88  30  62  34  45  29  21  66   0  71  42   4  67  46  72  24  59  62 
 29  56  50  14  52   2  85  74  53   6  71  72  75   4  75  31  32  64  18  24  24  66  75  14  97  44  35  66  56  51  92  16  84  39  77  16   5  34  72  55  17   0  91  36  94  55  73  71  42  35 
 76  41  23  64  38  85  76   2  40   6  21   3  23  86  60  37  68  84  67  95   7  28  94  86  92  14  99   2  99  33  39  47  39  73  68   5  74  52  23  68  94  55   0  18   2  17  40  47  43  88 
 56  25  95  55  44  81  37  46  96  91  72  48  56  20  92  36   3  69  75  53  80  31  24  15  90  80   1  35  24  29  97   9   1   7   5  45  36  45  35  28  39  65  60   0  83  88  51  24  10  15 
 76   4  86  48  11  96  22  44  66  38  85  84  49  49  83  18  60  86  25  71  19  68  71  21  74  51  58  35  93  78  35  46  46  58  96  89  83  34  70  96   9  99  35  18   0  20  12  63   4   1 
 86  96  85  29  79  24  42  80  18  28  35  44  11  24  67   8  18  49  16  78  92  88  23  64  43  93  54  60   7  83  15  35  43  29  58  56  25  70  47  24  85  12  44  89  52   0  91  60  42  44 
 25  97  40  37  57  47  57  16  79  40  18  26   7  11  90  87  59  69  44  92  11  78  92   1  21  98  51  82   5  71  52  90  51  96  11  11  69  86  84  48  48  95  67  66  74  45   0  76  90  57 
 59  61  11   8   2  21  91  55  54  98  24  61  42  63  76  91   6  47  78  44  13  99  40  84  20  89  67  84  93  12  38  56  17  41  28  33  64  28  96  70  44  77   8  10  21  89  46   0  19  45 
 34   3  60  10  13  40  94  48  15  59  78  45  32  64  31  28  75  65   7  71  95  43   7  45  17  80  22  58  68  73  67  34  86  93  30   4  55  96  95  17  55  31  94  45  25  21  28  70   0  60 
 33  90  77  40  64  43  86  58  31  37  67  58  31  49  22  50  61  55  21  60   7  42  72  99  46  43  32  24  78  86   3  34  56  50  83  39  91   5  52  42  69  23  15  92  29  28  55  97  86   0 
M5
  0  58   3  29  38  28  45  72  94  58   3  10  39  79  71  82  95  26  81  93   9  86  35  18  72  29  59  51  64  47  33  90  97  12  45  93  43  81  26  23  86  35  81   1   2  91  41   5  14   3 
 73   0  52  19  19  44  84  32  26  13  65  95  31  35  82  18  21  62  31  42  23  44  47  33  62  27  92  79   9  99  49  81  96  60  15  80  94  61  19  92  44  18  97  98  48  82  91  36  98  55 
 39  60   0  86  94  34  55  54  44  21  99  48  97  21  32  71  79  12  50  81  68   3  54   2  35  96  82   9  37  99   6  27  88  30  62  63  36  39  96  41  11  54  17   5  26  48  47  22  89  31 
  9  19  72   0  63  34  36  94  59  39  76  76  70  55  11  93  65  11  30  89  35  46   6   4  58  21  12  20  99   9  99  82  46  67  93  11  47  17   1  49  78  40   9  91  41  86  43  41  57   1 
 86  85  36  83   0  78  21  70  37  23  46  33  61  12  81  15  94  91  11  97  97  50  73  42   6  48  88  11  90  44  54  21  34  93  64  63   3  11  72  47  58  59  31  58  61  26  79  74  44   5 
 92  63  83  72  97   0   4  80  37  82  31  44  74  49  59  97  68   7  68  30  68  39  37  46  76   6  64  47  50  62  30  71  45   1  68  52  71  44  35  40  49  34   9  32  98  94   4  45  34   9 
 70  42  57  66  38  31   0  59  19  63  71  95  25  48  74  66  99  49  87  47  42  33  59   3  79  49   4  87  86  63  33   2  99  95  23  61  88  40   7  33  44  32  85  35  55  51  30  77  91  69 
 45  98  77  19   4  21  19   0  72  54  59  73  84  27  46  80  98  88  49  20  77  41  14  84  68  30  70  99  56  22  77  58  76  84  78  24  97  80  32  14  65  82  46  19  12  62  64  45  17   5 
 73  77  78  50  46  75  36  48   0  34  83  38   6  88  36  52  34  70  72  75  59   5  52   5  88  19   8  79  10  99  82  68  89  36  90  12  17  44  84  56  27  89  88  74  47  88  95  67  62   5 
 59  12  23  76  68  15  85  19  82   0  50  29  50  78  44  54  21  89  44   5  59  81  70  22  86  32   3  74  62  89  89  25  42  28  51  56  36  73  37  35  89  38  78   4  40  70  83  77  46  29 
 78  67  40   3   4  51  46  43  33  70   0  66  37  61  64  88  84  50   5  72  57  57  76  68  38  38  43  47  90  14  85  30  43  27  89  96  53  33  45   7  54  89  94  60   5  42  49  84  12  69 
 70  27  19  26  83  86  41  45  48  96  69   0  84  88  39  29  64  81  70  61  97  14  74  43  44  43  41  47  12  23  86   7  17  15  43  83  38  79  78  49  24   4  73  66  71  94  46  20  78  11 
 25  63  35   7  57   3  49   4   5  19  89  36   0  92  28   5  43  61  15  30  35  13  29  15  92  93  19  50   5  14  57  65  87  31  89  20  95  34  22   1  93   3  19  99  91  71   2  53  32  91 
 21  34  53   1   3  49  71  28  15  44  87  77   2   0  34  74  22  41  21  91  14  85  57  72  83   1  54   1  15  99  56   1  27  37  35  58  40  30  89  48  52  59  92   2  40   7  50   9  60  74 
 11  36  43   6  71  75  70   9  99  79  63  50  51   9   0  56  96  76  89  57  72  77  40  68  53  70   9  14  22  99  82   3  54  74   9  17  28   7  29  14  16  14  73  96  13  68  33  93  42  11 
  9  95  30  40  52  49  31  36  32  46  32  78  96  26  41   0  99  99  89  53  40  95  35  88  39  26  47  80  58   5  13  17  57  41  19  27  97  66  93   3  90  66  90  65  15  51  10  45   9   7 
 93  18  98  96   7  66  82  19  69  82  89  18  16  29  82  28   0  22  24  84  20  52  28  46  62  13  38  16  31  16  50  91  49  44  26  81  11  47  26  38  76  95  26   4  57  91  77  65  31   1 
 29   5  50  57  24  13  50  95  39  29  11  21  10  50  21  54  64   0  38  73  27  46  56  94  77  66  80  27  18  43  47  44  46  11  57  27  34  92  56  80   7  26  42  30  31  38  62  28  17  99 
 54  21  84  14  57  56  53  79  48  56  78  40  65  16  45  46   9  36   0  10  80  70  18  70  45  34  52  90  63  74  66  22  14  93  11  13  49  55  34  10  72  43  87  18  75  75  78  85  85  39 
 73  11  51  83  28  67  79  85  90  39  36  88  96   4  47  89  17   9  90   0  62  87  94  45  77  97  59  26  91  46  10  85   3  22  97  47  84  39  14  67   4   4  86  74  12  18  74  20  26  57 
 74  91  37  91  51  91  71  20  57  80  73  43  75  83  10  20  31  81  80  66   0  68  79  84  47  21  42  85  35  20  50  56  10  82  95  29  54  52  46  85  58  55   7  88  57  59   9  57  12  82 
 45  62  97  36  60  36  45  98  28  23  41   6  72  29  70  80  39  59  82  46  13   0  87  48  61   1  21  92  20  25  25  47  83  50  93   5  31  90  96  66  57  82  28  81  93  57  89   4  20  88 
 50  91  33  43  29  73  74  11  82  94  73  40  70   3  83  59  15  12  81  40   4  86   0  65  30  68  87  37  62  24   2  70  24  11  81  23  12  91  81  82  25  68  56  91  63  38  55  27   6  81 
 78  84  82  46  24  29  26  89  59  91  14  29  59   3  68   5  87  61  95  84  61   5  17   0  37  81  41  22  18  31   6  72   8  41  66  45  56  80   4  22  17  45  91  81  66  93  28  96  39  20 
 35  60  21  59  42  47   7  15  66  67  73  42  65  42  93  39  72  57  64  59  57  14  58  84   0  69  49  36  96  11  52  51  59  69  59  51  81  81  24   3  73  88  35  34  60  36  20  14  64  83 
 68  23  79  14  40  62  49  60  86  33  32  13   8  91  49  74  32  92  54  51   8  38  56   4  88   0  31  95  50  59  14  44  58  37  59  23  62  30  94  56  48  60  58  87  90  21  58  50  28  59 
 71  33  80  17  53  54  42  63  22  72  31  62  67  10  90  54   1  43   4  67  57  33  50  81  42  60   0  93  78  25  61  34  73  94  42  81  14   9  65  12   3  87  17  65  97  25  65  51  89  67 
 79  33  97  79  35  75  97  88  83  55  89  56  63  46  19  84  87  48  65  77  10  29  60  12  42  47  57   0  23  40  47  92  70   3  47  84  23   3  73  37  59  96  65  23   8  79  54  48  75  18 
 14  38  30  82  86  80  89  84  28  57  83  88   9  75  15  63  69  71   5  64  75  13   4  38   1  86  28  37   0  16  51   5  77  66  63   7  57  70   6  56  51  24  35  87  13  36  19   1  89  49 
  2  69  74  64   7  40  45  51  55  43  70  24  95  21  79  30  24  62  61  98  69  45  14  72  17  62  70  24  23   0  42  56  11  57  11  37  67  64  27  43  39   5  17  42  13  38  62  85   9  93 
 44  22   4  70  45  67  65  67  46   9  71  53  49  95  72  64  58  38  79  55  16  31  92  75  21  26  68  12   6   3   0  34  37  79  33  62  26  66  91   4   2  70  78   6  73  17   3  30   2  61 
 31  13  91  64  21  53  91  25  52  89  17  26  85  60  26  78  55  81  88  53   6  42  52  91  77  94  41  12  42  62  23   0   7  14  25  88  15  22  83  15  33  90  27  81   7  44  38  88  57  68 
 34  39  92  96  23  97  36  74  62  81  87  35  70  14  67  38  52  13  71  87  94  82  57  59  53  61  46  85   1  56  24  75   0  33   7  90  20  32  53  43  66  59   8  94  15  51  66  51  94  11 
 25  81   8  39  66  11  37  84  25   9  31  73   6  37  58   5  91  51  67  18  69  76   4  18  89  16  85  40  93  89  15  77  13   0  57  22  11  27  87  41  94  20  72  82  42  59  12  40   1  21 
 28  42  82  33  35  27  71  41  81  67  52  30  61  60  42  75  46  75  46  77  16  60   9  98  62  64  85  46  62  61  71  85  78  50   0  10  33  76  71  27  15  83  54  44  17  87  18  95  71  93 
 31  87  18  38  17  34  58  12  79  40  62  74  32  47  21  84  22  38  62   3  34  58  30  51   3  28   6  41  50  40  58  97  34  91  73   0  83  93  25  57  76  40   4  17  50  12  91  97  30  45 
 40  82  85  45  12   6  33  98  24  11  17  10  12  60  56  15  22  23  90  10  21  15  64  23  48  39  58  30  68  66  36   8  24  26  13  65   0  35  18  25  73  14  19  10  63  13  74  83  74  93 
 65  53  27  12  68   6  62  84  48  11  27  83  33  75   5  73  49  56  63  71   3  87  70  46  73  98  20  22  17  24  52  74  72  81  55  47  41   0  90  49  65  59  74   2   9  44  71   5  43  38 
 56   8  88  71  93  29  89  28  52  17  69  44  75   9  19  21  39  79  65   9  67  24  82  88  79  15  42  72  59  27  94  60  12  99  60  35  62   3   0  80  35  81  54  26  31  36  54  59  32  27 
 13  47  10  44  15  50  57  32   9  31  36   2  34  84  75  19  19  37  79  82  32  60  11  53  94  59  91  60  38  81  69  98  52  56  53  91  82  15  24   0  81  18  42  16  43  14  56  83   8  21 
 16  88  63  24  83  40  34   4  50  65  22  45  14  71  19  19  75  42  38  69  98  72  77  43   6  22  98  88  76  90  53  28  88  30  62  34  45  29  21  66   0  71  42   4  67  46  72  24  59  62 
 29  56  50  14  52   2  85  74  53   6  71  72  75   4  75  31  32  64  18  24  24  66  75  14  97  44  35  66  56  51  92  16  84  39  77  16   5  34  72  55  17   0  91  36  94  55  73  71  42  35 
 76  41  23  64  38  85  76   2  40   6  21   3  23  86  60  37  68  84  67  95   7  28  94  86  92  14  99   2  99  33  39  47  39  73  68   5  74  52  23  68  94  55   0  18   2  17  40  47  43  88 
 56  25  95  55  44  81  37  46  96  91  72  48  56  20  92  36   3  69  75  53  80  31  24  15  90  80   1  35  24  29  97   9   1   7   5  45  36  45  35  28  39  65  60   0  83  88  51  24  10  15 
 76   4  86  48  11  96  22  44  66  38  85  84  49  49  83  18  60  86  25  71  19  68  71  21  74  51  58  35  93  78  35  46  46  58  96  89  83  34  70  96   9  99  35  18   0  20  12  63   4   1 
 86  96  85  29  79  24  42  80  18  28  35  44  11  24  67   8  18  49  16  78  92  88  23  64  43  93  54  60   7  83  15  35  43  29  58  56  25  70  47  24  85  12  44  89  52   0  91  60  42  44 
 25  97  40  37  57  47  57  16  79  40  18  26   7  11  90  87  59  69  44  92  11  78  92   1  21  98  51  82   5  71  52  90  51  96  11  11  69  86  84  48  48  95  67  66  74  45   0  76  90  57 
 59  61  11   8   2  21  91  55  54  98  24  61  42  63  76  91   6  47  78  44  13  99  40  84  20  89  67  84  93  12  38  56  17  41  28  33  64  28  96  70  44  77   8  10  21  89  46   0  19  45 
 34   3  60  10  13  40  94  48  15  59  78  45  32  64  31  28  75  65   7  71  95  43   7  45  17  80  22  58  68  73  67  34  86  93  30   4  55  96  95  17  55  31  94  45  25  21  28  70   0  60 
 33  90  77  40  64  43  86  58  31  37  67  58  31  49  22  50  61  55  21  60   7  42  72  99  46  43  32  24  78  86   3  34  56  50  83  39  91   5  52  42  69  23  15  92  29  28  55  97  86   0 
M6
  0  58   3  29  38  28  45  72  94  58   3  10  39  79  71  82  95  26  81  93   9  86  35  18  72  29  59  51  64  47  33  90  97  12  45  93  43  81  26  23  86  35  81   1   2  91  41   5  14   3 
 73   0  52  19  19  44  84  32  26  13  65  95  31  35  82  18  21  62  31  42  23  44  47  33  62  27  92  79   9  99  49  81  96  60  15  80  94  61  19  92  44  18  97  98  48  82  91  36  98  55 
 39  60   0  86  94  34  55  54  44  21  99  48  97  21  32  71  79  12  50  81  68   3  54   2  35  96  82   9  37  99   6  27  88  30  62  63  36  39  96  41  11  54  17   5  26  48  47  22  89  31 
  9  19  72   0  63  34  36  94  59  39  76  76  70  55  11  93  65  11  30  89  35  46   6   4  58  21  12  20  99   9  99  82  46  67  93  11  47  17   1  49  78  40   9  91  41  86  43  41  57   1 
 86  85  36  83   0  78  21  70  37  23  46  33  61  12  81  15  94  91  11  97  97  50  73  42   6  48  88  11  90  44  54  21  34  93  64  63   3  11  72  47  58  59  31  58  61  26  79  74  44   5 
 92  63  83  72  97   0   4  80  37  82  31  44  74  49  59  97  68   7  68  30  68  39  37  46  76   6  64  47  50  62  30  71  45   1  68  52  71  44  35  40  49  34   9  32  98  94   4  45  34   9 
 70  42  57  66  38  31   0  59  19  63  71  95  25  48  74  66  99  49  87  47  42  33  59   3  79  49   4  87  86  63  33   2  99  95  23  61  88  40   7  33  44  32  85  35  55  51  30  77  91  69 
 45  98  77  19   4  21  19   0  72  54  59  73  84  27  46  80  98  88  49  20  77  41  14  84  68  30  70  99  56  22  77  58  76  84  78  24  97  80  32  14  65  82  46  19  12  62  64  45  17   5 
 73  77  78  50  46  75  36  48   0  34  83  38   6  88  36  52  34  70  72  75  59   5  52   5  88  19   8  79  10  99  82  68  89  36  90  12  17  44  84  56  27  89  88  74  47  88  95  67  62   5 
 59  12  23  76  68  15  85  19  82   0  50  29  50  78  44  54  21  89  44   5  59  81  70  22  86  32   3  74  62  89  89  25  42  28  51  56  36  73  37  35  89  38  78   4  40  70  83  77  46  29 
 78  67  40   3   4  51  46  43  33  70   0  66  37  61  64  88  84  50   5  72  57  57  76  68  38  38  43  47  90  14  85  30  43  27  89  96  53  33  45   7  54  89  94  60   5  42  49  84  12  69 
 70  27  19  26  83  86  41  45  48  96  69   0  84  88  39  29  64  81  70  61  97  14  74  43  44  43  41  47  12  23  86   7  17  15  43  83  38  79  78  49  24   4  73  66  71  94  46  20  78  11 
 25  63  35   7  57   3  49   4   5  19  89  36   0  92  28   5  43  61  15  30  35  13  29  15  92  93  19  50   5  14  57  65  87  31  89  20  95  34  22   1  93   3  19  99  91  71   2  53  32  91 
 21  34  53   1   3  49  71  28  15  44  87  77   2   0  34  74  22  41  21  91  14  85  57  72  83   1  54   1  15  99  56   1  27  37  35  58  40  30  89  48  52  59  92   2  40   7  50   9  60  74 
 11  36  43   6  71  75  70   9  99  79  63  50  51   9   0  56  96  76  89  57  72  77  40  68  53  70   9  14  22  99  82   3  54  74   9  17  28   7  29  14  16  14  73  96  13  68  33  93  42  11 
  9  95  30  40  52  49  31  36  32  46  32  78  96  26  41   0  99  99  89  53  40  95  35  88  39  26  47  80  58   5  13  17  57  41  19  27  97  66  93   3  90  66  90  65  15  51  10  45   9   7 
 93  18  98  96   7  66  82  19  69  82  89  18  16  29  82  28   0  22  24  84  20  52  28  46  62  13  38  16  31  16  50  91  49  44  26  81  11  47  26  38  76  95  26   4  57  91  77  65  31   1 
 29   5  50  57  24  13  50  95  39  29  11  21  10  50  21  54  64   0  38  73  27  46  56  94  77  66  80  27  18  43  47  44  46  11  57  27  34  92  56  80   7  26  42  30  31  38  62  28  17  99 
 54  21  84  14  57  56  53  79  48  56  78  40  65  16  45  46   9  36   0  10  80  70  18  70  45  34  52  90  63  74  66  22  14  93  11  13  49  55  34  10  72  43  87  18  75  75  78  85  85  39 
 73  11  51  83  28  67  79  85  90  39  36  88  96   4  47  89  17   9  90   0  62  87  94  45  77  97  59  26  91  46  10  85   3  22  97  47  84  39  14  67   4   4  86  74  12  18  74  20  26  57 
 74  91  37  91  51  91  71  20  57  80  73  43  75  83  10  20  31  81  80  66   0  68  79  84  47  21  42  85  35  20  50  56  10  82  95  29  54  52  46  85  58  55   7  88  57  59   9  57  12  82 
 45  62  97  36  60  36  45  98  28  23  41   6  72  29  70  80  39  59  82  46  13   0  87  48  61   1  21  92  20  25  25  47  83  50  93   5  31  90  96  66  57  82  28  81  93  57  89   4  20  88 
 50  91  33  43  29  73  74  11  82  94  73  40  70   3  83  59  15  12  81  40   4  86   0  65  30  68  87  37  62  24   2  70  24  11  81  23  12  91  81  82  25  68  56  91  63  38  55  27   6  81 
 78  84  82  46  24  29  26  89  59  91  14  29  59   3  68   5  87  61  95  84  61   5  17   0  37  81  41  22  18  31   6  72   8  41  66  45  56  80   4  22  17  45  91  81  66  93  28  96  39  20 
 35  60  21  59  42  47   7  15  66  67  73  42  65  42  93  39  72  57  64  59  57  14  58  84   0  69  49  36  96  11  52  51  59  69  59  51  81  81  24   3  73  88  35  34  60  36  20  14  64  83 
 68  23  79  14  40  62  49  60  86  33  32  13   8  91  49  74  32  92  54  51   8  38  56   4  88   0  31  95  50  59  14  44  58  37  59  23  62  30  94  56  48  60  58  87  90  21  58  50  28  59 
 71  33  80  17  53  54  42  63  22  72  31  62  67  10  90  54   1  43   4  67  57  33  50  81  42  60   0  93  78  25  61  34  73  94  42  81  14   9  65  12   3  87  17  65  97  25  65  51  89  67 
 79  33  97  79  35  75  97  88  83  55  89  56  63  46  19  84  87  48  65  77  10  29  60  12  42  47  57   0  23  40  47  92  70   3  47  84  23   3  73  37  59  96  65  23   8  79  54  48  75  18 
 14  38  30  82  86  80  89  84  28  57  83  88   9  75  15  63  69  71   5  64  75  13   4  38   1  86  28  37   0  16  51   5  77  66  63   7  57  70   6  56  51  24  35  87  13  36  19   1  89  49 
  2  69  74  64   7  40  45  51  55  43  70  24  95  21  79  30  24  62  61  98  69  45  14  72  17  62  70  24  23   0  42  56  11  57  11  37  67  64  27  43  39   5  17  42  13  38  62  85   9  93 
 44  22   4  70  45  67  65  67  46   9  71  53  49  95  72  64  58  38  79  55  16  31  92  75  21  26  68  12   6   3   0  34  37  79  33  62  26  66  91   4   2  70  78   6  73  17   3  30   2  61 
 31  13  91  64  21  53  91  25  52  89  17  26  85  60  26  78  55  81  88  53   6  42  52  91  77  94  41  12  42  62  23   0   7  14  25  88  15  22  83  15  33  90  27  81   7  44  38  88  57  68 
 34  39  92  96  23  97  36  74  62  81  87  35  70  14  67  38  52  13  71  87  94  82  57  59  53  61  46  85   1  56  24  75   0  33   7  90  20  32  53  43  66  59   8  94  15  51  66  51  94  11 
 25  81   8  39  66  11  37  84  25   9  31  73   6  37  58   5  91  51  67  18  69  76   4  18  89  16  85  40  93  89  15  77  13   0  57  22  11  27  87  41  94  20  72  82  42  59  12  40   1  21 
 28  42  82  33  35  27  71  41  81  67  52  30  61  60  42  75  46  75  46  77  16  60   9  98  62  64  85  46  62  61  71  85  78  50   0  10  33  76  71  27  15  83  54  44  17  87  18  95  71  93 
 31  87  18  38  17  34  58  12  79  40  62  74  32  47  21  84  22  38  62   3  34  58  30  51   3  28   6  41  50  40  58  97  34  91  73   0  83  93  25  57  76  40   4  17  50  12  91  97  30  45 
 40  82  85  45  12   6  33  98  24  11  17  10  12  60  56  15  22  23  90  10  21  15  64  23  48  39  58  30  68  66  36   8  24  26  13  65   0  35  18  25  73  14  19  10  63  13  74  83  74  93 
 65  53  27  12  68   6  62  84  48  11  27  83  33  75   5  73  49  56  63  71   3  87  70  46  73  98  20  22  17  24  52  74  72  81  55  47  41   0  90  49  65  59  74   2   9  44  71   5  43  38 
 56   8  88  71  93  29  89  28  52  17  69  44  75   9  19  21  39  79  65   9  67  24  82  88  79  15  42  72  59  27  94  60  12  99  60  35  62   3   0  80  35  81  54  26  31  36  54  59  32  27 
 13  47  10  44  15  50  57  32   9  31  36   2  34  84  75  19  19  37  79  82  32  60  11  53  94  59  91  60  38  81  69  98  52  56  53  91  82  15  24   0  81  18  42  16  43  14  56  83   8  21 
 16  88  63  24  83  40  34   4  50  65  22  45  14  71  19  19  75  42  38  69  98  72  77  43   6  22  98  88  76  90  53  28  88  30  62  34  45  29  21  66   0  71  42   4  67  46  72  24  59  62 
 29  56  50  14  52   2  85  74  53   6  71  72  75   4  75  31  32  64  18  24  24  66  75  14  97  44  35  66  56  51  92  16  84  39  77  16   5  34  72  55  17   0  91  36  94  55  73  71  42  35 
 76  41  23  64  38  85  76   2  40   6  21   3  23  86  60  37  68  84  67  95   7  28  94  86  92  14  99   2  99  33  39  47  39  73  68   5  74  52  23  68  94  55   0  18   2  17  40  47  43  88 
 56  25  95  55  44  81  37  46  96  91  72  48  56  20  92  36   3  69  75  53  80  31  24  15  90  80   1  35  24  29  97   9   1   7   5  45  36  45  35  28  39  65  60   0  83  88  51  24  10  15 
 76   4  86  48  11  96  22  44  66  38  85  84  49  49  83  18  60  86  25  71  19  68  71  21  74  51  58  35  93  78  35  46  46  58  96  89  83  34  70  96   9  99  35  18   0  20  12  63   4   1 
 86  96  85  29  79  24  42  80  18  28  35  44  11  24  67   8  18  49  16  78  92  88  23  64  43  93  54  60   7  83  15  35  43  29  58  56  25  70  47  24  85  12  44  89  52   0  91  60  42  44 
 25  97  40  37  57  47  57  16  79  40  18  26   7  11  90  87  59  69  44  92  11  78  92   1  21  98  51  82   5  71  52  90  51  96  11  11  69  86  84  48  48  95  67  66  74  45   0  76  90  57 
 59  61  11   8   2  21  91  55  54  98  24  61  42  63  76  91   6  47  78  44  13  99  40  84  20  89  67  84  93  12  38  56  17  41  28  33  64  28  96  70  44  77   8  10  21  89  46   0  19  45 
 34   3  60  10  13  40  94  48  15  59  78  45  32  64  31  28  75  65   7  71  95  43   7  45  17  80  22  58  68  73  67  34  86  93  30   4  55  96  95  17  55  31  94  45  25  21  28  70   0  60 
 33  90  77  40  64  43  86  58  31  37  67  58  31  49  22  50  61  55  21  60   7  42  72  99  46  43  32  24  78  86   3  34  56  50  83  39  91   5  52  42  69  23  15  92  29  28  55  97  86   0 
M7
  0  58   3  29  38  28  45  72  94  58   3  10  39  79  71  82  95  26  81  93   9  86  35  18  72  29  59  51  64  47  33  90  97  12  45  93  43  81  26  23  86  35  81   1   2  91  41   5  14   3 
 73   0  52  19  19  44  84  32  26  13  65  95  31  35  82  18  21  62  31  42  23  44  47  33  62  27  92  79   9  99  49  81  96  60  15  80  94  61  19  92  44  18  97  98  48  82  91  36  98  55 
 39  60   0  86  94  34  55  54  44  21  99  48  97  21  32  71  79  12  50  81  68   3  54   2  35  96  82   9  37  99   6  27  88  30  62  63  36  39  96  41  11  54  17   5  26  48  47  22  89  31 
  9  19  72   0  63  34  36  94  59  39  76  76  70  55  11  93  65  11  30  89  35  46   6   4  58  21  12  20  99   9  99  82  46  67  93  11  47  17   1  49  78  40   9  91  41  86  43  41  57   1 
 86  85  36  83   0  78  21  70  37  23  46  33  61  12  81  15  94  91  11  97  97  50  73  42   6  48  88  11  90  44  54  21  34  93  64  63   3  11  72  47  58  59  31  58  61  26  79  74  44   5 
 92  63  83  72  97   0   4  80  37  82  31  44  74  49  59  97  68   7  68  30  68  39  37  46  76   6  64  47  50  62  30  71  45   1  68  52  71  44  35  40  49  34   9  32  98  94   4  45  34   9 
 70  42  57  66  38  31   0  59  19  63  71  95  25  48  74  66  99  49  87  47  42  33  59   3  79  49   4  87  86  63  33   2  99  95  23  61  88  40   7  33  44  32  85  35  55  51  30  77  91  69 
 45  98  77  19   4  21  19   0  72  54  59  73  84  27  46  80  98  88  49  20  77  41  14  84  68  30  70  99  56  22  77  58  76  84  78  24  97  80  32  14  65  82  46  19  12  62  64  45  17   5 
 73  77  78  50  46  75  36  48   0  34  83  38   6  88  36  52  34  70  72  75  59   5  52   5  88  19   8  79  10  99  82  68  89  36  90  12  17  44  84  56  27  89  88  74  47  88  95  67  62   5 
 59  12  23  76  68  15  85  19  82   0  50  29  50  78  44  54  21  89  44   5  59  81  70  22  86  32   3  74  62  89  89  25  42  28  51  56  36  73  37  35  89  38  78   4  40  70  83  77  46  29 
 78  67  40   3   4  51  46  43  33  70   0  66  37  61  64  88  84  50   5  72  57  57  76  68  38  38  43  47  90  14  85  30  43  27  89  96  53  33  45   7  54  89  94  60   5  42  49  84  12  69 
 70  27  19  26  83  86  41  45  48  96  69   0  84  88  39  29  64  81  70  61  97  14  74  43  44  43  41  47  12  23  86   7  17  15  43  83  38  79  78  49  24   4  73  66  71  94  46  20  78  11 
 25  63  35   7  57   3  49   4   5  19  89  36   0  92  28   5  43  61  15  30  35  13  29  15  92  93  19  50   5  14  57  65  87  31  89  20  95  34  22   1  93   3  19  99  91  71   2  53  32  91 
 21  34  53   1   3  49  71  28  15  44  87  77   2   0  34  74  22  41  21  91  14  85  57  72  83   1  54   1  15  99  56   1  27  37  35  58  40  30  89  48  52  59  92   2  40   7  50   9  60  74 
 11  36  43   6  71  75  70   9  99  79  63  50  51   9   0  56  96  76  89  57  72  77  40  68  53  70   9  14  22  99  82   3  54  74   9  17  28   7  29  14  16  14  73  96  13  68  33  93  42  11 
  9  95  30  40  52  49  31  36  32  46  32  78  96  26  41   0  99  99  89  53  40  95  35  88  39  26  47  80  58   5  13  17  57  41  19  27  97  66  93   3  90  66  90  65  15  51  10  45   9   7 
 93  18  98  96   7  66  82  19  69  82  89  18  16  29  82  28   0  22  24  84  20  52  28  46  62  13  38  16  31  16  50  91  49  44  26  81  11  47  26  38  76  95  26   4  57  91  77  65  31   1 
 29   5  50  57  24  13  50  95  39  29  11  21  10  50  21  54  64   0  38  73  27  46  56  94  77  66  80  27  18  43  47  44  46  11  57  27  34  92  56  80   7  26  42  30  31  38  62  28  17  99 
 54  21  84  14  57  56  53  79  48  56  78  40  65  16  45  46   9  36   0  10  80  70  18  70  45  34  52  90  63  74  66  22  14  93  11  13  49  55  34  10  72  43  87  18  75  75  78  85  85  39 
 73  11  51  83  28  67  79  85  90  39  36  88  96   4  47  89  17   9  90   0  62  87  94  45  77  97  59  26  91  46  10  85   3  22  97  47  84  39  14  67   4   4  86  74  12  18  74  20  26  57 
 74  91  37  91  51  91  71  20  57  80  73  43  75  83  10  20  31  81  80  66   0  68  79  84  47  21  42  85  35  20  50  56  10  82  95  29  54  52  46  85  58  55   7  88  57  59   9  57  12  82 
 45  62  97  36  60  36  45  98  28  23  41   6  72  29  70  80  39  59  82  46  13   0  87  48  61   1  21  92  20  25  25  47  83  50  93   5  31  90  96  66  57  82  28  81  93  57  89   4  20  88 
 50  91  33  43  29  73  74  11  82  94  73  40  70   3  83  59  15  12  81  40   4  86   0  65  30  68  87  37  62  24   2  70  24  11  81  23  12  91  81  82  25  68  56  91  63  38  55  27   6  81 
 78  84  82  46  24  29  26  89  59  91  14  29  59   3  68   5  87  61  95  84  61   5  17   0  37  81  41  22  18  31   6  72   8  41  66  45  56  80   4  22  17  45  91  81  66  93  28  96  39  20 
 35  60  21  59  42  47   7  15  66  67  73  42  65  42  93  39  72  57  64  59  57  14  58  84   0  69  49  36  96  11  52  51  59  69  59  51  81  81  24   3  73  88  35  34  60  36  20  14  64  83 
 68  23  79  14  40  62  49  60  86  33  32  13   8  91  49  74  32  92  54  51   8  38  56   4  88   0  31  95  50  59  14  44  58  37  59  23  62  30  94  56  48  60  58  87  90  21  58  50  28  59 
 71  33  80  17  53  54  42  63  22  72  31  62  67  10  90  54   1  43   4  67  57  33  50  81  42  60   0  93  78  25  61  34  73  94  42  81  14   9  65  12   3  87  17  65  97  25  65  51  89  67 
 79  33  97  79  35  75  97  88  83  55  89  56  63  46  19  84  87  48  65  77  10  29  60  12  42  47  57   0  23  40  47  92  70   3  47  84  23   3  73  37  59  96  65  23   8  79  54  48  75  18 
 14  38  30  82  86  80  89  84  28  57  83  88   9  75  15  63  69  71   5  64  75  13   4  38   1  86  28  37   0  16  51   5  77  66  63   7  57  70   6  56  51  24  35  87  13  36  19   1  89  49 
  2  69  74  64   7  40  45  51  55  43  70  24  95  21  79  30  24  62  61  98  69  45  14  72  17  62  70  24  23   0  42  56  11  57  11  37  67  64  27  43  39   5  17  42  13  38  62  85   9  93 
 44  22   4  70  45  67  65  67  46   9  71  53  49  95  72  64  58  38  79  55  16  31  92  75  21  26  68  12   6   3   0  34  37  79  33  62  26  66  91   4   2  70  78   6  73  17   3  30   2  61 
 31  13  91  64  21  53  91  25  52  89  17  26  85  60  26  78  55  81  88  53   6  42  52  91  77  94  41  12  42  62  23   0   7  14  25  88  15  22  83  15  33  90  27  81   7  44  38  88  57  68 
 34  39  92  96  23  97  36  74  62  81  87  35  70  14  67  38  52  13  71  87  94  82  57  59  53  61  46  85   1  56  24  75   0  33   7  90  20  32  53  43  66  59   8  94  15  51  66  51  94  11 
 25  81   8  39  66  11  37  84  25   9  31  73   6  37  58   5  91  51  67  18  69  76   4  18  89  16  85  40  93  89  15  77  13   0  57  22  11  27  87  41  94  20  72  82  42  59  12  40   1  21 
 28  42  82  33  35  27  71  41  81  67  52  30  61  60  42  75  46  75  46  77  16  60   9  98  62  64  85  46  62  61  71  85  78  50   0  10  33  76  71  27  15  83  54  44  17  87  18  95  71  93 
 31  87  18  38  17  34  58  12  79  40  62  74  32  47  21  84  22  38  62   3  34  58  30  51   3  28   6  41  50  40  58  97  34  91  73   0  83  93  25  57  76  40   4  17  50  12  91  97  30  45 
 40  82  85  45  12   6  33  98  24  11  17  10  12  60  56  15  22  23  90  10  21  15  64  23  48  39  58  30  68  66  36   8  24  26  13  65   0  35  18  25  73  14  19  10  63  13  74  83  74  93 
 65  53  27  12  68   6  62  84  48  11  27  83  33  75   5  73  49  56  63  71   3  87  70  46  73  98  20  22  17  24  52  74  72  81  55  47  41   0  90  49  65  59  74   2   9  44  71   5  43  38 
 56   8  88  71  93  29  89  28  52  17  69  44  75   9  19  21  39  79  65   9  67  24  82  88  79  15  42  72  59  27  94  60  12  99  60  35  62   3   0  80  35  81  54  26  31  36  54  59  32  27 
 13  47  10  44  15  50  57  32   9  31  36   2  34  84  75  19  19  37  79  82  32  60  11  53  94  59  91  60  38  81  69  98  52  56  53  91  82  15  24   0  81  18  42  16  43  14  56  83   8  21 
 16  88  63  24  83  40  34   4  50  65  22  45  14  71  19  19  75  42  38  69  98  72  77  43   6  22  98  88  76  90  53  28  88  30  62  34  45  29  21  66   0  71  42   4  67  46  72  24  59  62 
 29  56  50  14  52   2  85  74  53   6  71  72  75   4  75  31  32  64  18  24  24  66  75  14  97  44  35  66  56  51  92  16  84  39  77  16   5  34  72  55  17   0  91  36  94  55  73  71  42  35 
 76  41  23  64  38  85  76   2  40   6  21   3  23  86  60  37  68  84  67  95   7  28  94  86  92  14  99   2  99  33  39  47  39  73  68   5  74  52  23  68  94  55   0  18   2  17  40  47  43  88 
 56  25  95  55  44  81  37  46  96  91  72  48  56  20  92  36   3  69  75  53  80  31  24  15  90  80   1  35  24  29  97   9   1   7   5  45  36  45  35  28  39  65  60   0  83  88  51  24  10  15 
 76   4  86  48  11  96  22  44  66  38  85  84  49  49  83  18  60  86  25  71  19  68  71  21  74  51  58  35  93  78  35  46  46  58  96  89  83  34  70  96   9  99  35  18   0  20  12  63   4   1 
 86  96  85  29  79  24  42  80  18  28  35  44  11  24  67   8  18  49  16  78  92  88  23  64  43  93  54  60   7  83  15  35  43  29  58  56  25  70  47  24  85  12  44  89  52   0  91  60  42  44 
 25  97  40  37  57  47  57  16  79  40  18  26   7  11  90  87  59  69  44  92  11  78  92   1  21  98  51  82   5  71  52  90  51  96  11  11  69  86  84  48  48  95  67  66  74  45   0  76  90  57 
 59  61  11   8   2  21  91  55  54  98  24  61  42  63  76  91   6  47  78  44  13  99  40  84  20  89  67  84  93  12  38  56  17  41  28  33  64  28  96  70  44  77   8  10  21  89  46   0  19  45 
 34   3  60  10  13  40  94  48  15  59  78  45  32  64  31  28  75  65   7  71  95  43   7  45  17  80  22  58  68  73  67  34  86  93  30   4  55  96  95  17  55  31  94  45  25  21  28  70   0  60 
 33  90  77  40  64  43  86  58  31  37  67  58  31  49  22  50  61  55  21  60   7  42  72  99  46  43  32  24  78  86   3  34  56  50  83  39  91   5  52  42  69  23  15  92  29  28  55  97  86   0 
Reldue
 1803    8    1
 2006    6    5
 2480    8    8
 2503    3    5
 1959    2    7
 2784    9    4
 1753    5    6
 3180    7    4
 2249    9    8
 2315    7    9
 2455    8    5
 1435    5    6
 2423    4    5
 1080    9    7
 2804    8    9
 2131    8    1
 1451    3    8
 1952    5    9
 3247    1    6
 2498    9    6
 2664    3    2
 3172    3    8
 2111    5    9
 2384    1    4
 1365    8    6
 2183    3    1
 2451    2    6
 1081    6    6
 3132    6    9
  949    4    4
 1385    8    3
 2650    9    1
 1015    6    9
 2258    6    2
 3478    6    2
 1532    3    4
 1524    7    3
 1227    8    9
 2107    9    2
 1539    1    1
 1048    6    4
 1906    8    5
 1467    2    2
 1875    6    6
 2196    4    4
 1321    4    3
 1836    4    2
 3105    9    4
 1077    3    1
 2476    1    2
DDW
 1676  1930
 1892  2120
 2313  2647
 2295  2711
 1855  2063
 2547  3021
 1602  1905
 2904  3456
 2057  2440
 2136  2493
 2239  2671
 1324  1546
 2253  2592
 1008  1152
 2655  2953
 1956  2306
 1321  1581
 1806  2097
 2973  3520
 2362  2633
 2424  2905
 2909  3435
 1968  2255
 2213  2555
 1269  1461
 2019  2347
 2220  2682
  999  1163
 2837  3426
  874  1023
 1285  1486
 2470  2831
  956  1073
 2132  2383
 3247  3709
 1447  1617
 1395  1653
 1132  1323
 1946  2269
 1387  1691
  966  1130
 1718  2094
 1368  1566
 1764  1986
 2039  2352
 1224  1417
 1716  1957
 2810  3400
 1015  1140
 2308  2644
