50   8
MD
  5  4  5  5  2  3  4  4
PT
  9  92  12   4  17  57  58  48  93  61  93  42   3  83  82  45  62   8  29  90  76  52  40  33  46  29  41  94  12  35  70  52  14  44  87  34  26  75  55   8  89  61  25  92  87  96  72  40  47  88 
  9  15  58  18  79  39  53  27  61   9  11  93  98  91  16  28  44  14  11  54  62  69  45   4  11  80  47  15  83  74  22  60   4   6  96  65  81  39  75  18  20  30  95  64  97  95   8  69  51  63 
  5  87  62  27   1  30  29  69   2  58  99   1  92  59  58  50  19  25  37  78  15   6  38  76  74  87  46  20  52   6  76  25   7  70  61  25  27  34  31  22  10  12  39  74  37  16  39  72  75  84 
 90  75  27  52  63  48  12  47  67  56  84  41  65  41  44  61  97   1   7  85  26  53  76  32  85   2  24  44   7  27  49  54  32  86  19  24   6  21  84  90  86   9  28  42  14   8  66  52   1  17 
 30  41  96  46  84  19  57   2  97  39  66  78  61  91  38  44  86  42  67  59  24  67  47  70  12  93  90  34  26  61  72  94  68  56  56  80  64  69  81  72  48  18  36  10  39   5  83  71  94   2 
 64  46  61  21  83  69  85  75  68  90  74  70  72  98  42   4  27  51  49  36  29  66  53  34  96  47  69  43  79  34  28  46  99  40  60  77  39  47  24  80  98  33  78   2  47  31  46  58  59  28 
  9   6  40  64  57  27  38   7  46  66  19  63  58   9  38  50  50  65  61  72  25  97  51  30  58  22  87  76  26  68  91  54  13  39  57  28  36  80  46  54  77   2  13   7  35  98  73  59  72  95 
 64  46  24  64  33  19  92  82  55  17  77  20  62  50  63  82  43  67  18  75  63  19  16  53  81  37  15   6  53  29  81   9   6  11  13  30  46  50  73  77  35  45  61  73  11  68  58  92  18  67 
SSD
M0
  0  32  48  39  58  83 121  81  92  80   9  38  47  72  29  46  33  60  13  89  70  39 120  49  40   3  52  95  24  10 111 122  45  99  26  72  41  33  49  88  66   1  34  68  20  31  77   5  28 112 
121   0 114  73 101  28  19  93 106  90 124 106  70   8  58  56  81   9  53  22  90   4 117  79 119 105  67   6  41 124  62  82  93  39  57  12  46  71  91  87  12  74 114  25   8  95  33  46  41  13 
 33  34   0 119  53  66  45 123  61  28  46   2  30 110  83 109   7  13 104  97  43 104  90  97  99  56  77  91  95  77  21  76  98  61  98  55  98 112  62  96  71  79  24  97  80   4  65  18  45 116 
 49 110 113   0  27  76  66 109  58  46  94  31  57   7  54  59  65  88  47  67 117  89  83  73  78  26 108  53  23  45  21 119  86  11   8  64  44 113 100  63   6   9  72  22  15   1  29  95 117  24 
 39 112  65  53   0 115  63 103   9 100   1  44  51  47  23 113   2  40  18  55 106  86 116  83  43  25  66  44  16  91  29  11  48  49  97  91  16  61  57  86  44  89   1  99  82  67  81  34  43 121 
 95  59  42  33  82   0   4  68   7  85  42  74 114  73 115 113 117  97  37  59  93  16 117  31  82  20 122   3 121  77 120   7  15  92  72  53   3  67  99  86   9  30  34  34  24  19  12   6  17  84 
116  67  36  18  89  11   0  72  26  70  59  39 110 115  36  64 124  84  96  37  76  45  30  68  44 110  99  42  87 103 120  54  54 121  37 120  59  45  41 116  39 115 118  62  61   5 117  38   7  60 
104   4  86  42  78 120  94   0  86  19  59  24 109  85  97  15 109  36  57  67  48  98 111   8  98  66  16  97  26  44   6 102   4  14  25 102 121  89  66  19   6  29 106 111  57 106 113   1  40 100 
 69  87  28  55  41  28  53  92   0  28  46  34  92  81  53  54  99 113  28  39  97  22 101  51  40  23  28 110   5  94  43 118  89  50  80 124 118  14  21 114  74 109  46  32  22  41  52  95  65  22 
 40   5  96 111  89  64  99  35  35   0  35  73  84 106  35  68  63 100  44 117  25  12   2  31   1   1  94 101  61  97  14  52  66 118  81  77  21  45  25  91  46  83 114  86  81  84   1  34 100  36 
 41  32 116  26 122   4 123  57  38  97   0 101  61  16  46  99  83  13  72  36  71 123   5  94  27  37  13  25  43  54  28  43   4 106 108 105 114  48 111   6 113  27  42 118 117  36  23  82  75 121 
 77  89  64  99  79  72  32  21 100  27 104   0  71   7   3  99  11 101  12  80  75  90  38  17  38  80   4  44  67  16  61  44  76  96  50  14  12  78  79  56  28 103 106  42  77  49  92  72  57 111 
100 101  44 101  47   1  14  86  26 116  34  24   0  31 106  11  60 121  99  84  80  41  54 106  86  92  97  73  23  85  84   1 105  67 118 107  76  27  48 123  65  18  53 116  55  71  39 102  31  75 
 38  43  45   3  27  28  62   6  54 123  31  52  89   0  55  11  63  93   9  52  78 107  39 102 109 120 121  30  84  73  92  88  14  15  20  42  79 112  83 116   6  30 121  60  97 117   2  63  90 106 
  8 114  19 113   9   2  16   5  84  75  27 121 124 117   0  28  40 112 113  68  95  85   6  11 109  94  37  99 113  74 110  28  72  51  96  87  14  50  99  16  92 116  96 105  47   4  16  19  64  97 
 21  12 121  72  92  62  72  40  98   4   2  27  88  26  24   0   6  37  58  64  92   4   8  95  13   9  56  10  65 118  80 122  14  29 108 111 120 110  29  22  29  76  87  79  10  52   1  66  38  98 
 42  79 100  72 119  36  90 108 101  20 121   2  26   8  44  73   0  96  65 122  10  20 110  55   9 119  15  31  98  87 117  40  52  83  89 107  97  63  64   4 101  24  27 116  60   6 121  65   7 107 
 78  53 112  43   1  82  57  62  71  12  47  37 109  77  17  23 122   0  50 118 122  42  79  29 109  15  50  94  83  18 114  47  20  20 100  89  40  27 119  97  67  60  76  87  64  75  98  12 120  49 
 17  26  54  45 121  59  99  14  14   7 103  37   6  18  83  50  38  42   0  76  18  46  97  20 121   6  53  77 111  79  94 104  92  53  80 104  12 103  19   6  18  32  21  60  84  11  57   9  10  56 
 80  54  86  58 106  86  54  19  42 108  65 101  12  25  13 120  33  74  43   0 119 122   6  30  20  39  12  51  58  57 106  12 119 117  57  91 105  78  58 113  88  18  21  12  98  23  24  82  44  42 
 76   2  66  73  17   4  97  36  54  46 108  70  45   4  65  90 124  52  93  78   0  99  48  54  39 119  85  44 104  17  16  75 105 111  90  65   2  78  85  97  44  74  99 106 121 123  47  38  30  64 
 90  43  19  70   1 122  49  77  45  54  45  75  26 103  47  87 120  85 123  24  27   0  89  95  28  36  54  22  22  48  32  93  81  86  96   7 101  48 123  82  47  98 108  97  19 109  54  41 109 118 
 18 108  37  68  61  63  94  72  50 106  73  87 109  15  70 117  14  32  82  95 107  12   0  93  48  22 101  99 116 115  43 114  30  84  12   6  90  46  89  10 112  12 115  86  72 105  94  75   5  13 
109   7  15   2  74  54  20 120  68  77   4  22 120 100  86 118  11  82  87  42  66  40 114   0   5  43  48  43  80  26  17  18  13  40  67 105  19  42  41  82  99  27  40  41  21  40  77  50 123  13 
  2 108  33 103  66   8 111   9  75  19  10  22  39  44   7  76  14   4  67  19 108   8 102  81   0  81  38 115  91  46  47  87 117  12  57  68   3  48  22  91 114 115  21  29  23  76  97 113  96  28 
 90 108  53   8  50 112  90  22  53 118 122  56  71  36  75  15  36 118  83 106  22  74 121  84 102   0  52  88  75  12  16 108  87  71  36  97  19   6  65  44  90 109  35  48  87   2  81 122  65  69 
108  99  30   5  17 106   5 109  92  67  88  44   2  52  86  87 106  95  38  62 103  38  23  23 112  60   0 119  51  15  67   8  79  50  92 112 102  68   7  11  55  95  90  57  51  55 118  76  85  11 
 66 103  97  26 102 102  93 103  20  97 116  94 100  51   9  33  25  83  38  58  10 103 109  86 107  14 123   0 120  43 112 112  28  32  33  12  86  85  37  56  78   7   8  62   1  38  91   9  66 107 
 77  70  54  29  16  72 120  46  17  92   5 109 121  90  25  69 120  37  63 106 107  63  26  99 120  89  54  25   0  56  27 122  24  35  87 123  69 121 115  93 112  70 120 106 116 124  92  31  51  32 
 99  74  13 118  53 107  52  34  54 108  64  34  85  73  75 106  93  34  75  12 109  69  98 101  98   1  82  54 116   0 117  11 114 113  40 109   5  95 117  84  90  97 111  52  63  14  42  62  32  43 
 77 104  24 117  36  67 114  46  89  39   8  36  48  78  33  33  16  86  99  91  70  54  27  83  19  16  99  37  79 120   0  86  19  30  15  27 117 114  20  71  76  24  63  41   6  75 105 116  29  28 
  1  24  80  80 114  62  82 113  14  80 124  14 117  87  20   1  37 109  30  90  36  28  61  57  87  14  11   1  88  40 102   0 124   2   1  74  95  90 105 115  53  19  54  81  94  91  86  88  56 113 
 89  58  96  14  59 110  59  44   2  72 103  49  74   6  84  74  65  73   6  71  13  78 115  19  95  94  96  59  26  10  38 113   0 113   5  88  45  77 123 103  37  35  28 113  37  35  80 123 113  62 
 17  34  99  85 114  27  22  69 101  47 114 101  82  66  75  19 107  39  80 118  24  55  23  91  30  19  84 103 105  66 110 108 120   0  36  31  98   8  38  69 119 116 114  63 107  59  99  96 103 116 
 39  62   1  77 107  10  31  55  38  27  21 121  18 114  84  19  19  37  87  84  66 122  79   8  80  31  67  62  99  48  40 118  14  41   0  70  70 120  67  18  30  78  97  17 124  19   7  17  19  58 
 20  71  53  81 109  44  45 114 100  40  24 118 120  17  62  91  10  72  64  22  89 117  40  82  38 108  97  73 103  71 108  95  30  26 110   0  14  81 100  20  85  98  73 100 113  44 122 122  10   8 
117   4  37  68  43  95 105  47  18  19  97  20  70  21  81  84  36 113  16  22  58 120 108  40  83 105 111  57  25  52 110  88 122 111   6  33   0  51 104  70  43 124  75  64  73  13 100  68  48  59 
122 116  45   9 120  69  68 106  90  73  73  38  21 113  37  98  72   7  62  51   5  49  34  58  90 103  61  26 117  53  41  54  56  16  13   1 104   0 102  97  95  58  67  86  26  61  87  55  72 107 
111  98   5  43  92  16  72 115  11  65  54  38 122 112 111  88  72  48  43  55 123  83   7 120  82 115  28  14   7  75  88  80  51  42  82  62 113 119   0  54  98  63  78  39 111  10  91  20  32  49 
 76  16 109  96  98  34  63  95 113   2   4  61 103  27  88   3  88  67  70  46  97 111 123 103 115  85  45  34  81  41  92  18 121   9 116  15 109  70  17   0   9  36  54  28  74  58   9  32  70 119 
113  38  20  53 104 112  16   6 108  52  78  74 102 121 104  85  48  10  15  21  80  62 101  12 101  91  53  91  70   3  99  50  57  50  76  13  60 106 115  56   0  39  83  92  37 116  62  15  80 104 
122  34  43  28  66  42 118  79 116 101  95   4   9  84  57 102 120 104  23  45  19  52  86  86  22  15   8  87  81  14  43 121   8  96  50  23  12  76  79  95  38   0   2  38  24 101 108  21  79   2 
 33  13  63  98 116  31  69  93  16  37  67 100  84  83  26  63  88 109  99  55  95  44 109  19  99  37 114 116  71  76 117  75  45  28  12 100  66 124  29  72  68  98   0  98 121  20  32  45  22  12 
122 118  50  67 111  40  33  64  24  59   4  47  20  54  48   3  26  85  22  52  84  48 122 105  74 109 108  62  30   6 112  71  20  62  71  81  17  79 113  48   1  42 110   0  90  86  55  94  71  21 
  9 124 103   3 108 105   9  88 105  57  21  24  88  75  54  62  42  87 115  26  73  74 115  49 102  81  35 118  42  87 123 102  56  91  36 119 118  94  61  60  15   1 118 104   0  70  76  23 116  32 
 26 105 111  36  81  85   5  89  38   3  32  26  44 117   8  13  67  89 106  62  70 117  12 115 114  84  96  59  16  48  12  50 103  26  74  63  91  48  13 117  24  29  30 119  95   0 105  58 101   1 
 54  22  46  72 104  41 107  84  77  94  92  85  70  36 108  45  46 117  97  45  76  69 122  82 100 107 106  91 112  85  20  26  53 114   1  49  65  76   7 107  81  92 116  94  58  26   0  28 123  56 
 73  57  77  49 113  54  36  63  89  55  29  75   7 106  77  61 123   9  64   2  47   9  99  40  38  16  13  69  31  19  15 122  68 118  26  28  36  67  61  28  28  81  56  59  92  12  37   0  14  48 
 19  63  97  13  33  55   9  46  55 116  94 116  65 120  75 123  38   4  33  73  93  65  76  24  22  56 100  81  72 106  37 119  99  49  62  49   2 105  12 124 112  38  30 105 110  61  15  68   0  83 
 73  28   8  11  51 104  18  23  21  17   7 106  42   6  77   1  62  49  15 111  53  19 110 105 102  39  90  69  14  71  42  60 122   8  99 117  47  39  11 111  77  13  46  94  70  22  99  10  98   0 
M1
  0  32  48  39  58  83 121  81  92  80   9  38  47  72  29  46  33  60  13  89  70  39 120  49  40   3  52  95  24  10 111 122  45  99  26  72  41  33  49  88  66   1  34  68  20  31  77   5  28 112 
121   0 114  73 101  28  19  93 106  90 124 106  70   8  58  56  81   9  53  22  90   4 117  79 119 105  67   6  41 124  62  82  93  39  57  12  46  71  91  87  12  74 114  25   8  95  33  46  41  13 
 33  34   0 119  53  66  45 123  61  28  46   2  30 110  83 109   7  13 104  97  43 104  90  97  99  56  77  91  95  77  21  76  98  61  98  55  98 112  62  96  71  79  24  97  80   4  65  18  45 116 
 49 110 113   0  27  76  66 109  58  46  94  31  57   7  54  59  65  88  47  67 117  89  83  73  78  26 108  53  23  45  21 119  86  11   8  64  44 113 100  63   6   9  72  22  15   1  29  95 117  24 
 39 112  65  53   0 115  63 103   9 100   1  44  51  47  23 113   2  40  18  55 106  86 116  83  43  25  66  44  16  91  29  11  48  49  97  91  16  61  57  86  44  89   1  99  82  67  81  34  43 121 
 95  59  42  33  82   0   4  68   7  85  42  74 114  73 115 113 117  97  37  59  93  16 117  31  82  20 122   3 121  77 120   7  15  92  72  53   3  67  99  86   9  30  34  34  24  19  12   6  17  84 
116  67  36  18  89  11   0  72  26  70  59  39 110 115  36  64 124  84  96  37  76  45  30  68  44 110  99  42  87 103 120  54  54 121  37 120  59  45  41 116  39 115 118  62  61   5 117  38   7  60 
104   4  86  42  78 120  94   0  86  19  59  24 109  85  97  15 109  36  57  67  48  98 111   8  98  66  16  97  26  44   6 102   4  14  25 102 121  89  66  19   6  29 106 111  57 106 113   1  40 100 
 69  87  28  55  41  28  53  92   0  28  46  34  92  81  53  54  99 113  28  39  97  22 101  51  40  23  28 110   5  94  43 118  89  50  80 124 118  14  21 114  74 109  46  32  22  41  52  95  65  22 
 40   5  96 111  89  64  99  35  35   0  35  73  84 106  35  68  63 100  44 117  25  12   2  31   1   1  94 101  61  97  14  52  66 118  81  77  21  45  25  91  46  83 114  86  81  84   1  34 100  36 
 41  32 116  26 122   4 123  57  38  97   0 101  61  16  46  99  83  13  72  36  71 123   5  94  27  37  13  25  43  54  28  43   4 106 108 105 114  48 111   6 113  27  42 118 117  36  23  82  75 121 
 77  89  64  99  79  72  32  21 100  27 104   0  71   7   3  99  11 101  12  80  75  90  38  17  38  80   4  44  67  16  61  44  76  96  50  14  12  78  79  56  28 103 106  42  77  49  92  72  57 111 
100 101  44 101  47   1  14  86  26 116  34  24   0  31 106  11  60 121  99  84  80  41  54 106  86  92  97  73  23  85  84   1 105  67 118 107  76  27  48 123  65  18  53 116  55  71  39 102  31  75 
 38  43  45   3  27  28  62   6  54 123  31  52  89   0  55  11  63  93   9  52  78 107  39 102 109 120 121  30  84  73  92  88  14  15  20  42  79 112  83 116   6  30 121  60  97 117   2  63  90 106 
  8 114  19 113   9   2  16   5  84  75  27 121 124 117   0  28  40 112 113  68  95  85   6  11 109  94  37  99 113  74 110  28  72  51  96  87  14  50  99  16  92 116  96 105  47   4  16  19  64  97 
 21  12 121  72  92  62  72  40  98   4   2  27  88  26  24   0   6  37  58  64  92   4   8  95  13   9  56  10  65 118  80 122  14  29 108 111 120 110  29  22  29  76  87  79  10  52   1  66  38  98 
 42  79 100  72 119  36  90 108 101  20 121   2  26   8  44  73   0  96  65 122  10  20 110  55   9 119  15  31  98  87 117  40  52  83  89 107  97  63  64   4 101  24  27 116  60   6 121  65   7 107 
 78  53 112  43   1  82  57  62  71  12  47  37 109  77  17  23 122   0  50 118 122  42  79  29 109  15  50  94  83  18 114  47  20  20 100  89  40  27 119  97  67  60  76  87  64  75  98  12 120  49 
 17  26  54  45 121  59  99  14  14   7 103  37   6  18  83  50  38  42   0  76  18  46  97  20 121   6  53  77 111  79  94 104  92  53  80 104  12 103  19   6  18  32  21  60  84  11  57   9  10  56 
 80  54  86  58 106  86  54  19  42 108  65 101  12  25  13 120  33  74  43   0 119 122   6  30  20  39  12  51  58  57 106  12 119 117  57  91 105  78  58 113  88  18  21  12  98  23  24  82  44  42 
 76   2  66  73  17   4  97  36  54  46 108  70  45   4  65  90 124  52  93  78   0  99  48  54  39 119  85  44 104  17  16  75 105 111  90  65   2  78  85  97  44  74  99 106 121 123  47  38  30  64 
 90  43  19  70   1 122  49  77  45  54  45  75  26 103  47  87 120  85 123  24  27   0  89  95  28  36  54  22  22  48  32  93  81  86  96   7 101  48 123  82  47  98 108  97  19 109  54  41 109 118 
 18 108  37  68  61  63  94  72  50 106  73  87 109  15  70 117  14  32  82  95 107  12   0  93  48  22 101  99 116 115  43 114  30  84  12   6  90  46  89  10 112  12 115  86  72 105  94  75   5  13 
109   7  15   2  74  54  20 120  68  77   4  22 120 100  86 118  11  82  87  42  66  40 114   0   5  43  48  43  80  26  17  18  13  40  67 105  19  42  41  82  99  27  40  41  21  40  77  50 123  13 
  2 108  33 103  66   8 111   9  75  19  10  22  39  44   7  76  14   4  67  19 108   8 102  81   0  81  38 115  91  46  47  87 117  12  57  68   3  48  22  91 114 115  21  29  23  76  97 113  96  28 
 90 108  53   8  50 112  90  22  53 118 122  56  71  36  75  15  36 118  83 106  22  74 121  84 102   0  52  88  75  12  16 108  87  71  36  97  19   6  65  44  90 109  35  48  87   2  81 122  65  69 
108  99  30   5  17 106   5 109  92  67  88  44   2  52  86  87 106  95  38  62 103  38  23  23 112  60   0 119  51  15  67   8  79  50  92 112 102  68   7  11  55  95  90  57  51  55 118  76  85  11 
 66 103  97  26 102 102  93 103  20  97 116  94 100  51   9  33  25  83  38  58  10 103 109  86 107  14 123   0 120  43 112 112  28  32  33  12  86  85  37  56  78   7   8  62   1  38  91   9  66 107 
 77  70  54  29  16  72 120  46  17  92   5 109 121  90  25  69 120  37  63 106 107  63  26  99 120  89  54  25   0  56  27 122  24  35  87 123  69 121 115  93 112  70 120 106 116 124  92  31  51  32 
 99  74  13 118  53 107  52  34  54 108  64  34  85  73  75 106  93  34  75  12 109  69  98 101  98   1  82  54 116   0 117  11 114 113  40 109   5  95 117  84  90  97 111  52  63  14  42  62  32  43 
 77 104  24 117  36  67 114  46  89  39   8  36  48  78  33  33  16  86  99  91  70  54  27  83  19  16  99  37  79 120   0  86  19  30  15  27 117 114  20  71  76  24  63  41   6  75 105 116  29  28 
  1  24  80  80 114  62  82 113  14  80 124  14 117  87  20   1  37 109  30  90  36  28  61  57  87  14  11   1  88  40 102   0 124   2   1  74  95  90 105 115  53  19  54  81  94  91  86  88  56 113 
 89  58  96  14  59 110  59  44   2  72 103  49  74   6  84  74  65  73   6  71  13  78 115  19  95  94  96  59  26  10  38 113   0 113   5  88  45  77 123 103  37  35  28 113  37  35  80 123 113  62 
 17  34  99  85 114  27  22  69 101  47 114 101  82  66  75  19 107  39  80 118  24  55  23  91  30  19  84 103 105  66 110 108 120   0  36  31  98   8  38  69 119 116 114  63 107  59  99  96 103 116 
 39  62   1  77 107  10  31  55  38  27  21 121  18 114  84  19  19  37  87  84  66 122  79   8  80  31  67  62  99  48  40 118  14  41   0  70  70 120  67  18  30  78  97  17 124  19   7  17  19  58 
 20  71  53  81 109  44  45 114 100  40  24 118 120  17  62  91  10  72  64  22  89 117  40  82  38 108  97  73 103  71 108  95  30  26 110   0  14  81 100  20  85  98  73 100 113  44 122 122  10   8 
117   4  37  68  43  95 105  47  18  19  97  20  70  21  81  84  36 113  16  22  58 120 108  40  83 105 111  57  25  52 110  88 122 111   6  33   0  51 104  70  43 124  75  64  73  13 100  68  48  59 
122 116  45   9 120  69  68 106  90  73  73  38  21 113  37  98  72   7  62  51   5  49  34  58  90 103  61  26 117  53  41  54  56  16  13   1 104   0 102  97  95  58  67  86  26  61  87  55  72 107 
111  98   5  43  92  16  72 115  11  65  54  38 122 112 111  88  72  48  43  55 123  83   7 120  82 115  28  14   7  75  88  80  51  42  82  62 113 119   0  54  98  63  78  39 111  10  91  20  32  49 
 76  16 109  96  98  34  63  95 113   2   4  61 103  27  88   3  88  67  70  46  97 111 123 103 115  85  45  34  81  41  92  18 121   9 116  15 109  70  17   0   9  36  54  28  74  58   9  32  70 119 
113  38  20  53 104 112  16   6 108  52  78  74 102 121 104  85  48  10  15  21  80  62 101  12 101  91  53  91  70   3  99  50  57  50  76  13  60 106 115  56   0  39  83  92  37 116  62  15  80 104 
122  34  43  28  66  42 118  79 116 101  95   4   9  84  57 102 120 104  23  45  19  52  86  86  22  15   8  87  81  14  43 121   8  96  50  23  12  76  79  95  38   0   2  38  24 101 108  21  79   2 
 33  13  63  98 116  31  69  93  16  37  67 100  84  83  26  63  88 109  99  55  95  44 109  19  99  37 114 116  71  76 117  75  45  28  12 100  66 124  29  72  68  98   0  98 121  20  32  45  22  12 
122 118  50  67 111  40  33  64  24  59   4  47  20  54  48   3  26  85  22  52  84  48 122 105  74 109 108  62  30   6 112  71  20  62  71  81  17  79 113  48   1  42 110   0  90  86  55  94  71  21 
  9 124 103   3 108 105   9  88 105  57  21  24  88  75  54  62  42  87 115  26  73  74 115  49 102  81  35 118  42  87 123 102  56  91  36 119 118  94  61  60  15   1 118 104   0  70  76  23 116  32 
 26 105 111  36  81  85   5  89  38   3  32  26  44 117   8  13  67  89 106  62  70 117  12 115 114  84  96  59  16  48  12  50 103  26  74  63  91  48  13 117  24  29  30 119  95   0 105  58 101   1 
 54  22  46  72 104  41 107  84  77  94  92  85  70  36 108  45  46 117  97  45  76  69 122  82 100 107 106  91 112  85  20  26  53 114   1  49  65  76   7 107  81  92 116  94  58  26   0  28 123  56 
 73  57  77  49 113  54  36  63  89  55  29  75   7 106  77  61 123   9  64   2  47   9  99  40  38  16  13  69  31  19  15 122  68 118  26  28  36  67  61  28  28  81  56  59  92  12  37   0  14  48 
 19  63  97  13  33  55   9  46  55 116  94 116  65 120  75 123  38   4  33  73  93  65  76  24  22  56 100  81  72 106  37 119  99  49  62  49   2 105  12 124 112  38  30 105 110  61  15  68   0  83 
 73  28   8  11  51 104  18  23  21  17   7 106  42   6  77   1  62  49  15 111  53  19 110 105 102  39  90  69  14  71  42  60 122   8  99 117  47  39  11 111  77  13  46  94  70  22  99  10  98   0 
M2
  0  32  48  39  58  83 121  81  92  80   9  38  47  72  29  46  33  60  13  89  70  39 120  49  40   3  52  95  24  10 111 122  45  99  26  72  41  33  49  88  66   1  34  68  20  31  77   5  28 112 
121   0 114  73 101  28  19  93 106  90 124 106  70   8  58  56  81   9  53  22  90   4 117  79 119 105  67   6  41 124  62  82  93  39  57  12  46  71  91  87  12  74 114  25   8  95  33  46  41  13 
 33  34   0 119  53  66  45 123  61  28  46   2  30 110  83 109   7  13 104  97  43 104  90  97  99  56  77  91  95  77  21  76  98  61  98  55  98 112  62  96  71  79  24  97  80   4  65  18  45 116 
 49 110 113   0  27  76  66 109  58  46  94  31  57   7  54  59  65  88  47  67 117  89  83  73  78  26 108  53  23  45  21 119  86  11   8  64  44 113 100  63   6   9  72  22  15   1  29  95 117  24 
 39 112  65  53   0 115  63 103   9 100   1  44  51  47  23 113   2  40  18  55 106  86 116  83  43  25  66  44  16  91  29  11  48  49  97  91  16  61  57  86  44  89   1  99  82  67  81  34  43 121 
 95  59  42  33  82   0   4  68   7  85  42  74 114  73 115 113 117  97  37  59  93  16 117  31  82  20 122   3 121  77 120   7  15  92  72  53   3  67  99  86   9  30  34  34  24  19  12   6  17  84 
116  67  36  18  89  11   0  72  26  70  59  39 110 115  36  64 124  84  96  37  76  45  30  68  44 110  99  42  87 103 120  54  54 121  37 120  59  45  41 116  39 115 118  62  61   5 117  38   7  60 
104   4  86  42  78 120  94   0  86  19  59  24 109  85  97  15 109  36  57  67  48  98 111   8  98  66  16  97  26  44   6 102   4  14  25 102 121  89  66  19   6  29 106 111  57 106 113   1  40 100 
 69  87  28  55  41  28  53  92   0  28  46  34  92  81  53  54  99 113  28  39  97  22 101  51  40  23  28 110   5  94  43 118  89  50  80 124 118  14  21 114  74 109  46  32  22  41  52  95  65  22 
 40   5  96 111  89  64  99  35  35   0  35  73  84 106  35  68  63 100  44 117  25  12   2  31   1   1  94 101  61  97  14  52  66 118  81  77  21  45  25  91  46  83 114  86  81  84   1  34 100  36 
 41  32 116  26 122   4 123  57  38  97   0 101  61  16  46  99  83  13  72  36  71 123   5  94  27  37  13  25  43  54  28  43   4 106 108 105 114  48 111   6 113  27  42 118 117  36  23  82  75 121 
 77  89  64  99  79  72  32  21 100  27 104   0  71   7   3  99  11 101  12  80  75  90  38  17  38  80   4  44  67  16  61  44  76  96  50  14  12  78  79  56  28 103 106  42  77  49  92  72  57 111 
100 101  44 101  47   1  14  86  26 116  34  24   0  31 106  11  60 121  99  84  80  41  54 106  86  92  97  73  23  85  84   1 105  67 118 107  76  27  48 123  65  18  53 116  55  71  39 102  31  75 
 38  43  45   3  27  28  62   6  54 123  31  52  89   0  55  11  63  93   9  52  78 107  39 102 109 120 121  30  84  73  92  88  14  15  20  42  79 112  83 116   6  30 121  60  97 117   2  63  90 106 
  8 114  19 113   9   2  16   5  84  75  27 121 124 117   0  28  40 112 113  68  95  85   6  11 109  94  37  99 113  74 110  28  72  51  96  87  14  50  99  16  92 116  96 105  47   4  16  19  64  97 
 21  12 121  72  92  62  72  40  98   4   2  27  88  26  24   0   6  37  58  64  92   4   8  95  13   9  56  10  65 118  80 122  14  29 108 111 120 110  29  22  29  76  87  79  10  52   1  66  38  98 
 42  79 100  72 119  36  90 108 101  20 121   2  26   8  44  73   0  96  65 122  10  20 110  55   9 119  15  31  98  87 117  40  52  83  89 107  97  63  64   4 101  24  27 116  60   6 121  65   7 107 
 78  53 112  43   1  82  57  62  71  12  47  37 109  77  17  23 122   0  50 118 122  42  79  29 109  15  50  94  83  18 114  47  20  20 100  89  40  27 119  97  67  60  76  87  64  75  98  12 120  49 
 17  26  54  45 121  59  99  14  14   7 103  37   6  18  83  50  38  42   0  76  18  46  97  20 121   6  53  77 111  79  94 104  92  53  80 104  12 103  19   6  18  32  21  60  84  11  57   9  10  56 
 80  54  86  58 106  86  54  19  42 108  65 101  12  25  13 120  33  74  43   0 119 122   6  30  20  39  12  51  58  57 106  12 119 117  57  91 105  78  58 113  88  18  21  12  98  23  24  82  44  42 
 76   2  66  73  17   4  97  36  54  46 108  70  45   4  65  90 124  52  93  78   0  99  48  54  39 119  85  44 104  17  16  75 105 111  90  65   2  78  85  97  44  74  99 106 121 123  47  38  30  64 
 90  43  19  70   1 122  49  77  45  54  45  75  26 103  47  87 120  85 123  24  27   0  89  95  28  36  54  22  22  48  32  93  81  86  96   7 101  48 123  82  47  98 108  97  19 109  54  41 109 118 
 18 108  37  68  61  63  94  72  50 106  73  87 109  15  70 117  14  32  82  95 107  12   0  93  48  22 101  99 116 115  43 114  30  84  12   6  90  46  89  10 112  12 115  86  72 105  94  75   5  13 
109   7  15   2  74  54  20 120  68  77   4  22 120 100  86 118  11  82  87  42  66  40 114   0   5  43  48  43  80  26  17  18  13  40  67 105  19  42  41  82  99  27  40  41  21  40  77  50 123  13 
  2 108  33 103  66   8 111   9  75  19  10  22  39  44   7  76  14   4  67  19 108   8 102  81   0  81  38 115  91  46  47  87 117  12  57  68   3  48  22  91 114 115  21  29  23  76  97 113  96  28 
 90 108  53   8  50 112  90  22  53 118 122  56  71  36  75  15  36 118  83 106  22  74 121  84 102   0  52  88  75  12  16 108  87  71  36  97  19   6  65  44  90 109  35  48  87   2  81 122  65  69 
108  99  30   5  17 106   5 109  92  67  88  44   2  52  86  87 106  95  38  62 103  38  23  23 112  60   0 119  51  15  67   8  79  50  92 112 102  68   7  11  55  95  90  57  51  55 118  76  85  11 
 66 103  97  26 102 102  93 103  20  97 116  94 100  51   9  33  25  83  38  58  10 103 109  86 107  14 123   0 120  43 112 112  28  32  33  12  86  85  37  56  78   7   8  62   1  38  91   9  66 107 
 77  70  54  29  16  72 120  46  17  92   5 109 121  90  25  69 120  37  63 106 107  63  26  99 120  89  54  25   0  56  27 122  24  35  87 123  69 121 115  93 112  70 120 106 116 124  92  31  51  32 
 99  74  13 118  53 107  52  34  54 108  64  34  85  73  75 106  93  34  75  12 109  69  98 101  98   1  82  54 116   0 117  11 114 113  40 109   5  95 117  84  90  97 111  52  63  14  42  62  32  43 
 77 104  24 117  36  67 114  46  89  39   8  36  48  78  33  33  16  86  99  91  70  54  27  83  19  16  99  37  79 120   0  86  19  30  15  27 117 114  20  71  76  24  63  41   6  75 105 116  29  28 
  1  24  80  80 114  62  82 113  14  80 124  14 117  87  20   1  37 109  30  90  36  28  61  57  87  14  11   1  88  40 102   0 124   2   1  74  95  90 105 115  53  19  54  81  94  91  86  88  56 113 
 89  58  96  14  59 110  59  44   2  72 103  49  74   6  84  74  65  73   6  71  13  78 115  19  95  94  96  59  26  10  38 113   0 113   5  88  45  77 123 103  37  35  28 113  37  35  80 123 113  62 
 17  34  99  85 114  27  22  69 101  47 114 101  82  66  75  19 107  39  80 118  24  55  23  91  30  19  84 103 105  66 110 108 120   0  36  31  98   8  38  69 119 116 114  63 107  59  99  96 103 116 
 39  62   1  77 107  10  31  55  38  27  21 121  18 114  84  19  19  37  87  84  66 122  79   8  80  31  67  62  99  48  40 118  14  41   0  70  70 120  67  18  30  78  97  17 124  19   7  17  19  58 
 20  71  53  81 109  44  45 114 100  40  24 118 120  17  62  91  10  72  64  22  89 117  40  82  38 108  97  73 103  71 108  95  30  26 110   0  14  81 100  20  85  98  73 100 113  44 122 122  10   8 
117   4  37  68  43  95 105  47  18  19  97  20  70  21  81  84  36 113  16  22  58 120 108  40  83 105 111  57  25  52 110  88 122 111   6  33   0  51 104  70  43 124  75  64  73  13 100  68  48  59 
122 116  45   9 120  69  68 106  90  73  73  38  21 113  37  98  72   7  62  51   5  49  34  58  90 103  61  26 117  53  41  54  56  16  13   1 104   0 102  97  95  58  67  86  26  61  87  55  72 107 
111  98   5  43  92  16  72 115  11  65  54  38 122 112 111  88  72  48  43  55 123  83   7 120  82 115  28  14   7  75  88  80  51  42  82  62 113 119   0  54  98  63  78  39 111  10  91  20  32  49 
 76  16 109  96  98  34  63  95 113   2   4  61 103  27  88   3  88  67  70  46  97 111 123 103 115  85  45  34  81  41  92  18 121   9 116  15 109  70  17   0   9  36  54  28  74  58   9  32  70 119 
113  38  20  53 104 112  16   6 108  52  78  74 102 121 104  85  48  10  15  21  80  62 101  12 101  91  53  91  70   3  99  50  57  50  76  13  60 106 115  56   0  39  83  92  37 116  62  15  80 104 
122  34  43  28  66  42 118  79 116 101  95   4   9  84  57 102 120 104  23  45  19  52  86  86  22  15   8  87  81  14  43 121   8  96  50  23  12  76  79  95  38   0   2  38  24 101 108  21  79   2 
 33  13  63  98 116  31  69  93  16  37  67 100  84  83  26  63  88 109  99  55  95  44 109  19  99  37 114 116  71  76 117  75  45  28  12 100  66 124  29  72  68  98   0  98 121  20  32  45  22  12 
122 118  50  67 111  40  33  64  24  59   4  47  20  54  48   3  26  85  22  52  84  48 122 105  74 109 108  62  30   6 112  71  20  62  71  81  17  79 113  48   1  42 110   0  90  86  55  94  71  21 
  9 124 103   3 108 105   9  88 105  57  21  24  88  75  54  62  42  87 115  26  73  74 115  49 102  81  35 118  42  87 123 102  56  91  36 119 118  94  61  60  15   1 118 104   0  70  76  23 116  32 
 26 105 111  36  81  85   5  89  38   3  32  26  44 117   8  13  67  89 106  62  70 117  12 115 114  84  96  59  16  48  12  50 103  26  74  63  91  48  13 117  24  29  30 119  95   0 105  58 101   1 
 54  22  46  72 104  41 107  84  77  94  92  85  70  36 108  45  46 117  97  45  76  69 122  82 100 107 106  91 112  85  20  26  53 114   1  49  65  76   7 107  81  92 116  94  58  26   0  28 123  56 
 73  57  77  49 113  54  36  63  89  55  29  75   7 106  77  61 123   9  64   2  47   9  99  40  38  16  13  69  31  19  15 122  68 118  26  28  36  67  61  28  28  81  56  59  92  12  37   0  14  48 
 19  63  97  13  33  55   9  46  55 116  94 116  65 120  75 123  38   4  33  73  93  65  76  24  22  56 100  81  72 106  37 119  99  49  62  49   2 105  12 124 112  38  30 105 110  61  15  68   0  83 
 73  28   8  11  51 104  18  23  21  17   7 106  42   6  77   1  62  49  15 111  53  19 110 105 102  39  90  69  14  71  42  60 122   8  99 117  47  39  11 111  77  13  46  94  70  22  99  10  98   0 
M3
  0  32  48  39  58  83 121  81  92  80   9  38  47  72  29  46  33  60  13  89  70  39 120  49  40   3  52  95  24  10 111 122  45  99  26  72  41  33  49  88  66   1  34  68  20  31  77   5  28 112 
121   0 114  73 101  28  19  93 106  90 124 106  70   8  58  56  81   9  53  22  90   4 117  79 119 105  67   6  41 124  62  82  93  39  57  12  46  71  91  87  12  74 114  25   8  95  33  46  41  13 
 33  34   0 119  53  66  45 123  61  28  46   2  30 110  83 109   7  13 104  97  43 104  90  97  99  56  77  91  95  77  21  76  98  61  98  55  98 112  62  96  71  79  24  97  80   4  65  18  45 116 
 49 110 113   0  27  76  66 109  58  46  94  31  57   7  54  59  65  88  47  67 117  89  83  73  78  26 108  53  23  45  21 119  86  11   8  64  44 113 100  63   6   9  72  22  15   1  29  95 117  24 
 39 112  65  53   0 115  63 103   9 100   1  44  51  47  23 113   2  40  18  55 106  86 116  83  43  25  66  44  16  91  29  11  48  49  97  91  16  61  57  86  44  89   1  99  82  67  81  34  43 121 
 95  59  42  33  82   0   4  68   7  85  42  74 114  73 115 113 117  97  37  59  93  16 117  31  82  20 122   3 121  77 120   7  15  92  72  53   3  67  99  86   9  30  34  34  24  19  12   6  17  84 
116  67  36  18  89  11   0  72  26  70  59  39 110 115  36  64 124  84  96  37  76  45  30  68  44 110  99  42  87 103 120  54  54 121  37 120  59  45  41 116  39 115 118  62  61   5 117  38   7  60 
104   4  86  42  78 120  94   0  86  19  59  24 109  85  97  15 109  36  57  67  48  98 111   8  98  66  16  97  26  44   6 102   4  14  25 102 121  89  66  19   6  29 106 111  57 106 113   1  40 100 
 69  87  28  55  41  28  53  92   0  28  46  34  92  81  53  54  99 113  28  39  97  22 101  51  40  23  28 110   5  94  43 118  89  50  80 124 118  14  21 114  74 109  46  32  22  41  52  95  65  22 
 40   5  96 111  89  64  99  35  35   0  35  73  84 106  35  68  63 100  44 117  25  12   2  31   1   1  94 101  61  97  14  52  66 118  81  77  21  45  25  91  46  83 114  86  81  84   1  34 100  36 
 41  32 116  26 122   4 123  57  38  97   0 101  61  16  46  99  83  13  72  36  71 123   5  94  27  37  13  25  43  54  28  43   4 106 108 105 114  48 111   6 113  27  42 118 117  36  23  82  75 121 
 77  89  64  99  79  72  32  21 100  27 104   0  71   7   3  99  11 101  12  80  75  90  38  17  38  80   4  44  67  16  61  44  76  96  50  14  12  78  79  56  28 103 106  42  77  49  92  72  57 111 
100 101  44 101  47   1  14  86  26 116  34  24   0  31 106  11  60 121  99  84  80  41  54 106  86  92  97  73  23  85  84   1 105  67 118 107  76  27  48 123  65  18  53 116  55  71  39 102  31  75 
 38  43  45   3  27  28  62   6  54 123  31  52  89   0  55  11  63  93   9  52  78 107  39 102 109 120 121  30  84  73  92  88  14  15  20  42  79 112  83 116   6  30 121  60  97 117   2  63  90 106 
  8 114  19 113   9   2  16   5  84  75  27 121 124 117   0  28  40 112 113  68  95  85   6  11 109  94  37  99 113  74 110  28  72  51  96  87  14  50  99  16  92 116  96 105  47   4  16  19  64  97 
 21  12 121  72  92  62  72  40  98   4   2  27  88  26  24   0   6  37  58  64  92   4   8  95  13   9  56  10  65 118  80 122  14  29 108 111 120 110  29  22  29  76  87  79  10  52   1  66  38  98 
 42  79 100  72 119  36  90 108 101  20 121   2  26   8  44  73   0  96  65 122  10  20 110  55   9 119  15  31  98  87 117  40  52  83  89 107  97  63  64   4 101  24  27 116  60   6 121  65   7 107 
 78  53 112  43   1  82  57  62  71  12  47  37 109  77  17  23 122   0  50 118 122  42  79  29 109  15  50  94  83  18 114  47  20  20 100  89  40  27 119  97  67  60  76  87  64  75  98  12 120  49 
 17  26  54  45 121  59  99  14  14   7 103  37   6  18  83  50  38  42   0  76  18  46  97  20 121   6  53  77 111  79  94 104  92  53  80 104  12 103  19   6  18  32  21  60  84  11  57   9  10  56 
 80  54  86  58 106  86  54  19  42 108  65 101  12  25  13 120  33  74  43   0 119 122   6  30  20  39  12  51  58  57 106  12 119 117  57  91 105  78  58 113  88  18  21  12  98  23  24  82  44  42 
 76   2  66  73  17   4  97  36  54  46 108  70  45   4  65  90 124  52  93  78   0  99  48  54  39 119  85  44 104  17  16  75 105 111  90  65   2  78  85  97  44  74  99 106 121 123  47  38  30  64 
 90  43  19  70   1 122  49  77  45  54  45  75  26 103  47  87 120  85 123  24  27   0  89  95  28  36  54  22  22  48  32  93  81  86  96   7 101  48 123  82  47  98 108  97  19 109  54  41 109 118 
 18 108  37  68  61  63  94  72  50 106  73  87 109  15  70 117  14  32  82  95 107  12   0  93  48  22 101  99 116 115  43 114  30  84  12   6  90  46  89  10 112  12 115  86  72 105  94  75   5  13 
109   7  15   2  74  54  20 120  68  77   4  22 120 100  86 118  11  82  87  42  66  40 114   0   5  43  48  43  80  26  17  18  13  40  67 105  19  42  41  82  99  27  40  41  21  40  77  50 123  13 
  2 108  33 103  66   8 111   9  75  19  10  22  39  44   7  76  14   4  67  19 108   8 102  81   0  81  38 115  91  46  47  87 117  12  57  68   3  48  22  91 114 115  21  29  23  76  97 113  96  28 
 90 108  53   8  50 112  90  22  53 118 122  56  71  36  75  15  36 118  83 106  22  74 121  84 102   0  52  88  75  12  16 108  87  71  36  97  19   6  65  44  90 109  35  48  87   2  81 122  65  69 
108  99  30   5  17 106   5 109  92  67  88  44   2  52  86  87 106  95  38  62 103  38  23  23 112  60   0 119  51  15  67   8  79  50  92 112 102  68   7  11  55  95  90  57  51  55 118  76  85  11 
 66 103  97  26 102 102  93 103  20  97 116  94 100  51   9  33  25  83  38  58  10 103 109  86 107  14 123   0 120  43 112 112  28  32  33  12  86  85  37  56  78   7   8  62   1  38  91   9  66 107 
 77  70  54  29  16  72 120  46  17  92   5 109 121  90  25  69 120  37  63 106 107  63  26  99 120  89  54  25   0  56  27 122  24  35  87 123  69 121 115  93 112  70 120 106 116 124  92  31  51  32 
 99  74  13 118  53 107  52  34  54 108  64  34  85  73  75 106  93  34  75  12 109  69  98 101  98   1  82  54 116   0 117  11 114 113  40 109   5  95 117  84  90  97 111  52  63  14  42  62  32  43 
 77 104  24 117  36  67 114  46  89  39   8  36  48  78  33  33  16  86  99  91  70  54  27  83  19  16  99  37  79 120   0  86  19  30  15  27 117 114  20  71  76  24  63  41   6  75 105 116  29  28 
  1  24  80  80 114  62  82 113  14  80 124  14 117  87  20   1  37 109  30  90  36  28  61  57  87  14  11   1  88  40 102   0 124   2   1  74  95  90 105 115  53  19  54  81  94  91  86  88  56 113 
 89  58  96  14  59 110  59  44   2  72 103  49  74   6  84  74  65  73   6  71  13  78 115  19  95  94  96  59  26  10  38 113   0 113   5  88  45  77 123 103  37  35  28 113  37  35  80 123 113  62 
 17  34  99  85 114  27  22  69 101  47 114 101  82  66  75  19 107  39  80 118  24  55  23  91  30  19  84 103 105  66 110 108 120   0  36  31  98   8  38  69 119 116 114  63 107  59  99  96 103 116 
 39  62   1  77 107  10  31  55  38  27  21 121  18 114  84  19  19  37  87  84  66 122  79   8  80  31  67  62  99  48  40 118  14  41   0  70  70 120  67  18  30  78  97  17 124  19   7  17  19  58 
 20  71  53  81 109  44  45 114 100  40  24 118 120  17  62  91  10  72  64  22  89 117  40  82  38 108  97  73 103  71 108  95  30  26 110   0  14  81 100  20  85  98  73 100 113  44 122 122  10   8 
117   4  37  68  43  95 105  47  18  19  97  20  70  21  81  84  36 113  16  22  58 120 108  40  83 105 111  57  25  52 110  88 122 111   6  33   0  51 104  70  43 124  75  64  73  13 100  68  48  59 
122 116  45   9 120  69  68 106  90  73  73  38  21 113  37  98  72   7  62  51   5  49  34  58  90 103  61  26 117  53  41  54  56  16  13   1 104   0 102  97  95  58  67  86  26  61  87  55  72 107 
111  98   5  43  92  16  72 115  11  65  54  38 122 112 111  88  72  48  43  55 123  83   7 120  82 115  28  14   7  75  88  80  51  42  82  62 113 119   0  54  98  63  78  39 111  10  91  20  32  49 
 76  16 109  96  98  34  63  95 113   2   4  61 103  27  88   3  88  67  70  46  97 111 123 103 115  85  45  34  81  41  92  18 121   9 116  15 109  70  17   0   9  36  54  28  74  58   9  32  70 119 
113  38  20  53 104 112  16   6 108  52  78  74 102 121 104  85  48  10  15  21  80  62 101  12 101  91  53  91  70   3  99  50  57  50  76  13  60 106 115  56   0  39  83  92  37 116  62  15  80 104 
122  34  43  28  66  42 118  79 116 101  95   4   9  84  57 102 120 104  23  45  19  52  86  86  22  15   8  87  81  14  43 121   8  96  50  23  12  76  79  95  38   0   2  38  24 101 108  21  79   2 
 33  13  63  98 116  31  69  93  16  37  67 100  84  83  26  63  88 109  99  55  95  44 109  19  99  37 114 116  71  76 117  75  45  28  12 100  66 124  29  72  68  98   0  98 121  20  32  45  22  12 
122 118  50  67 111  40  33  64  24  59   4  47  20  54  48   3  26  85  22  52  84  48 122 105  74 109 108  62  30   6 112  71  20  62  71  81  17  79 113  48   1  42 110   0  90  86  55  94  71  21 
  9 124 103   3 108 105   9  88 105  57  21  24  88  75  54  62  42  87 115  26  73  74 115  49 102  81  35 118  42  87 123 102  56  91  36 119 118  94  61  60  15   1 118 104   0  70  76  23 116  32 
 26 105 111  36  81  85   5  89  38   3  32  26  44 117   8  13  67  89 106  62  70 117  12 115 114  84  96  59  16  48  12  50 103  26  74  63  91  48  13 117  24  29  30 119  95   0 105  58 101   1 
 54  22  46  72 104  41 107  84  77  94  92  85  70  36 108  45  46 117  97  45  76  69 122  82 100 107 106  91 112  85  20  26  53 114   1  49  65  76   7 107  81  92 116  94  58  26   0  28 123  56 
 73  57  77  49 113  54  36  63  89  55  29  75   7 106  77  61 123   9  64   2  47   9  99  40  38  16  13  69  31  19  15 122  68 118  26  28  36  67  61  28  28  81  56  59  92  12  37   0  14  48 
 19  63  97  13  33  55   9  46  55 116  94 116  65 120  75 123  38   4  33  73  93  65  76  24  22  56 100  81  72 106  37 119  99  49  62  49   2 105  12 124 112  38  30 105 110  61  15  68   0  83 
 73  28   8  11  51 104  18  23  21  17   7 106  42   6  77   1  62  49  15 111  53  19 110 105 102  39  90  69  14  71  42  60 122   8  99 117  47  39  11 111  77  13  46  94  70  22  99  10  98   0 
M4
  0  32  48  39  58  83 121  81  92  80   9  38  47  72  29  46  33  60  13  89  70  39 120  49  40   3  52  95  24  10 111 122  45  99  26  72  41  33  49  88  66   1  34  68  20  31  77   5  28 112 
121   0 114  73 101  28  19  93 106  90 124 106  70   8  58  56  81   9  53  22  90   4 117  79 119 105  67   6  41 124  62  82  93  39  57  12  46  71  91  87  12  74 114  25   8  95  33  46  41  13 
 33  34   0 119  53  66  45 123  61  28  46   2  30 110  83 109   7  13 104  97  43 104  90  97  99  56  77  91  95  77  21  76  98  61  98  55  98 112  62  96  71  79  24  97  80   4  65  18  45 116 
 49 110 113   0  27  76  66 109  58  46  94  31  57   7  54  59  65  88  47  67 117  89  83  73  78  26 108  53  23  45  21 119  86  11   8  64  44 113 100  63   6   9  72  22  15   1  29  95 117  24 
 39 112  65  53   0 115  63 103   9 100   1  44  51  47  23 113   2  40  18  55 106  86 116  83  43  25  66  44  16  91  29  11  48  49  97  91  16  61  57  86  44  89   1  99  82  67  81  34  43 121 
 95  59  42  33  82   0   4  68   7  85  42  74 114  73 115 113 117  97  37  59  93  16 117  31  82  20 122   3 121  77 120   7  15  92  72  53   3  67  99  86   9  30  34  34  24  19  12   6  17  84 
116  67  36  18  89  11   0  72  26  70  59  39 110 115  36  64 124  84  96  37  76  45  30  68  44 110  99  42  87 103 120  54  54 121  37 120  59  45  41 116  39 115 118  62  61   5 117  38   7  60 
104   4  86  42  78 120  94   0  86  19  59  24 109  85  97  15 109  36  57  67  48  98 111   8  98  66  16  97  26  44   6 102   4  14  25 102 121  89  66  19   6  29 106 111  57 106 113   1  40 100 
 69  87  28  55  41  28  53  92   0  28  46  34  92  81  53  54  99 113  28  39  97  22 101  51  40  23  28 110   5  94  43 118  89  50  80 124 118  14  21 114  74 109  46  32  22  41  52  95  65  22 
 40   5  96 111  89  64  99  35  35   0  35  73  84 106  35  68  63 100  44 117  25  12   2  31   1   1  94 101  61  97  14  52  66 118  81  77  21  45  25  91  46  83 114  86  81  84   1  34 100  36 
 41  32 116  26 122   4 123  57  38  97   0 101  61  16  46  99  83  13  72  36  71 123   5  94  27  37  13  25  43  54  28  43   4 106 108 105 114  48 111   6 113  27  42 118 117  36  23  82  75 121 
 77  89  64  99  79  72  32  21 100  27 104   0  71   7   3  99  11 101  12  80  75  90  38  17  38  80   4  44  67  16  61  44  76  96  50  14  12  78  79  56  28 103 106  42  77  49  92  72  57 111 
100 101  44 101  47   1  14  86  26 116  34  24   0  31 106  11  60 121  99  84  80  41  54 106  86  92  97  73  23  85  84   1 105  67 118 107  76  27  48 123  65  18  53 116  55  71  39 102  31  75 
 38  43  45   3  27  28  62   6  54 123  31  52  89   0  55  11  63  93   9  52  78 107  39 102 109 120 121  30  84  73  92  88  14  15  20  42  79 112  83 116   6  30 121  60  97 117   2  63  90 106 
  8 114  19 113   9   2  16   5  84  75  27 121 124 117   0  28  40 112 113  68  95  85   6  11 109  94  37  99 113  74 110  28  72  51  96  87  14  50  99  16  92 116  96 105  47   4  16  19  64  97 
 21  12 121  72  92  62  72  40  98   4   2  27  88  26  24   0   6  37  58  64  92   4   8  95  13   9  56  10  65 118  80 122  14  29 108 111 120 110  29  22  29  76  87  79  10  52   1  66  38  98 
 42  79 100  72 119  36  90 108 101  20 121   2  26   8  44  73   0  96  65 122  10  20 110  55   9 119  15  31  98  87 117  40  52  83  89 107  97  63  64   4 101  24  27 116  60   6 121  65   7 107 
 78  53 112  43   1  82  57  62  71  12  47  37 109  77  17  23 122   0  50 118 122  42  79  29 109  15  50  94  83  18 114  47  20  20 100  89  40  27 119  97  67  60  76  87  64  75  98  12 120  49 
 17  26  54  45 121  59  99  14  14   7 103  37   6  18  83  50  38  42   0  76  18  46  97  20 121   6  53  77 111  79  94 104  92  53  80 104  12 103  19   6  18  32  21  60  84  11  57   9  10  56 
 80  54  86  58 106  86  54  19  42 108  65 101  12  25  13 120  33  74  43   0 119 122   6  30  20  39  12  51  58  57 106  12 119 117  57  91 105  78  58 113  88  18  21  12  98  23  24  82  44  42 
 76   2  66  73  17   4  97  36  54  46 108  70  45   4  65  90 124  52  93  78   0  99  48  54  39 119  85  44 104  17  16  75 105 111  90  65   2  78  85  97  44  74  99 106 121 123  47  38  30  64 
 90  43  19  70   1 122  49  77  45  54  45  75  26 103  47  87 120  85 123  24  27   0  89  95  28  36  54  22  22  48  32  93  81  86  96   7 101  48 123  82  47  98 108  97  19 109  54  41 109 118 
 18 108  37  68  61  63  94  72  50 106  73  87 109  15  70 117  14  32  82  95 107  12   0  93  48  22 101  99 116 115  43 114  30  84  12   6  90  46  89  10 112  12 115  86  72 105  94  75   5  13 
109   7  15   2  74  54  20 120  68  77   4  22 120 100  86 118  11  82  87  42  66  40 114   0   5  43  48  43  80  26  17  18  13  40  67 105  19  42  41  82  99  27  40  41  21  40  77  50 123  13 
  2 108  33 103  66   8 111   9  75  19  10  22  39  44   7  76  14   4  67  19 108   8 102  81   0  81  38 115  91  46  47  87 117  12  57  68   3  48  22  91 114 115  21  29  23  76  97 113  96  28 
 90 108  53   8  50 112  90  22  53 118 122  56  71  36  75  15  36 118  83 106  22  74 121  84 102   0  52  88  75  12  16 108  87  71  36  97  19   6  65  44  90 109  35  48  87   2  81 122  65  69 
108  99  30   5  17 106   5 109  92  67  88  44   2  52  86  87 106  95  38  62 103  38  23  23 112  60   0 119  51  15  67   8  79  50  92 112 102  68   7  11  55  95  90  57  51  55 118  76  85  11 
 66 103  97  26 102 102  93 103  20  97 116  94 100  51   9  33  25  83  38  58  10 103 109  86 107  14 123   0 120  43 112 112  28  32  33  12  86  85  37  56  78   7   8  62   1  38  91   9  66 107 
 77  70  54  29  16  72 120  46  17  92   5 109 121  90  25  69 120  37  63 106 107  63  26  99 120  89  54  25   0  56  27 122  24  35  87 123  69 121 115  93 112  70 120 106 116 124  92  31  51  32 
 99  74  13 118  53 107  52  34  54 108  64  34  85  73  75 106  93  34  75  12 109  69  98 101  98   1  82  54 116   0 117  11 114 113  40 109   5  95 117  84  90  97 111  52  63  14  42  62  32  43 
 77 104  24 117  36  67 114  46  89  39   8  36  48  78  33  33  16  86  99  91  70  54  27  83  19  16  99  37  79 120   0  86  19  30  15  27 117 114  20  71  76  24  63  41   6  75 105 116  29  28 
  1  24  80  80 114  62  82 113  14  80 124  14 117  87  20   1  37 109  30  90  36  28  61  57  87  14  11   1  88  40 102   0 124   2   1  74  95  90 105 115  53  19  54  81  94  91  86  88  56 113 
 89  58  96  14  59 110  59  44   2  72 103  49  74   6  84  74  65  73   6  71  13  78 115  19  95  94  96  59  26  10  38 113   0 113   5  88  45  77 123 103  37  35  28 113  37  35  80 123 113  62 
 17  34  99  85 114  27  22  69 101  47 114 101  82  66  75  19 107  39  80 118  24  55  23  91  30  19  84 103 105  66 110 108 120   0  36  31  98   8  38  69 119 116 114  63 107  59  99  96 103 116 
 39  62   1  77 107  10  31  55  38  27  21 121  18 114  84  19  19  37  87  84  66 122  79   8  80  31  67  62  99  48  40 118  14  41   0  70  70 120  67  18  30  78  97  17 124  19   7  17  19  58 
 20  71  53  81 109  44  45 114 100  40  24 118 120  17  62  91  10  72  64  22  89 117  40  82  38 108  97  73 103  71 108  95  30  26 110   0  14  81 100  20  85  98  73 100 113  44 122 122  10   8 
117   4  37  68  43  95 105  47  18  19  97  20  70  21  81  84  36 113  16  22  58 120 108  40  83 105 111  57  25  52 110  88 122 111   6  33   0  51 104  70  43 124  75  64  73  13 100  68  48  59 
122 116  45   9 120  69  68 106  90  73  73  38  21 113  37  98  72   7  62  51   5  49  34  58  90 103  61  26 117  53  41  54  56  16  13   1 104   0 102  97  95  58  67  86  26  61  87  55  72 107 
111  98   5  43  92  16  72 115  11  65  54  38 122 112 111  88  72  48  43  55 123  83   7 120  82 115  28  14   7  75  88  80  51  42  82  62 113 119   0  54  98  63  78  39 111  10  91  20  32  49 
 76  16 109  96  98  34  63  95 113   2   4  61 103  27  88   3  88  67  70  46  97 111 123 103 115  85  45  34  81  41  92  18 121   9 116  15 109  70  17   0   9  36  54  28  74  58   9  32  70 119 
113  38  20  53 104 112  16   6 108  52  78  74 102 121 104  85  48  10  15  21  80  62 101  12 101  91  53  91  70   3  99  50  57  50  76  13  60 106 115  56   0  39  83  92  37 116  62  15  80 104 
122  34  43  28  66  42 118  79 116 101  95   4   9  84  57 102 120 104  23  45  19  52  86  86  22  15   8  87  81  14  43 121   8  96  50  23  12  76  79  95  38   0   2  38  24 101 108  21  79   2 
 33  13  63  98 116  31  69  93  16  37  67 100  84  83  26  63  88 109  99  55  95  44 109  19  99  37 114 116  71  76 117  75  45  28  12 100  66 124  29  72  68  98   0  98 121  20  32  45  22  12 
122 118  50  67 111  40  33  64  24  59   4  47  20  54  48   3  26  85  22  52  84  48 122 105  74 109 108  62  30   6 112  71  20  62  71  81  17  79 113  48   1  42 110   0  90  86  55  94  71  21 
  9 124 103   3 108 105   9  88 105  57  21  24  88  75  54  62  42  87 115  26  73  74 115  49 102  81  35 118  42  87 123 102  56  91  36 119 118  94  61  60  15   1 118 104   0  70  76  23 116  32 
 26 105 111  36  81  85   5  89  38   3  32  26  44 117   8  13  67  89 106  62  70 117  12 115 114  84  96  59  16  48  12  50 103  26  74  63  91  48  13 117  24  29  30 119  95   0 105  58 101   1 
 54  22  46  72 104  41 107  84  77  94  92  85  70  36 108  45  46 117  97  45  76  69 122  82 100 107 106  91 112  85  20  26  53 114   1  49  65  76   7 107  81  92 116  94  58  26   0  28 123  56 
 73  57  77  49 113  54  36  63  89  55  29  75   7 106  77  61 123   9  64   2  47   9  99  40  38  16  13  69  31  19  15 122  68 118  26  28  36  67  61  28  28  81  56  59  92  12  37   0  14  48 
 19  63  97  13  33  55   9  46  55 116  94 116  65 120  75 123  38   4  33  73  93  65  76  24  22  56 100  81  72 106  37 119  99  49  62  49   2 105  12 124 112  38  30 105 110  61  15  68   0  83 
 73  28   8  11  51 104  18  23  21  17   7 106  42   6  77   1  62  49  15 111  53  19 110 105 102  39  90  69  14  71  42  60 122   8  99 117  47  39  11 111  77  13  46  94  70  22  99  10  98   0 
M5
  0  32  48  39  58  83 121  81  92  80   9  38  47  72  29  46  33  60  13  89  70  39 120  49  40   3  52  95  24  10 111 122  45  99  26  72  41  33  49  88  66   1  34  68  20  31  77   5  28 112 
121   0 114  73 101  28  19  93 106  90 124 106  70   8  58  56  81   9  53  22  90   4 117  79 119 105  67   6  41 124  62  82  93  39  57  12  46  71  91  87  12  74 114  25   8  95  33  46  41  13 
 33  34   0 119  53  66  45 123  61  28  46   2  30 110  83 109   7  13 104  97  43 104  90  97  99  56  77  91  95  77  21  76  98  61  98  55  98 112  62  96  71  79  24  97  80   4  65  18  45 116 
 49 110 113   0  27  76  66 109  58  46  94  31  57   7  54  59  65  88  47  67 117  89  83  73  78  26 108  53  23  45  21 119  86  11   8  64  44 113 100  63   6   9  72  22  15   1  29  95 117  24 
 39 112  65  53   0 115  63 103   9 100   1  44  51  47  23 113   2  40  18  55 106  86 116  83  43  25  66  44  16  91  29  11  48  49  97  91  16  61  57  86  44  89   1  99  82  67  81  34  43 121 
 95  59  42  33  82   0   4  68   7  85  42  74 114  73 115 113 117  97  37  59  93  16 117  31  82  20 122   3 121  77 120   7  15  92  72  53   3  67  99  86   9  30  34  34  24  19  12   6  17  84 
116  67  36  18  89  11   0  72  26  70  59  39 110 115  36  64 124  84  96  37  76  45  30  68  44 110  99  42  87 103 120  54  54 121  37 120  59  45  41 116  39 115 118  62  61   5 117  38   7  60 
104   4  86  42  78 120  94   0  86  19  59  24 109  85  97  15 109  36  57  67  48  98 111   8  98  66  16  97  26  44   6 102   4  14  25 102 121  89  66  19   6  29 106 111  57 106 113   1  40 100 
 69  87  28  55  41  28  53  92   0  28  46  34  92  81  53  54  99 113  28  39  97  22 101  51  40  23  28 110   5  94  43 118  89  50  80 124 118  14  21 114  74 109  46  32  22  41  52  95  65  22 
 40   5  96 111  89  64  99  35  35   0  35  73  84 106  35  68  63 100  44 117  25  12   2  31   1   1  94 101  61  97  14  52  66 118  81  77  21  45  25  91  46  83 114  86  81  84   1  34 100  36 
 41  32 116  26 122   4 123  57  38  97   0 101  61  16  46  99  83  13  72  36  71 123   5  94  27  37  13  25  43  54  28  43   4 106 108 105 114  48 111   6 113  27  42 118 117  36  23  82  75 121 
 77  89  64  99  79  72  32  21 100  27 104   0  71   7   3  99  11 101  12  80  75  90  38  17  38  80   4  44  67  16  61  44  76  96  50  14  12  78  79  56  28 103 106  42  77  49  92  72  57 111 
100 101  44 101  47   1  14  86  26 116  34  24   0  31 106  11  60 121  99  84  80  41  54 106  86  92  97  73  23  85  84   1 105  67 118 107  76  27  48 123  65  18  53 116  55  71  39 102  31  75 
 38  43  45   3  27  28  62   6  54 123  31  52  89   0  55  11  63  93   9  52  78 107  39 102 109 120 121  30  84  73  92  88  14  15  20  42  79 112  83 116   6  30 121  60  97 117   2  63  90 106 
  8 114  19 113   9   2  16   5  84  75  27 121 124 117   0  28  40 112 113  68  95  85   6  11 109  94  37  99 113  74 110  28  72  51  96  87  14  50  99  16  92 116  96 105  47   4  16  19  64  97 
 21  12 121  72  92  62  72  40  98   4   2  27  88  26  24   0   6  37  58  64  92   4   8  95  13   9  56  10  65 118  80 122  14  29 108 111 120 110  29  22  29  76  87  79  10  52   1  66  38  98 
 42  79 100  72 119  36  90 108 101  20 121   2  26   8  44  73   0  96  65 122  10  20 110  55   9 119  15  31  98  87 117  40  52  83  89 107  97  63  64   4 101  24  27 116  60   6 121  65   7 107 
 78  53 112  43   1  82  57  62  71  12  47  37 109  77  17  23 122   0  50 118 122  42  79  29 109  15  50  94  83  18 114  47  20  20 100  89  40  27 119  97  67  60  76  87  64  75  98  12 120  49 
 17  26  54  45 121  59  99  14  14   7 103  37   6  18  83  50  38  42   0  76  18  46  97  20 121   6  53  77 111  79  94 104  92  53  80 104  12 103  19   6  18  32  21  60  84  11  57   9  10  56 
 80  54  86  58 106  86  54  19  42 108  65 101  12  25  13 120  33  74  43   0 119 122   6  30  20  39  12  51  58  57 106  12 119 117  57  91 105  78  58 113  88  18  21  12  98  23  24  82  44  42 
 76   2  66  73  17   4  97  36  54  46 108  70  45   4  65  90 124  52  93  78   0  99  48  54  39 119  85  44 104  17  16  75 105 111  90  65   2  78  85  97  44  74  99 106 121 123  47  38  30  64 
 90  43  19  70   1 122  49  77  45  54  45  75  26 103  47  87 120  85 123  24  27   0  89  95  28  36  54  22  22  48  32  93  81  86  96   7 101  48 123  82  47  98 108  97  19 109  54  41 109 118 
 18 108  37  68  61  63  94  72  50 106  73  87 109  15  70 117  14  32  82  95 107  12   0  93  48  22 101  99 116 115  43 114  30  84  12   6  90  46  89  10 112  12 115  86  72 105  94  75   5  13 
109   7  15   2  74  54  20 120  68  77   4  22 120 100  86 118  11  82  87  42  66  40 114   0   5  43  48  43  80  26  17  18  13  40  67 105  19  42  41  82  99  27  40  41  21  40  77  50 123  13 
  2 108  33 103  66   8 111   9  75  19  10  22  39  44   7  76  14   4  67  19 108   8 102  81   0  81  38 115  91  46  47  87 117  12  57  68   3  48  22  91 114 115  21  29  23  76  97 113  96  28 
 90 108  53   8  50 112  90  22  53 118 122  56  71  36  75  15  36 118  83 106  22  74 121  84 102   0  52  88  75  12  16 108  87  71  36  97  19   6  65  44  90 109  35  48  87   2  81 122  65  69 
108  99  30   5  17 106   5 109  92  67  88  44   2  52  86  87 106  95  38  62 103  38  23  23 112  60   0 119  51  15  67   8  79  50  92 112 102  68   7  11  55  95  90  57  51  55 118  76  85  11 
 66 103  97  26 102 102  93 103  20  97 116  94 100  51   9  33  25  83  38  58  10 103 109  86 107  14 123   0 120  43 112 112  28  32  33  12  86  85  37  56  78   7   8  62   1  38  91   9  66 107 
 77  70  54  29  16  72 120  46  17  92   5 109 121  90  25  69 120  37  63 106 107  63  26  99 120  89  54  25   0  56  27 122  24  35  87 123  69 121 115  93 112  70 120 106 116 124  92  31  51  32 
 99  74  13 118  53 107  52  34  54 108  64  34  85  73  75 106  93  34  75  12 109  69  98 101  98   1  82  54 116   0 117  11 114 113  40 109   5  95 117  84  90  97 111  52  63  14  42  62  32  43 
 77 104  24 117  36  67 114  46  89  39   8  36  48  78  33  33  16  86  99  91  70  54  27  83  19  16  99  37  79 120   0  86  19  30  15  27 117 114  20  71  76  24  63  41   6  75 105 116  29  28 
  1  24  80  80 114  62  82 113  14  80 124  14 117  87  20   1  37 109  30  90  36  28  61  57  87  14  11   1  88  40 102   0 124   2   1  74  95  90 105 115  53  19  54  81  94  91  86  88  56 113 
 89  58  96  14  59 110  59  44   2  72 103  49  74   6  84  74  65  73   6  71  13  78 115  19  95  94  96  59  26  10  38 113   0 113   5  88  45  77 123 103  37  35  28 113  37  35  80 123 113  62 
 17  34  99  85 114  27  22  69 101  47 114 101  82  66  75  19 107  39  80 118  24  55  23  91  30  19  84 103 105  66 110 108 120   0  36  31  98   8  38  69 119 116 114  63 107  59  99  96 103 116 
 39  62   1  77 107  10  31  55  38  27  21 121  18 114  84  19  19  37  87  84  66 122  79   8  80  31  67  62  99  48  40 118  14  41   0  70  70 120  67  18  30  78  97  17 124  19   7  17  19  58 
 20  71  53  81 109  44  45 114 100  40  24 118 120  17  62  91  10  72  64  22  89 117  40  82  38 108  97  73 103  71 108  95  30  26 110   0  14  81 100  20  85  98  73 100 113  44 122 122  10   8 
117   4  37  68  43  95 105  47  18  19  97  20  70  21  81  84  36 113  16  22  58 120 108  40  83 105 111  57  25  52 110  88 122 111   6  33   0  51 104  70  43 124  75  64  73  13 100  68  48  59 
122 116  45   9 120  69  68 106  90  73  73  38  21 113  37  98  72   7  62  51   5  49  34  58  90 103  61  26 117  53  41  54  56  16  13   1 104   0 102  97  95  58  67  86  26  61  87  55  72 107 
111  98   5  43  92  16  72 115  11  65  54  38 122 112 111  88  72  48  43  55 123  83   7 120  82 115  28  14   7  75  88  80  51  42  82  62 113 119   0  54  98  63  78  39 111  10  91  20  32  49 
 76  16 109  96  98  34  63  95 113   2   4  61 103  27  88   3  88  67  70  46  97 111 123 103 115  85  45  34  81  41  92  18 121   9 116  15 109  70  17   0   9  36  54  28  74  58   9  32  70 119 
113  38  20  53 104 112  16   6 108  52  78  74 102 121 104  85  48  10  15  21  80  62 101  12 101  91  53  91  70   3  99  50  57  50  76  13  60 106 115  56   0  39  83  92  37 116  62  15  80 104 
122  34  43  28  66  42 118  79 116 101  95   4   9  84  57 102 120 104  23  45  19  52  86  86  22  15   8  87  81  14  43 121   8  96  50  23  12  76  79  95  38   0   2  38  24 101 108  21  79   2 
 33  13  63  98 116  31  69  93  16  37  67 100  84  83  26  63  88 109  99  55  95  44 109  19  99  37 114 116  71  76 117  75  45  28  12 100  66 124  29  72  68  98   0  98 121  20  32  45  22  12 
122 118  50  67 111  40  33  64  24  59   4  47  20  54  48   3  26  85  22  52  84  48 122 105  74 109 108  62  30   6 112  71  20  62  71  81  17  79 113  48   1  42 110   0  90  86  55  94  71  21 
  9 124 103   3 108 105   9  88 105  57  21  24  88  75  54  62  42  87 115  26  73  74 115  49 102  81  35 118  42  87 123 102  56  91  36 119 118  94  61  60  15   1 118 104   0  70  76  23 116  32 
 26 105 111  36  81  85   5  89  38   3  32  26  44 117   8  13  67  89 106  62  70 117  12 115 114  84  96  59  16  48  12  50 103  26  74  63  91  48  13 117  24  29  30 119  95   0 105  58 101   1 
 54  22  46  72 104  41 107  84  77  94  92  85  70  36 108  45  46 117  97  45  76  69 122  82 100 107 106  91 112  85  20  26  53 114   1  49  65  76   7 107  81  92 116  94  58  26   0  28 123  56 
 73  57  77  49 113  54  36  63  89  55  29  75   7 106  77  61 123   9  64   2  47   9  99  40  38  16  13  69  31  19  15 122  68 118  26  28  36  67  61  28  28  81  56  59  92  12  37   0  14  48 
 19  63  97  13  33  55   9  46  55 116  94 116  65 120  75 123  38   4  33  73  93  65  76  24  22  56 100  81  72 106  37 119  99  49  62  49   2 105  12 124 112  38  30 105 110  61  15  68   0  83 
 73  28   8  11  51 104  18  23  21  17   7 106  42   6  77   1  62  49  15 111  53  19 110 105 102  39  90  69  14  71  42  60 122   8  99 117  47  39  11 111  77  13  46  94  70  22  99  10  98   0 
M6
  0  32  48  39  58  83 121  81  92  80   9  38  47  72  29  46  33  60  13  89  70  39 120  49  40   3  52  95  24  10 111 122  45  99  26  72  41  33  49  88  66   1  34  68  20  31  77   5  28 112 
121   0 114  73 101  28  19  93 106  90 124 106  70   8  58  56  81   9  53  22  90   4 117  79 119 105  67   6  41 124  62  82  93  39  57  12  46  71  91  87  12  74 114  25   8  95  33  46  41  13 
 33  34   0 119  53  66  45 123  61  28  46   2  30 110  83 109   7  13 104  97  43 104  90  97  99  56  77  91  95  77  21  76  98  61  98  55  98 112  62  96  71  79  24  97  80   4  65  18  45 116 
 49 110 113   0  27  76  66 109  58  46  94  31  57   7  54  59  65  88  47  67 117  89  83  73  78  26 108  53  23  45  21 119  86  11   8  64  44 113 100  63   6   9  72  22  15   1  29  95 117  24 
 39 112  65  53   0 115  63 103   9 100   1  44  51  47  23 113   2  40  18  55 106  86 116  83  43  25  66  44  16  91  29  11  48  49  97  91  16  61  57  86  44  89   1  99  82  67  81  34  43 121 
 95  59  42  33  82   0   4  68   7  85  42  74 114  73 115 113 117  97  37  59  93  16 117  31  82  20 122   3 121  77 120   7  15  92  72  53   3  67  99  86   9  30  34  34  24  19  12   6  17  84 
116  67  36  18  89  11   0  72  26  70  59  39 110 115  36  64 124  84  96  37  76  45  30  68  44 110  99  42  87 103 120  54  54 121  37 120  59  45  41 116  39 115 118  62  61   5 117  38   7  60 
104   4  86  42  78 120  94   0  86  19  59  24 109  85  97  15 109  36  57  67  48  98 111   8  98  66  16  97  26  44   6 102   4  14  25 102 121  89  66  19   6  29 106 111  57 106 113   1  40 100 
 69  87  28  55  41  28  53  92   0  28  46  34  92  81  53  54  99 113  28  39  97  22 101  51  40  23  28 110   5  94  43 118  89  50  80 124 118  14  21 114  74 109  46  32  22  41  52  95  65  22 
 40   5  96 111  89  64  99  35  35   0  35  73  84 106  35  68  63 100  44 117  25  12   2  31   1   1  94 101  61  97  14  52  66 118  81  77  21  45  25  91  46  83 114  86  81  84   1  34 100  36 
 41  32 116  26 122   4 123  57  38  97   0 101  61  16  46  99  83  13  72  36  71 123   5  94  27  37  13  25  43  54  28  43   4 106 108 105 114  48 111   6 113  27  42 118 117  36  23  82  75 121 
 77  89  64  99  79  72  32  21 100  27 104   0  71   7   3  99  11 101  12  80  75  90  38  17  38  80   4  44  67  16  61  44  76  96  50  14  12  78  79  56  28 103 106  42  77  49  92  72  57 111 
100 101  44 101  47   1  14  86  26 116  34  24   0  31 106  11  60 121  99  84  80  41  54 106  86  92  97  73  23  85  84   1 105  67 118 107  76  27  48 123  65  18  53 116  55  71  39 102  31  75 
 38  43  45   3  27  28  62   6  54 123  31  52  89   0  55  11  63  93   9  52  78 107  39 102 109 120 121  30  84  73  92  88  14  15  20  42  79 112  83 116   6  30 121  60  97 117   2  63  90 106 
  8 114  19 113   9   2  16   5  84  75  27 121 124 117   0  28  40 112 113  68  95  85   6  11 109  94  37  99 113  74 110  28  72  51  96  87  14  50  99  16  92 116  96 105  47   4  16  19  64  97 
 21  12 121  72  92  62  72  40  98   4   2  27  88  26  24   0   6  37  58  64  92   4   8  95  13   9  56  10  65 118  80 122  14  29 108 111 120 110  29  22  29  76  87  79  10  52   1  66  38  98 
 42  79 100  72 119  36  90 108 101  20 121   2  26   8  44  73   0  96  65 122  10  20 110  55   9 119  15  31  98  87 117  40  52  83  89 107  97  63  64   4 101  24  27 116  60   6 121  65   7 107 
 78  53 112  43   1  82  57  62  71  12  47  37 109  77  17  23 122   0  50 118 122  42  79  29 109  15  50  94  83  18 114  47  20  20 100  89  40  27 119  97  67  60  76  87  64  75  98  12 120  49 
 17  26  54  45 121  59  99  14  14   7 103  37   6  18  83  50  38  42   0  76  18  46  97  20 121   6  53  77 111  79  94 104  92  53  80 104  12 103  19   6  18  32  21  60  84  11  57   9  10  56 
 80  54  86  58 106  86  54  19  42 108  65 101  12  25  13 120  33  74  43   0 119 122   6  30  20  39  12  51  58  57 106  12 119 117  57  91 105  78  58 113  88  18  21  12  98  23  24  82  44  42 
 76   2  66  73  17   4  97  36  54  46 108  70  45   4  65  90 124  52  93  78   0  99  48  54  39 119  85  44 104  17  16  75 105 111  90  65   2  78  85  97  44  74  99 106 121 123  47  38  30  64 
 90  43  19  70   1 122  49  77  45  54  45  75  26 103  47  87 120  85 123  24  27   0  89  95  28  36  54  22  22  48  32  93  81  86  96   7 101  48 123  82  47  98 108  97  19 109  54  41 109 118 
 18 108  37  68  61  63  94  72  50 106  73  87 109  15  70 117  14  32  82  95 107  12   0  93  48  22 101  99 116 115  43 114  30  84  12   6  90  46  89  10 112  12 115  86  72 105  94  75   5  13 
109   7  15   2  74  54  20 120  68  77   4  22 120 100  86 118  11  82  87  42  66  40 114   0   5  43  48  43  80  26  17  18  13  40  67 105  19  42  41  82  99  27  40  41  21  40  77  50 123  13 
  2 108  33 103  66   8 111   9  75  19  10  22  39  44   7  76  14   4  67  19 108   8 102  81   0  81  38 115  91  46  47  87 117  12  57  68   3  48  22  91 114 115  21  29  23  76  97 113  96  28 
 90 108  53   8  50 112  90  22  53 118 122  56  71  36  75  15  36 118  83 106  22  74 121  84 102   0  52  88  75  12  16 108  87  71  36  97  19   6  65  44  90 109  35  48  87   2  81 122  65  69 
108  99  30   5  17 106   5 109  92  67  88  44   2  52  86  87 106  95  38  62 103  38  23  23 112  60   0 119  51  15  67   8  79  50  92 112 102  68   7  11  55  95  90  57  51  55 118  76  85  11 
 66 103  97  26 102 102  93 103  20  97 116  94 100  51   9  33  25  83  38  58  10 103 109  86 107  14 123   0 120  43 112 112  28  32  33  12  86  85  37  56  78   7   8  62   1  38  91   9  66 107 
 77  70  54  29  16  72 120  46  17  92   5 109 121  90  25  69 120  37  63 106 107  63  26  99 120  89  54  25   0  56  27 122  24  35  87 123  69 121 115  93 112  70 120 106 116 124  92  31  51  32 
 99  74  13 118  53 107  52  34  54 108  64  34  85  73  75 106  93  34  75  12 109  69  98 101  98   1  82  54 116   0 117  11 114 113  40 109   5  95 117  84  90  97 111  52  63  14  42  62  32  43 
 77 104  24 117  36  67 114  46  89  39   8  36  48  78  33  33  16  86  99  91  70  54  27  83  19  16  99  37  79 120   0  86  19  30  15  27 117 114  20  71  76  24  63  41   6  75 105 116  29  28 
  1  24  80  80 114  62  82 113  14  80 124  14 117  87  20   1  37 109  30  90  36  28  61  57  87  14  11   1  88  40 102   0 124   2   1  74  95  90 105 115  53  19  54  81  94  91  86  88  56 113 
 89  58  96  14  59 110  59  44   2  72 103  49  74   6  84  74  65  73   6  71  13  78 115  19  95  94  96  59  26  10  38 113   0 113   5  88  45  77 123 103  37  35  28 113  37  35  80 123 113  62 
 17  34  99  85 114  27  22  69 101  47 114 101  82  66  75  19 107  39  80 118  24  55  23  91  30  19  84 103 105  66 110 108 120   0  36  31  98   8  38  69 119 116 114  63 107  59  99  96 103 116 
 39  62   1  77 107  10  31  55  38  27  21 121  18 114  84  19  19  37  87  84  66 122  79   8  80  31  67  62  99  48  40 118  14  41   0  70  70 120  67  18  30  78  97  17 124  19   7  17  19  58 
 20  71  53  81 109  44  45 114 100  40  24 118 120  17  62  91  10  72  64  22  89 117  40  82  38 108  97  73 103  71 108  95  30  26 110   0  14  81 100  20  85  98  73 100 113  44 122 122  10   8 
117   4  37  68  43  95 105  47  18  19  97  20  70  21  81  84  36 113  16  22  58 120 108  40  83 105 111  57  25  52 110  88 122 111   6  33   0  51 104  70  43 124  75  64  73  13 100  68  48  59 
122 116  45   9 120  69  68 106  90  73  73  38  21 113  37  98  72   7  62  51   5  49  34  58  90 103  61  26 117  53  41  54  56  16  13   1 104   0 102  97  95  58  67  86  26  61  87  55  72 107 
111  98   5  43  92  16  72 115  11  65  54  38 122 112 111  88  72  48  43  55 123  83   7 120  82 115  28  14   7  75  88  80  51  42  82  62 113 119   0  54  98  63  78  39 111  10  91  20  32  49 
 76  16 109  96  98  34  63  95 113   2   4  61 103  27  88   3  88  67  70  46  97 111 123 103 115  85  45  34  81  41  92  18 121   9 116  15 109  70  17   0   9  36  54  28  74  58   9  32  70 119 
113  38  20  53 104 112  16   6 108  52  78  74 102 121 104  85  48  10  15  21  80  62 101  12 101  91  53  91  70   3  99  50  57  50  76  13  60 106 115  56   0  39  83  92  37 116  62  15  80 104 
122  34  43  28  66  42 118  79 116 101  95   4   9  84  57 102 120 104  23  45  19  52  86  86  22  15   8  87  81  14  43 121   8  96  50  23  12  76  79  95  38   0   2  38  24 101 108  21  79   2 
 33  13  63  98 116  31  69  93  16  37  67 100  84  83  26  63  88 109  99  55  95  44 109  19  99  37 114 116  71  76 117  75  45  28  12 100  66 124  29  72  68  98   0  98 121  20  32  45  22  12 
122 118  50  67 111  40  33  64  24  59   4  47  20  54  48   3  26  85  22  52  84  48 122 105  74 109 108  62  30   6 112  71  20  62  71  81  17  79 113  48   1  42 110   0  90  86  55  94  71  21 
  9 124 103   3 108 105   9  88 105  57  21  24  88  75  54  62  42  87 115  26  73  74 115  49 102  81  35 118  42  87 123 102  56  91  36 119 118  94  61  60  15   1 118 104   0  70  76  23 116  32 
 26 105 111  36  81  85   5  89  38   3  32  26  44 117   8  13  67  89 106  62  70 117  12 115 114  84  96  59  16  48  12  50 103  26  74  63  91  48  13 117  24  29  30 119  95   0 105  58 101   1 
 54  22  46  72 104  41 107  84  77  94  92  85  70  36 108  45  46 117  97  45  76  69 122  82 100 107 106  91 112  85  20  26  53 114   1  49  65  76   7 107  81  92 116  94  58  26   0  28 123  56 
 73  57  77  49 113  54  36  63  89  55  29  75   7 106  77  61 123   9  64   2  47   9  99  40  38  16  13  69  31  19  15 122  68 118  26  28  36  67  61  28  28  81  56  59  92  12  37   0  14  48 
 19  63  97  13  33  55   9  46  55 116  94 116  65 120  75 123  38   4  33  73  93  65  76  24  22  56 100  81  72 106  37 119  99  49  62  49   2 105  12 124 112  38  30 105 110  61  15  68   0  83 
 73  28   8  11  51 104  18  23  21  17   7 106  42   6  77   1  62  49  15 111  53  19 110 105 102  39  90  69  14  71  42  60 122   8  99 117  47  39  11 111  77  13  46  94  70  22  99  10  98   0 
M7
  0  32  48  39  58  83 121  81  92  80   9  38  47  72  29  46  33  60  13  89  70  39 120  49  40   3  52  95  24  10 111 122  45  99  26  72  41  33  49  88  66   1  34  68  20  31  77   5  28 112 
121   0 114  73 101  28  19  93 106  90 124 106  70   8  58  56  81   9  53  22  90   4 117  79 119 105  67   6  41 124  62  82  93  39  57  12  46  71  91  87  12  74 114  25   8  95  33  46  41  13 
 33  34   0 119  53  66  45 123  61  28  46   2  30 110  83 109   7  13 104  97  43 104  90  97  99  56  77  91  95  77  21  76  98  61  98  55  98 112  62  96  71  79  24  97  80   4  65  18  45 116 
 49 110 113   0  27  76  66 109  58  46  94  31  57   7  54  59  65  88  47  67 117  89  83  73  78  26 108  53  23  45  21 119  86  11   8  64  44 113 100  63   6   9  72  22  15   1  29  95 117  24 
 39 112  65  53   0 115  63 103   9 100   1  44  51  47  23 113   2  40  18  55 106  86 116  83  43  25  66  44  16  91  29  11  48  49  97  91  16  61  57  86  44  89   1  99  82  67  81  34  43 121 
 95  59  42  33  82   0   4  68   7  85  42  74 114  73 115 113 117  97  37  59  93  16 117  31  82  20 122   3 121  77 120   7  15  92  72  53   3  67  99  86   9  30  34  34  24  19  12   6  17  84 
116  67  36  18  89  11   0  72  26  70  59  39 110 115  36  64 124  84  96  37  76  45  30  68  44 110  99  42  87 103 120  54  54 121  37 120  59  45  41 116  39 115 118  62  61   5 117  38   7  60 
104   4  86  42  78 120  94   0  86  19  59  24 109  85  97  15 109  36  57  67  48  98 111   8  98  66  16  97  26  44   6 102   4  14  25 102 121  89  66  19   6  29 106 111  57 106 113   1  40 100 
 69  87  28  55  41  28  53  92   0  28  46  34  92  81  53  54  99 113  28  39  97  22 101  51  40  23  28 110   5  94  43 118  89  50  80 124 118  14  21 114  74 109  46  32  22  41  52  95  65  22 
 40   5  96 111  89  64  99  35  35   0  35  73  84 106  35  68  63 100  44 117  25  12   2  31   1   1  94 101  61  97  14  52  66 118  81  77  21  45  25  91  46  83 114  86  81  84   1  34 100  36 
 41  32 116  26 122   4 123  57  38  97   0 101  61  16  46  99  83  13  72  36  71 123   5  94  27  37  13  25  43  54  28  43   4 106 108 105 114  48 111   6 113  27  42 118 117  36  23  82  75 121 
 77  89  64  99  79  72  32  21 100  27 104   0  71   7   3  99  11 101  12  80  75  90  38  17  38  80   4  44  67  16  61  44  76  96  50  14  12  78  79  56  28 103 106  42  77  49  92  72  57 111 
100 101  44 101  47   1  14  86  26 116  34  24   0  31 106  11  60 121  99  84  80  41  54 106  86  92  97  73  23  85  84   1 105  67 118 107  76  27  48 123  65  18  53 116  55  71  39 102  31  75 
 38  43  45   3  27  28  62   6  54 123  31  52  89   0  55  11  63  93   9  52  78 107  39 102 109 120 121  30  84  73  92  88  14  15  20  42  79 112  83 116   6  30 121  60  97 117   2  63  90 106 
  8 114  19 113   9   2  16   5  84  75  27 121 124 117   0  28  40 112 113  68  95  85   6  11 109  94  37  99 113  74 110  28  72  51  96  87  14  50  99  16  92 116  96 105  47   4  16  19  64  97 
 21  12 121  72  92  62  72  40  98   4   2  27  88  26  24   0   6  37  58  64  92   4   8  95  13   9  56  10  65 118  80 122  14  29 108 111 120 110  29  22  29  76  87  79  10  52   1  66  38  98 
 42  79 100  72 119  36  90 108 101  20 121   2  26   8  44  73   0  96  65 122  10  20 110  55   9 119  15  31  98  87 117  40  52  83  89 107  97  63  64   4 101  24  27 116  60   6 121  65   7 107 
 78  53 112  43   1  82  57  62  71  12  47  37 109  77  17  23 122   0  50 118 122  42  79  29 109  15  50  94  83  18 114  47  20  20 100  89  40  27 119  97  67  60  76  87  64  75  98  12 120  49 
 17  26  54  45 121  59  99  14  14   7 103  37   6  18  83  50  38  42   0  76  18  46  97  20 121   6  53  77 111  79  94 104  92  53  80 104  12 103  19   6  18  32  21  60  84  11  57   9  10  56 
 80  54  86  58 106  86  54  19  42 108  65 101  12  25  13 120  33  74  43   0 119 122   6  30  20  39  12  51  58  57 106  12 119 117  57  91 105  78  58 113  88  18  21  12  98  23  24  82  44  42 
 76   2  66  73  17   4  97  36  54  46 108  70  45   4  65  90 124  52  93  78   0  99  48  54  39 119  85  44 104  17  16  75 105 111  90  65   2  78  85  97  44  74  99 106 121 123  47  38  30  64 
 90  43  19  70   1 122  49  77  45  54  45  75  26 103  47  87 120  85 123  24  27   0  89  95  28  36  54  22  22  48  32  93  81  86  96   7 101  48 123  82  47  98 108  97  19 109  54  41 109 118 
 18 108  37  68  61  63  94  72  50 106  73  87 109  15  70 117  14  32  82  95 107  12   0  93  48  22 101  99 116 115  43 114  30  84  12   6  90  46  89  10 112  12 115  86  72 105  94  75   5  13 
109   7  15   2  74  54  20 120  68  77   4  22 120 100  86 118  11  82  87  42  66  40 114   0   5  43  48  43  80  26  17  18  13  40  67 105  19  42  41  82  99  27  40  41  21  40  77  50 123  13 
  2 108  33 103  66   8 111   9  75  19  10  22  39  44   7  76  14   4  67  19 108   8 102  81   0  81  38 115  91  46  47  87 117  12  57  68   3  48  22  91 114 115  21  29  23  76  97 113  96  28 
 90 108  53   8  50 112  90  22  53 118 122  56  71  36  75  15  36 118  83 106  22  74 121  84 102   0  52  88  75  12  16 108  87  71  36  97  19   6  65  44  90 109  35  48  87   2  81 122  65  69 
108  99  30   5  17 106   5 109  92  67  88  44   2  52  86  87 106  95  38  62 103  38  23  23 112  60   0 119  51  15  67   8  79  50  92 112 102  68   7  11  55  95  90  57  51  55 118  76  85  11 
 66 103  97  26 102 102  93 103  20  97 116  94 100  51   9  33  25  83  38  58  10 103 109  86 107  14 123   0 120  43 112 112  28  32  33  12  86  85  37  56  78   7   8  62   1  38  91   9  66 107 
 77  70  54  29  16  72 120  46  17  92   5 109 121  90  25  69 120  37  63 106 107  63  26  99 120  89  54  25   0  56  27 122  24  35  87 123  69 121 115  93 112  70 120 106 116 124  92  31  51  32 
 99  74  13 118  53 107  52  34  54 108  64  34  85  73  75 106  93  34  75  12 109  69  98 101  98   1  82  54 116   0 117  11 114 113  40 109   5  95 117  84  90  97 111  52  63  14  42  62  32  43 
 77 104  24 117  36  67 114  46  89  39   8  36  48  78  33  33  16  86  99  91  70  54  27  83  19  16  99  37  79 120   0  86  19  30  15  27 117 114  20  71  76  24  63  41   6  75 105 116  29  28 
  1  24  80  80 114  62  82 113  14  80 124  14 117  87  20   1  37 109  30  90  36  28  61  57  87  14  11   1  88  40 102   0 124   2   1  74  95  90 105 115  53  19  54  81  94  91  86  88  56 113 
 89  58  96  14  59 110  59  44   2  72 103  49  74   6  84  74  65  73   6  71  13  78 115  19  95  94  96  59  26  10  38 113   0 113   5  88  45  77 123 103  37  35  28 113  37  35  80 123 113  62 
 17  34  99  85 114  27  22  69 101  47 114 101  82  66  75  19 107  39  80 118  24  55  23  91  30  19  84 103 105  66 110 108 120   0  36  31  98   8  38  69 119 116 114  63 107  59  99  96 103 116 
 39  62   1  77 107  10  31  55  38  27  21 121  18 114  84  19  19  37  87  84  66 122  79   8  80  31  67  62  99  48  40 118  14  41   0  70  70 120  67  18  30  78  97  17 124  19   7  17  19  58 
 20  71  53  81 109  44  45 114 100  40  24 118 120  17  62  91  10  72  64  22  89 117  40  82  38 108  97  73 103  71 108  95  30  26 110   0  14  81 100  20  85  98  73 100 113  44 122 122  10   8 
117   4  37  68  43  95 105  47  18  19  97  20  70  21  81  84  36 113  16  22  58 120 108  40  83 105 111  57  25  52 110  88 122 111   6  33   0  51 104  70  43 124  75  64  73  13 100  68  48  59 
122 116  45   9 120  69  68 106  90  73  73  38  21 113  37  98  72   7  62  51   5  49  34  58  90 103  61  26 117  53  41  54  56  16  13   1 104   0 102  97  95  58  67  86  26  61  87  55  72 107 
111  98   5  43  92  16  72 115  11  65  54  38 122 112 111  88  72  48  43  55 123  83   7 120  82 115  28  14   7  75  88  80  51  42  82  62 113 119   0  54  98  63  78  39 111  10  91  20  32  49 
 76  16 109  96  98  34  63  95 113   2   4  61 103  27  88   3  88  67  70  46  97 111 123 103 115  85  45  34  81  41  92  18 121   9 116  15 109  70  17   0   9  36  54  28  74  58   9  32  70 119 
113  38  20  53 104 112  16   6 108  52  78  74 102 121 104  85  48  10  15  21  80  62 101  12 101  91  53  91  70   3  99  50  57  50  76  13  60 106 115  56   0  39  83  92  37 116  62  15  80 104 
122  34  43  28  66  42 118  79 116 101  95   4   9  84  57 102 120 104  23  45  19  52  86  86  22  15   8  87  81  14  43 121   8  96  50  23  12  76  79  95  38   0   2  38  24 101 108  21  79   2 
 33  13  63  98 116  31  69  93  16  37  67 100  84  83  26  63  88 109  99  55  95  44 109  19  99  37 114 116  71  76 117  75  45  28  12 100  66 124  29  72  68  98   0  98 121  20  32  45  22  12 
122 118  50  67 111  40  33  64  24  59   4  47  20  54  48   3  26  85  22  52  84  48 122 105  74 109 108  62  30   6 112  71  20  62  71  81  17  79 113  48   1  42 110   0  90  86  55  94  71  21 
  9 124 103   3 108 105   9  88 105  57  21  24  88  75  54  62  42  87 115  26  73  74 115  49 102  81  35 118  42  87 123 102  56  91  36 119 118  94  61  60  15   1 118 104   0  70  76  23 116  32 
 26 105 111  36  81  85   5  89  38   3  32  26  44 117   8  13  67  89 106  62  70 117  12 115 114  84  96  59  16  48  12  50 103  26  74  63  91  48  13 117  24  29  30 119  95   0 105  58 101   1 
 54  22  46  72 104  41 107  84  77  94  92  85  70  36 108  45  46 117  97  45  76  69 122  82 100 107 106  91 112  85  20  26  53 114   1  49  65  76   7 107  81  92 116  94  58  26   0  28 123  56 
 73  57  77  49 113  54  36  63  89  55  29  75   7 106  77  61 123   9  64   2  47   9  99  40  38  16  13  69  31  19  15 122  68 118  26  28  36  67  61  28  28  81  56  59  92  12  37   0  14  48 
 19  63  97  13  33  55   9  46  55 116  94 116  65 120  75 123  38   4  33  73  93  65  76  24  22  56 100  81  72 106  37 119  99  49  62  49   2 105  12 124 112  38  30 105 110  61  15  68   0  83 
 73  28   8  11  51 104  18  23  21  17   7 106  42   6  77   1  62  49  15 111  53  19 110 105 102  39  90  69  14  71  42  60 122   8  99 117  47  39  11 111  77  13  46  94  70  22  99  10  98   0 
Reldue
 1347    6    4
 2714    3    2
  929    4    4
 1285    7    5
 1933    5    5
 1416    2    2
 2487    3    3
 2391    6    4
 3550    9    9
 1903    1    9
 3948    8    5
 1324    6    9
 1354    8    8
 2874    3    3
 2568    3    7
 1942    1    2
 1056    6    9
 2922    6    8
 1235    1    6
 3035    8    2
 1518    9    9
 1425    5    2
 2971    8    2
 1374    5    7
 1236    3    7
 3150    5    2
 1050    3    9
 1001    9    3
 1650    9    4
 1302    7    7
 1297    1    5
 3172    5    4
 1039    1    4
 3109    9    5
 1275    2    7
 3308    5    3
 2509    2    6
  905    2    9
 3454    5    7
 1874    9    2
 3345    3    3
  774    2    8
 1612    8    8
 2918    7    1
 2950    3    3
 2682    3    9
 1201    8    7
 3578    9    8
 3224    1    7
 1396    7    5
DDW
 1274  1420
 2456  2973
  855  1003
 1198  1372
 1789  2076
 1286  1546
 2261  2713
 2257  2525
 3304  3797
 1757  2048
 3556  4339
 1196  1451
 1254  1454
 2661  3087
 2423  2712
 1773  2111
  972  1140
 2718  3127
 1131  1340
 2793  3277
 1404  1633
 1290  1559
 2734  3208
 1272  1476
 1172  1301
 2947  3352
  959  1142
  928  1074
 1504  1795
 1227  1377
 1185  1408
 2985  3359
  963  1115
 2820  3398
 1194  1355
 3024  3593
 2334  2684
  824   986
 3195  3713
 1764  1985
 3137  3553
  716   832
 1518  1706
 2636  3200
 2665  3235
 2491  2874
 1096  1306
 3376  3781
 2962  3486
 1313  1478
