20  10
MD
  3  4  3  2  2  3  2  3  4  4
PT
 18  25  67  64  46   4  37  68  19  35  16  51   5  83  24  13  10  13  96  83 
 90  15  10  40  62   6  83  19  37  37  52  47  44   4  34  12  41  85  85  54 
 60  72  81  49   1  50  70  62  89  76  81  60  18  80  45   9  83  43   1  99 
 16  30  72  79  78  45  86  35   5  84  71  34  60  22  14  42  97  95  68  82 
 87   8  70  99  60  48  62  15  28  16  52  16  92  64  55  78  18  75  21  41 
 53  81  72  44  48   7  68  16  54  80  47  99  79  40  68  51  74  44  70  33 
 80  17  72  24  13  82  66  82  23  75  48  93  34   5  14  45  24  58  26  28 
 82  84  71  36  88  18  56  64  82  85  38  66  41  44  30  37  97  20  62  11 
 36  77  61  50  71  99  51  35   9   8  96  30  57  37   2  79  16  37  53  92 
 90  97  55  67  57  82  30  49  66  68  69   9  15  69  72  97   8  52  11   2 
SSD
M0
  0  23  89  70  39 109  69   5 100  69  75  70  38 107  77  80  57   8 112  83 
116   0 107   9  39 114  66  18  42 124 111   8 117  65  61  52  59  83  51  44 
106  96   0  75  51  60  61  96 119 114 109  44  41  53 103   4   6  78  54  43 
 35  36 117   0  84  93 106 104  55  83   5  95  80  63 113  37  39  89  24   5 
 93  12 100  47   0  84  40  78  97  75  95  88   5  75  90 124 124 116  61  88 
100  67 108  71  21   0  99 116  75   1  32 124  76 122  44  42  19 115 113  15 
 36  41  24 103  44  65   0  70  93  76 112  13  47  80  94 112  50 105  65 118 
 97 122 111  59  45  68  82   0  94  76 111  28  24  59  65  86  16  75  53  76 
105  18 109  36   1  61  41  45   0  69  12  47  27  51  30   9  33 115  89  99 
 59  10   7  70   6 120  55  37  18   0   6 112  88 113  55  79  33 124  62 122 
 59  98  42 121  39  14 114  79  51   2   0  29  51 101  91  82  29  49  76 121 
113  16  49 117  18  54  52  65  11  40 120   0  90  28   6  39  51 115  40  37 
 39  16  29  83 119  67  25  48   8  75 107  17   0  85  28 113  15  45 118  77 
  2 115  97  89 107  33 106 106  67  39  31  69  44   0   2  82  20 110  48 102 
120  80 114 109  11 112  63 109  66  67  45  69  60 102   0  14   9 110  18 108 
 23  74  30  41  51  11  42 123  87  88  94  46  11 100   3   0  58  31  39  10 
  2 123  18  32  93   6  85  52  21  81  67  14  47   2  95  71   0  86 116  78 
 12  41  54  42  42 123 110 114  68 100  93  11  98  82 106  33  53   0  86  97 
117  56   7  76  36  26  43  52 101  69  73   2  31 112  35  71 100  78   0  53 
 57  67 121  11 116 101  38  71  97  73  72 100  60  18  59 124 115 115  26   0 
M1
  0  23  89  70  39 109  69   5 100  69  75  70  38 107  77  80  57   8 112  83 
116   0 107   9  39 114  66  18  42 124 111   8 117  65  61  52  59  83  51  44 
106  96   0  75  51  60  61  96 119 114 109  44  41  53 103   4   6  78  54  43 
 35  36 117   0  84  93 106 104  55  83   5  95  80  63 113  37  39  89  24   5 
 93  12 100  47   0  84  40  78  97  75  95  88   5  75  90 124 124 116  61  88 
100  67 108  71  21   0  99 116  75   1  32 124  76 122  44  42  19 115 113  15 
 36  41  24 103  44  65   0  70  93  76 112  13  47  80  94 112  50 105  65 118 
 97 122 111  59  45  68  82   0  94  76 111  28  24  59  65  86  16  75  53  76 
105  18 109  36   1  61  41  45   0  69  12  47  27  51  30   9  33 115  89  99 
 59  10   7  70   6 120  55  37  18   0   6 112  88 113  55  79  33 124  62 122 
 59  98  42 121  39  14 114  79  51   2   0  29  51 101  91  82  29  49  76 121 
113  16  49 117  18  54  52  65  11  40 120   0  90  28   6  39  51 115  40  37 
 39  16  29  83 119  67  25  48   8  75 107  17   0  85  28 113  15  45 118  77 
  2 115  97  89 107  33 106 106  67  39  31  69  44   0   2  82  20 110  48 102 
120  80 114 109  11 112  63 109  66  67  45  69  60 102   0  14   9 110  18 108 
 23  74  30  41  51  11  42 123  87  88  94  46  11 100   3   0  58  31  39  10 
  2 123  18  32  93   6  85  52  21  81  67  14  47   2  95  71   0  86 116  78 
 12  41  54  42  42 123 110 114  68 100  93  11  98  82 106  33  53   0  86  97 
117  56   7  76  36  26  43  52 101  69  73   2  31 112  35  71 100  78   0  53 
 57  67 121  11 116 101  38  71  97  73  72 100  60  18  59 124 115 115  26   0 
M2
  0  23  89  70  39 109  69   5 100  69  75  70  38 107  77  80  57   8 112  83 
116   0 107   9  39 114  66  18  42 124 111   8 117  65  61  52  59  83  51  44 
106  96   0  75  51  60  61  96 119 114 109  44  41  53 103   4   6  78  54  43 
 35  36 117   0  84  93 106 104  55  83   5  95  80  63 113  37  39  89  24   5 
 93  12 100  47   0  84  40  78  97  75  95  88   5  75  90 124 124 116  61  88 
100  67 108  71  21   0  99 116  75   1  32 124  76 122  44  42  19 115 113  15 
 36  41  24 103  44  65   0  70  93  76 112  13  47  80  94 112  50 105  65 118 
 97 122 111  59  45  68  82   0  94  76 111  28  24  59  65  86  16  75  53  76 
105  18 109  36   1  61  41  45   0  69  12  47  27  51  30   9  33 115  89  99 
 59  10   7  70   6 120  55  37  18   0   6 112  88 113  55  79  33 124  62 122 
 59  98  42 121  39  14 114  79  51   2   0  29  51 101  91  82  29  49  76 121 
113  16  49 117  18  54  52  65  11  40 120   0  90  28   6  39  51 115  40  37 
 39  16  29  83 119  67  25  48   8  75 107  17   0  85  28 113  15  45 118  77 
  2 115  97  89 107  33 106 106  67  39  31  69  44   0   2  82  20 110  48 102 
120  80 114 109  11 112  63 109  66  67  45  69  60 102   0  14   9 110  18 108 
 23  74  30  41  51  11  42 123  87  88  94  46  11 100   3   0  58  31  39  10 
  2 123  18  32  93   6  85  52  21  81  67  14  47   2  95  71   0  86 116  78 
 12  41  54  42  42 123 110 114  68 100  93  11  98  82 106  33  53   0  86  97 
117  56   7  76  36  26  43  52 101  69  73   2  31 112  35  71 100  78   0  53 
 57  67 121  11 116 101  38  71  97  73  72 100  60  18  59 124 115 115  26   0 
M3
  0  23  89  70  39 109  69   5 100  69  75  70  38 107  77  80  57   8 112  83 
116   0 107   9  39 114  66  18  42 124 111   8 117  65  61  52  59  83  51  44 
106  96   0  75  51  60  61  96 119 114 109  44  41  53 103   4   6  78  54  43 
 35  36 117   0  84  93 106 104  55  83   5  95  80  63 113  37  39  89  24   5 
 93  12 100  47   0  84  40  78  97  75  95  88   5  75  90 124 124 116  61  88 
100  67 108  71  21   0  99 116  75   1  32 124  76 122  44  42  19 115 113  15 
 36  41  24 103  44  65   0  70  93  76 112  13  47  80  94 112  50 105  65 118 
 97 122 111  59  45  68  82   0  94  76 111  28  24  59  65  86  16  75  53  76 
105  18 109  36   1  61  41  45   0  69  12  47  27  51  30   9  33 115  89  99 
 59  10   7  70   6 120  55  37  18   0   6 112  88 113  55  79  33 124  62 122 
 59  98  42 121  39  14 114  79  51   2   0  29  51 101  91  82  29  49  76 121 
113  16  49 117  18  54  52  65  11  40 120   0  90  28   6  39  51 115  40  37 
 39  16  29  83 119  67  25  48   8  75 107  17   0  85  28 113  15  45 118  77 
  2 115  97  89 107  33 106 106  67  39  31  69  44   0   2  82  20 110  48 102 
120  80 114 109  11 112  63 109  66  67  45  69  60 102   0  14   9 110  18 108 
 23  74  30  41  51  11  42 123  87  88  94  46  11 100   3   0  58  31  39  10 
  2 123  18  32  93   6  85  52  21  81  67  14  47   2  95  71   0  86 116  78 
 12  41  54  42  42 123 110 114  68 100  93  11  98  82 106  33  53   0  86  97 
117  56   7  76  36  26  43  52 101  69  73   2  31 112  35  71 100  78   0  53 
 57  67 121  11 116 101  38  71  97  73  72 100  60  18  59 124 115 115  26   0 
M4
  0  23  89  70  39 109  69   5 100  69  75  70  38 107  77  80  57   8 112  83 
116   0 107   9  39 114  66  18  42 124 111   8 117  65  61  52  59  83  51  44 
106  96   0  75  51  60  61  96 119 114 109  44  41  53 103   4   6  78  54  43 
 35  36 117   0  84  93 106 104  55  83   5  95  80  63 113  37  39  89  24   5 
 93  12 100  47   0  84  40  78  97  75  95  88   5  75  90 124 124 116  61  88 
100  67 108  71  21   0  99 116  75   1  32 124  76 122  44  42  19 115 113  15 
 36  41  24 103  44  65   0  70  93  76 112  13  47  80  94 112  50 105  65 118 
 97 122 111  59  45  68  82   0  94  76 111  28  24  59  65  86  16  75  53  76 
105  18 109  36   1  61  41  45   0  69  12  47  27  51  30   9  33 115  89  99 
 59  10   7  70   6 120  55  37  18   0   6 112  88 113  55  79  33 124  62 122 
 59  98  42 121  39  14 114  79  51   2   0  29  51 101  91  82  29  49  76 121 
113  16  49 117  18  54  52  65  11  40 120   0  90  28   6  39  51 115  40  37 
 39  16  29  83 119  67  25  48   8  75 107  17   0  85  28 113  15  45 118  77 
  2 115  97  89 107  33 106 106  67  39  31  69  44   0   2  82  20 110  48 102 
120  80 114 109  11 112  63 109  66  67  45  69  60 102   0  14   9 110  18 108 
 23  74  30  41  51  11  42 123  87  88  94  46  11 100   3   0  58  31  39  10 
  2 123  18  32  93   6  85  52  21  81  67  14  47   2  95  71   0  86 116  78 
 12  41  54  42  42 123 110 114  68 100  93  11  98  82 106  33  53   0  86  97 
117  56   7  76  36  26  43  52 101  69  73   2  31 112  35  71 100  78   0  53 
 57  67 121  11 116 101  38  71  97  73  72 100  60  18  59 124 115 115  26   0 
M5
  0  23  89  70  39 109  69   5 100  69  75  70  38 107  77  80  57   8 112  83 
116   0 107   9  39 114  66  18  42 124 111   8 117  65  61  52  59  83  51  44 
106  96   0  75  51  60  61  96 119 114 109  44  41  53 103   4   6  78  54  43 
 35  36 117   0  84  93 106 104  55  83   5  95  80  63 113  37  39  89  24   5 
 93  12 100  47   0  84  40  78  97  75  95  88   5  75  90 124 124 116  61  88 
100  67 108  71  21   0  99 116  75   1  32 124  76 122  44  42  19 115 113  15 
 36  41  24 103  44  65   0  70  93  76 112  13  47  80  94 112  50 105  65 118 
 97 122 111  59  45  68  82   0  94  76 111  28  24  59  65  86  16  75  53  76 
105  18 109  36   1  61  41  45   0  69  12  47  27  51  30   9  33 115  89  99 
 59  10   7  70   6 120  55  37  18   0   6 112  88 113  55  79  33 124  62 122 
 59  98  42 121  39  14 114  79  51   2   0  29  51 101  91  82  29  49  76 121 
113  16  49 117  18  54  52  65  11  40 120   0  90  28   6  39  51 115  40  37 
 39  16  29  83 119  67  25  48   8  75 107  17   0  85  28 113  15  45 118  77 
  2 115  97  89 107  33 106 106  67  39  31  69  44   0   2  82  20 110  48 102 
120  80 114 109  11 112  63 109  66  67  45  69  60 102   0  14   9 110  18 108 
 23  74  30  41  51  11  42 123  87  88  94  46  11 100   3   0  58  31  39  10 
  2 123  18  32  93   6  85  52  21  81  67  14  47   2  95  71   0  86 116  78 
 12  41  54  42  42 123 110 114  68 100  93  11  98  82 106  33  53   0  86  97 
117  56   7  76  36  26  43  52 101  69  73   2  31 112  35  71 100  78   0  53 
 57  67 121  11 116 101  38  71  97  73  72 100  60  18  59 124 115 115  26   0 
M6
  0  23  89  70  39 109  69   5 100  69  75  70  38 107  77  80  57   8 112  83 
116   0 107   9  39 114  66  18  42 124 111   8 117  65  61  52  59  83  51  44 
106  96   0  75  51  60  61  96 119 114 109  44  41  53 103   4   6  78  54  43 
 35  36 117   0  84  93 106 104  55  83   5  95  80  63 113  37  39  89  24   5 
 93  12 100  47   0  84  40  78  97  75  95  88   5  75  90 124 124 116  61  88 
100  67 108  71  21   0  99 116  75   1  32 124  76 122  44  42  19 115 113  15 
 36  41  24 103  44  65   0  70  93  76 112  13  47  80  94 112  50 105  65 118 
 97 122 111  59  45  68  82   0  94  76 111  28  24  59  65  86  16  75  53  76 
105  18 109  36   1  61  41  45   0  69  12  47  27  51  30   9  33 115  89  99 
 59  10   7  70   6 120  55  37  18   0   6 112  88 113  55  79  33 124  62 122 
 59  98  42 121  39  14 114  79  51   2   0  29  51 101  91  82  29  49  76 121 
113  16  49 117  18  54  52  65  11  40 120   0  90  28   6  39  51 115  40  37 
 39  16  29  83 119  67  25  48   8  75 107  17   0  85  28 113  15  45 118  77 
  2 115  97  89 107  33 106 106  67  39  31  69  44   0   2  82  20 110  48 102 
120  80 114 109  11 112  63 109  66  67  45  69  60 102   0  14   9 110  18 108 
 23  74  30  41  51  11  42 123  87  88  94  46  11 100   3   0  58  31  39  10 
  2 123  18  32  93   6  85  52  21  81  67  14  47   2  95  71   0  86 116  78 
 12  41  54  42  42 123 110 114  68 100  93  11  98  82 106  33  53   0  86  97 
117  56   7  76  36  26  43  52 101  69  73   2  31 112  35  71 100  78   0  53 
 57  67 121  11 116 101  38  71  97  73  72 100  60  18  59 124 115 115  26   0 
M7
  0  23  89  70  39 109  69   5 100  69  75  70  38 107  77  80  57   8 112  83 
116   0 107   9  39 114  66  18  42 124 111   8 117  65  61  52  59  83  51  44 
106  96   0  75  51  60  61  96 119 114 109  44  41  53 103   4   6  78  54  43 
 35  36 117   0  84  93 106 104  55  83   5  95  80  63 113  37  39  89  24   5 
 93  12 100  47   0  84  40  78  97  75  95  88   5  75  90 124 124 116  61  88 
100  67 108  71  21   0  99 116  75   1  32 124  76 122  44  42  19 115 113  15 
 36  41  24 103  44  65   0  70  93  76 112  13  47  80  94 112  50 105  65 118 
 97 122 111  59  45  68  82   0  94  76 111  28  24  59  65  86  16  75  53  76 
105  18 109  36   1  61  41  45   0  69  12  47  27  51  30   9  33 115  89  99 
 59  10   7  70   6 120  55  37  18   0   6 112  88 113  55  79  33 124  62 122 
 59  98  42 121  39  14 114  79  51   2   0  29  51 101  91  82  29  49  76 121 
113  16  49 117  18  54  52  65  11  40 120   0  90  28   6  39  51 115  40  37 
 39  16  29  83 119  67  25  48   8  75 107  17   0  85  28 113  15  45 118  77 
  2 115  97  89 107  33 106 106  67  39  31  69  44   0   2  82  20 110  48 102 
120  80 114 109  11 112  63 109  66  67  45  69  60 102   0  14   9 110  18 108 
 23  74  30  41  51  11  42 123  87  88  94  46  11 100   3   0  58  31  39  10 
  2 123  18  32  93   6  85  52  21  81  67  14  47   2  95  71   0  86 116  78 
 12  41  54  42  42 123 110 114  68 100  93  11  98  82 106  33  53   0  86  97 
117  56   7  76  36  26  43  52 101  69  73   2  31 112  35  71 100  78   0  53 
 57  67 121  11 116 101  38  71  97  73  72 100  60  18  59 124 115 115  26   0 
M8
  0  23  89  70  39 109  69   5 100  69  75  70  38 107  77  80  57   8 112  83 
116   0 107   9  39 114  66  18  42 124 111   8 117  65  61  52  59  83  51  44 
106  96   0  75  51  60  61  96 119 114 109  44  41  53 103   4   6  78  54  43 
 35  36 117   0  84  93 106 104  55  83   5  95  80  63 113  37  39  89  24   5 
 93  12 100  47   0  84  40  78  97  75  95  88   5  75  90 124 124 116  61  88 
100  67 108  71  21   0  99 116  75   1  32 124  76 122  44  42  19 115 113  15 
 36  41  24 103  44  65   0  70  93  76 112  13  47  80  94 112  50 105  65 118 
 97 122 111  59  45  68  82   0  94  76 111  28  24  59  65  86  16  75  53  76 
105  18 109  36   1  61  41  45   0  69  12  47  27  51  30   9  33 115  89  99 
 59  10   7  70   6 120  55  37  18   0   6 112  88 113  55  79  33 124  62 122 
 59  98  42 121  39  14 114  79  51   2   0  29  51 101  91  82  29  49  76 121 
113  16  49 117  18  54  52  65  11  40 120   0  90  28   6  39  51 115  40  37 
 39  16  29  83 119  67  25  48   8  75 107  17   0  85  28 113  15  45 118  77 
  2 115  97  89 107  33 106 106  67  39  31  69  44   0   2  82  20 110  48 102 
120  80 114 109  11 112  63 109  66  67  45  69  60 102   0  14   9 110  18 108 
 23  74  30  41  51  11  42 123  87  88  94  46  11 100   3   0  58  31  39  10 
  2 123  18  32  93   6  85  52  21  81  67  14  47   2  95  71   0  86 116  78 
 12  41  54  42  42 123 110 114  68 100  93  11  98  82 106  33  53   0  86  97 
117  56   7  76  36  26  43  52 101  69  73   2  31 112  35  71 100  78   0  53 
 57  67 121  11 116 101  38  71  97  73  72 100  60  18  59 124 115 115  26   0 
M9
  0  23  89  70  39 109  69   5 100  69  75  70  38 107  77  80  57   8 112  83 
116   0 107   9  39 114  66  18  42 124 111   8 117  65  61  52  59  83  51  44 
106  96   0  75  51  60  61  96 119 114 109  44  41  53 103   4   6  78  54  43 
 35  36 117   0  84  93 106 104  55  83   5  95  80  63 113  37  39  89  24   5 
 93  12 100  47   0  84  40  78  97  75  95  88   5  75  90 124 124 116  61  88 
100  67 108  71  21   0  99 116  75   1  32 124  76 122  44  42  19 115 113  15 
 36  41  24 103  44  65   0  70  93  76 112  13  47  80  94 112  50 105  65 118 
 97 122 111  59  45  68  82   0  94  76 111  28  24  59  65  86  16  75  53  76 
105  18 109  36   1  61  41  45   0  69  12  47  27  51  30   9  33 115  89  99 
 59  10   7  70   6 120  55  37  18   0   6 112  88 113  55  79  33 124  62 122 
 59  98  42 121  39  14 114  79  51   2   0  29  51 101  91  82  29  49  76 121 
113  16  49 117  18  54  52  65  11  40 120   0  90  28   6  39  51 115  40  37 
 39  16  29  83 119  67  25  48   8  75 107  17   0  85  28 113  15  45 118  77 
  2 115  97  89 107  33 106 106  67  39  31  69  44   0   2  82  20 110  48 102 
120  80 114 109  11 112  63 109  66  67  45  69  60 102   0  14   9 110  18 108 
 23  74  30  41  51  11  42 123  87  88  94  46  11 100   3   0  58  31  39  10 
  2 123  18  32  93   6  85  52  21  81  67  14  47   2  95  71   0  86 116  78 
 12  41  54  42  42 123 110 114  68 100  93  11  98  82 106  33  53   0  86  97 
117  56   7  76  36  26  43  52 101  69  73   2  31 112  35  71 100  78   0  53 
 57  67 121  11 116 101  38  71  97  73  72 100  60  18  59 124 115 115  26   0 
Reldue
 4827    7    9
 2544    8    1
 3375    9    8
 1188    5    7
 1840    1    5
 1444    7    3
 2056    2    1
 3295    1    4
 3880    5    7
 4539    3    8
 2506    4    5
 4110    2    6
 2617    2    4
 4142    5    5
 2284    2    3
 1543    6    6
 3244    1    4
 4383    7    5
 1730    3    1
 3169    8    7
DDW
 4484  5171
 2343  2746
 3162  3589
 1120  1256
 1673  2008
 1350  1537
 1951  2161
 3027  3564
 3494  4266
 4155  4923
 2286  2726
 3802  4418
 2395  2839
 3871  4413
 2138  2429
 1457  1629
 2955  3534
 4101  4665
 1612  1848
 2970  3367
