20  10
MD
  5  2  5  2  4  3  2  2  5  3
PT
 87  25  75  60  96  93  73  89  22   8  40   5  72   2  41  16  16  76   3   7 
 38  85  89   6  94  90  94  48  93  70  24  37  29  88  29  47  46  70  43  99 
 51  57  41  82  88  14  76  32  57  34  27  67   4  15  74  63  75  17  10  53 
 58  64  60  44  70  54  38  18  46  94  99  62  39  23  55  82  53   5   2  93 
 36  23  53  92  79  73  84   9  78  34  83  23  73  49  63  47  34  64  57  81 
  3  94   8  26  61   3  86  79  42  92   4  53  17  38  29  18  61  60  24  15 
 27   6  99  93  76  52  29  59  38  13  18  23  34  48  77  90  65  10  34  33 
 92  45  13  43  67  45  30  15   8  26  15  18  75  42  23   4  51  88  28  51 
 47   7  90  94  38  31  64  65  67  47  45  56  83  51  85  16  40   3  85  94 
 73  54  58  53  89  85  48  81  89  73   1  50  93  49  80  99  60  49  76  12 
SSD
M0
  0  29  85 103  14 117  34  22  46  63  27  83 113  46 110 110  27  99  48 123 
 34   0  18 101  98 122  91  18  42  82  81  68 109  91  36  52  38 112   6  26 
 28  19   0  56  12  90  51 122  96  24 105  29  83  69  92  93  32  22 106  30 
 70 116  89   0  85   2  14  41  51 114  12  64  71   9  36   5 120  31  20  80 
102  80   9   7   0  30   5  42  39  45 100  96  52  61 124  30  40  19 108   4 
 23  75  29  53 117   0  61 113  18  93  90 105 107  13 106  33  41  96 110 113 
 53  41  44  89   9  93   0  17  55 120  57   9  88  13  42  46  75  33  81 106 
 41  64  23  45 122 114  26   0   7   9  22  56 124  49  68  73  19  80  78  65 
 78 102  15  94  81 103 109  42   0  12  94  47  62  39  97  93  47  71 103  90 
108  75  22 112  15  80  17  97  58   0  94  92   7  56  42  64  91  77  96  35 
124  28  20   3 119 104  24  92   9  66   0 111  25  43  32  91  58 117  69  77 
 64  50 108 116  26 102 100 107  64  38  98   0 115   3  57  20  41 106 114   2 
 57   6  69  71 123 107  57  57 100  51 119  85   0   8  26  81  26  87  10  19 
 46  18   1  87  63  87  22  47 118  57   2   2  88   0 115  49  44  63 113   8 
123  77 115  81  13  77  17  92  39  84  65 102  77  61   0  43  43  22  30   6 
 58  93  41  70  22  64  38 108  48  18  21  63  79  86  86   0  55  47  36  90 
 59  14 107 111   1  30  54  25 102  88 124  96  92 105  79  39   0  24  65 121 
100  50 119  96  83 112  96  28  79  34  38  30 102  54  50 111  64   0  88 111 
 60 102 116  27   4 109 104  99  66  30  46 121  95   1  35  15  81 100   0 112 
 60  52  93  24  23 103  71  38 111   5  40  78  40 105  21 104  27 102 103   0 
M1
  0  29  85 103  14 117  34  22  46  63  27  83 113  46 110 110  27  99  48 123 
 34   0  18 101  98 122  91  18  42  82  81  68 109  91  36  52  38 112   6  26 
 28  19   0  56  12  90  51 122  96  24 105  29  83  69  92  93  32  22 106  30 
 70 116  89   0  85   2  14  41  51 114  12  64  71   9  36   5 120  31  20  80 
102  80   9   7   0  30   5  42  39  45 100  96  52  61 124  30  40  19 108   4 
 23  75  29  53 117   0  61 113  18  93  90 105 107  13 106  33  41  96 110 113 
 53  41  44  89   9  93   0  17  55 120  57   9  88  13  42  46  75  33  81 106 
 41  64  23  45 122 114  26   0   7   9  22  56 124  49  68  73  19  80  78  65 
 78 102  15  94  81 103 109  42   0  12  94  47  62  39  97  93  47  71 103  90 
108  75  22 112  15  80  17  97  58   0  94  92   7  56  42  64  91  77  96  35 
124  28  20   3 119 104  24  92   9  66   0 111  25  43  32  91  58 117  69  77 
 64  50 108 116  26 102 100 107  64  38  98   0 115   3  57  20  41 106 114   2 
 57   6  69  71 123 107  57  57 100  51 119  85   0   8  26  81  26  87  10  19 
 46  18   1  87  63  87  22  47 118  57   2   2  88   0 115  49  44  63 113   8 
123  77 115  81  13  77  17  92  39  84  65 102  77  61   0  43  43  22  30   6 
 58  93  41  70  22  64  38 108  48  18  21  63  79  86  86   0  55  47  36  90 
 59  14 107 111   1  30  54  25 102  88 124  96  92 105  79  39   0  24  65 121 
100  50 119  96  83 112  96  28  79  34  38  30 102  54  50 111  64   0  88 111 
 60 102 116  27   4 109 104  99  66  30  46 121  95   1  35  15  81 100   0 112 
 60  52  93  24  23 103  71  38 111   5  40  78  40 105  21 104  27 102 103   0 
M2
  0  29  85 103  14 117  34  22  46  63  27  83 113  46 110 110  27  99  48 123 
 34   0  18 101  98 122  91  18  42  82  81  68 109  91  36  52  38 112   6  26 
 28  19   0  56  12  90  51 122  96  24 105  29  83  69  92  93  32  22 106  30 
 70 116  89   0  85   2  14  41  51 114  12  64  71   9  36   5 120  31  20  80 
102  80   9   7   0  30   5  42  39  45 100  96  52  61 124  30  40  19 108   4 
 23  75  29  53 117   0  61 113  18  93  90 105 107  13 106  33  41  96 110 113 
 53  41  44  89   9  93   0  17  55 120  57   9  88  13  42  46  75  33  81 106 
 41  64  23  45 122 114  26   0   7   9  22  56 124  49  68  73  19  80  78  65 
 78 102  15  94  81 103 109  42   0  12  94  47  62  39  97  93  47  71 103  90 
108  75  22 112  15  80  17  97  58   0  94  92   7  56  42  64  91  77  96  35 
124  28  20   3 119 104  24  92   9  66   0 111  25  43  32  91  58 117  69  77 
 64  50 108 116  26 102 100 107  64  38  98   0 115   3  57  20  41 106 114   2 
 57   6  69  71 123 107  57  57 100  51 119  85   0   8  26  81  26  87  10  19 
 46  18   1  87  63  87  22  47 118  57   2   2  88   0 115  49  44  63 113   8 
123  77 115  81  13  77  17  92  39  84  65 102  77  61   0  43  43  22  30   6 
 58  93  41  70  22  64  38 108  48  18  21  63  79  86  86   0  55  47  36  90 
 59  14 107 111   1  30  54  25 102  88 124  96  92 105  79  39   0  24  65 121 
100  50 119  96  83 112  96  28  79  34  38  30 102  54  50 111  64   0  88 111 
 60 102 116  27   4 109 104  99  66  30  46 121  95   1  35  15  81 100   0 112 
 60  52  93  24  23 103  71  38 111   5  40  78  40 105  21 104  27 102 103   0 
M3
  0  29  85 103  14 117  34  22  46  63  27  83 113  46 110 110  27  99  48 123 
 34   0  18 101  98 122  91  18  42  82  81  68 109  91  36  52  38 112   6  26 
 28  19   0  56  12  90  51 122  96  24 105  29  83  69  92  93  32  22 106  30 
 70 116  89   0  85   2  14  41  51 114  12  64  71   9  36   5 120  31  20  80 
102  80   9   7   0  30   5  42  39  45 100  96  52  61 124  30  40  19 108   4 
 23  75  29  53 117   0  61 113  18  93  90 105 107  13 106  33  41  96 110 113 
 53  41  44  89   9  93   0  17  55 120  57   9  88  13  42  46  75  33  81 106 
 41  64  23  45 122 114  26   0   7   9  22  56 124  49  68  73  19  80  78  65 
 78 102  15  94  81 103 109  42   0  12  94  47  62  39  97  93  47  71 103  90 
108  75  22 112  15  80  17  97  58   0  94  92   7  56  42  64  91  77  96  35 
124  28  20   3 119 104  24  92   9  66   0 111  25  43  32  91  58 117  69  77 
 64  50 108 116  26 102 100 107  64  38  98   0 115   3  57  20  41 106 114   2 
 57   6  69  71 123 107  57  57 100  51 119  85   0   8  26  81  26  87  10  19 
 46  18   1  87  63  87  22  47 118  57   2   2  88   0 115  49  44  63 113   8 
123  77 115  81  13  77  17  92  39  84  65 102  77  61   0  43  43  22  30   6 
 58  93  41  70  22  64  38 108  48  18  21  63  79  86  86   0  55  47  36  90 
 59  14 107 111   1  30  54  25 102  88 124  96  92 105  79  39   0  24  65 121 
100  50 119  96  83 112  96  28  79  34  38  30 102  54  50 111  64   0  88 111 
 60 102 116  27   4 109 104  99  66  30  46 121  95   1  35  15  81 100   0 112 
 60  52  93  24  23 103  71  38 111   5  40  78  40 105  21 104  27 102 103   0 
M4
  0  29  85 103  14 117  34  22  46  63  27  83 113  46 110 110  27  99  48 123 
 34   0  18 101  98 122  91  18  42  82  81  68 109  91  36  52  38 112   6  26 
 28  19   0  56  12  90  51 122  96  24 105  29  83  69  92  93  32  22 106  30 
 70 116  89   0  85   2  14  41  51 114  12  64  71   9  36   5 120  31  20  80 
102  80   9   7   0  30   5  42  39  45 100  96  52  61 124  30  40  19 108   4 
 23  75  29  53 117   0  61 113  18  93  90 105 107  13 106  33  41  96 110 113 
 53  41  44  89   9  93   0  17  55 120  57   9  88  13  42  46  75  33  81 106 
 41  64  23  45 122 114  26   0   7   9  22  56 124  49  68  73  19  80  78  65 
 78 102  15  94  81 103 109  42   0  12  94  47  62  39  97  93  47  71 103  90 
108  75  22 112  15  80  17  97  58   0  94  92   7  56  42  64  91  77  96  35 
124  28  20   3 119 104  24  92   9  66   0 111  25  43  32  91  58 117  69  77 
 64  50 108 116  26 102 100 107  64  38  98   0 115   3  57  20  41 106 114   2 
 57   6  69  71 123 107  57  57 100  51 119  85   0   8  26  81  26  87  10  19 
 46  18   1  87  63  87  22  47 118  57   2   2  88   0 115  49  44  63 113   8 
123  77 115  81  13  77  17  92  39  84  65 102  77  61   0  43  43  22  30   6 
 58  93  41  70  22  64  38 108  48  18  21  63  79  86  86   0  55  47  36  90 
 59  14 107 111   1  30  54  25 102  88 124  96  92 105  79  39   0  24  65 121 
100  50 119  96  83 112  96  28  79  34  38  30 102  54  50 111  64   0  88 111 
 60 102 116  27   4 109 104  99  66  30  46 121  95   1  35  15  81 100   0 112 
 60  52  93  24  23 103  71  38 111   5  40  78  40 105  21 104  27 102 103   0 
M5
  0  29  85 103  14 117  34  22  46  63  27  83 113  46 110 110  27  99  48 123 
 34   0  18 101  98 122  91  18  42  82  81  68 109  91  36  52  38 112   6  26 
 28  19   0  56  12  90  51 122  96  24 105  29  83  69  92  93  32  22 106  30 
 70 116  89   0  85   2  14  41  51 114  12  64  71   9  36   5 120  31  20  80 
102  80   9   7   0  30   5  42  39  45 100  96  52  61 124  30  40  19 108   4 
 23  75  29  53 117   0  61 113  18  93  90 105 107  13 106  33  41  96 110 113 
 53  41  44  89   9  93   0  17  55 120  57   9  88  13  42  46  75  33  81 106 
 41  64  23  45 122 114  26   0   7   9  22  56 124  49  68  73  19  80  78  65 
 78 102  15  94  81 103 109  42   0  12  94  47  62  39  97  93  47  71 103  90 
108  75  22 112  15  80  17  97  58   0  94  92   7  56  42  64  91  77  96  35 
124  28  20   3 119 104  24  92   9  66   0 111  25  43  32  91  58 117  69  77 
 64  50 108 116  26 102 100 107  64  38  98   0 115   3  57  20  41 106 114   2 
 57   6  69  71 123 107  57  57 100  51 119  85   0   8  26  81  26  87  10  19 
 46  18   1  87  63  87  22  47 118  57   2   2  88   0 115  49  44  63 113   8 
123  77 115  81  13  77  17  92  39  84  65 102  77  61   0  43  43  22  30   6 
 58  93  41  70  22  64  38 108  48  18  21  63  79  86  86   0  55  47  36  90 
 59  14 107 111   1  30  54  25 102  88 124  96  92 105  79  39   0  24  65 121 
100  50 119  96  83 112  96  28  79  34  38  30 102  54  50 111  64   0  88 111 
 60 102 116  27   4 109 104  99  66  30  46 121  95   1  35  15  81 100   0 112 
 60  52  93  24  23 103  71  38 111   5  40  78  40 105  21 104  27 102 103   0 
M6
  0  29  85 103  14 117  34  22  46  63  27  83 113  46 110 110  27  99  48 123 
 34   0  18 101  98 122  91  18  42  82  81  68 109  91  36  52  38 112   6  26 
 28  19   0  56  12  90  51 122  96  24 105  29  83  69  92  93  32  22 106  30 
 70 116  89   0  85   2  14  41  51 114  12  64  71   9  36   5 120  31  20  80 
102  80   9   7   0  30   5  42  39  45 100  96  52  61 124  30  40  19 108   4 
 23  75  29  53 117   0  61 113  18  93  90 105 107  13 106  33  41  96 110 113 
 53  41  44  89   9  93   0  17  55 120  57   9  88  13  42  46  75  33  81 106 
 41  64  23  45 122 114  26   0   7   9  22  56 124  49  68  73  19  80  78  65 
 78 102  15  94  81 103 109  42   0  12  94  47  62  39  97  93  47  71 103  90 
108  75  22 112  15  80  17  97  58   0  94  92   7  56  42  64  91  77  96  35 
124  28  20   3 119 104  24  92   9  66   0 111  25  43  32  91  58 117  69  77 
 64  50 108 116  26 102 100 107  64  38  98   0 115   3  57  20  41 106 114   2 
 57   6  69  71 123 107  57  57 100  51 119  85   0   8  26  81  26  87  10  19 
 46  18   1  87  63  87  22  47 118  57   2   2  88   0 115  49  44  63 113   8 
123  77 115  81  13  77  17  92  39  84  65 102  77  61   0  43  43  22  30   6 
 58  93  41  70  22  64  38 108  48  18  21  63  79  86  86   0  55  47  36  90 
 59  14 107 111   1  30  54  25 102  88 124  96  92 105  79  39   0  24  65 121 
100  50 119  96  83 112  96  28  79  34  38  30 102  54  50 111  64   0  88 111 
 60 102 116  27   4 109 104  99  66  30  46 121  95   1  35  15  81 100   0 112 
 60  52  93  24  23 103  71  38 111   5  40  78  40 105  21 104  27 102 103   0 
M7
  0  29  85 103  14 117  34  22  46  63  27  83 113  46 110 110  27  99  48 123 
 34   0  18 101  98 122  91  18  42  82  81  68 109  91  36  52  38 112   6  26 
 28  19   0  56  12  90  51 122  96  24 105  29  83  69  92  93  32  22 106  30 
 70 116  89   0  85   2  14  41  51 114  12  64  71   9  36   5 120  31  20  80 
102  80   9   7   0  30   5  42  39  45 100  96  52  61 124  30  40  19 108   4 
 23  75  29  53 117   0  61 113  18  93  90 105 107  13 106  33  41  96 110 113 
 53  41  44  89   9  93   0  17  55 120  57   9  88  13  42  46  75  33  81 106 
 41  64  23  45 122 114  26   0   7   9  22  56 124  49  68  73  19  80  78  65 
 78 102  15  94  81 103 109  42   0  12  94  47  62  39  97  93  47  71 103  90 
108  75  22 112  15  80  17  97  58   0  94  92   7  56  42  64  91  77  96  35 
124  28  20   3 119 104  24  92   9  66   0 111  25  43  32  91  58 117  69  77 
 64  50 108 116  26 102 100 107  64  38  98   0 115   3  57  20  41 106 114   2 
 57   6  69  71 123 107  57  57 100  51 119  85   0   8  26  81  26  87  10  19 
 46  18   1  87  63  87  22  47 118  57   2   2  88   0 115  49  44  63 113   8 
123  77 115  81  13  77  17  92  39  84  65 102  77  61   0  43  43  22  30   6 
 58  93  41  70  22  64  38 108  48  18  21  63  79  86  86   0  55  47  36  90 
 59  14 107 111   1  30  54  25 102  88 124  96  92 105  79  39   0  24  65 121 
100  50 119  96  83 112  96  28  79  34  38  30 102  54  50 111  64   0  88 111 
 60 102 116  27   4 109 104  99  66  30  46 121  95   1  35  15  81 100   0 112 
 60  52  93  24  23 103  71  38 111   5  40  78  40 105  21 104  27 102 103   0 
M8
  0  29  85 103  14 117  34  22  46  63  27  83 113  46 110 110  27  99  48 123 
 34   0  18 101  98 122  91  18  42  82  81  68 109  91  36  52  38 112   6  26 
 28  19   0  56  12  90  51 122  96  24 105  29  83  69  92  93  32  22 106  30 
 70 116  89   0  85   2  14  41  51 114  12  64  71   9  36   5 120  31  20  80 
102  80   9   7   0  30   5  42  39  45 100  96  52  61 124  30  40  19 108   4 
 23  75  29  53 117   0  61 113  18  93  90 105 107  13 106  33  41  96 110 113 
 53  41  44  89   9  93   0  17  55 120  57   9  88  13  42  46  75  33  81 106 
 41  64  23  45 122 114  26   0   7   9  22  56 124  49  68  73  19  80  78  65 
 78 102  15  94  81 103 109  42   0  12  94  47  62  39  97  93  47  71 103  90 
108  75  22 112  15  80  17  97  58   0  94  92   7  56  42  64  91  77  96  35 
124  28  20   3 119 104  24  92   9  66   0 111  25  43  32  91  58 117  69  77 
 64  50 108 116  26 102 100 107  64  38  98   0 115   3  57  20  41 106 114   2 
 57   6  69  71 123 107  57  57 100  51 119  85   0   8  26  81  26  87  10  19 
 46  18   1  87  63  87  22  47 118  57   2   2  88   0 115  49  44  63 113   8 
123  77 115  81  13  77  17  92  39  84  65 102  77  61   0  43  43  22  30   6 
 58  93  41  70  22  64  38 108  48  18  21  63  79  86  86   0  55  47  36  90 
 59  14 107 111   1  30  54  25 102  88 124  96  92 105  79  39   0  24  65 121 
100  50 119  96  83 112  96  28  79  34  38  30 102  54  50 111  64   0  88 111 
 60 102 116  27   4 109 104  99  66  30  46 121  95   1  35  15  81 100   0 112 
 60  52  93  24  23 103  71  38 111   5  40  78  40 105  21 104  27 102 103   0 
M9
  0  29  85 103  14 117  34  22  46  63  27  83 113  46 110 110  27  99  48 123 
 34   0  18 101  98 122  91  18  42  82  81  68 109  91  36  52  38 112   6  26 
 28  19   0  56  12  90  51 122  96  24 105  29  83  69  92  93  32  22 106  30 
 70 116  89   0  85   2  14  41  51 114  12  64  71   9  36   5 120  31  20  80 
102  80   9   7   0  30   5  42  39  45 100  96  52  61 124  30  40  19 108   4 
 23  75  29  53 117   0  61 113  18  93  90 105 107  13 106  33  41  96 110 113 
 53  41  44  89   9  93   0  17  55 120  57   9  88  13  42  46  75  33  81 106 
 41  64  23  45 122 114  26   0   7   9  22  56 124  49  68  73  19  80  78  65 
 78 102  15  94  81 103 109  42   0  12  94  47  62  39  97  93  47  71 103  90 
108  75  22 112  15  80  17  97  58   0  94  92   7  56  42  64  91  77  96  35 
124  28  20   3 119 104  24  92   9  66   0 111  25  43  32  91  58 117  69  77 
 64  50 108 116  26 102 100 107  64  38  98   0 115   3  57  20  41 106 114   2 
 57   6  69  71 123 107  57  57 100  51 119  85   0   8  26  81  26  87  10  19 
 46  18   1  87  63  87  22  47 118  57   2   2  88   0 115  49  44  63 113   8 
123  77 115  81  13  77  17  92  39  84  65 102  77  61   0  43  43  22  30   6 
 58  93  41  70  22  64  38 108  48  18  21  63  79  86  86   0  55  47  36  90 
 59  14 107 111   1  30  54  25 102  88 124  96  92 105  79  39   0  24  65 121 
100  50 119  96  83 112  96  28  79  34  38  30 102  54  50 111  64   0  88 111 
 60 102 116  27   4 109 104  99  66  30  46 121  95   1  35  15  81 100   0 112 
 60  52  93  24  23 103  71  38 111   5  40  78  40 105  21 104  27 102 103   0 
Reldue
 3505    8    3
 2822    4    9
 3931    8    8
 3622    8    5
 2670    4    2
 3848    2    8
 4673    9    6
 2364    2    9
 4446    9    7
 1234    6    6
 4079    2    2
 1076    7    4
 1208    4    6
 1282    5    9
 3986    7    5
 2659    7    7
 4039    7    8
 3821    3    5
 1947    7    3
 2590    9    8
DDW
 3324  3686
 2634  3011
 3617  4246
 3324  3920
 2534  2805
 3638  4058
 4372  4974
 2218  2511
 4123  4769
 1147  1321
 3757  4400
  980  1171
 1133  1284
 1200  1365
 3743  4229
 2421  2897
 3836  4242
 3546  4096
 1756  2139
 2414  2766
