20   8
MD
  4  3  3  4  4  3  3  2
PT
 33   5  99  57  38  43  91  22  45  18  59  30  60  17  80   7  11  74  79  97 
 89  76  23  52  42  90  88  49  18  57   1  17  74   2  38  46  72  76  83  73 
 82  15  66  99  62  11  39   8  58  80  74   8  70  48  65  18  81  82  28   1 
 85  50  99  58  46  78  24  54  47  63  17  82  35  12  27  30  40  90   4  80 
  9  74  83  54  82  55   4  38  64  59  28  38  35  45  14  84  73  90  36  18 
 68  83  97  72  45  12  68  93  55  88  95   7  15  24  23  21  58   5  81  62 
 62   2  25  82  75  14  45  13  48   3  62  13  82  96  99  17  99  23  91  33 
 98   7  68  39   8  84  21  89  53  69  13  60  63  20  47  87  98  40  80  46 
SSD
M0
  0 108  72   3  50 101  63  48  43  43  87  39  45 101  35  64  67 108  86 123 
117   0  18  39  70   9  81   2  95  76  79 102  86  57  23  67  55  78 105  38 
 94  82   0  81  82  77  89  62  96  68 102 111 122  37  56 121  62  87  10   1 
 78 107  69   0  74  18  60  39  73  41  52  91  31   9  77  60  24  12  64  94 
 42  65  75  60   0 111  55  40  31  90  25  17  31 110  38  83 105  85  60  66 
108  34  13 105  97   0   3  22  93  65   5  41 103 112  56  13 119  72 100 104 
 35 116  41 116 109 117   0  35  80  25  51 115  79  81  26  74   9  34  90  46 
 29  10 118  78  69  83  12   0 123  90  15  37 114  12 122   7   6  53  54 124 
 92  96  84  41  54  45  35  97   0   8  38 101  70  51  48  43  17   3  54  85 
 75  77  10 111  89 124  14  37 102   0  52  24  20  45  52  30  72  20  49  85 
 56  47 108 124  97 102  16  19  97  28   0   1   6  12  53 101 106  63  80  88 
 67   9   1  27  54  42  67  82  81  93  85   0  55  39  87 100  69 120 107  80 
 80 120  39   8  58  58  91  42  57  43  16   4   0  61  42 124  36  10 118  40 
 50  39  49 110  34   4 105  76  11  45  15  32  87   0 124  29 118  92  71  31 
 79  43  13 124 122 116 103  69 105  86  75  76  82  18   0  88  99  32  54  77 
  9  43  25   1  60  49 117  91  37  21  86  31  57  10  91   0  66  68 117  22 
105 114 103  24  17   7  87  52  77  73   8  45  96  90  11 123   0  44  83  99 
108  50  12 107  91  96 106   7  53   1  97  43  33  54  42  22   5   0   5  59 
  2  10  97  61  64  62  48  97  68  59 116  30  14   3  52  47  33  95   0 110 
 90  90  18  76   8  28  70   3  39 103 122  89  91  27  39  28  56 108   9   0 
M1
  0 108  72   3  50 101  63  48  43  43  87  39  45 101  35  64  67 108  86 123 
117   0  18  39  70   9  81   2  95  76  79 102  86  57  23  67  55  78 105  38 
 94  82   0  81  82  77  89  62  96  68 102 111 122  37  56 121  62  87  10   1 
 78 107  69   0  74  18  60  39  73  41  52  91  31   9  77  60  24  12  64  94 
 42  65  75  60   0 111  55  40  31  90  25  17  31 110  38  83 105  85  60  66 
108  34  13 105  97   0   3  22  93  65   5  41 103 112  56  13 119  72 100 104 
 35 116  41 116 109 117   0  35  80  25  51 115  79  81  26  74   9  34  90  46 
 29  10 118  78  69  83  12   0 123  90  15  37 114  12 122   7   6  53  54 124 
 92  96  84  41  54  45  35  97   0   8  38 101  70  51  48  43  17   3  54  85 
 75  77  10 111  89 124  14  37 102   0  52  24  20  45  52  30  72  20  49  85 
 56  47 108 124  97 102  16  19  97  28   0   1   6  12  53 101 106  63  80  88 
 67   9   1  27  54  42  67  82  81  93  85   0  55  39  87 100  69 120 107  80 
 80 120  39   8  58  58  91  42  57  43  16   4   0  61  42 124  36  10 118  40 
 50  39  49 110  34   4 105  76  11  45  15  32  87   0 124  29 118  92  71  31 
 79  43  13 124 122 116 103  69 105  86  75  76  82  18   0  88  99  32  54  77 
  9  43  25   1  60  49 117  91  37  21  86  31  57  10  91   0  66  68 117  22 
105 114 103  24  17   7  87  52  77  73   8  45  96  90  11 123   0  44  83  99 
108  50  12 107  91  96 106   7  53   1  97  43  33  54  42  22   5   0   5  59 
  2  10  97  61  64  62  48  97  68  59 116  30  14   3  52  47  33  95   0 110 
 90  90  18  76   8  28  70   3  39 103 122  89  91  27  39  28  56 108   9   0 
M2
  0 108  72   3  50 101  63  48  43  43  87  39  45 101  35  64  67 108  86 123 
117   0  18  39  70   9  81   2  95  76  79 102  86  57  23  67  55  78 105  38 
 94  82   0  81  82  77  89  62  96  68 102 111 122  37  56 121  62  87  10   1 
 78 107  69   0  74  18  60  39  73  41  52  91  31   9  77  60  24  12  64  94 
 42  65  75  60   0 111  55  40  31  90  25  17  31 110  38  83 105  85  60  66 
108  34  13 105  97   0   3  22  93  65   5  41 103 112  56  13 119  72 100 104 
 35 116  41 116 109 117   0  35  80  25  51 115  79  81  26  74   9  34  90  46 
 29  10 118  78  69  83  12   0 123  90  15  37 114  12 122   7   6  53  54 124 
 92  96  84  41  54  45  35  97   0   8  38 101  70  51  48  43  17   3  54  85 
 75  77  10 111  89 124  14  37 102   0  52  24  20  45  52  30  72  20  49  85 
 56  47 108 124  97 102  16  19  97  28   0   1   6  12  53 101 106  63  80  88 
 67   9   1  27  54  42  67  82  81  93  85   0  55  39  87 100  69 120 107  80 
 80 120  39   8  58  58  91  42  57  43  16   4   0  61  42 124  36  10 118  40 
 50  39  49 110  34   4 105  76  11  45  15  32  87   0 124  29 118  92  71  31 
 79  43  13 124 122 116 103  69 105  86  75  76  82  18   0  88  99  32  54  77 
  9  43  25   1  60  49 117  91  37  21  86  31  57  10  91   0  66  68 117  22 
105 114 103  24  17   7  87  52  77  73   8  45  96  90  11 123   0  44  83  99 
108  50  12 107  91  96 106   7  53   1  97  43  33  54  42  22   5   0   5  59 
  2  10  97  61  64  62  48  97  68  59 116  30  14   3  52  47  33  95   0 110 
 90  90  18  76   8  28  70   3  39 103 122  89  91  27  39  28  56 108   9   0 
M3
  0 108  72   3  50 101  63  48  43  43  87  39  45 101  35  64  67 108  86 123 
117   0  18  39  70   9  81   2  95  76  79 102  86  57  23  67  55  78 105  38 
 94  82   0  81  82  77  89  62  96  68 102 111 122  37  56 121  62  87  10   1 
 78 107  69   0  74  18  60  39  73  41  52  91  31   9  77  60  24  12  64  94 
 42  65  75  60   0 111  55  40  31  90  25  17  31 110  38  83 105  85  60  66 
108  34  13 105  97   0   3  22  93  65   5  41 103 112  56  13 119  72 100 104 
 35 116  41 116 109 117   0  35  80  25  51 115  79  81  26  74   9  34  90  46 
 29  10 118  78  69  83  12   0 123  90  15  37 114  12 122   7   6  53  54 124 
 92  96  84  41  54  45  35  97   0   8  38 101  70  51  48  43  17   3  54  85 
 75  77  10 111  89 124  14  37 102   0  52  24  20  45  52  30  72  20  49  85 
 56  47 108 124  97 102  16  19  97  28   0   1   6  12  53 101 106  63  80  88 
 67   9   1  27  54  42  67  82  81  93  85   0  55  39  87 100  69 120 107  80 
 80 120  39   8  58  58  91  42  57  43  16   4   0  61  42 124  36  10 118  40 
 50  39  49 110  34   4 105  76  11  45  15  32  87   0 124  29 118  92  71  31 
 79  43  13 124 122 116 103  69 105  86  75  76  82  18   0  88  99  32  54  77 
  9  43  25   1  60  49 117  91  37  21  86  31  57  10  91   0  66  68 117  22 
105 114 103  24  17   7  87  52  77  73   8  45  96  90  11 123   0  44  83  99 
108  50  12 107  91  96 106   7  53   1  97  43  33  54  42  22   5   0   5  59 
  2  10  97  61  64  62  48  97  68  59 116  30  14   3  52  47  33  95   0 110 
 90  90  18  76   8  28  70   3  39 103 122  89  91  27  39  28  56 108   9   0 
M4
  0 108  72   3  50 101  63  48  43  43  87  39  45 101  35  64  67 108  86 123 
117   0  18  39  70   9  81   2  95  76  79 102  86  57  23  67  55  78 105  38 
 94  82   0  81  82  77  89  62  96  68 102 111 122  37  56 121  62  87  10   1 
 78 107  69   0  74  18  60  39  73  41  52  91  31   9  77  60  24  12  64  94 
 42  65  75  60   0 111  55  40  31  90  25  17  31 110  38  83 105  85  60  66 
108  34  13 105  97   0   3  22  93  65   5  41 103 112  56  13 119  72 100 104 
 35 116  41 116 109 117   0  35  80  25  51 115  79  81  26  74   9  34  90  46 
 29  10 118  78  69  83  12   0 123  90  15  37 114  12 122   7   6  53  54 124 
 92  96  84  41  54  45  35  97   0   8  38 101  70  51  48  43  17   3  54  85 
 75  77  10 111  89 124  14  37 102   0  52  24  20  45  52  30  72  20  49  85 
 56  47 108 124  97 102  16  19  97  28   0   1   6  12  53 101 106  63  80  88 
 67   9   1  27  54  42  67  82  81  93  85   0  55  39  87 100  69 120 107  80 
 80 120  39   8  58  58  91  42  57  43  16   4   0  61  42 124  36  10 118  40 
 50  39  49 110  34   4 105  76  11  45  15  32  87   0 124  29 118  92  71  31 
 79  43  13 124 122 116 103  69 105  86  75  76  82  18   0  88  99  32  54  77 
  9  43  25   1  60  49 117  91  37  21  86  31  57  10  91   0  66  68 117  22 
105 114 103  24  17   7  87  52  77  73   8  45  96  90  11 123   0  44  83  99 
108  50  12 107  91  96 106   7  53   1  97  43  33  54  42  22   5   0   5  59 
  2  10  97  61  64  62  48  97  68  59 116  30  14   3  52  47  33  95   0 110 
 90  90  18  76   8  28  70   3  39 103 122  89  91  27  39  28  56 108   9   0 
M5
  0 108  72   3  50 101  63  48  43  43  87  39  45 101  35  64  67 108  86 123 
117   0  18  39  70   9  81   2  95  76  79 102  86  57  23  67  55  78 105  38 
 94  82   0  81  82  77  89  62  96  68 102 111 122  37  56 121  62  87  10   1 
 78 107  69   0  74  18  60  39  73  41  52  91  31   9  77  60  24  12  64  94 
 42  65  75  60   0 111  55  40  31  90  25  17  31 110  38  83 105  85  60  66 
108  34  13 105  97   0   3  22  93  65   5  41 103 112  56  13 119  72 100 104 
 35 116  41 116 109 117   0  35  80  25  51 115  79  81  26  74   9  34  90  46 
 29  10 118  78  69  83  12   0 123  90  15  37 114  12 122   7   6  53  54 124 
 92  96  84  41  54  45  35  97   0   8  38 101  70  51  48  43  17   3  54  85 
 75  77  10 111  89 124  14  37 102   0  52  24  20  45  52  30  72  20  49  85 
 56  47 108 124  97 102  16  19  97  28   0   1   6  12  53 101 106  63  80  88 
 67   9   1  27  54  42  67  82  81  93  85   0  55  39  87 100  69 120 107  80 
 80 120  39   8  58  58  91  42  57  43  16   4   0  61  42 124  36  10 118  40 
 50  39  49 110  34   4 105  76  11  45  15  32  87   0 124  29 118  92  71  31 
 79  43  13 124 122 116 103  69 105  86  75  76  82  18   0  88  99  32  54  77 
  9  43  25   1  60  49 117  91  37  21  86  31  57  10  91   0  66  68 117  22 
105 114 103  24  17   7  87  52  77  73   8  45  96  90  11 123   0  44  83  99 
108  50  12 107  91  96 106   7  53   1  97  43  33  54  42  22   5   0   5  59 
  2  10  97  61  64  62  48  97  68  59 116  30  14   3  52  47  33  95   0 110 
 90  90  18  76   8  28  70   3  39 103 122  89  91  27  39  28  56 108   9   0 
M6
  0 108  72   3  50 101  63  48  43  43  87  39  45 101  35  64  67 108  86 123 
117   0  18  39  70   9  81   2  95  76  79 102  86  57  23  67  55  78 105  38 
 94  82   0  81  82  77  89  62  96  68 102 111 122  37  56 121  62  87  10   1 
 78 107  69   0  74  18  60  39  73  41  52  91  31   9  77  60  24  12  64  94 
 42  65  75  60   0 111  55  40  31  90  25  17  31 110  38  83 105  85  60  66 
108  34  13 105  97   0   3  22  93  65   5  41 103 112  56  13 119  72 100 104 
 35 116  41 116 109 117   0  35  80  25  51 115  79  81  26  74   9  34  90  46 
 29  10 118  78  69  83  12   0 123  90  15  37 114  12 122   7   6  53  54 124 
 92  96  84  41  54  45  35  97   0   8  38 101  70  51  48  43  17   3  54  85 
 75  77  10 111  89 124  14  37 102   0  52  24  20  45  52  30  72  20  49  85 
 56  47 108 124  97 102  16  19  97  28   0   1   6  12  53 101 106  63  80  88 
 67   9   1  27  54  42  67  82  81  93  85   0  55  39  87 100  69 120 107  80 
 80 120  39   8  58  58  91  42  57  43  16   4   0  61  42 124  36  10 118  40 
 50  39  49 110  34   4 105  76  11  45  15  32  87   0 124  29 118  92  71  31 
 79  43  13 124 122 116 103  69 105  86  75  76  82  18   0  88  99  32  54  77 
  9  43  25   1  60  49 117  91  37  21  86  31  57  10  91   0  66  68 117  22 
105 114 103  24  17   7  87  52  77  73   8  45  96  90  11 123   0  44  83  99 
108  50  12 107  91  96 106   7  53   1  97  43  33  54  42  22   5   0   5  59 
  2  10  97  61  64  62  48  97  68  59 116  30  14   3  52  47  33  95   0 110 
 90  90  18  76   8  28  70   3  39 103 122  89  91  27  39  28  56 108   9   0 
M7
  0 108  72   3  50 101  63  48  43  43  87  39  45 101  35  64  67 108  86 123 
117   0  18  39  70   9  81   2  95  76  79 102  86  57  23  67  55  78 105  38 
 94  82   0  81  82  77  89  62  96  68 102 111 122  37  56 121  62  87  10   1 
 78 107  69   0  74  18  60  39  73  41  52  91  31   9  77  60  24  12  64  94 
 42  65  75  60   0 111  55  40  31  90  25  17  31 110  38  83 105  85  60  66 
108  34  13 105  97   0   3  22  93  65   5  41 103 112  56  13 119  72 100 104 
 35 116  41 116 109 117   0  35  80  25  51 115  79  81  26  74   9  34  90  46 
 29  10 118  78  69  83  12   0 123  90  15  37 114  12 122   7   6  53  54 124 
 92  96  84  41  54  45  35  97   0   8  38 101  70  51  48  43  17   3  54  85 
 75  77  10 111  89 124  14  37 102   0  52  24  20  45  52  30  72  20  49  85 
 56  47 108 124  97 102  16  19  97  28   0   1   6  12  53 101 106  63  80  88 
 67   9   1  27  54  42  67  82  81  93  85   0  55  39  87 100  69 120 107  80 
 80 120  39   8  58  58  91  42  57  43  16   4   0  61  42 124  36  10 118  40 
 50  39  49 110  34   4 105  76  11  45  15  32  87   0 124  29 118  92  71  31 
 79  43  13 124 122 116 103  69 105  86  75  76  82  18   0  88  99  32  54  77 
  9  43  25   1  60  49 117  91  37  21  86  31  57  10  91   0  66  68 117  22 
105 114 103  24  17   7  87  52  77  73   8  45  96  90  11 123   0  44  83  99 
108  50  12 107  91  96 106   7  53   1  97  43  33  54  42  22   5   0   5  59 
  2  10  97  61  64  62  48  97  68  59 116  30  14   3  52  47  33  95   0 110 
 90  90  18  76   8  28  70   3  39 103 122  89  91  27  39  28  56 108   9   0 
Reldue
 1557    6    7
 1157    8    5
 3102    6    6
 1479    6    7
 1095    8    1
 2064    1    9
 3222    8    3
 1604    4    5
 2720    8    9
 2436    1    7
 1591    3    5
 1010    9    2
 3009    6    2
 1714    7    8
 3677    2    6
 1556    5    3
 2507    4    8
 3726    7    7
 1638    3    6
 1735    1    4
DDW
 1471  1643
 1049  1266
 2891  3314
 1385  1573
 1001  1189
 1883  2245
 3023  3420
 1480  1728
 2523  2917
 2218  2655
 1453  1730
  943  1076
 2767  3250
 1548  1879
 3492  3861
 1401  1712
 2363  2650
 3454  3999
 1539  1736
 1585  1885
