20   8
MD
  3  3  2  2  4  2  4  2
PT
 63  38  94  49  53  71  23  13   1  61  54   2  77  87  61   7  65  77  86  67 
 74  26  73  25  35   3  81  26  62  22  73  50  36  19  23  84   6  84   3  56 
 38  45  56   7   8  26  81  52  31  52  35  56   2  54  69  26  50  64  45  25 
  2  17  26  80   3  24  27  59  87  73  84  94  78  99  15  78  12  19  12  14 
 37  83   3  35  23  33  73  45  52  91  30  90  32  57  15  72  16  86  77  48 
 36  17  81  59  74  72  48  63  77  23  91  19  92   8  77  87  88   8  91  98 
 61  92  94  99  40  96  89  91  87  74  82  51   5  20  47  60   9  78  54  64 
 21  50  61  92  40   2  90  64  63  16  30  71  73  73  62  72  92  16  81  89 
SSD
M0
  0  93  43 121 121  61  71  72  51  57  74  93  57  30 108  88  89  86 102  72 
 56   0  80  27  78  22  55  22  12  11  43 123  54  71  37  68  56  32  27  66 
111  36   0  81 119 106  35 117 106  40   6  69  94  10   2  16  41  46   4 113 
106  44  12   0  76  49 120  51 119 111  20  61  31 108   3   4   6  45  22  94 
 43  54  15  63   0 104  43  95 105  74  63  18   8  83  62  47  83  37  98  81 
  1  66  74 116  54   0  28  85  71  13  59  91  49  91 102 105  26  59  18 122 
 65  11  71  50  54  35   0  91  26  39  49  22 121  51  81 115  94 123  32 112 
 77   8  79  77   1  99 121   0  82  25  67  90  50  24  38  41  26  33  46 100 
  9   1  95  35  57  26 120  36   0  46  15  99  59  53  89  45  68  31  77  14 
 44  56 120  75  52  18 107  25  60   0  57 121  39 111 122  26 105  84  69  42 
119  10  81  35  60  64 122  53  92  47   0  40  52 107  77 108  69  73  84   7 
 74 121  74  46 115  27  19   5 115 114 105   0  91  55  62 108  32  96  84  59 
 89   9  83  49  11  77 116  93  75   5  37  83   0  21 115 115 112 112 107  19 
 80 118   2  10 119   5  33 106   6  49 103  50  47   0  17  91 103  36  24 121 
 26  26  25 120  98  12  78  91 124 101  59  50  28  30   0 116  83  13  90  75 
 55  49  19  45 107   9  77  99 124  69  12  19  24  67  64   0  53  42 115  13 
 80 105  19 117   3  81  65  66  35  40  70   5  49  85   6  31   0   7  82  37 
 43  14  27  64  44  61  96  40   4  64  33  17  53  90  42  17  28   0  72 114 
 91 111 109  72  17  39  89   5 114 117  21  98  13  73  48  69 108  51   0   7 
 26  20  23 123  14   4 104  10  81  84 119  33  51  91  63  94  34  74  84   0 
M1
  0  93  43 121 121  61  71  72  51  57  74  93  57  30 108  88  89  86 102  72 
 56   0  80  27  78  22  55  22  12  11  43 123  54  71  37  68  56  32  27  66 
111  36   0  81 119 106  35 117 106  40   6  69  94  10   2  16  41  46   4 113 
106  44  12   0  76  49 120  51 119 111  20  61  31 108   3   4   6  45  22  94 
 43  54  15  63   0 104  43  95 105  74  63  18   8  83  62  47  83  37  98  81 
  1  66  74 116  54   0  28  85  71  13  59  91  49  91 102 105  26  59  18 122 
 65  11  71  50  54  35   0  91  26  39  49  22 121  51  81 115  94 123  32 112 
 77   8  79  77   1  99 121   0  82  25  67  90  50  24  38  41  26  33  46 100 
  9   1  95  35  57  26 120  36   0  46  15  99  59  53  89  45  68  31  77  14 
 44  56 120  75  52  18 107  25  60   0  57 121  39 111 122  26 105  84  69  42 
119  10  81  35  60  64 122  53  92  47   0  40  52 107  77 108  69  73  84   7 
 74 121  74  46 115  27  19   5 115 114 105   0  91  55  62 108  32  96  84  59 
 89   9  83  49  11  77 116  93  75   5  37  83   0  21 115 115 112 112 107  19 
 80 118   2  10 119   5  33 106   6  49 103  50  47   0  17  91 103  36  24 121 
 26  26  25 120  98  12  78  91 124 101  59  50  28  30   0 116  83  13  90  75 
 55  49  19  45 107   9  77  99 124  69  12  19  24  67  64   0  53  42 115  13 
 80 105  19 117   3  81  65  66  35  40  70   5  49  85   6  31   0   7  82  37 
 43  14  27  64  44  61  96  40   4  64  33  17  53  90  42  17  28   0  72 114 
 91 111 109  72  17  39  89   5 114 117  21  98  13  73  48  69 108  51   0   7 
 26  20  23 123  14   4 104  10  81  84 119  33  51  91  63  94  34  74  84   0 
M2
  0  93  43 121 121  61  71  72  51  57  74  93  57  30 108  88  89  86 102  72 
 56   0  80  27  78  22  55  22  12  11  43 123  54  71  37  68  56  32  27  66 
111  36   0  81 119 106  35 117 106  40   6  69  94  10   2  16  41  46   4 113 
106  44  12   0  76  49 120  51 119 111  20  61  31 108   3   4   6  45  22  94 
 43  54  15  63   0 104  43  95 105  74  63  18   8  83  62  47  83  37  98  81 
  1  66  74 116  54   0  28  85  71  13  59  91  49  91 102 105  26  59  18 122 
 65  11  71  50  54  35   0  91  26  39  49  22 121  51  81 115  94 123  32 112 
 77   8  79  77   1  99 121   0  82  25  67  90  50  24  38  41  26  33  46 100 
  9   1  95  35  57  26 120  36   0  46  15  99  59  53  89  45  68  31  77  14 
 44  56 120  75  52  18 107  25  60   0  57 121  39 111 122  26 105  84  69  42 
119  10  81  35  60  64 122  53  92  47   0  40  52 107  77 108  69  73  84   7 
 74 121  74  46 115  27  19   5 115 114 105   0  91  55  62 108  32  96  84  59 
 89   9  83  49  11  77 116  93  75   5  37  83   0  21 115 115 112 112 107  19 
 80 118   2  10 119   5  33 106   6  49 103  50  47   0  17  91 103  36  24 121 
 26  26  25 120  98  12  78  91 124 101  59  50  28  30   0 116  83  13  90  75 
 55  49  19  45 107   9  77  99 124  69  12  19  24  67  64   0  53  42 115  13 
 80 105  19 117   3  81  65  66  35  40  70   5  49  85   6  31   0   7  82  37 
 43  14  27  64  44  61  96  40   4  64  33  17  53  90  42  17  28   0  72 114 
 91 111 109  72  17  39  89   5 114 117  21  98  13  73  48  69 108  51   0   7 
 26  20  23 123  14   4 104  10  81  84 119  33  51  91  63  94  34  74  84   0 
M3
  0  93  43 121 121  61  71  72  51  57  74  93  57  30 108  88  89  86 102  72 
 56   0  80  27  78  22  55  22  12  11  43 123  54  71  37  68  56  32  27  66 
111  36   0  81 119 106  35 117 106  40   6  69  94  10   2  16  41  46   4 113 
106  44  12   0  76  49 120  51 119 111  20  61  31 108   3   4   6  45  22  94 
 43  54  15  63   0 104  43  95 105  74  63  18   8  83  62  47  83  37  98  81 
  1  66  74 116  54   0  28  85  71  13  59  91  49  91 102 105  26  59  18 122 
 65  11  71  50  54  35   0  91  26  39  49  22 121  51  81 115  94 123  32 112 
 77   8  79  77   1  99 121   0  82  25  67  90  50  24  38  41  26  33  46 100 
  9   1  95  35  57  26 120  36   0  46  15  99  59  53  89  45  68  31  77  14 
 44  56 120  75  52  18 107  25  60   0  57 121  39 111 122  26 105  84  69  42 
119  10  81  35  60  64 122  53  92  47   0  40  52 107  77 108  69  73  84   7 
 74 121  74  46 115  27  19   5 115 114 105   0  91  55  62 108  32  96  84  59 
 89   9  83  49  11  77 116  93  75   5  37  83   0  21 115 115 112 112 107  19 
 80 118   2  10 119   5  33 106   6  49 103  50  47   0  17  91 103  36  24 121 
 26  26  25 120  98  12  78  91 124 101  59  50  28  30   0 116  83  13  90  75 
 55  49  19  45 107   9  77  99 124  69  12  19  24  67  64   0  53  42 115  13 
 80 105  19 117   3  81  65  66  35  40  70   5  49  85   6  31   0   7  82  37 
 43  14  27  64  44  61  96  40   4  64  33  17  53  90  42  17  28   0  72 114 
 91 111 109  72  17  39  89   5 114 117  21  98  13  73  48  69 108  51   0   7 
 26  20  23 123  14   4 104  10  81  84 119  33  51  91  63  94  34  74  84   0 
M4
  0  93  43 121 121  61  71  72  51  57  74  93  57  30 108  88  89  86 102  72 
 56   0  80  27  78  22  55  22  12  11  43 123  54  71  37  68  56  32  27  66 
111  36   0  81 119 106  35 117 106  40   6  69  94  10   2  16  41  46   4 113 
106  44  12   0  76  49 120  51 119 111  20  61  31 108   3   4   6  45  22  94 
 43  54  15  63   0 104  43  95 105  74  63  18   8  83  62  47  83  37  98  81 
  1  66  74 116  54   0  28  85  71  13  59  91  49  91 102 105  26  59  18 122 
 65  11  71  50  54  35   0  91  26  39  49  22 121  51  81 115  94 123  32 112 
 77   8  79  77   1  99 121   0  82  25  67  90  50  24  38  41  26  33  46 100 
  9   1  95  35  57  26 120  36   0  46  15  99  59  53  89  45  68  31  77  14 
 44  56 120  75  52  18 107  25  60   0  57 121  39 111 122  26 105  84  69  42 
119  10  81  35  60  64 122  53  92  47   0  40  52 107  77 108  69  73  84   7 
 74 121  74  46 115  27  19   5 115 114 105   0  91  55  62 108  32  96  84  59 
 89   9  83  49  11  77 116  93  75   5  37  83   0  21 115 115 112 112 107  19 
 80 118   2  10 119   5  33 106   6  49 103  50  47   0  17  91 103  36  24 121 
 26  26  25 120  98  12  78  91 124 101  59  50  28  30   0 116  83  13  90  75 
 55  49  19  45 107   9  77  99 124  69  12  19  24  67  64   0  53  42 115  13 
 80 105  19 117   3  81  65  66  35  40  70   5  49  85   6  31   0   7  82  37 
 43  14  27  64  44  61  96  40   4  64  33  17  53  90  42  17  28   0  72 114 
 91 111 109  72  17  39  89   5 114 117  21  98  13  73  48  69 108  51   0   7 
 26  20  23 123  14   4 104  10  81  84 119  33  51  91  63  94  34  74  84   0 
M5
  0  93  43 121 121  61  71  72  51  57  74  93  57  30 108  88  89  86 102  72 
 56   0  80  27  78  22  55  22  12  11  43 123  54  71  37  68  56  32  27  66 
111  36   0  81 119 106  35 117 106  40   6  69  94  10   2  16  41  46   4 113 
106  44  12   0  76  49 120  51 119 111  20  61  31 108   3   4   6  45  22  94 
 43  54  15  63   0 104  43  95 105  74  63  18   8  83  62  47  83  37  98  81 
  1  66  74 116  54   0  28  85  71  13  59  91  49  91 102 105  26  59  18 122 
 65  11  71  50  54  35   0  91  26  39  49  22 121  51  81 115  94 123  32 112 
 77   8  79  77   1  99 121   0  82  25  67  90  50  24  38  41  26  33  46 100 
  9   1  95  35  57  26 120  36   0  46  15  99  59  53  89  45  68  31  77  14 
 44  56 120  75  52  18 107  25  60   0  57 121  39 111 122  26 105  84  69  42 
119  10  81  35  60  64 122  53  92  47   0  40  52 107  77 108  69  73  84   7 
 74 121  74  46 115  27  19   5 115 114 105   0  91  55  62 108  32  96  84  59 
 89   9  83  49  11  77 116  93  75   5  37  83   0  21 115 115 112 112 107  19 
 80 118   2  10 119   5  33 106   6  49 103  50  47   0  17  91 103  36  24 121 
 26  26  25 120  98  12  78  91 124 101  59  50  28  30   0 116  83  13  90  75 
 55  49  19  45 107   9  77  99 124  69  12  19  24  67  64   0  53  42 115  13 
 80 105  19 117   3  81  65  66  35  40  70   5  49  85   6  31   0   7  82  37 
 43  14  27  64  44  61  96  40   4  64  33  17  53  90  42  17  28   0  72 114 
 91 111 109  72  17  39  89   5 114 117  21  98  13  73  48  69 108  51   0   7 
 26  20  23 123  14   4 104  10  81  84 119  33  51  91  63  94  34  74  84   0 
M6
  0  93  43 121 121  61  71  72  51  57  74  93  57  30 108  88  89  86 102  72 
 56   0  80  27  78  22  55  22  12  11  43 123  54  71  37  68  56  32  27  66 
111  36   0  81 119 106  35 117 106  40   6  69  94  10   2  16  41  46   4 113 
106  44  12   0  76  49 120  51 119 111  20  61  31 108   3   4   6  45  22  94 
 43  54  15  63   0 104  43  95 105  74  63  18   8  83  62  47  83  37  98  81 
  1  66  74 116  54   0  28  85  71  13  59  91  49  91 102 105  26  59  18 122 
 65  11  71  50  54  35   0  91  26  39  49  22 121  51  81 115  94 123  32 112 
 77   8  79  77   1  99 121   0  82  25  67  90  50  24  38  41  26  33  46 100 
  9   1  95  35  57  26 120  36   0  46  15  99  59  53  89  45  68  31  77  14 
 44  56 120  75  52  18 107  25  60   0  57 121  39 111 122  26 105  84  69  42 
119  10  81  35  60  64 122  53  92  47   0  40  52 107  77 108  69  73  84   7 
 74 121  74  46 115  27  19   5 115 114 105   0  91  55  62 108  32  96  84  59 
 89   9  83  49  11  77 116  93  75   5  37  83   0  21 115 115 112 112 107  19 
 80 118   2  10 119   5  33 106   6  49 103  50  47   0  17  91 103  36  24 121 
 26  26  25 120  98  12  78  91 124 101  59  50  28  30   0 116  83  13  90  75 
 55  49  19  45 107   9  77  99 124  69  12  19  24  67  64   0  53  42 115  13 
 80 105  19 117   3  81  65  66  35  40  70   5  49  85   6  31   0   7  82  37 
 43  14  27  64  44  61  96  40   4  64  33  17  53  90  42  17  28   0  72 114 
 91 111 109  72  17  39  89   5 114 117  21  98  13  73  48  69 108  51   0   7 
 26  20  23 123  14   4 104  10  81  84 119  33  51  91  63  94  34  74  84   0 
M7
  0  93  43 121 121  61  71  72  51  57  74  93  57  30 108  88  89  86 102  72 
 56   0  80  27  78  22  55  22  12  11  43 123  54  71  37  68  56  32  27  66 
111  36   0  81 119 106  35 117 106  40   6  69  94  10   2  16  41  46   4 113 
106  44  12   0  76  49 120  51 119 111  20  61  31 108   3   4   6  45  22  94 
 43  54  15  63   0 104  43  95 105  74  63  18   8  83  62  47  83  37  98  81 
  1  66  74 116  54   0  28  85  71  13  59  91  49  91 102 105  26  59  18 122 
 65  11  71  50  54  35   0  91  26  39  49  22 121  51  81 115  94 123  32 112 
 77   8  79  77   1  99 121   0  82  25  67  90  50  24  38  41  26  33  46 100 
  9   1  95  35  57  26 120  36   0  46  15  99  59  53  89  45  68  31  77  14 
 44  56 120  75  52  18 107  25  60   0  57 121  39 111 122  26 105  84  69  42 
119  10  81  35  60  64 122  53  92  47   0  40  52 107  77 108  69  73  84   7 
 74 121  74  46 115  27  19   5 115 114 105   0  91  55  62 108  32  96  84  59 
 89   9  83  49  11  77 116  93  75   5  37  83   0  21 115 115 112 112 107  19 
 80 118   2  10 119   5  33 106   6  49 103  50  47   0  17  91 103  36  24 121 
 26  26  25 120  98  12  78  91 124 101  59  50  28  30   0 116  83  13  90  75 
 55  49  19  45 107   9  77  99 124  69  12  19  24  67  64   0  53  42 115  13 
 80 105  19 117   3  81  65  66  35  40  70   5  49  85   6  31   0   7  82  37 
 43  14  27  64  44  61  96  40   4  64  33  17  53  90  42  17  28   0  72 114 
 91 111 109  72  17  39  89   5 114 117  21  98  13  73  48  69 108  51   0   7 
 26  20  23 123  14   4 104  10  81  84 119  33  51  91  63  94  34  74  84   0 
Reldue
 3327    5    9
 1379    4    1
 2013    1    4
 1102    8    5
 1979    8    7
 1507    8    2
 2168    1    8
 2939    8    4
 2923    1    6
 1739    6    5
 2634    1    9
 3046    1    8
 3338    9    1
 2051    5    8
 1458    6    6
 1430    7    5
 3160    3    3
 2318    3    2
 2571    5    7
 3736    8    4
DDW
 3145  3509
 1291  1467
 1829  2196
 1009  1195
 1815  2143
 1375  1640
 1980  2357
 2715  3164
 2710  3137
 1615  1863
 2405  2863
 2834  3258
 3125  3550
 1849  2253
 1329  1587
 1324  1535
 2969  3352
 2195  2440
 2403  2739
 3488  3984
