20   5
MD
  2  3  2  3  5
PT
 66  24  75  71  97  93  12  80  21  46  74  97  77  35  46  73  94  16  14   1 
 64  16  29  15  68  48  60  14  83   9  88  55  27  82  71   9  92  69  77  40 
 40  40  35  73  71  87  22  65  93  36  33  36  37  72  82  53  87  80  62  85 
 25  70  22  68  41  60  28  16  64  28  10  27  72  46  18  22  77  16  50  86 
  7  86  34  94  90  30  38  24  46  54  33  36  51  90  63   7  74  55  74  99 
SSD
M0
  0  42  40  26  97 120  76 103   5  86  31 120 124  65  40  91 123  99  78  63 
 83   0   3 102 115  51 124 104  41  91  61 104  44 111 119  92  40  14  54  89 
117  14   0  40  75  12  81  98  94  96 100  54 116   1  42  27  97 103 112  66 
 39  17  43   0  44 120  53  70 122   7  20   7  21  93  29 120  87   6  92  72 
105  23  22  23   0  53 114   3 108 114  97  37  24   3  23 122  24  75  70  55 
 84  25 101  82  75   0  14  92 104  55  29 123 118 124  51  16  43  35  33  60 
 40  11  44 104  40 109   0 107  32   6  83 113  53  87  92  42  49  70  33  26 
 43   6 121  47 121  88  35   0  19  64  69  17  89  90  21  75  99  91 111 105 
 89  39 124 104 101  18  48  80   0  66   6  41  91 112  90  75  19   7  17  69 
 80 101  47  30  22  52  31   3 111   0 110  47  11  14  76 110  74  83  59  33 
 77  24 116  68  58   1 104  10  26  20   0  69 122  77  94  49  26  42   7  59 
 68  65  25   8  12  28  91  14  72 124  22   0  23 119  98  50  53  62 105  91 
116   1  14 108  52 111  27  28  62  28  87  32   0  21 119 100  61  31 112  70 
  9  63  63  52  95  29 100  14  56  22 112  94  11   0  41  87  28   1  30 117 
 94  71  40  63  79  38  48  61  48 110   2 115  26  68   0  35  67  29  81 116 
 68  10  85  55   3 124  45  98  25  43  50  16   3  48  29   0  54 117  75  39 
 47  50  78  22  14  13  18  42  19  90  61  28 100  39  25  61   0  23  79  96 
 47  44  91  91  35  77   4  29 124  59  83 121  80  45 121 101  31   0  94  79 
 19  15 102  21  15  91 120  27  57 111   5  60  71   2 109 119  91 116   0  57 
 79   9  35  48  10 105  90  19  62 100  54  34  76 110   4   2   1  58  52   0 
M1
  0  42  40  26  97 120  76 103   5  86  31 120 124  65  40  91 123  99  78  63 
 83   0   3 102 115  51 124 104  41  91  61 104  44 111 119  92  40  14  54  89 
117  14   0  40  75  12  81  98  94  96 100  54 116   1  42  27  97 103 112  66 
 39  17  43   0  44 120  53  70 122   7  20   7  21  93  29 120  87   6  92  72 
105  23  22  23   0  53 114   3 108 114  97  37  24   3  23 122  24  75  70  55 
 84  25 101  82  75   0  14  92 104  55  29 123 118 124  51  16  43  35  33  60 
 40  11  44 104  40 109   0 107  32   6  83 113  53  87  92  42  49  70  33  26 
 43   6 121  47 121  88  35   0  19  64  69  17  89  90  21  75  99  91 111 105 
 89  39 124 104 101  18  48  80   0  66   6  41  91 112  90  75  19   7  17  69 
 80 101  47  30  22  52  31   3 111   0 110  47  11  14  76 110  74  83  59  33 
 77  24 116  68  58   1 104  10  26  20   0  69 122  77  94  49  26  42   7  59 
 68  65  25   8  12  28  91  14  72 124  22   0  23 119  98  50  53  62 105  91 
116   1  14 108  52 111  27  28  62  28  87  32   0  21 119 100  61  31 112  70 
  9  63  63  52  95  29 100  14  56  22 112  94  11   0  41  87  28   1  30 117 
 94  71  40  63  79  38  48  61  48 110   2 115  26  68   0  35  67  29  81 116 
 68  10  85  55   3 124  45  98  25  43  50  16   3  48  29   0  54 117  75  39 
 47  50  78  22  14  13  18  42  19  90  61  28 100  39  25  61   0  23  79  96 
 47  44  91  91  35  77   4  29 124  59  83 121  80  45 121 101  31   0  94  79 
 19  15 102  21  15  91 120  27  57 111   5  60  71   2 109 119  91 116   0  57 
 79   9  35  48  10 105  90  19  62 100  54  34  76 110   4   2   1  58  52   0 
M2
  0  42  40  26  97 120  76 103   5  86  31 120 124  65  40  91 123  99  78  63 
 83   0   3 102 115  51 124 104  41  91  61 104  44 111 119  92  40  14  54  89 
117  14   0  40  75  12  81  98  94  96 100  54 116   1  42  27  97 103 112  66 
 39  17  43   0  44 120  53  70 122   7  20   7  21  93  29 120  87   6  92  72 
105  23  22  23   0  53 114   3 108 114  97  37  24   3  23 122  24  75  70  55 
 84  25 101  82  75   0  14  92 104  55  29 123 118 124  51  16  43  35  33  60 
 40  11  44 104  40 109   0 107  32   6  83 113  53  87  92  42  49  70  33  26 
 43   6 121  47 121  88  35   0  19  64  69  17  89  90  21  75  99  91 111 105 
 89  39 124 104 101  18  48  80   0  66   6  41  91 112  90  75  19   7  17  69 
 80 101  47  30  22  52  31   3 111   0 110  47  11  14  76 110  74  83  59  33 
 77  24 116  68  58   1 104  10  26  20   0  69 122  77  94  49  26  42   7  59 
 68  65  25   8  12  28  91  14  72 124  22   0  23 119  98  50  53  62 105  91 
116   1  14 108  52 111  27  28  62  28  87  32   0  21 119 100  61  31 112  70 
  9  63  63  52  95  29 100  14  56  22 112  94  11   0  41  87  28   1  30 117 
 94  71  40  63  79  38  48  61  48 110   2 115  26  68   0  35  67  29  81 116 
 68  10  85  55   3 124  45  98  25  43  50  16   3  48  29   0  54 117  75  39 
 47  50  78  22  14  13  18  42  19  90  61  28 100  39  25  61   0  23  79  96 
 47  44  91  91  35  77   4  29 124  59  83 121  80  45 121 101  31   0  94  79 
 19  15 102  21  15  91 120  27  57 111   5  60  71   2 109 119  91 116   0  57 
 79   9  35  48  10 105  90  19  62 100  54  34  76 110   4   2   1  58  52   0 
M3
  0  42  40  26  97 120  76 103   5  86  31 120 124  65  40  91 123  99  78  63 
 83   0   3 102 115  51 124 104  41  91  61 104  44 111 119  92  40  14  54  89 
117  14   0  40  75  12  81  98  94  96 100  54 116   1  42  27  97 103 112  66 
 39  17  43   0  44 120  53  70 122   7  20   7  21  93  29 120  87   6  92  72 
105  23  22  23   0  53 114   3 108 114  97  37  24   3  23 122  24  75  70  55 
 84  25 101  82  75   0  14  92 104  55  29 123 118 124  51  16  43  35  33  60 
 40  11  44 104  40 109   0 107  32   6  83 113  53  87  92  42  49  70  33  26 
 43   6 121  47 121  88  35   0  19  64  69  17  89  90  21  75  99  91 111 105 
 89  39 124 104 101  18  48  80   0  66   6  41  91 112  90  75  19   7  17  69 
 80 101  47  30  22  52  31   3 111   0 110  47  11  14  76 110  74  83  59  33 
 77  24 116  68  58   1 104  10  26  20   0  69 122  77  94  49  26  42   7  59 
 68  65  25   8  12  28  91  14  72 124  22   0  23 119  98  50  53  62 105  91 
116   1  14 108  52 111  27  28  62  28  87  32   0  21 119 100  61  31 112  70 
  9  63  63  52  95  29 100  14  56  22 112  94  11   0  41  87  28   1  30 117 
 94  71  40  63  79  38  48  61  48 110   2 115  26  68   0  35  67  29  81 116 
 68  10  85  55   3 124  45  98  25  43  50  16   3  48  29   0  54 117  75  39 
 47  50  78  22  14  13  18  42  19  90  61  28 100  39  25  61   0  23  79  96 
 47  44  91  91  35  77   4  29 124  59  83 121  80  45 121 101  31   0  94  79 
 19  15 102  21  15  91 120  27  57 111   5  60  71   2 109 119  91 116   0  57 
 79   9  35  48  10 105  90  19  62 100  54  34  76 110   4   2   1  58  52   0 
M4
  0  42  40  26  97 120  76 103   5  86  31 120 124  65  40  91 123  99  78  63 
 83   0   3 102 115  51 124 104  41  91  61 104  44 111 119  92  40  14  54  89 
117  14   0  40  75  12  81  98  94  96 100  54 116   1  42  27  97 103 112  66 
 39  17  43   0  44 120  53  70 122   7  20   7  21  93  29 120  87   6  92  72 
105  23  22  23   0  53 114   3 108 114  97  37  24   3  23 122  24  75  70  55 
 84  25 101  82  75   0  14  92 104  55  29 123 118 124  51  16  43  35  33  60 
 40  11  44 104  40 109   0 107  32   6  83 113  53  87  92  42  49  70  33  26 
 43   6 121  47 121  88  35   0  19  64  69  17  89  90  21  75  99  91 111 105 
 89  39 124 104 101  18  48  80   0  66   6  41  91 112  90  75  19   7  17  69 
 80 101  47  30  22  52  31   3 111   0 110  47  11  14  76 110  74  83  59  33 
 77  24 116  68  58   1 104  10  26  20   0  69 122  77  94  49  26  42   7  59 
 68  65  25   8  12  28  91  14  72 124  22   0  23 119  98  50  53  62 105  91 
116   1  14 108  52 111  27  28  62  28  87  32   0  21 119 100  61  31 112  70 
  9  63  63  52  95  29 100  14  56  22 112  94  11   0  41  87  28   1  30 117 
 94  71  40  63  79  38  48  61  48 110   2 115  26  68   0  35  67  29  81 116 
 68  10  85  55   3 124  45  98  25  43  50  16   3  48  29   0  54 117  75  39 
 47  50  78  22  14  13  18  42  19  90  61  28 100  39  25  61   0  23  79  96 
 47  44  91  91  35  77   4  29 124  59  83 121  80  45 121 101  31   0  94  79 
 19  15 102  21  15  91 120  27  57 111   5  60  71   2 109 119  91 116   0  57 
 79   9  35  48  10 105  90  19  62 100  54  34  76 110   4   2   1  58  52   0 
Reldue
 1033    8    9
 1736    9    8
 1289    6    2
 1638    3    5
 1051    8    8
 2215    4    2
 1683    2    9
  900    9    2
 1376    4    6
 1633    6    4
  980    7    8
 2114    2    5
 1147    3    3
 1203    4    7
 2069    3    3
 1720    5    5
 1271    5    4
 1361    8    8
 2215    1    4
 1553    6    7
DDW
  954  1111
 1598  1875
 1161  1418
 1501  1775
  970  1132
 2096  2334
 1593  1773
  827   973
 1262  1490
 1528  1738
  893  1068
 1927  2302
 1085  1210
 1133  1273
 1928  2210
 1552  1888
 1178  1363
 1249  1473
 2071  2358
 1469  1638
