50   8
MD
  4  4  3  2  5  4  3  2
PT
  7  81  55  65  69  15  62  82  43  55  80  42  71  43  90  37  49  93  65  94  51  19  64  83  77  51  56   8  69  61  37  21  91   5  99  90  51  39  21  62  42  34  70  54  54  77  45   3   4   2 
 87  27  96  96  60  35  58  95  28  87  54  65  91  10  98  40   7  58  62  87  68  46  41  78  89  51  52   7  45  37  61  16  66  83  93  38  57  63  10  10  48  19  29  29  54  32  54  16  87  33 
 33  20  47  84  52  43  13  23  73   1  90  33  56  36  33  73  29  77  35  80  96   6   2  79  98  95  46  15  17  65  47  46  66  55  14  92  96  96  68  18  89  40  23  94  44  90  49  11  39  63 
 27  19  29   1  73  92  96  38  29  59  93  87  64  53  48  72  99  58   9  48  63  87  51  19  92  15  57  35  11  13  71  15  95  71  90  44   8   1  41  64  84  98  41  33  91  22  31  87   6  92 
 15  37  72  18  16  64  70  44  34  19  80  82  77  30  70  75  58  87  56  26  29  63  39   3  94  80   2  70  88  69  27  58  12  86  53  55  50   7  67  25  53  74  70  72  14  33  66  30  35   5 
 20  54  99  60  76  72  84  31  48  12  78  51  40  20   8  13  38  49  47   6   7  36  38  41  83  13  36  58  65  30  39  14   9  99  33  71  98  47  99   3  18  16   7  13  81  26  43  21  24  45 
 49  87  95   8  31  73  38  43  12  66  56  25  19  84  42   4  96  69  19  88  76  65  29  26  71  37   2  71  97  82  64  99  74  95  68  88  75  47  17  77  95  90  49  45  53  20   2  18  82  98 
  7  96  90  43  96  79  17   5  48  24  16  53  94  66  32  49  56  67  20   6  66  94  70  88  63  26  38  13  12  90   4  44  95  10  65  28  75  15  98  13  63  92   5  32  81  83  34  38  31  55 
SSD
M0
  0  79  82  66  47  60  94 112  11  70  80  25  23  63  66 124  93  89  92 124 114  98 107  88 122  53 104 105  43  48  13  79 117  98  98  92  42  93  47  99 105  27 109   4  81  57  95  34  56  10 
 23   0  87 117 122  74 122  29  40  68  27 107  33  54 112  20  73  71  39 104  64  87  72  61  94  81  97  98  43 113  25 109  25  18 111  64 103   2 122  83  36 103  11  22  10  82  40 106  96  75 
 69  71   0  66  84  28 107  19   1  11  63  63  68  83   9   7 118  65  90 117 114  46  25  17  86  17  89   1  51   6 124  43  47  34  77 110  49 106   3   5 114  69  14  61  78 112  70  79  97 104 
  4  64  10   0  62 121   1  30  78  42  49 116  59  31  40  78  73  31  33  77  78  71  45  67  19  77  32 118  91  81  65  63  86  39  99  33  55  34  63  99  16 107   7  29  92  59  28 112  32  50 
 23  15   1  30   0  52 124  97  23   7  67 100  30  27 115  57  77  20 107  45  58  42 106 124  81  82   8  12 103  20 100 106  30 124  76 108   3  29  95  84  66 103  19 113 124  34  67  49  97 109 
 24  94  65  39  34   0  36  45  70  20  97  26  92 102  26  53  56 121  79  28  77  81  28  34  89   5  77  71 103  90 121  16  28  35  27  28 104 123   6  27  97  41   2 113  55 105 110  36  45  69 
 89  55 108  13   3  64   0  94  50  27 119  30 117  30  30  41 124  84  54  46  17  85  90  86 116 114   9  89  98  80  58 112  67 118 102  38  33 101  93  34  26  16  86 114  25  53  24  36  54  59 
119  75  51  37  60 102 121   0  81  29  48 119 111  14  64  89  87 121  37  74  51  62  65 119  34  56  68  72   6  27  22  51 120  25   5  21  98  46  36  95  46 104  96  57 121  52  45  92 102 122 
 25   3   7 114  61  89  87  80   0  31  11 117 116  55 103  63  56  66   2  50 100 116  83  61 113  64   8  52  21 101 115 105  84  61 117  14  34 123  88  14  35  20 102  16  77  82  71 115  79  56 
 84  83  11  72  48  33   4  19  24   0  84  50  95 117  98 112  64  14   4  56 109  78  51  70 119 122  72 100  52  57  90 119  88 111  31  74  84  90  34  69  60  10  14   7  69  59  50 123 108  77 
104  75  79  90  23  72  54  34  35  27   0  24  33 114 115  97  16 101  65 103   7  51 115 120  63  47  58 108  79 115  80  14  78  29 124  29  47  62  55  68  11  16 122 121  34  60 121  50  82   6 
 85   8  22  65  26  32 123  17  16 112  79   0 109  17  29  31 101 119  69  56  47  98 110  14 120  11  39   9  16 108 117  50  92  37  86  62 120  32 105  26 118  28   5  61  37 106   8  83  30  44 
 51  27  22 101 101  41   7 114  80  63  94   1   0  73  78  13  49  76  12 113  19  27  75  65  86  32  56  68  47 107 123  75  50  59 111 121  74  76  74  38  47 112  35  36  84  46  55  72  95  35 
114  63  23  37 112 111  61 122 101  48  96  29   6   0  20  16  59  56 113  34  69  66 118 115  98  30  85  78  31 102  15 104   4  84  90  50 101  76  36 109  45  27 116  79  21  81   1  79  39  47 
 51 115  87  61  94 116  17  30   5  27  87 113  15  66   0   9 108  30  13  72   2 100 118 108  56  37 119  89 124  90  74  89  45 111  87 121   1  66  75 106  53  19 116 114   6  10 105  95  55  10 
 60 102  85  27  76 120  87 108  59 121   2  86  92 122   1   0  41  77  34  87  41  90  18 101 122 116  68   4  98  91  55  22  86  35  65  41  31  18  44 122  31 112   3  18   4  13   2  20  84  40 
 21  95   5  15  37  39  16  25  60 103  31 116  80  35 123 112   0 103 119   9  44  37  17  98  18  51 100  95  60  54  17  70  66  18  42  37 113  51  80  66  46  29 107  88 123  83  50  46  73  80 
 33  94  43   5  10  80  84  46 119   8  50  56  16  67  22  67  20   0 111 101  12  50  94  84 101  43 109  64  59 100   8  48  90  59 102  94 124   3  47  56  91 123  98   8 123  24  37  89 122  27 
  7  16 104  70  85  60  93   3  96  28 120  37  58  11 107   3  81  15   0  16  59  76  48 120 104   3  80  64  95   4 124  33 114   9  20  99  66  82  48  79  73 115  94  47  74  23  80  21   6  14 
 72  50  39  16  54  49 116  30 121  57 121  52  42 113  72 118  20  37  49   0  52  56 124  58 109 117  96  95 103  87 123  95  13  81  61   9  95  60   2  43  38  54  57  77 113  65   2  22  73  39 
 57 110  50 105  61  17  95  74  53  84  90  73  89  11  97  64  59 110 122  25   0 124  40  16 109  44  53  45  64  68  16   4  11  90  45  17  77  46  86  94  13 105 106  64  20  39  80 111 102  83 
113  37  81  68  77  90 122 101  91  34  47 103  15  63 117  28 112 124  12  14 124   0  94  16  64  18 123 109  43 106  76  78 123  74  91 120  82 104  22  73  23 119  44 110  53  32  58  12  15  87 
 78  39 108  23  51  71  31 100 101  48  90  17  78  74  54  45 111  55 117  89 111 110   0  62   3  61  94  77  14  31  80  50 111  71  42  99  37  52   4  28  25  74  35 104  29 101  80  60 111  18 
 27  30  95  24 106  58  35  97 100  76  47 114  27  71  94  19 124  30  78 115  31  56 104   0  44 108 101 123 107  88  65 121 105   7 124  86 121  21  16  93  55  98 112  97  63  73 124  97  61   5 
 81 118  32  91  99  19 112 118  49  39  39 107 106  98  88  53  14  14  58  76  91 105  73  78   0 108  95  68  87  88  17  36 113  43  74  28 111  84  55  79  20  13  15  63  88  79  69  38 121 109 
 98  13 118  50  50  15  58  22   8  71  23 118  26  23  36  79  47  92  13  85 103  91 113   7  41   0  47  26  86  49  79  57 114  50  82  71  73  70 112   6  48  69  42  37  19  41  32 119  37  34 
  9 119  89 104  34  22  47  70  64  82 113 103  98  24 108  85  70  11  59 100 102  91  47 101  56 113   0  51  47  31  40  10   3 108  51  23  66  36 107 109  65  93  50  12  35  81  70  11  81  79 
 84  86  96  31  37  15  26  32 111  38  87  41  44 124  66   7  69  76  36  17  54 122   7  29 100 122  47   0  62  42  44 101 101  83  17  80   7  67  62  48   1  94  25  18  88  14  47  54 120  42 
 82  88  11  19  12  31  55  13  65  43  24  74  76 118 104 103  96  65 106  17  90 116 106  21  42  24  22  84   0  90  13  85  89  31 120  87  47  20 104  99  26  35  16  93  77  70  84  41  51  98 
 49  86 104   4  86  48  50  61  12  31  77  24  94  67 101  44  17  21  33  17  87  80 122  61 109 115  59  64  21   0  78  30  49  90  36  31 115  81  49  85 107  25  44 111 114  78   3  54  17  15 
 36  56  46  44  71 105  64  16 115  21  37  41 114  50 108  60 104  20  30  34  32  11 117  34  41  62  87  62  85  59   0 102 108 105 107  84  40 116  54  45  14  60  14  79  22   9  24 123 109  77 
  2  37 120  92   4  96 115  93  25 120  59   9  46  40  77  34  75  66  64   5 116  13 111  83  48  51  67  78  13  25  83   0 106  45 106 117   4  59  48  75  46 110  56  88  82  61  60  44  29   4 
120  76  43  61  34  44  59   2  95  71  13  66  10 123  12  30  75  24 121 123 111   5 104 114  37 119 113  71  42  96  58 116   0  58   5  54  39  52  41  36  90  46  28 114  76 106  12  58  93 120 
116  50  79  69  13 105 105 118  66  39  56 117 119  94  27  62  36  28  94  16  45  91  94  50  17  33  78  64  27  76  73  53  43   0  54  44  49  11  31   1  38  59  96  18   3  24  29 122 116  15 
118 122  81 116  34  82  84 101  95   2  28  89   7  28  43   9 111 115  81  40  28  52  73  33  58  64  67 122  62 124  80  84  63   2   0  13 106  44  40  15  37  47  53 118  98  37   3  98  51  14 
106  65 112  74  73 112  95  65 105  94 103 115   4  47  80  76  11 114  67 105  64  29  11  49 107 101  25  62  14  19  46  27  40  54 107   0 110  20  40  71  51  65 113  65  14  31  95 102  17  70 
 75 100   2  35  77  56  33 124  59  34  76  70   9  75  95 109  10  73  92  42  48  20  50  45  70  63 115 119  75  27  18  43  98   9  18  30   0  20  11  33  59 112 110  63  13  90   1  95  13  92 
 46  70 101  84 111  93  87  21  10  62  65  52  44   8  15   9  48   6 115 124   7  72  84  54  29  55 102 115  88 124  80  39  95  70  31  56  35   0  40   9 123  35  25  90  52  77 101  19  12 115 
109  23  17  86  39   3  88  13  57  79  49 108  37 109   3  20  58  84  49  84  59  14  42  57  14  91 111  36  36  10  79  56  30  38 113 112  66   8   0  34  48  34  63  79  46  19   1  92  61  82 
 36  10  89 117  85  50  78  29 115  15 114  63  22  28  46  66  25  75  75   6  95 122  35  42  18  12  41  54  47 100 122  22 109  12  37  43  39  27  58   0  97  60  60 113 111  62  57  76  95  28 
108  91  99 116   3 110  29  69  66  66  32  89   1 112  86   6  63  37  88  23  76   9  72  61   6  13  68  86 119  78  41  31 120  98  12  84  48  12  45 101   0 103 100  43  32 123 117  88 107  86 
  7  87  43 112  76   9  34  66  72   1  11  60  17  56   7  79 106  85 105  35 110  68 104  58  52  21  92  70  75  47  66  62 109 107 103   5  24  22 124  17  99   0  51  88 119  37   7  93 113  66 
  5   1 121  78 115  32  99  38   5  87  76 115  16 115 106 102  34 102  63  59  95 114  34  83  99  25  16 102   5  51  52  88  88  17 109  60  82 103  55 104 100  45   0 115  72  87   9  90  29 108 
 48  87  64  83  65  39  11  86   2   6  54   9 121  42   4 112 120  58  95  22  63  22  49  83  81  45 114   7  64 116   7  39  13  34  93  27  25  49  70  26  19 105  30   0  28  93  33  31  92  22 
 61  70  23  16 117   1  91  81   9  62  14 102  42  40 103  83  33   6  95  83  74  57 106  71 102  38  75  15   1  96  54  15 106 124  60 102  95  43  27  98 104  50 124 112   0   7  20 121  16  77 
 51  65  14  98  40  41 108  65  44 116  95  30 101  65  91  27  73 110 113  39  74   3  22 113  75  89  90  63 120  37  47  75  74  25  99  72  21  32  53  81  45  73  34  33 122   0  37  25 117  78 
 70  27  92  79  41  81  40  79  80  33   3  31  25  62  74  76  60  30  42  69  54  27  79  21  29  54  20  42  85  58  32  18  24  76   4  95  63  13  58  54  65  58  96 108  16  43   0 120  51  54 
109  85 107   9  97  41 103 117  33  85  62  67 109  85 116  33  32  17 113  86  81 110  25 108   6  67 100  76 116 105  18  18  49  24  36  59  89   9   8 117  66  82  49  69  87 116  11   0  47  68 
120  94  18  35 123  58 117  69  62  44  26   2 110  16 100  59 103  50 110  89  18  27  56   9  83 101  96  87 113  41  59  17  40  51  49  48  51  79  12  55  43 124 106  63 103  80  81  85   0 108 
 39 108  29  35  96 102  22 101  84  22  35 108  62  77  40  41  77   2  54  66  89 105  36   6 115  29  99  63  50  23  31  95  88  26  23  59  87  64  36  94  93  59  81  64  24  50 122  19  90   0 
M1
  0  79  82  66  47  60  94 112  11  70  80  25  23  63  66 124  93  89  92 124 114  98 107  88 122  53 104 105  43  48  13  79 117  98  98  92  42  93  47  99 105  27 109   4  81  57  95  34  56  10 
 23   0  87 117 122  74 122  29  40  68  27 107  33  54 112  20  73  71  39 104  64  87  72  61  94  81  97  98  43 113  25 109  25  18 111  64 103   2 122  83  36 103  11  22  10  82  40 106  96  75 
 69  71   0  66  84  28 107  19   1  11  63  63  68  83   9   7 118  65  90 117 114  46  25  17  86  17  89   1  51   6 124  43  47  34  77 110  49 106   3   5 114  69  14  61  78 112  70  79  97 104 
  4  64  10   0  62 121   1  30  78  42  49 116  59  31  40  78  73  31  33  77  78  71  45  67  19  77  32 118  91  81  65  63  86  39  99  33  55  34  63  99  16 107   7  29  92  59  28 112  32  50 
 23  15   1  30   0  52 124  97  23   7  67 100  30  27 115  57  77  20 107  45  58  42 106 124  81  82   8  12 103  20 100 106  30 124  76 108   3  29  95  84  66 103  19 113 124  34  67  49  97 109 
 24  94  65  39  34   0  36  45  70  20  97  26  92 102  26  53  56 121  79  28  77  81  28  34  89   5  77  71 103  90 121  16  28  35  27  28 104 123   6  27  97  41   2 113  55 105 110  36  45  69 
 89  55 108  13   3  64   0  94  50  27 119  30 117  30  30  41 124  84  54  46  17  85  90  86 116 114   9  89  98  80  58 112  67 118 102  38  33 101  93  34  26  16  86 114  25  53  24  36  54  59 
119  75  51  37  60 102 121   0  81  29  48 119 111  14  64  89  87 121  37  74  51  62  65 119  34  56  68  72   6  27  22  51 120  25   5  21  98  46  36  95  46 104  96  57 121  52  45  92 102 122 
 25   3   7 114  61  89  87  80   0  31  11 117 116  55 103  63  56  66   2  50 100 116  83  61 113  64   8  52  21 101 115 105  84  61 117  14  34 123  88  14  35  20 102  16  77  82  71 115  79  56 
 84  83  11  72  48  33   4  19  24   0  84  50  95 117  98 112  64  14   4  56 109  78  51  70 119 122  72 100  52  57  90 119  88 111  31  74  84  90  34  69  60  10  14   7  69  59  50 123 108  77 
104  75  79  90  23  72  54  34  35  27   0  24  33 114 115  97  16 101  65 103   7  51 115 120  63  47  58 108  79 115  80  14  78  29 124  29  47  62  55  68  11  16 122 121  34  60 121  50  82   6 
 85   8  22  65  26  32 123  17  16 112  79   0 109  17  29  31 101 119  69  56  47  98 110  14 120  11  39   9  16 108 117  50  92  37  86  62 120  32 105  26 118  28   5  61  37 106   8  83  30  44 
 51  27  22 101 101  41   7 114  80  63  94   1   0  73  78  13  49  76  12 113  19  27  75  65  86  32  56  68  47 107 123  75  50  59 111 121  74  76  74  38  47 112  35  36  84  46  55  72  95  35 
114  63  23  37 112 111  61 122 101  48  96  29   6   0  20  16  59  56 113  34  69  66 118 115  98  30  85  78  31 102  15 104   4  84  90  50 101  76  36 109  45  27 116  79  21  81   1  79  39  47 
 51 115  87  61  94 116  17  30   5  27  87 113  15  66   0   9 108  30  13  72   2 100 118 108  56  37 119  89 124  90  74  89  45 111  87 121   1  66  75 106  53  19 116 114   6  10 105  95  55  10 
 60 102  85  27  76 120  87 108  59 121   2  86  92 122   1   0  41  77  34  87  41  90  18 101 122 116  68   4  98  91  55  22  86  35  65  41  31  18  44 122  31 112   3  18   4  13   2  20  84  40 
 21  95   5  15  37  39  16  25  60 103  31 116  80  35 123 112   0 103 119   9  44  37  17  98  18  51 100  95  60  54  17  70  66  18  42  37 113  51  80  66  46  29 107  88 123  83  50  46  73  80 
 33  94  43   5  10  80  84  46 119   8  50  56  16  67  22  67  20   0 111 101  12  50  94  84 101  43 109  64  59 100   8  48  90  59 102  94 124   3  47  56  91 123  98   8 123  24  37  89 122  27 
  7  16 104  70  85  60  93   3  96  28 120  37  58  11 107   3  81  15   0  16  59  76  48 120 104   3  80  64  95   4 124  33 114   9  20  99  66  82  48  79  73 115  94  47  74  23  80  21   6  14 
 72  50  39  16  54  49 116  30 121  57 121  52  42 113  72 118  20  37  49   0  52  56 124  58 109 117  96  95 103  87 123  95  13  81  61   9  95  60   2  43  38  54  57  77 113  65   2  22  73  39 
 57 110  50 105  61  17  95  74  53  84  90  73  89  11  97  64  59 110 122  25   0 124  40  16 109  44  53  45  64  68  16   4  11  90  45  17  77  46  86  94  13 105 106  64  20  39  80 111 102  83 
113  37  81  68  77  90 122 101  91  34  47 103  15  63 117  28 112 124  12  14 124   0  94  16  64  18 123 109  43 106  76  78 123  74  91 120  82 104  22  73  23 119  44 110  53  32  58  12  15  87 
 78  39 108  23  51  71  31 100 101  48  90  17  78  74  54  45 111  55 117  89 111 110   0  62   3  61  94  77  14  31  80  50 111  71  42  99  37  52   4  28  25  74  35 104  29 101  80  60 111  18 
 27  30  95  24 106  58  35  97 100  76  47 114  27  71  94  19 124  30  78 115  31  56 104   0  44 108 101 123 107  88  65 121 105   7 124  86 121  21  16  93  55  98 112  97  63  73 124  97  61   5 
 81 118  32  91  99  19 112 118  49  39  39 107 106  98  88  53  14  14  58  76  91 105  73  78   0 108  95  68  87  88  17  36 113  43  74  28 111  84  55  79  20  13  15  63  88  79  69  38 121 109 
 98  13 118  50  50  15  58  22   8  71  23 118  26  23  36  79  47  92  13  85 103  91 113   7  41   0  47  26  86  49  79  57 114  50  82  71  73  70 112   6  48  69  42  37  19  41  32 119  37  34 
  9 119  89 104  34  22  47  70  64  82 113 103  98  24 108  85  70  11  59 100 102  91  47 101  56 113   0  51  47  31  40  10   3 108  51  23  66  36 107 109  65  93  50  12  35  81  70  11  81  79 
 84  86  96  31  37  15  26  32 111  38  87  41  44 124  66   7  69  76  36  17  54 122   7  29 100 122  47   0  62  42  44 101 101  83  17  80   7  67  62  48   1  94  25  18  88  14  47  54 120  42 
 82  88  11  19  12  31  55  13  65  43  24  74  76 118 104 103  96  65 106  17  90 116 106  21  42  24  22  84   0  90  13  85  89  31 120  87  47  20 104  99  26  35  16  93  77  70  84  41  51  98 
 49  86 104   4  86  48  50  61  12  31  77  24  94  67 101  44  17  21  33  17  87  80 122  61 109 115  59  64  21   0  78  30  49  90  36  31 115  81  49  85 107  25  44 111 114  78   3  54  17  15 
 36  56  46  44  71 105  64  16 115  21  37  41 114  50 108  60 104  20  30  34  32  11 117  34  41  62  87  62  85  59   0 102 108 105 107  84  40 116  54  45  14  60  14  79  22   9  24 123 109  77 
  2  37 120  92   4  96 115  93  25 120  59   9  46  40  77  34  75  66  64   5 116  13 111  83  48  51  67  78  13  25  83   0 106  45 106 117   4  59  48  75  46 110  56  88  82  61  60  44  29   4 
120  76  43  61  34  44  59   2  95  71  13  66  10 123  12  30  75  24 121 123 111   5 104 114  37 119 113  71  42  96  58 116   0  58   5  54  39  52  41  36  90  46  28 114  76 106  12  58  93 120 
116  50  79  69  13 105 105 118  66  39  56 117 119  94  27  62  36  28  94  16  45  91  94  50  17  33  78  64  27  76  73  53  43   0  54  44  49  11  31   1  38  59  96  18   3  24  29 122 116  15 
118 122  81 116  34  82  84 101  95   2  28  89   7  28  43   9 111 115  81  40  28  52  73  33  58  64  67 122  62 124  80  84  63   2   0  13 106  44  40  15  37  47  53 118  98  37   3  98  51  14 
106  65 112  74  73 112  95  65 105  94 103 115   4  47  80  76  11 114  67 105  64  29  11  49 107 101  25  62  14  19  46  27  40  54 107   0 110  20  40  71  51  65 113  65  14  31  95 102  17  70 
 75 100   2  35  77  56  33 124  59  34  76  70   9  75  95 109  10  73  92  42  48  20  50  45  70  63 115 119  75  27  18  43  98   9  18  30   0  20  11  33  59 112 110  63  13  90   1  95  13  92 
 46  70 101  84 111  93  87  21  10  62  65  52  44   8  15   9  48   6 115 124   7  72  84  54  29  55 102 115  88 124  80  39  95  70  31  56  35   0  40   9 123  35  25  90  52  77 101  19  12 115 
109  23  17  86  39   3  88  13  57  79  49 108  37 109   3  20  58  84  49  84  59  14  42  57  14  91 111  36  36  10  79  56  30  38 113 112  66   8   0  34  48  34  63  79  46  19   1  92  61  82 
 36  10  89 117  85  50  78  29 115  15 114  63  22  28  46  66  25  75  75   6  95 122  35  42  18  12  41  54  47 100 122  22 109  12  37  43  39  27  58   0  97  60  60 113 111  62  57  76  95  28 
108  91  99 116   3 110  29  69  66  66  32  89   1 112  86   6  63  37  88  23  76   9  72  61   6  13  68  86 119  78  41  31 120  98  12  84  48  12  45 101   0 103 100  43  32 123 117  88 107  86 
  7  87  43 112  76   9  34  66  72   1  11  60  17  56   7  79 106  85 105  35 110  68 104  58  52  21  92  70  75  47  66  62 109 107 103   5  24  22 124  17  99   0  51  88 119  37   7  93 113  66 
  5   1 121  78 115  32  99  38   5  87  76 115  16 115 106 102  34 102  63  59  95 114  34  83  99  25  16 102   5  51  52  88  88  17 109  60  82 103  55 104 100  45   0 115  72  87   9  90  29 108 
 48  87  64  83  65  39  11  86   2   6  54   9 121  42   4 112 120  58  95  22  63  22  49  83  81  45 114   7  64 116   7  39  13  34  93  27  25  49  70  26  19 105  30   0  28  93  33  31  92  22 
 61  70  23  16 117   1  91  81   9  62  14 102  42  40 103  83  33   6  95  83  74  57 106  71 102  38  75  15   1  96  54  15 106 124  60 102  95  43  27  98 104  50 124 112   0   7  20 121  16  77 
 51  65  14  98  40  41 108  65  44 116  95  30 101  65  91  27  73 110 113  39  74   3  22 113  75  89  90  63 120  37  47  75  74  25  99  72  21  32  53  81  45  73  34  33 122   0  37  25 117  78 
 70  27  92  79  41  81  40  79  80  33   3  31  25  62  74  76  60  30  42  69  54  27  79  21  29  54  20  42  85  58  32  18  24  76   4  95  63  13  58  54  65  58  96 108  16  43   0 120  51  54 
109  85 107   9  97  41 103 117  33  85  62  67 109  85 116  33  32  17 113  86  81 110  25 108   6  67 100  76 116 105  18  18  49  24  36  59  89   9   8 117  66  82  49  69  87 116  11   0  47  68 
120  94  18  35 123  58 117  69  62  44  26   2 110  16 100  59 103  50 110  89  18  27  56   9  83 101  96  87 113  41  59  17  40  51  49  48  51  79  12  55  43 124 106  63 103  80  81  85   0 108 
 39 108  29  35  96 102  22 101  84  22  35 108  62  77  40  41  77   2  54  66  89 105  36   6 115  29  99  63  50  23  31  95  88  26  23  59  87  64  36  94  93  59  81  64  24  50 122  19  90   0 
M2
  0  79  82  66  47  60  94 112  11  70  80  25  23  63  66 124  93  89  92 124 114  98 107  88 122  53 104 105  43  48  13  79 117  98  98  92  42  93  47  99 105  27 109   4  81  57  95  34  56  10 
 23   0  87 117 122  74 122  29  40  68  27 107  33  54 112  20  73  71  39 104  64  87  72  61  94  81  97  98  43 113  25 109  25  18 111  64 103   2 122  83  36 103  11  22  10  82  40 106  96  75 
 69  71   0  66  84  28 107  19   1  11  63  63  68  83   9   7 118  65  90 117 114  46  25  17  86  17  89   1  51   6 124  43  47  34  77 110  49 106   3   5 114  69  14  61  78 112  70  79  97 104 
  4  64  10   0  62 121   1  30  78  42  49 116  59  31  40  78  73  31  33  77  78  71  45  67  19  77  32 118  91  81  65  63  86  39  99  33  55  34  63  99  16 107   7  29  92  59  28 112  32  50 
 23  15   1  30   0  52 124  97  23   7  67 100  30  27 115  57  77  20 107  45  58  42 106 124  81  82   8  12 103  20 100 106  30 124  76 108   3  29  95  84  66 103  19 113 124  34  67  49  97 109 
 24  94  65  39  34   0  36  45  70  20  97  26  92 102  26  53  56 121  79  28  77  81  28  34  89   5  77  71 103  90 121  16  28  35  27  28 104 123   6  27  97  41   2 113  55 105 110  36  45  69 
 89  55 108  13   3  64   0  94  50  27 119  30 117  30  30  41 124  84  54  46  17  85  90  86 116 114   9  89  98  80  58 112  67 118 102  38  33 101  93  34  26  16  86 114  25  53  24  36  54  59 
119  75  51  37  60 102 121   0  81  29  48 119 111  14  64  89  87 121  37  74  51  62  65 119  34  56  68  72   6  27  22  51 120  25   5  21  98  46  36  95  46 104  96  57 121  52  45  92 102 122 
 25   3   7 114  61  89  87  80   0  31  11 117 116  55 103  63  56  66   2  50 100 116  83  61 113  64   8  52  21 101 115 105  84  61 117  14  34 123  88  14  35  20 102  16  77  82  71 115  79  56 
 84  83  11  72  48  33   4  19  24   0  84  50  95 117  98 112  64  14   4  56 109  78  51  70 119 122  72 100  52  57  90 119  88 111  31  74  84  90  34  69  60  10  14   7  69  59  50 123 108  77 
104  75  79  90  23  72  54  34  35  27   0  24  33 114 115  97  16 101  65 103   7  51 115 120  63  47  58 108  79 115  80  14  78  29 124  29  47  62  55  68  11  16 122 121  34  60 121  50  82   6 
 85   8  22  65  26  32 123  17  16 112  79   0 109  17  29  31 101 119  69  56  47  98 110  14 120  11  39   9  16 108 117  50  92  37  86  62 120  32 105  26 118  28   5  61  37 106   8  83  30  44 
 51  27  22 101 101  41   7 114  80  63  94   1   0  73  78  13  49  76  12 113  19  27  75  65  86  32  56  68  47 107 123  75  50  59 111 121  74  76  74  38  47 112  35  36  84  46  55  72  95  35 
114  63  23  37 112 111  61 122 101  48  96  29   6   0  20  16  59  56 113  34  69  66 118 115  98  30  85  78  31 102  15 104   4  84  90  50 101  76  36 109  45  27 116  79  21  81   1  79  39  47 
 51 115  87  61  94 116  17  30   5  27  87 113  15  66   0   9 108  30  13  72   2 100 118 108  56  37 119  89 124  90  74  89  45 111  87 121   1  66  75 106  53  19 116 114   6  10 105  95  55  10 
 60 102  85  27  76 120  87 108  59 121   2  86  92 122   1   0  41  77  34  87  41  90  18 101 122 116  68   4  98  91  55  22  86  35  65  41  31  18  44 122  31 112   3  18   4  13   2  20  84  40 
 21  95   5  15  37  39  16  25  60 103  31 116  80  35 123 112   0 103 119   9  44  37  17  98  18  51 100  95  60  54  17  70  66  18  42  37 113  51  80  66  46  29 107  88 123  83  50  46  73  80 
 33  94  43   5  10  80  84  46 119   8  50  56  16  67  22  67  20   0 111 101  12  50  94  84 101  43 109  64  59 100   8  48  90  59 102  94 124   3  47  56  91 123  98   8 123  24  37  89 122  27 
  7  16 104  70  85  60  93   3  96  28 120  37  58  11 107   3  81  15   0  16  59  76  48 120 104   3  80  64  95   4 124  33 114   9  20  99  66  82  48  79  73 115  94  47  74  23  80  21   6  14 
 72  50  39  16  54  49 116  30 121  57 121  52  42 113  72 118  20  37  49   0  52  56 124  58 109 117  96  95 103  87 123  95  13  81  61   9  95  60   2  43  38  54  57  77 113  65   2  22  73  39 
 57 110  50 105  61  17  95  74  53  84  90  73  89  11  97  64  59 110 122  25   0 124  40  16 109  44  53  45  64  68  16   4  11  90  45  17  77  46  86  94  13 105 106  64  20  39  80 111 102  83 
113  37  81  68  77  90 122 101  91  34  47 103  15  63 117  28 112 124  12  14 124   0  94  16  64  18 123 109  43 106  76  78 123  74  91 120  82 104  22  73  23 119  44 110  53  32  58  12  15  87 
 78  39 108  23  51  71  31 100 101  48  90  17  78  74  54  45 111  55 117  89 111 110   0  62   3  61  94  77  14  31  80  50 111  71  42  99  37  52   4  28  25  74  35 104  29 101  80  60 111  18 
 27  30  95  24 106  58  35  97 100  76  47 114  27  71  94  19 124  30  78 115  31  56 104   0  44 108 101 123 107  88  65 121 105   7 124  86 121  21  16  93  55  98 112  97  63  73 124  97  61   5 
 81 118  32  91  99  19 112 118  49  39  39 107 106  98  88  53  14  14  58  76  91 105  73  78   0 108  95  68  87  88  17  36 113  43  74  28 111  84  55  79  20  13  15  63  88  79  69  38 121 109 
 98  13 118  50  50  15  58  22   8  71  23 118  26  23  36  79  47  92  13  85 103  91 113   7  41   0  47  26  86  49  79  57 114  50  82  71  73  70 112   6  48  69  42  37  19  41  32 119  37  34 
  9 119  89 104  34  22  47  70  64  82 113 103  98  24 108  85  70  11  59 100 102  91  47 101  56 113   0  51  47  31  40  10   3 108  51  23  66  36 107 109  65  93  50  12  35  81  70  11  81  79 
 84  86  96  31  37  15  26  32 111  38  87  41  44 124  66   7  69  76  36  17  54 122   7  29 100 122  47   0  62  42  44 101 101  83  17  80   7  67  62  48   1  94  25  18  88  14  47  54 120  42 
 82  88  11  19  12  31  55  13  65  43  24  74  76 118 104 103  96  65 106  17  90 116 106  21  42  24  22  84   0  90  13  85  89  31 120  87  47  20 104  99  26  35  16  93  77  70  84  41  51  98 
 49  86 104   4  86  48  50  61  12  31  77  24  94  67 101  44  17  21  33  17  87  80 122  61 109 115  59  64  21   0  78  30  49  90  36  31 115  81  49  85 107  25  44 111 114  78   3  54  17  15 
 36  56  46  44  71 105  64  16 115  21  37  41 114  50 108  60 104  20  30  34  32  11 117  34  41  62  87  62  85  59   0 102 108 105 107  84  40 116  54  45  14  60  14  79  22   9  24 123 109  77 
  2  37 120  92   4  96 115  93  25 120  59   9  46  40  77  34  75  66  64   5 116  13 111  83  48  51  67  78  13  25  83   0 106  45 106 117   4  59  48  75  46 110  56  88  82  61  60  44  29   4 
120  76  43  61  34  44  59   2  95  71  13  66  10 123  12  30  75  24 121 123 111   5 104 114  37 119 113  71  42  96  58 116   0  58   5  54  39  52  41  36  90  46  28 114  76 106  12  58  93 120 
116  50  79  69  13 105 105 118  66  39  56 117 119  94  27  62  36  28  94  16  45  91  94  50  17  33  78  64  27  76  73  53  43   0  54  44  49  11  31   1  38  59  96  18   3  24  29 122 116  15 
118 122  81 116  34  82  84 101  95   2  28  89   7  28  43   9 111 115  81  40  28  52  73  33  58  64  67 122  62 124  80  84  63   2   0  13 106  44  40  15  37  47  53 118  98  37   3  98  51  14 
106  65 112  74  73 112  95  65 105  94 103 115   4  47  80  76  11 114  67 105  64  29  11  49 107 101  25  62  14  19  46  27  40  54 107   0 110  20  40  71  51  65 113  65  14  31  95 102  17  70 
 75 100   2  35  77  56  33 124  59  34  76  70   9  75  95 109  10  73  92  42  48  20  50  45  70  63 115 119  75  27  18  43  98   9  18  30   0  20  11  33  59 112 110  63  13  90   1  95  13  92 
 46  70 101  84 111  93  87  21  10  62  65  52  44   8  15   9  48   6 115 124   7  72  84  54  29  55 102 115  88 124  80  39  95  70  31  56  35   0  40   9 123  35  25  90  52  77 101  19  12 115 
109  23  17  86  39   3  88  13  57  79  49 108  37 109   3  20  58  84  49  84  59  14  42  57  14  91 111  36  36  10  79  56  30  38 113 112  66   8   0  34  48  34  63  79  46  19   1  92  61  82 
 36  10  89 117  85  50  78  29 115  15 114  63  22  28  46  66  25  75  75   6  95 122  35  42  18  12  41  54  47 100 122  22 109  12  37  43  39  27  58   0  97  60  60 113 111  62  57  76  95  28 
108  91  99 116   3 110  29  69  66  66  32  89   1 112  86   6  63  37  88  23  76   9  72  61   6  13  68  86 119  78  41  31 120  98  12  84  48  12  45 101   0 103 100  43  32 123 117  88 107  86 
  7  87  43 112  76   9  34  66  72   1  11  60  17  56   7  79 106  85 105  35 110  68 104  58  52  21  92  70  75  47  66  62 109 107 103   5  24  22 124  17  99   0  51  88 119  37   7  93 113  66 
  5   1 121  78 115  32  99  38   5  87  76 115  16 115 106 102  34 102  63  59  95 114  34  83  99  25  16 102   5  51  52  88  88  17 109  60  82 103  55 104 100  45   0 115  72  87   9  90  29 108 
 48  87  64  83  65  39  11  86   2   6  54   9 121  42   4 112 120  58  95  22  63  22  49  83  81  45 114   7  64 116   7  39  13  34  93  27  25  49  70  26  19 105  30   0  28  93  33  31  92  22 
 61  70  23  16 117   1  91  81   9  62  14 102  42  40 103  83  33   6  95  83  74  57 106  71 102  38  75  15   1  96  54  15 106 124  60 102  95  43  27  98 104  50 124 112   0   7  20 121  16  77 
 51  65  14  98  40  41 108  65  44 116  95  30 101  65  91  27  73 110 113  39  74   3  22 113  75  89  90  63 120  37  47  75  74  25  99  72  21  32  53  81  45  73  34  33 122   0  37  25 117  78 
 70  27  92  79  41  81  40  79  80  33   3  31  25  62  74  76  60  30  42  69  54  27  79  21  29  54  20  42  85  58  32  18  24  76   4  95  63  13  58  54  65  58  96 108  16  43   0 120  51  54 
109  85 107   9  97  41 103 117  33  85  62  67 109  85 116  33  32  17 113  86  81 110  25 108   6  67 100  76 116 105  18  18  49  24  36  59  89   9   8 117  66  82  49  69  87 116  11   0  47  68 
120  94  18  35 123  58 117  69  62  44  26   2 110  16 100  59 103  50 110  89  18  27  56   9  83 101  96  87 113  41  59  17  40  51  49  48  51  79  12  55  43 124 106  63 103  80  81  85   0 108 
 39 108  29  35  96 102  22 101  84  22  35 108  62  77  40  41  77   2  54  66  89 105  36   6 115  29  99  63  50  23  31  95  88  26  23  59  87  64  36  94  93  59  81  64  24  50 122  19  90   0 
M3
  0  79  82  66  47  60  94 112  11  70  80  25  23  63  66 124  93  89  92 124 114  98 107  88 122  53 104 105  43  48  13  79 117  98  98  92  42  93  47  99 105  27 109   4  81  57  95  34  56  10 
 23   0  87 117 122  74 122  29  40  68  27 107  33  54 112  20  73  71  39 104  64  87  72  61  94  81  97  98  43 113  25 109  25  18 111  64 103   2 122  83  36 103  11  22  10  82  40 106  96  75 
 69  71   0  66  84  28 107  19   1  11  63  63  68  83   9   7 118  65  90 117 114  46  25  17  86  17  89   1  51   6 124  43  47  34  77 110  49 106   3   5 114  69  14  61  78 112  70  79  97 104 
  4  64  10   0  62 121   1  30  78  42  49 116  59  31  40  78  73  31  33  77  78  71  45  67  19  77  32 118  91  81  65  63  86  39  99  33  55  34  63  99  16 107   7  29  92  59  28 112  32  50 
 23  15   1  30   0  52 124  97  23   7  67 100  30  27 115  57  77  20 107  45  58  42 106 124  81  82   8  12 103  20 100 106  30 124  76 108   3  29  95  84  66 103  19 113 124  34  67  49  97 109 
 24  94  65  39  34   0  36  45  70  20  97  26  92 102  26  53  56 121  79  28  77  81  28  34  89   5  77  71 103  90 121  16  28  35  27  28 104 123   6  27  97  41   2 113  55 105 110  36  45  69 
 89  55 108  13   3  64   0  94  50  27 119  30 117  30  30  41 124  84  54  46  17  85  90  86 116 114   9  89  98  80  58 112  67 118 102  38  33 101  93  34  26  16  86 114  25  53  24  36  54  59 
119  75  51  37  60 102 121   0  81  29  48 119 111  14  64  89  87 121  37  74  51  62  65 119  34  56  68  72   6  27  22  51 120  25   5  21  98  46  36  95  46 104  96  57 121  52  45  92 102 122 
 25   3   7 114  61  89  87  80   0  31  11 117 116  55 103  63  56  66   2  50 100 116  83  61 113  64   8  52  21 101 115 105  84  61 117  14  34 123  88  14  35  20 102  16  77  82  71 115  79  56 
 84  83  11  72  48  33   4  19  24   0  84  50  95 117  98 112  64  14   4  56 109  78  51  70 119 122  72 100  52  57  90 119  88 111  31  74  84  90  34  69  60  10  14   7  69  59  50 123 108  77 
104  75  79  90  23  72  54  34  35  27   0  24  33 114 115  97  16 101  65 103   7  51 115 120  63  47  58 108  79 115  80  14  78  29 124  29  47  62  55  68  11  16 122 121  34  60 121  50  82   6 
 85   8  22  65  26  32 123  17  16 112  79   0 109  17  29  31 101 119  69  56  47  98 110  14 120  11  39   9  16 108 117  50  92  37  86  62 120  32 105  26 118  28   5  61  37 106   8  83  30  44 
 51  27  22 101 101  41   7 114  80  63  94   1   0  73  78  13  49  76  12 113  19  27  75  65  86  32  56  68  47 107 123  75  50  59 111 121  74  76  74  38  47 112  35  36  84  46  55  72  95  35 
114  63  23  37 112 111  61 122 101  48  96  29   6   0  20  16  59  56 113  34  69  66 118 115  98  30  85  78  31 102  15 104   4  84  90  50 101  76  36 109  45  27 116  79  21  81   1  79  39  47 
 51 115  87  61  94 116  17  30   5  27  87 113  15  66   0   9 108  30  13  72   2 100 118 108  56  37 119  89 124  90  74  89  45 111  87 121   1  66  75 106  53  19 116 114   6  10 105  95  55  10 
 60 102  85  27  76 120  87 108  59 121   2  86  92 122   1   0  41  77  34  87  41  90  18 101 122 116  68   4  98  91  55  22  86  35  65  41  31  18  44 122  31 112   3  18   4  13   2  20  84  40 
 21  95   5  15  37  39  16  25  60 103  31 116  80  35 123 112   0 103 119   9  44  37  17  98  18  51 100  95  60  54  17  70  66  18  42  37 113  51  80  66  46  29 107  88 123  83  50  46  73  80 
 33  94  43   5  10  80  84  46 119   8  50  56  16  67  22  67  20   0 111 101  12  50  94  84 101  43 109  64  59 100   8  48  90  59 102  94 124   3  47  56  91 123  98   8 123  24  37  89 122  27 
  7  16 104  70  85  60  93   3  96  28 120  37  58  11 107   3  81  15   0  16  59  76  48 120 104   3  80  64  95   4 124  33 114   9  20  99  66  82  48  79  73 115  94  47  74  23  80  21   6  14 
 72  50  39  16  54  49 116  30 121  57 121  52  42 113  72 118  20  37  49   0  52  56 124  58 109 117  96  95 103  87 123  95  13  81  61   9  95  60   2  43  38  54  57  77 113  65   2  22  73  39 
 57 110  50 105  61  17  95  74  53  84  90  73  89  11  97  64  59 110 122  25   0 124  40  16 109  44  53  45  64  68  16   4  11  90  45  17  77  46  86  94  13 105 106  64  20  39  80 111 102  83 
113  37  81  68  77  90 122 101  91  34  47 103  15  63 117  28 112 124  12  14 124   0  94  16  64  18 123 109  43 106  76  78 123  74  91 120  82 104  22  73  23 119  44 110  53  32  58  12  15  87 
 78  39 108  23  51  71  31 100 101  48  90  17  78  74  54  45 111  55 117  89 111 110   0  62   3  61  94  77  14  31  80  50 111  71  42  99  37  52   4  28  25  74  35 104  29 101  80  60 111  18 
 27  30  95  24 106  58  35  97 100  76  47 114  27  71  94  19 124  30  78 115  31  56 104   0  44 108 101 123 107  88  65 121 105   7 124  86 121  21  16  93  55  98 112  97  63  73 124  97  61   5 
 81 118  32  91  99  19 112 118  49  39  39 107 106  98  88  53  14  14  58  76  91 105  73  78   0 108  95  68  87  88  17  36 113  43  74  28 111  84  55  79  20  13  15  63  88  79  69  38 121 109 
 98  13 118  50  50  15  58  22   8  71  23 118  26  23  36  79  47  92  13  85 103  91 113   7  41   0  47  26  86  49  79  57 114  50  82  71  73  70 112   6  48  69  42  37  19  41  32 119  37  34 
  9 119  89 104  34  22  47  70  64  82 113 103  98  24 108  85  70  11  59 100 102  91  47 101  56 113   0  51  47  31  40  10   3 108  51  23  66  36 107 109  65  93  50  12  35  81  70  11  81  79 
 84  86  96  31  37  15  26  32 111  38  87  41  44 124  66   7  69  76  36  17  54 122   7  29 100 122  47   0  62  42  44 101 101  83  17  80   7  67  62  48   1  94  25  18  88  14  47  54 120  42 
 82  88  11  19  12  31  55  13  65  43  24  74  76 118 104 103  96  65 106  17  90 116 106  21  42  24  22  84   0  90  13  85  89  31 120  87  47  20 104  99  26  35  16  93  77  70  84  41  51  98 
 49  86 104   4  86  48  50  61  12  31  77  24  94  67 101  44  17  21  33  17  87  80 122  61 109 115  59  64  21   0  78  30  49  90  36  31 115  81  49  85 107  25  44 111 114  78   3  54  17  15 
 36  56  46  44  71 105  64  16 115  21  37  41 114  50 108  60 104  20  30  34  32  11 117  34  41  62  87  62  85  59   0 102 108 105 107  84  40 116  54  45  14  60  14  79  22   9  24 123 109  77 
  2  37 120  92   4  96 115  93  25 120  59   9  46  40  77  34  75  66  64   5 116  13 111  83  48  51  67  78  13  25  83   0 106  45 106 117   4  59  48  75  46 110  56  88  82  61  60  44  29   4 
120  76  43  61  34  44  59   2  95  71  13  66  10 123  12  30  75  24 121 123 111   5 104 114  37 119 113  71  42  96  58 116   0  58   5  54  39  52  41  36  90  46  28 114  76 106  12  58  93 120 
116  50  79  69  13 105 105 118  66  39  56 117 119  94  27  62  36  28  94  16  45  91  94  50  17  33  78  64  27  76  73  53  43   0  54  44  49  11  31   1  38  59  96  18   3  24  29 122 116  15 
118 122  81 116  34  82  84 101  95   2  28  89   7  28  43   9 111 115  81  40  28  52  73  33  58  64  67 122  62 124  80  84  63   2   0  13 106  44  40  15  37  47  53 118  98  37   3  98  51  14 
106  65 112  74  73 112  95  65 105  94 103 115   4  47  80  76  11 114  67 105  64  29  11  49 107 101  25  62  14  19  46  27  40  54 107   0 110  20  40  71  51  65 113  65  14  31  95 102  17  70 
 75 100   2  35  77  56  33 124  59  34  76  70   9  75  95 109  10  73  92  42  48  20  50  45  70  63 115 119  75  27  18  43  98   9  18  30   0  20  11  33  59 112 110  63  13  90   1  95  13  92 
 46  70 101  84 111  93  87  21  10  62  65  52  44   8  15   9  48   6 115 124   7  72  84  54  29  55 102 115  88 124  80  39  95  70  31  56  35   0  40   9 123  35  25  90  52  77 101  19  12 115 
109  23  17  86  39   3  88  13  57  79  49 108  37 109   3  20  58  84  49  84  59  14  42  57  14  91 111  36  36  10  79  56  30  38 113 112  66   8   0  34  48  34  63  79  46  19   1  92  61  82 
 36  10  89 117  85  50  78  29 115  15 114  63  22  28  46  66  25  75  75   6  95 122  35  42  18  12  41  54  47 100 122  22 109  12  37  43  39  27  58   0  97  60  60 113 111  62  57  76  95  28 
108  91  99 116   3 110  29  69  66  66  32  89   1 112  86   6  63  37  88  23  76   9  72  61   6  13  68  86 119  78  41  31 120  98  12  84  48  12  45 101   0 103 100  43  32 123 117  88 107  86 
  7  87  43 112  76   9  34  66  72   1  11  60  17  56   7  79 106  85 105  35 110  68 104  58  52  21  92  70  75  47  66  62 109 107 103   5  24  22 124  17  99   0  51  88 119  37   7  93 113  66 
  5   1 121  78 115  32  99  38   5  87  76 115  16 115 106 102  34 102  63  59  95 114  34  83  99  25  16 102   5  51  52  88  88  17 109  60  82 103  55 104 100  45   0 115  72  87   9  90  29 108 
 48  87  64  83  65  39  11  86   2   6  54   9 121  42   4 112 120  58  95  22  63  22  49  83  81  45 114   7  64 116   7  39  13  34  93  27  25  49  70  26  19 105  30   0  28  93  33  31  92  22 
 61  70  23  16 117   1  91  81   9  62  14 102  42  40 103  83  33   6  95  83  74  57 106  71 102  38  75  15   1  96  54  15 106 124  60 102  95  43  27  98 104  50 124 112   0   7  20 121  16  77 
 51  65  14  98  40  41 108  65  44 116  95  30 101  65  91  27  73 110 113  39  74   3  22 113  75  89  90  63 120  37  47  75  74  25  99  72  21  32  53  81  45  73  34  33 122   0  37  25 117  78 
 70  27  92  79  41  81  40  79  80  33   3  31  25  62  74  76  60  30  42  69  54  27  79  21  29  54  20  42  85  58  32  18  24  76   4  95  63  13  58  54  65  58  96 108  16  43   0 120  51  54 
109  85 107   9  97  41 103 117  33  85  62  67 109  85 116  33  32  17 113  86  81 110  25 108   6  67 100  76 116 105  18  18  49  24  36  59  89   9   8 117  66  82  49  69  87 116  11   0  47  68 
120  94  18  35 123  58 117  69  62  44  26   2 110  16 100  59 103  50 110  89  18  27  56   9  83 101  96  87 113  41  59  17  40  51  49  48  51  79  12  55  43 124 106  63 103  80  81  85   0 108 
 39 108  29  35  96 102  22 101  84  22  35 108  62  77  40  41  77   2  54  66  89 105  36   6 115  29  99  63  50  23  31  95  88  26  23  59  87  64  36  94  93  59  81  64  24  50 122  19  90   0 
M4
  0  79  82  66  47  60  94 112  11  70  80  25  23  63  66 124  93  89  92 124 114  98 107  88 122  53 104 105  43  48  13  79 117  98  98  92  42  93  47  99 105  27 109   4  81  57  95  34  56  10 
 23   0  87 117 122  74 122  29  40  68  27 107  33  54 112  20  73  71  39 104  64  87  72  61  94  81  97  98  43 113  25 109  25  18 111  64 103   2 122  83  36 103  11  22  10  82  40 106  96  75 
 69  71   0  66  84  28 107  19   1  11  63  63  68  83   9   7 118  65  90 117 114  46  25  17  86  17  89   1  51   6 124  43  47  34  77 110  49 106   3   5 114  69  14  61  78 112  70  79  97 104 
  4  64  10   0  62 121   1  30  78  42  49 116  59  31  40  78  73  31  33  77  78  71  45  67  19  77  32 118  91  81  65  63  86  39  99  33  55  34  63  99  16 107   7  29  92  59  28 112  32  50 
 23  15   1  30   0  52 124  97  23   7  67 100  30  27 115  57  77  20 107  45  58  42 106 124  81  82   8  12 103  20 100 106  30 124  76 108   3  29  95  84  66 103  19 113 124  34  67  49  97 109 
 24  94  65  39  34   0  36  45  70  20  97  26  92 102  26  53  56 121  79  28  77  81  28  34  89   5  77  71 103  90 121  16  28  35  27  28 104 123   6  27  97  41   2 113  55 105 110  36  45  69 
 89  55 108  13   3  64   0  94  50  27 119  30 117  30  30  41 124  84  54  46  17  85  90  86 116 114   9  89  98  80  58 112  67 118 102  38  33 101  93  34  26  16  86 114  25  53  24  36  54  59 
119  75  51  37  60 102 121   0  81  29  48 119 111  14  64  89  87 121  37  74  51  62  65 119  34  56  68  72   6  27  22  51 120  25   5  21  98  46  36  95  46 104  96  57 121  52  45  92 102 122 
 25   3   7 114  61  89  87  80   0  31  11 117 116  55 103  63  56  66   2  50 100 116  83  61 113  64   8  52  21 101 115 105  84  61 117  14  34 123  88  14  35  20 102  16  77  82  71 115  79  56 
 84  83  11  72  48  33   4  19  24   0  84  50  95 117  98 112  64  14   4  56 109  78  51  70 119 122  72 100  52  57  90 119  88 111  31  74  84  90  34  69  60  10  14   7  69  59  50 123 108  77 
104  75  79  90  23  72  54  34  35  27   0  24  33 114 115  97  16 101  65 103   7  51 115 120  63  47  58 108  79 115  80  14  78  29 124  29  47  62  55  68  11  16 122 121  34  60 121  50  82   6 
 85   8  22  65  26  32 123  17  16 112  79   0 109  17  29  31 101 119  69  56  47  98 110  14 120  11  39   9  16 108 117  50  92  37  86  62 120  32 105  26 118  28   5  61  37 106   8  83  30  44 
 51  27  22 101 101  41   7 114  80  63  94   1   0  73  78  13  49  76  12 113  19  27  75  65  86  32  56  68  47 107 123  75  50  59 111 121  74  76  74  38  47 112  35  36  84  46  55  72  95  35 
114  63  23  37 112 111  61 122 101  48  96  29   6   0  20  16  59  56 113  34  69  66 118 115  98  30  85  78  31 102  15 104   4  84  90  50 101  76  36 109  45  27 116  79  21  81   1  79  39  47 
 51 115  87  61  94 116  17  30   5  27  87 113  15  66   0   9 108  30  13  72   2 100 118 108  56  37 119  89 124  90  74  89  45 111  87 121   1  66  75 106  53  19 116 114   6  10 105  95  55  10 
 60 102  85  27  76 120  87 108  59 121   2  86  92 122   1   0  41  77  34  87  41  90  18 101 122 116  68   4  98  91  55  22  86  35  65  41  31  18  44 122  31 112   3  18   4  13   2  20  84  40 
 21  95   5  15  37  39  16  25  60 103  31 116  80  35 123 112   0 103 119   9  44  37  17  98  18  51 100  95  60  54  17  70  66  18  42  37 113  51  80  66  46  29 107  88 123  83  50  46  73  80 
 33  94  43   5  10  80  84  46 119   8  50  56  16  67  22  67  20   0 111 101  12  50  94  84 101  43 109  64  59 100   8  48  90  59 102  94 124   3  47  56  91 123  98   8 123  24  37  89 122  27 
  7  16 104  70  85  60  93   3  96  28 120  37  58  11 107   3  81  15   0  16  59  76  48 120 104   3  80  64  95   4 124  33 114   9  20  99  66  82  48  79  73 115  94  47  74  23  80  21   6  14 
 72  50  39  16  54  49 116  30 121  57 121  52  42 113  72 118  20  37  49   0  52  56 124  58 109 117  96  95 103  87 123  95  13  81  61   9  95  60   2  43  38  54  57  77 113  65   2  22  73  39 
 57 110  50 105  61  17  95  74  53  84  90  73  89  11  97  64  59 110 122  25   0 124  40  16 109  44  53  45  64  68  16   4  11  90  45  17  77  46  86  94  13 105 106  64  20  39  80 111 102  83 
113  37  81  68  77  90 122 101  91  34  47 103  15  63 117  28 112 124  12  14 124   0  94  16  64  18 123 109  43 106  76  78 123  74  91 120  82 104  22  73  23 119  44 110  53  32  58  12  15  87 
 78  39 108  23  51  71  31 100 101  48  90  17  78  74  54  45 111  55 117  89 111 110   0  62   3  61  94  77  14  31  80  50 111  71  42  99  37  52   4  28  25  74  35 104  29 101  80  60 111  18 
 27  30  95  24 106  58  35  97 100  76  47 114  27  71  94  19 124  30  78 115  31  56 104   0  44 108 101 123 107  88  65 121 105   7 124  86 121  21  16  93  55  98 112  97  63  73 124  97  61   5 
 81 118  32  91  99  19 112 118  49  39  39 107 106  98  88  53  14  14  58  76  91 105  73  78   0 108  95  68  87  88  17  36 113  43  74  28 111  84  55  79  20  13  15  63  88  79  69  38 121 109 
 98  13 118  50  50  15  58  22   8  71  23 118  26  23  36  79  47  92  13  85 103  91 113   7  41   0  47  26  86  49  79  57 114  50  82  71  73  70 112   6  48  69  42  37  19  41  32 119  37  34 
  9 119  89 104  34  22  47  70  64  82 113 103  98  24 108  85  70  11  59 100 102  91  47 101  56 113   0  51  47  31  40  10   3 108  51  23  66  36 107 109  65  93  50  12  35  81  70  11  81  79 
 84  86  96  31  37  15  26  32 111  38  87  41  44 124  66   7  69  76  36  17  54 122   7  29 100 122  47   0  62  42  44 101 101  83  17  80   7  67  62  48   1  94  25  18  88  14  47  54 120  42 
 82  88  11  19  12  31  55  13  65  43  24  74  76 118 104 103  96  65 106  17  90 116 106  21  42  24  22  84   0  90  13  85  89  31 120  87  47  20 104  99  26  35  16  93  77  70  84  41  51  98 
 49  86 104   4  86  48  50  61  12  31  77  24  94  67 101  44  17  21  33  17  87  80 122  61 109 115  59  64  21   0  78  30  49  90  36  31 115  81  49  85 107  25  44 111 114  78   3  54  17  15 
 36  56  46  44  71 105  64  16 115  21  37  41 114  50 108  60 104  20  30  34  32  11 117  34  41  62  87  62  85  59   0 102 108 105 107  84  40 116  54  45  14  60  14  79  22   9  24 123 109  77 
  2  37 120  92   4  96 115  93  25 120  59   9  46  40  77  34  75  66  64   5 116  13 111  83  48  51  67  78  13  25  83   0 106  45 106 117   4  59  48  75  46 110  56  88  82  61  60  44  29   4 
120  76  43  61  34  44  59   2  95  71  13  66  10 123  12  30  75  24 121 123 111   5 104 114  37 119 113  71  42  96  58 116   0  58   5  54  39  52  41  36  90  46  28 114  76 106  12  58  93 120 
116  50  79  69  13 105 105 118  66  39  56 117 119  94  27  62  36  28  94  16  45  91  94  50  17  33  78  64  27  76  73  53  43   0  54  44  49  11  31   1  38  59  96  18   3  24  29 122 116  15 
118 122  81 116  34  82  84 101  95   2  28  89   7  28  43   9 111 115  81  40  28  52  73  33  58  64  67 122  62 124  80  84  63   2   0  13 106  44  40  15  37  47  53 118  98  37   3  98  51  14 
106  65 112  74  73 112  95  65 105  94 103 115   4  47  80  76  11 114  67 105  64  29  11  49 107 101  25  62  14  19  46  27  40  54 107   0 110  20  40  71  51  65 113  65  14  31  95 102  17  70 
 75 100   2  35  77  56  33 124  59  34  76  70   9  75  95 109  10  73  92  42  48  20  50  45  70  63 115 119  75  27  18  43  98   9  18  30   0  20  11  33  59 112 110  63  13  90   1  95  13  92 
 46  70 101  84 111  93  87  21  10  62  65  52  44   8  15   9  48   6 115 124   7  72  84  54  29  55 102 115  88 124  80  39  95  70  31  56  35   0  40   9 123  35  25  90  52  77 101  19  12 115 
109  23  17  86  39   3  88  13  57  79  49 108  37 109   3  20  58  84  49  84  59  14  42  57  14  91 111  36  36  10  79  56  30  38 113 112  66   8   0  34  48  34  63  79  46  19   1  92  61  82 
 36  10  89 117  85  50  78  29 115  15 114  63  22  28  46  66  25  75  75   6  95 122  35  42  18  12  41  54  47 100 122  22 109  12  37  43  39  27  58   0  97  60  60 113 111  62  57  76  95  28 
108  91  99 116   3 110  29  69  66  66  32  89   1 112  86   6  63  37  88  23  76   9  72  61   6  13  68  86 119  78  41  31 120  98  12  84  48  12  45 101   0 103 100  43  32 123 117  88 107  86 
  7  87  43 112  76   9  34  66  72   1  11  60  17  56   7  79 106  85 105  35 110  68 104  58  52  21  92  70  75  47  66  62 109 107 103   5  24  22 124  17  99   0  51  88 119  37   7  93 113  66 
  5   1 121  78 115  32  99  38   5  87  76 115  16 115 106 102  34 102  63  59  95 114  34  83  99  25  16 102   5  51  52  88  88  17 109  60  82 103  55 104 100  45   0 115  72  87   9  90  29 108 
 48  87  64  83  65  39  11  86   2   6  54   9 121  42   4 112 120  58  95  22  63  22  49  83  81  45 114   7  64 116   7  39  13  34  93  27  25  49  70  26  19 105  30   0  28  93  33  31  92  22 
 61  70  23  16 117   1  91  81   9  62  14 102  42  40 103  83  33   6  95  83  74  57 106  71 102  38  75  15   1  96  54  15 106 124  60 102  95  43  27  98 104  50 124 112   0   7  20 121  16  77 
 51  65  14  98  40  41 108  65  44 116  95  30 101  65  91  27  73 110 113  39  74   3  22 113  75  89  90  63 120  37  47  75  74  25  99  72  21  32  53  81  45  73  34  33 122   0  37  25 117  78 
 70  27  92  79  41  81  40  79  80  33   3  31  25  62  74  76  60  30  42  69  54  27  79  21  29  54  20  42  85  58  32  18  24  76   4  95  63  13  58  54  65  58  96 108  16  43   0 120  51  54 
109  85 107   9  97  41 103 117  33  85  62  67 109  85 116  33  32  17 113  86  81 110  25 108   6  67 100  76 116 105  18  18  49  24  36  59  89   9   8 117  66  82  49  69  87 116  11   0  47  68 
120  94  18  35 123  58 117  69  62  44  26   2 110  16 100  59 103  50 110  89  18  27  56   9  83 101  96  87 113  41  59  17  40  51  49  48  51  79  12  55  43 124 106  63 103  80  81  85   0 108 
 39 108  29  35  96 102  22 101  84  22  35 108  62  77  40  41  77   2  54  66  89 105  36   6 115  29  99  63  50  23  31  95  88  26  23  59  87  64  36  94  93  59  81  64  24  50 122  19  90   0 
M5
  0  79  82  66  47  60  94 112  11  70  80  25  23  63  66 124  93  89  92 124 114  98 107  88 122  53 104 105  43  48  13  79 117  98  98  92  42  93  47  99 105  27 109   4  81  57  95  34  56  10 
 23   0  87 117 122  74 122  29  40  68  27 107  33  54 112  20  73  71  39 104  64  87  72  61  94  81  97  98  43 113  25 109  25  18 111  64 103   2 122  83  36 103  11  22  10  82  40 106  96  75 
 69  71   0  66  84  28 107  19   1  11  63  63  68  83   9   7 118  65  90 117 114  46  25  17  86  17  89   1  51   6 124  43  47  34  77 110  49 106   3   5 114  69  14  61  78 112  70  79  97 104 
  4  64  10   0  62 121   1  30  78  42  49 116  59  31  40  78  73  31  33  77  78  71  45  67  19  77  32 118  91  81  65  63  86  39  99  33  55  34  63  99  16 107   7  29  92  59  28 112  32  50 
 23  15   1  30   0  52 124  97  23   7  67 100  30  27 115  57  77  20 107  45  58  42 106 124  81  82   8  12 103  20 100 106  30 124  76 108   3  29  95  84  66 103  19 113 124  34  67  49  97 109 
 24  94  65  39  34   0  36  45  70  20  97  26  92 102  26  53  56 121  79  28  77  81  28  34  89   5  77  71 103  90 121  16  28  35  27  28 104 123   6  27  97  41   2 113  55 105 110  36  45  69 
 89  55 108  13   3  64   0  94  50  27 119  30 117  30  30  41 124  84  54  46  17  85  90  86 116 114   9  89  98  80  58 112  67 118 102  38  33 101  93  34  26  16  86 114  25  53  24  36  54  59 
119  75  51  37  60 102 121   0  81  29  48 119 111  14  64  89  87 121  37  74  51  62  65 119  34  56  68  72   6  27  22  51 120  25   5  21  98  46  36  95  46 104  96  57 121  52  45  92 102 122 
 25   3   7 114  61  89  87  80   0  31  11 117 116  55 103  63  56  66   2  50 100 116  83  61 113  64   8  52  21 101 115 105  84  61 117  14  34 123  88  14  35  20 102  16  77  82  71 115  79  56 
 84  83  11  72  48  33   4  19  24   0  84  50  95 117  98 112  64  14   4  56 109  78  51  70 119 122  72 100  52  57  90 119  88 111  31  74  84  90  34  69  60  10  14   7  69  59  50 123 108  77 
104  75  79  90  23  72  54  34  35  27   0  24  33 114 115  97  16 101  65 103   7  51 115 120  63  47  58 108  79 115  80  14  78  29 124  29  47  62  55  68  11  16 122 121  34  60 121  50  82   6 
 85   8  22  65  26  32 123  17  16 112  79   0 109  17  29  31 101 119  69  56  47  98 110  14 120  11  39   9  16 108 117  50  92  37  86  62 120  32 105  26 118  28   5  61  37 106   8  83  30  44 
 51  27  22 101 101  41   7 114  80  63  94   1   0  73  78  13  49  76  12 113  19  27  75  65  86  32  56  68  47 107 123  75  50  59 111 121  74  76  74  38  47 112  35  36  84  46  55  72  95  35 
114  63  23  37 112 111  61 122 101  48  96  29   6   0  20  16  59  56 113  34  69  66 118 115  98  30  85  78  31 102  15 104   4  84  90  50 101  76  36 109  45  27 116  79  21  81   1  79  39  47 
 51 115  87  61  94 116  17  30   5  27  87 113  15  66   0   9 108  30  13  72   2 100 118 108  56  37 119  89 124  90  74  89  45 111  87 121   1  66  75 106  53  19 116 114   6  10 105  95  55  10 
 60 102  85  27  76 120  87 108  59 121   2  86  92 122   1   0  41  77  34  87  41  90  18 101 122 116  68   4  98  91  55  22  86  35  65  41  31  18  44 122  31 112   3  18   4  13   2  20  84  40 
 21  95   5  15  37  39  16  25  60 103  31 116  80  35 123 112   0 103 119   9  44  37  17  98  18  51 100  95  60  54  17  70  66  18  42  37 113  51  80  66  46  29 107  88 123  83  50  46  73  80 
 33  94  43   5  10  80  84  46 119   8  50  56  16  67  22  67  20   0 111 101  12  50  94  84 101  43 109  64  59 100   8  48  90  59 102  94 124   3  47  56  91 123  98   8 123  24  37  89 122  27 
  7  16 104  70  85  60  93   3  96  28 120  37  58  11 107   3  81  15   0  16  59  76  48 120 104   3  80  64  95   4 124  33 114   9  20  99  66  82  48  79  73 115  94  47  74  23  80  21   6  14 
 72  50  39  16  54  49 116  30 121  57 121  52  42 113  72 118  20  37  49   0  52  56 124  58 109 117  96  95 103  87 123  95  13  81  61   9  95  60   2  43  38  54  57  77 113  65   2  22  73  39 
 57 110  50 105  61  17  95  74  53  84  90  73  89  11  97  64  59 110 122  25   0 124  40  16 109  44  53  45  64  68  16   4  11  90  45  17  77  46  86  94  13 105 106  64  20  39  80 111 102  83 
113  37  81  68  77  90 122 101  91  34  47 103  15  63 117  28 112 124  12  14 124   0  94  16  64  18 123 109  43 106  76  78 123  74  91 120  82 104  22  73  23 119  44 110  53  32  58  12  15  87 
 78  39 108  23  51  71  31 100 101  48  90  17  78  74  54  45 111  55 117  89 111 110   0  62   3  61  94  77  14  31  80  50 111  71  42  99  37  52   4  28  25  74  35 104  29 101  80  60 111  18 
 27  30  95  24 106  58  35  97 100  76  47 114  27  71  94  19 124  30  78 115  31  56 104   0  44 108 101 123 107  88  65 121 105   7 124  86 121  21  16  93  55  98 112  97  63  73 124  97  61   5 
 81 118  32  91  99  19 112 118  49  39  39 107 106  98  88  53  14  14  58  76  91 105  73  78   0 108  95  68  87  88  17  36 113  43  74  28 111  84  55  79  20  13  15  63  88  79  69  38 121 109 
 98  13 118  50  50  15  58  22   8  71  23 118  26  23  36  79  47  92  13  85 103  91 113   7  41   0  47  26  86  49  79  57 114  50  82  71  73  70 112   6  48  69  42  37  19  41  32 119  37  34 
  9 119  89 104  34  22  47  70  64  82 113 103  98  24 108  85  70  11  59 100 102  91  47 101  56 113   0  51  47  31  40  10   3 108  51  23  66  36 107 109  65  93  50  12  35  81  70  11  81  79 
 84  86  96  31  37  15  26  32 111  38  87  41  44 124  66   7  69  76  36  17  54 122   7  29 100 122  47   0  62  42  44 101 101  83  17  80   7  67  62  48   1  94  25  18  88  14  47  54 120  42 
 82  88  11  19  12  31  55  13  65  43  24  74  76 118 104 103  96  65 106  17  90 116 106  21  42  24  22  84   0  90  13  85  89  31 120  87  47  20 104  99  26  35  16  93  77  70  84  41  51  98 
 49  86 104   4  86  48  50  61  12  31  77  24  94  67 101  44  17  21  33  17  87  80 122  61 109 115  59  64  21   0  78  30  49  90  36  31 115  81  49  85 107  25  44 111 114  78   3  54  17  15 
 36  56  46  44  71 105  64  16 115  21  37  41 114  50 108  60 104  20  30  34  32  11 117  34  41  62  87  62  85  59   0 102 108 105 107  84  40 116  54  45  14  60  14  79  22   9  24 123 109  77 
  2  37 120  92   4  96 115  93  25 120  59   9  46  40  77  34  75  66  64   5 116  13 111  83  48  51  67  78  13  25  83   0 106  45 106 117   4  59  48  75  46 110  56  88  82  61  60  44  29   4 
120  76  43  61  34  44  59   2  95  71  13  66  10 123  12  30  75  24 121 123 111   5 104 114  37 119 113  71  42  96  58 116   0  58   5  54  39  52  41  36  90  46  28 114  76 106  12  58  93 120 
116  50  79  69  13 105 105 118  66  39  56 117 119  94  27  62  36  28  94  16  45  91  94  50  17  33  78  64  27  76  73  53  43   0  54  44  49  11  31   1  38  59  96  18   3  24  29 122 116  15 
118 122  81 116  34  82  84 101  95   2  28  89   7  28  43   9 111 115  81  40  28  52  73  33  58  64  67 122  62 124  80  84  63   2   0  13 106  44  40  15  37  47  53 118  98  37   3  98  51  14 
106  65 112  74  73 112  95  65 105  94 103 115   4  47  80  76  11 114  67 105  64  29  11  49 107 101  25  62  14  19  46  27  40  54 107   0 110  20  40  71  51  65 113  65  14  31  95 102  17  70 
 75 100   2  35  77  56  33 124  59  34  76  70   9  75  95 109  10  73  92  42  48  20  50  45  70  63 115 119  75  27  18  43  98   9  18  30   0  20  11  33  59 112 110  63  13  90   1  95  13  92 
 46  70 101  84 111  93  87  21  10  62  65  52  44   8  15   9  48   6 115 124   7  72  84  54  29  55 102 115  88 124  80  39  95  70  31  56  35   0  40   9 123  35  25  90  52  77 101  19  12 115 
109  23  17  86  39   3  88  13  57  79  49 108  37 109   3  20  58  84  49  84  59  14  42  57  14  91 111  36  36  10  79  56  30  38 113 112  66   8   0  34  48  34  63  79  46  19   1  92  61  82 
 36  10  89 117  85  50  78  29 115  15 114  63  22  28  46  66  25  75  75   6  95 122  35  42  18  12  41  54  47 100 122  22 109  12  37  43  39  27  58   0  97  60  60 113 111  62  57  76  95  28 
108  91  99 116   3 110  29  69  66  66  32  89   1 112  86   6  63  37  88  23  76   9  72  61   6  13  68  86 119  78  41  31 120  98  12  84  48  12  45 101   0 103 100  43  32 123 117  88 107  86 
  7  87  43 112  76   9  34  66  72   1  11  60  17  56   7  79 106  85 105  35 110  68 104  58  52  21  92  70  75  47  66  62 109 107 103   5  24  22 124  17  99   0  51  88 119  37   7  93 113  66 
  5   1 121  78 115  32  99  38   5  87  76 115  16 115 106 102  34 102  63  59  95 114  34  83  99  25  16 102   5  51  52  88  88  17 109  60  82 103  55 104 100  45   0 115  72  87   9  90  29 108 
 48  87  64  83  65  39  11  86   2   6  54   9 121  42   4 112 120  58  95  22  63  22  49  83  81  45 114   7  64 116   7  39  13  34  93  27  25  49  70  26  19 105  30   0  28  93  33  31  92  22 
 61  70  23  16 117   1  91  81   9  62  14 102  42  40 103  83  33   6  95  83  74  57 106  71 102  38  75  15   1  96  54  15 106 124  60 102  95  43  27  98 104  50 124 112   0   7  20 121  16  77 
 51  65  14  98  40  41 108  65  44 116  95  30 101  65  91  27  73 110 113  39  74   3  22 113  75  89  90  63 120  37  47  75  74  25  99  72  21  32  53  81  45  73  34  33 122   0  37  25 117  78 
 70  27  92  79  41  81  40  79  80  33   3  31  25  62  74  76  60  30  42  69  54  27  79  21  29  54  20  42  85  58  32  18  24  76   4  95  63  13  58  54  65  58  96 108  16  43   0 120  51  54 
109  85 107   9  97  41 103 117  33  85  62  67 109  85 116  33  32  17 113  86  81 110  25 108   6  67 100  76 116 105  18  18  49  24  36  59  89   9   8 117  66  82  49  69  87 116  11   0  47  68 
120  94  18  35 123  58 117  69  62  44  26   2 110  16 100  59 103  50 110  89  18  27  56   9  83 101  96  87 113  41  59  17  40  51  49  48  51  79  12  55  43 124 106  63 103  80  81  85   0 108 
 39 108  29  35  96 102  22 101  84  22  35 108  62  77  40  41  77   2  54  66  89 105  36   6 115  29  99  63  50  23  31  95  88  26  23  59  87  64  36  94  93  59  81  64  24  50 122  19  90   0 
M6
  0  79  82  66  47  60  94 112  11  70  80  25  23  63  66 124  93  89  92 124 114  98 107  88 122  53 104 105  43  48  13  79 117  98  98  92  42  93  47  99 105  27 109   4  81  57  95  34  56  10 
 23   0  87 117 122  74 122  29  40  68  27 107  33  54 112  20  73  71  39 104  64  87  72  61  94  81  97  98  43 113  25 109  25  18 111  64 103   2 122  83  36 103  11  22  10  82  40 106  96  75 
 69  71   0  66  84  28 107  19   1  11  63  63  68  83   9   7 118  65  90 117 114  46  25  17  86  17  89   1  51   6 124  43  47  34  77 110  49 106   3   5 114  69  14  61  78 112  70  79  97 104 
  4  64  10   0  62 121   1  30  78  42  49 116  59  31  40  78  73  31  33  77  78  71  45  67  19  77  32 118  91  81  65  63  86  39  99  33  55  34  63  99  16 107   7  29  92  59  28 112  32  50 
 23  15   1  30   0  52 124  97  23   7  67 100  30  27 115  57  77  20 107  45  58  42 106 124  81  82   8  12 103  20 100 106  30 124  76 108   3  29  95  84  66 103  19 113 124  34  67  49  97 109 
 24  94  65  39  34   0  36  45  70  20  97  26  92 102  26  53  56 121  79  28  77  81  28  34  89   5  77  71 103  90 121  16  28  35  27  28 104 123   6  27  97  41   2 113  55 105 110  36  45  69 
 89  55 108  13   3  64   0  94  50  27 119  30 117  30  30  41 124  84  54  46  17  85  90  86 116 114   9  89  98  80  58 112  67 118 102  38  33 101  93  34  26  16  86 114  25  53  24  36  54  59 
119  75  51  37  60 102 121   0  81  29  48 119 111  14  64  89  87 121  37  74  51  62  65 119  34  56  68  72   6  27  22  51 120  25   5  21  98  46  36  95  46 104  96  57 121  52  45  92 102 122 
 25   3   7 114  61  89  87  80   0  31  11 117 116  55 103  63  56  66   2  50 100 116  83  61 113  64   8  52  21 101 115 105  84  61 117  14  34 123  88  14  35  20 102  16  77  82  71 115  79  56 
 84  83  11  72  48  33   4  19  24   0  84  50  95 117  98 112  64  14   4  56 109  78  51  70 119 122  72 100  52  57  90 119  88 111  31  74  84  90  34  69  60  10  14   7  69  59  50 123 108  77 
104  75  79  90  23  72  54  34  35  27   0  24  33 114 115  97  16 101  65 103   7  51 115 120  63  47  58 108  79 115  80  14  78  29 124  29  47  62  55  68  11  16 122 121  34  60 121  50  82   6 
 85   8  22  65  26  32 123  17  16 112  79   0 109  17  29  31 101 119  69  56  47  98 110  14 120  11  39   9  16 108 117  50  92  37  86  62 120  32 105  26 118  28   5  61  37 106   8  83  30  44 
 51  27  22 101 101  41   7 114  80  63  94   1   0  73  78  13  49  76  12 113  19  27  75  65  86  32  56  68  47 107 123  75  50  59 111 121  74  76  74  38  47 112  35  36  84  46  55  72  95  35 
114  63  23  37 112 111  61 122 101  48  96  29   6   0  20  16  59  56 113  34  69  66 118 115  98  30  85  78  31 102  15 104   4  84  90  50 101  76  36 109  45  27 116  79  21  81   1  79  39  47 
 51 115  87  61  94 116  17  30   5  27  87 113  15  66   0   9 108  30  13  72   2 100 118 108  56  37 119  89 124  90  74  89  45 111  87 121   1  66  75 106  53  19 116 114   6  10 105  95  55  10 
 60 102  85  27  76 120  87 108  59 121   2  86  92 122   1   0  41  77  34  87  41  90  18 101 122 116  68   4  98  91  55  22  86  35  65  41  31  18  44 122  31 112   3  18   4  13   2  20  84  40 
 21  95   5  15  37  39  16  25  60 103  31 116  80  35 123 112   0 103 119   9  44  37  17  98  18  51 100  95  60  54  17  70  66  18  42  37 113  51  80  66  46  29 107  88 123  83  50  46  73  80 
 33  94  43   5  10  80  84  46 119   8  50  56  16  67  22  67  20   0 111 101  12  50  94  84 101  43 109  64  59 100   8  48  90  59 102  94 124   3  47  56  91 123  98   8 123  24  37  89 122  27 
  7  16 104  70  85  60  93   3  96  28 120  37  58  11 107   3  81  15   0  16  59  76  48 120 104   3  80  64  95   4 124  33 114   9  20  99  66  82  48  79  73 115  94  47  74  23  80  21   6  14 
 72  50  39  16  54  49 116  30 121  57 121  52  42 113  72 118  20  37  49   0  52  56 124  58 109 117  96  95 103  87 123  95  13  81  61   9  95  60   2  43  38  54  57  77 113  65   2  22  73  39 
 57 110  50 105  61  17  95  74  53  84  90  73  89  11  97  64  59 110 122  25   0 124  40  16 109  44  53  45  64  68  16   4  11  90  45  17  77  46  86  94  13 105 106  64  20  39  80 111 102  83 
113  37  81  68  77  90 122 101  91  34  47 103  15  63 117  28 112 124  12  14 124   0  94  16  64  18 123 109  43 106  76  78 123  74  91 120  82 104  22  73  23 119  44 110  53  32  58  12  15  87 
 78  39 108  23  51  71  31 100 101  48  90  17  78  74  54  45 111  55 117  89 111 110   0  62   3  61  94  77  14  31  80  50 111  71  42  99  37  52   4  28  25  74  35 104  29 101  80  60 111  18 
 27  30  95  24 106  58  35  97 100  76  47 114  27  71  94  19 124  30  78 115  31  56 104   0  44 108 101 123 107  88  65 121 105   7 124  86 121  21  16  93  55  98 112  97  63  73 124  97  61   5 
 81 118  32  91  99  19 112 118  49  39  39 107 106  98  88  53  14  14  58  76  91 105  73  78   0 108  95  68  87  88  17  36 113  43  74  28 111  84  55  79  20  13  15  63  88  79  69  38 121 109 
 98  13 118  50  50  15  58  22   8  71  23 118  26  23  36  79  47  92  13  85 103  91 113   7  41   0  47  26  86  49  79  57 114  50  82  71  73  70 112   6  48  69  42  37  19  41  32 119  37  34 
  9 119  89 104  34  22  47  70  64  82 113 103  98  24 108  85  70  11  59 100 102  91  47 101  56 113   0  51  47  31  40  10   3 108  51  23  66  36 107 109  65  93  50  12  35  81  70  11  81  79 
 84  86  96  31  37  15  26  32 111  38  87  41  44 124  66   7  69  76  36  17  54 122   7  29 100 122  47   0  62  42  44 101 101  83  17  80   7  67  62  48   1  94  25  18  88  14  47  54 120  42 
 82  88  11  19  12  31  55  13  65  43  24  74  76 118 104 103  96  65 106  17  90 116 106  21  42  24  22  84   0  90  13  85  89  31 120  87  47  20 104  99  26  35  16  93  77  70  84  41  51  98 
 49  86 104   4  86  48  50  61  12  31  77  24  94  67 101  44  17  21  33  17  87  80 122  61 109 115  59  64  21   0  78  30  49  90  36  31 115  81  49  85 107  25  44 111 114  78   3  54  17  15 
 36  56  46  44  71 105  64  16 115  21  37  41 114  50 108  60 104  20  30  34  32  11 117  34  41  62  87  62  85  59   0 102 108 105 107  84  40 116  54  45  14  60  14  79  22   9  24 123 109  77 
  2  37 120  92   4  96 115  93  25 120  59   9  46  40  77  34  75  66  64   5 116  13 111  83  48  51  67  78  13  25  83   0 106  45 106 117   4  59  48  75  46 110  56  88  82  61  60  44  29   4 
120  76  43  61  34  44  59   2  95  71  13  66  10 123  12  30  75  24 121 123 111   5 104 114  37 119 113  71  42  96  58 116   0  58   5  54  39  52  41  36  90  46  28 114  76 106  12  58  93 120 
116  50  79  69  13 105 105 118  66  39  56 117 119  94  27  62  36  28  94  16  45  91  94  50  17  33  78  64  27  76  73  53  43   0  54  44  49  11  31   1  38  59  96  18   3  24  29 122 116  15 
118 122  81 116  34  82  84 101  95   2  28  89   7  28  43   9 111 115  81  40  28  52  73  33  58  64  67 122  62 124  80  84  63   2   0  13 106  44  40  15  37  47  53 118  98  37   3  98  51  14 
106  65 112  74  73 112  95  65 105  94 103 115   4  47  80  76  11 114  67 105  64  29  11  49 107 101  25  62  14  19  46  27  40  54 107   0 110  20  40  71  51  65 113  65  14  31  95 102  17  70 
 75 100   2  35  77  56  33 124  59  34  76  70   9  75  95 109  10  73  92  42  48  20  50  45  70  63 115 119  75  27  18  43  98   9  18  30   0  20  11  33  59 112 110  63  13  90   1  95  13  92 
 46  70 101  84 111  93  87  21  10  62  65  52  44   8  15   9  48   6 115 124   7  72  84  54  29  55 102 115  88 124  80  39  95  70  31  56  35   0  40   9 123  35  25  90  52  77 101  19  12 115 
109  23  17  86  39   3  88  13  57  79  49 108  37 109   3  20  58  84  49  84  59  14  42  57  14  91 111  36  36  10  79  56  30  38 113 112  66   8   0  34  48  34  63  79  46  19   1  92  61  82 
 36  10  89 117  85  50  78  29 115  15 114  63  22  28  46  66  25  75  75   6  95 122  35  42  18  12  41  54  47 100 122  22 109  12  37  43  39  27  58   0  97  60  60 113 111  62  57  76  95  28 
108  91  99 116   3 110  29  69  66  66  32  89   1 112  86   6  63  37  88  23  76   9  72  61   6  13  68  86 119  78  41  31 120  98  12  84  48  12  45 101   0 103 100  43  32 123 117  88 107  86 
  7  87  43 112  76   9  34  66  72   1  11  60  17  56   7  79 106  85 105  35 110  68 104  58  52  21  92  70  75  47  66  62 109 107 103   5  24  22 124  17  99   0  51  88 119  37   7  93 113  66 
  5   1 121  78 115  32  99  38   5  87  76 115  16 115 106 102  34 102  63  59  95 114  34  83  99  25  16 102   5  51  52  88  88  17 109  60  82 103  55 104 100  45   0 115  72  87   9  90  29 108 
 48  87  64  83  65  39  11  86   2   6  54   9 121  42   4 112 120  58  95  22  63  22  49  83  81  45 114   7  64 116   7  39  13  34  93  27  25  49  70  26  19 105  30   0  28  93  33  31  92  22 
 61  70  23  16 117   1  91  81   9  62  14 102  42  40 103  83  33   6  95  83  74  57 106  71 102  38  75  15   1  96  54  15 106 124  60 102  95  43  27  98 104  50 124 112   0   7  20 121  16  77 
 51  65  14  98  40  41 108  65  44 116  95  30 101  65  91  27  73 110 113  39  74   3  22 113  75  89  90  63 120  37  47  75  74  25  99  72  21  32  53  81  45  73  34  33 122   0  37  25 117  78 
 70  27  92  79  41  81  40  79  80  33   3  31  25  62  74  76  60  30  42  69  54  27  79  21  29  54  20  42  85  58  32  18  24  76   4  95  63  13  58  54  65  58  96 108  16  43   0 120  51  54 
109  85 107   9  97  41 103 117  33  85  62  67 109  85 116  33  32  17 113  86  81 110  25 108   6  67 100  76 116 105  18  18  49  24  36  59  89   9   8 117  66  82  49  69  87 116  11   0  47  68 
120  94  18  35 123  58 117  69  62  44  26   2 110  16 100  59 103  50 110  89  18  27  56   9  83 101  96  87 113  41  59  17  40  51  49  48  51  79  12  55  43 124 106  63 103  80  81  85   0 108 
 39 108  29  35  96 102  22 101  84  22  35 108  62  77  40  41  77   2  54  66  89 105  36   6 115  29  99  63  50  23  31  95  88  26  23  59  87  64  36  94  93  59  81  64  24  50 122  19  90   0 
M7
  0  79  82  66  47  60  94 112  11  70  80  25  23  63  66 124  93  89  92 124 114  98 107  88 122  53 104 105  43  48  13  79 117  98  98  92  42  93  47  99 105  27 109   4  81  57  95  34  56  10 
 23   0  87 117 122  74 122  29  40  68  27 107  33  54 112  20  73  71  39 104  64  87  72  61  94  81  97  98  43 113  25 109  25  18 111  64 103   2 122  83  36 103  11  22  10  82  40 106  96  75 
 69  71   0  66  84  28 107  19   1  11  63  63  68  83   9   7 118  65  90 117 114  46  25  17  86  17  89   1  51   6 124  43  47  34  77 110  49 106   3   5 114  69  14  61  78 112  70  79  97 104 
  4  64  10   0  62 121   1  30  78  42  49 116  59  31  40  78  73  31  33  77  78  71  45  67  19  77  32 118  91  81  65  63  86  39  99  33  55  34  63  99  16 107   7  29  92  59  28 112  32  50 
 23  15   1  30   0  52 124  97  23   7  67 100  30  27 115  57  77  20 107  45  58  42 106 124  81  82   8  12 103  20 100 106  30 124  76 108   3  29  95  84  66 103  19 113 124  34  67  49  97 109 
 24  94  65  39  34   0  36  45  70  20  97  26  92 102  26  53  56 121  79  28  77  81  28  34  89   5  77  71 103  90 121  16  28  35  27  28 104 123   6  27  97  41   2 113  55 105 110  36  45  69 
 89  55 108  13   3  64   0  94  50  27 119  30 117  30  30  41 124  84  54  46  17  85  90  86 116 114   9  89  98  80  58 112  67 118 102  38  33 101  93  34  26  16  86 114  25  53  24  36  54  59 
119  75  51  37  60 102 121   0  81  29  48 119 111  14  64  89  87 121  37  74  51  62  65 119  34  56  68  72   6  27  22  51 120  25   5  21  98  46  36  95  46 104  96  57 121  52  45  92 102 122 
 25   3   7 114  61  89  87  80   0  31  11 117 116  55 103  63  56  66   2  50 100 116  83  61 113  64   8  52  21 101 115 105  84  61 117  14  34 123  88  14  35  20 102  16  77  82  71 115  79  56 
 84  83  11  72  48  33   4  19  24   0  84  50  95 117  98 112  64  14   4  56 109  78  51  70 119 122  72 100  52  57  90 119  88 111  31  74  84  90  34  69  60  10  14   7  69  59  50 123 108  77 
104  75  79  90  23  72  54  34  35  27   0  24  33 114 115  97  16 101  65 103   7  51 115 120  63  47  58 108  79 115  80  14  78  29 124  29  47  62  55  68  11  16 122 121  34  60 121  50  82   6 
 85   8  22  65  26  32 123  17  16 112  79   0 109  17  29  31 101 119  69  56  47  98 110  14 120  11  39   9  16 108 117  50  92  37  86  62 120  32 105  26 118  28   5  61  37 106   8  83  30  44 
 51  27  22 101 101  41   7 114  80  63  94   1   0  73  78  13  49  76  12 113  19  27  75  65  86  32  56  68  47 107 123  75  50  59 111 121  74  76  74  38  47 112  35  36  84  46  55  72  95  35 
114  63  23  37 112 111  61 122 101  48  96  29   6   0  20  16  59  56 113  34  69  66 118 115  98  30  85  78  31 102  15 104   4  84  90  50 101  76  36 109  45  27 116  79  21  81   1  79  39  47 
 51 115  87  61  94 116  17  30   5  27  87 113  15  66   0   9 108  30  13  72   2 100 118 108  56  37 119  89 124  90  74  89  45 111  87 121   1  66  75 106  53  19 116 114   6  10 105  95  55  10 
 60 102  85  27  76 120  87 108  59 121   2  86  92 122   1   0  41  77  34  87  41  90  18 101 122 116  68   4  98  91  55  22  86  35  65  41  31  18  44 122  31 112   3  18   4  13   2  20  84  40 
 21  95   5  15  37  39  16  25  60 103  31 116  80  35 123 112   0 103 119   9  44  37  17  98  18  51 100  95  60  54  17  70  66  18  42  37 113  51  80  66  46  29 107  88 123  83  50  46  73  80 
 33  94  43   5  10  80  84  46 119   8  50  56  16  67  22  67  20   0 111 101  12  50  94  84 101  43 109  64  59 100   8  48  90  59 102  94 124   3  47  56  91 123  98   8 123  24  37  89 122  27 
  7  16 104  70  85  60  93   3  96  28 120  37  58  11 107   3  81  15   0  16  59  76  48 120 104   3  80  64  95   4 124  33 114   9  20  99  66  82  48  79  73 115  94  47  74  23  80  21   6  14 
 72  50  39  16  54  49 116  30 121  57 121  52  42 113  72 118  20  37  49   0  52  56 124  58 109 117  96  95 103  87 123  95  13  81  61   9  95  60   2  43  38  54  57  77 113  65   2  22  73  39 
 57 110  50 105  61  17  95  74  53  84  90  73  89  11  97  64  59 110 122  25   0 124  40  16 109  44  53  45  64  68  16   4  11  90  45  17  77  46  86  94  13 105 106  64  20  39  80 111 102  83 
113  37  81  68  77  90 122 101  91  34  47 103  15  63 117  28 112 124  12  14 124   0  94  16  64  18 123 109  43 106  76  78 123  74  91 120  82 104  22  73  23 119  44 110  53  32  58  12  15  87 
 78  39 108  23  51  71  31 100 101  48  90  17  78  74  54  45 111  55 117  89 111 110   0  62   3  61  94  77  14  31  80  50 111  71  42  99  37  52   4  28  25  74  35 104  29 101  80  60 111  18 
 27  30  95  24 106  58  35  97 100  76  47 114  27  71  94  19 124  30  78 115  31  56 104   0  44 108 101 123 107  88  65 121 105   7 124  86 121  21  16  93  55  98 112  97  63  73 124  97  61   5 
 81 118  32  91  99  19 112 118  49  39  39 107 106  98  88  53  14  14  58  76  91 105  73  78   0 108  95  68  87  88  17  36 113  43  74  28 111  84  55  79  20  13  15  63  88  79  69  38 121 109 
 98  13 118  50  50  15  58  22   8  71  23 118  26  23  36  79  47  92  13  85 103  91 113   7  41   0  47  26  86  49  79  57 114  50  82  71  73  70 112   6  48  69  42  37  19  41  32 119  37  34 
  9 119  89 104  34  22  47  70  64  82 113 103  98  24 108  85  70  11  59 100 102  91  47 101  56 113   0  51  47  31  40  10   3 108  51  23  66  36 107 109  65  93  50  12  35  81  70  11  81  79 
 84  86  96  31  37  15  26  32 111  38  87  41  44 124  66   7  69  76  36  17  54 122   7  29 100 122  47   0  62  42  44 101 101  83  17  80   7  67  62  48   1  94  25  18  88  14  47  54 120  42 
 82  88  11  19  12  31  55  13  65  43  24  74  76 118 104 103  96  65 106  17  90 116 106  21  42  24  22  84   0  90  13  85  89  31 120  87  47  20 104  99  26  35  16  93  77  70  84  41  51  98 
 49  86 104   4  86  48  50  61  12  31  77  24  94  67 101  44  17  21  33  17  87  80 122  61 109 115  59  64  21   0  78  30  49  90  36  31 115  81  49  85 107  25  44 111 114  78   3  54  17  15 
 36  56  46  44  71 105  64  16 115  21  37  41 114  50 108  60 104  20  30  34  32  11 117  34  41  62  87  62  85  59   0 102 108 105 107  84  40 116  54  45  14  60  14  79  22   9  24 123 109  77 
  2  37 120  92   4  96 115  93  25 120  59   9  46  40  77  34  75  66  64   5 116  13 111  83  48  51  67  78  13  25  83   0 106  45 106 117   4  59  48  75  46 110  56  88  82  61  60  44  29   4 
120  76  43  61  34  44  59   2  95  71  13  66  10 123  12  30  75  24 121 123 111   5 104 114  37 119 113  71  42  96  58 116   0  58   5  54  39  52  41  36  90  46  28 114  76 106  12  58  93 120 
116  50  79  69  13 105 105 118  66  39  56 117 119  94  27  62  36  28  94  16  45  91  94  50  17  33  78  64  27  76  73  53  43   0  54  44  49  11  31   1  38  59  96  18   3  24  29 122 116  15 
118 122  81 116  34  82  84 101  95   2  28  89   7  28  43   9 111 115  81  40  28  52  73  33  58  64  67 122  62 124  80  84  63   2   0  13 106  44  40  15  37  47  53 118  98  37   3  98  51  14 
106  65 112  74  73 112  95  65 105  94 103 115   4  47  80  76  11 114  67 105  64  29  11  49 107 101  25  62  14  19  46  27  40  54 107   0 110  20  40  71  51  65 113  65  14  31  95 102  17  70 
 75 100   2  35  77  56  33 124  59  34  76  70   9  75  95 109  10  73  92  42  48  20  50  45  70  63 115 119  75  27  18  43  98   9  18  30   0  20  11  33  59 112 110  63  13  90   1  95  13  92 
 46  70 101  84 111  93  87  21  10  62  65  52  44   8  15   9  48   6 115 124   7  72  84  54  29  55 102 115  88 124  80  39  95  70  31  56  35   0  40   9 123  35  25  90  52  77 101  19  12 115 
109  23  17  86  39   3  88  13  57  79  49 108  37 109   3  20  58  84  49  84  59  14  42  57  14  91 111  36  36  10  79  56  30  38 113 112  66   8   0  34  48  34  63  79  46  19   1  92  61  82 
 36  10  89 117  85  50  78  29 115  15 114  63  22  28  46  66  25  75  75   6  95 122  35  42  18  12  41  54  47 100 122  22 109  12  37  43  39  27  58   0  97  60  60 113 111  62  57  76  95  28 
108  91  99 116   3 110  29  69  66  66  32  89   1 112  86   6  63  37  88  23  76   9  72  61   6  13  68  86 119  78  41  31 120  98  12  84  48  12  45 101   0 103 100  43  32 123 117  88 107  86 
  7  87  43 112  76   9  34  66  72   1  11  60  17  56   7  79 106  85 105  35 110  68 104  58  52  21  92  70  75  47  66  62 109 107 103   5  24  22 124  17  99   0  51  88 119  37   7  93 113  66 
  5   1 121  78 115  32  99  38   5  87  76 115  16 115 106 102  34 102  63  59  95 114  34  83  99  25  16 102   5  51  52  88  88  17 109  60  82 103  55 104 100  45   0 115  72  87   9  90  29 108 
 48  87  64  83  65  39  11  86   2   6  54   9 121  42   4 112 120  58  95  22  63  22  49  83  81  45 114   7  64 116   7  39  13  34  93  27  25  49  70  26  19 105  30   0  28  93  33  31  92  22 
 61  70  23  16 117   1  91  81   9  62  14 102  42  40 103  83  33   6  95  83  74  57 106  71 102  38  75  15   1  96  54  15 106 124  60 102  95  43  27  98 104  50 124 112   0   7  20 121  16  77 
 51  65  14  98  40  41 108  65  44 116  95  30 101  65  91  27  73 110 113  39  74   3  22 113  75  89  90  63 120  37  47  75  74  25  99  72  21  32  53  81  45  73  34  33 122   0  37  25 117  78 
 70  27  92  79  41  81  40  79  80  33   3  31  25  62  74  76  60  30  42  69  54  27  79  21  29  54  20  42  85  58  32  18  24  76   4  95  63  13  58  54  65  58  96 108  16  43   0 120  51  54 
109  85 107   9  97  41 103 117  33  85  62  67 109  85 116  33  32  17 113  86  81 110  25 108   6  67 100  76 116 105  18  18  49  24  36  59  89   9   8 117  66  82  49  69  87 116  11   0  47  68 
120  94  18  35 123  58 117  69  62  44  26   2 110  16 100  59 103  50 110  89  18  27  56   9  83 101  96  87 113  41  59  17  40  51  49  48  51  79  12  55  43 124 106  63 103  80  81  85   0 108 
 39 108  29  35  96 102  22 101  84  22  35 108  62  77  40  41  77   2  54  66  89 105  36   6 115  29  99  63  50  23  31  95  88  26  23  59  87  64  36  94  93  59  81  64  24  50 122  19  90   0 
Reldue
 1673    2    1
 1581    5    4
 2743    9    3
 3179    7    9
 2806    9    3
 3569    9    8
 3704    2    9
 1085    7    1
 2490    2    1
 2448    6    2
 2919    7    1
 3409    6    8
 1973    7    9
 3276    4    6
 1328    9    5
 3129    4    8
 1085    6    9
 1218    8    3
 1783    6    6
 1190    3    6
 3828    1    8
 2102    6    7
 3037    2    6
 3002    7    5
 2497    2    6
 3157    4    1
 1974    8    1
 3082    3    1
 2326    1    1
 2128    1    3
 1772    8    4
 2584    3    5
 3784    5    4
 1100    4    9
 1147    4    6
 3316    7    5
 3336    9    6
 2981    1    4
 2897    3    6
  946    3    4
 2763    2    6
 1139    2    9
 2163    2    6
 1036    5    6
 2672    4    4
 1633    1    1
 2074    9    6
 1444    1    2
 2493    5    8
 2151    5    1
DDW
 1590  1757
 1466  1696
 2551  2934
 2882  3475
 2630  2981
 3279  3859
 3335  4073
 1023  1147
 2345  2634
 2314  2582
 2755  3084
 3139  3679
 1786  2160
 2959  3592
 1222  1435
 2878  3380
 1020  1149
 1108  1327
 1686  1879
 1101  1278
 3515  4141
 1982  2221
 2745  3330
 2821  3182
 2249  2744
 2988  3326
 1867  2081
 2892  3271
 2132  2519
 1965  2291
 1663  1881
 2386  2782
 3463  4104
 1012  1188
 1076  1217
 3026  3606
 3061  3612
 2764  3198
 2730  3064
  876  1017
 2594  2932
 1070  1209
 2031  2294
  950  1121
 2493  2852
 1508  1758
 1881  2268
 1359  1528
 2295  2690
 1981  2322
