50   5
MD
  3  3  5  5  5
PT
 39  19  98  12  24  44  55  18  50  25  61  66   9  68  50  79  20  44  34  39  80  24  46  86  39  23  97  40  63  51  68  46  82  86   3  69  61  72  15  69  85  49  49  98   5   7  28  67  74  26 
 36  35  41  64  64  71  25  69  97  21  21  83  41  89  89  12  86  33  56  95  23  57   5  66  10  31  74  13  65  80  95  78  65  70  77  87  44  64  57  39   1   2  97  56  28  97  78  35  68   5 
 29  91  21  68  57  70  56  57  36  74  96  63  67  58  61  10   7  67  39  99  57  62  90  11   3  15  72  55  71   8   3  60  48  59  47  41  92   6  54  67   8  58  38  40  88  58  80  39  27  16 
 95  52  61  20  16  33  10  15  88  82  13  30  60  69  80  88  99  89  49  50  18  17  95  33  53  64  94  96  50  33  97  46  76  65  15   9  98  12  20  61  63  42  37  80  30  94  95  53  41  91 
 44  95  54  85  46   3  55  38   8  18  81  35   4  48   7  57  29  34  24  11  95  27  29  14  86  65  91  91  91  12  74   1  61  53  60  44   9  71   8  69  55   8  99  47  13  52  13  69  17  73 
SSD
M0
  0  63  32  79  70 107  83  70  76 117  79  59  95  46  48 112  71  63  24  93  55  47 100   3 103  22  61 100   6 116  16  96  48  78  37  58  48   7  68  52  44 107 124  81   6  71   2  76  88 114 
 39   0  89  29 101   5  43   6  45  50  12  30 104  34  80  92  71 111  10  24  46  64  29  40  94  48  11  81  21   3  23   8 114  84   7  96  92 116 105  67 118 113  17  58 121  92  37  90  15  50 
 75  89   0  82  45  14  16  83  61  11  60 112  31  55 102  95   3  92  56  71  50  91  25  50  37  42  60  45  74   9  57  24  34  59 110  66  17   7   3  51 103   7 107   5  43  18 103  26  69  16 
 73  33  32   0  98  78  86  84  18  46  78  29  88 113 119  26 123 106  56  12  22 114  83  47  50  75  92 110 113 121   1  10  11 124  26   2 116  56  30  32  51  95 106  67 117 116 121 116 103  33 
 82  60  37  99   0   8  24  71  54  28  45  54  22 100  77 119  66   1  78  52  60  29  47  19  57 122  22  49  15  12 118  89  40  26  84 109  71 115 112 115  52 111   2  25  79 106  91 103 101 102 
  9  80 108 102   5   0  87 113  79  83  56  29  68  51  59  69 100  10  35  40  13 100  45  65 121   6  66  75  16  65  19  34  72  47  22  74  65 112  43  54  14  21  52  15  80 102  46 105  65  24 
 24  19  16  24  99  71   0   3  23  71  23 112  55  58 117  60  52  33 120 107  71  44  60 112  81 106  47  26   2   7 101   4  48  15  61  36  49  38 111  19 118 112  20 113  86 109  72  81 101  95 
 59  76 103  54  84  22  78   0  65  57  23  23  66  86  15  57  64 122  41 107  27  93  32  30  50  83  54  38  42  78 114  36   4  89   5 115  56  59  17  63  71  80  63 101  53  97  90  69   6  21 
100  85  77  53  87 115   3  88   0  75   9  32  13  81  67   4 106   7  13  48  34  90  65 119  47  34 113  53  16  11  85  43  47  17 109  93  38  13  65   8  38 101  74  42  69 113  52  93  22 108 
110  74 113  37 113  94  52  84  76   0   9  50  56 115   6  92  79  47  32  29  18   9  17  69   3 113  37  81  51  91  91  22  76  56 109   3  45  60 123  96 119  53 120 117  55   5  41  64  69  83 
102  86  12   1   5  66  39  95  97  45   0  45  61  15  32  73 111  39  31  31  42   2  67  62  87  48 114  68   3  32 104  93 116 102  53  33  29  38  53 124  66 110  49 121  45   4  89  86  86  88 
 58  23  30  54  30 114   2 109 108  61  49   0  37 104  95  46  60  72   1  22  87  56   4  30  68 107  21  65  76  60 104  96  52  44 104  64  20  23  13  97  56  44  20   6  39  96  11  77  31  24 
 51  13  75 105  93  54   4  55  40 103  58  45   0  71 114  50  65 120  34  66  83 114  73 112  24  14   8   3  26  39 111  30  97  89  31  95  43 107 118  65  16 116  62  21   6  53  91  14  78 100 
  7  77  72 121  65 121 109 123  58  19  30  88  57   0  46 124   9  69  77  86   7  72  63   4  35  31  44   8 120  64  10  20   6  92  64  69  95  23   1  76  27  41  93  22  15  13  58  22  29  68 
 42  27 114 115 100  67 109  12  99  72  65  53  92 110   0  81  61  91  94  93 109 117  17  17  13  84  18 113  68  84 119 106  75  88  41  29  29  17 124   3  80 105  50  87  79  97  94  77  87  60 
  3  83  14  18 109  77  31  47  72  63   6 121   1  94  25   0  50  47 109  69  22   7   1  82  92  71   3  12  35  86   2  26   6  77  60  97 114  26  58  72 110  36 113  54   8  90 118  24  12 106 
 98  50  82 117  81 118  77   4  47  40  13  97  10  57  80 103   0  56  16  78  66  64 111 106 114  28  68 107 123  74 107  13  98  12  86  32 110  60  42  73  30  10  40  76  55 116  56  51  71  85 
  6 100  51  81  47   2  84  99   5  29  64  39  84  76  60  36  28   0  72  16  46 119 117  71  62  67  58  50  75  44  19  64  20  92 104  72 104  92 113  45  14  80 109  57  75 101  62  17  26 109 
124   9 110  97  95  15  25  24  31  45  51  88  40  40  84  64   7  69   0  57  16  79  66 117  66  16 115  27 108  59  18 117  12  12   3  67  41  62 121 108  65  87  85  13   3  57  99   5  82  20 
 12  10  87  41 104  92  19  10  66  94   9  65 109 119 109  47  91 102 107   0 124  12  48  59  65  41  21  81  26  72   1 118  83  51  70  18  32  63  83  53  73  92 118  68  82  85   8  56  53  81 
 93  44  31   1   8 110  83  93 119  37 118  35 105 121  17  56 106  37 124  74   0 124   1  85  76 120  93  93  13  33  60  86  27  46  65  50 122 107  36   1  10  71  22  14  42  56  15  18  89  26 
111 105  51 122  87   3  95 116  96  46  53 115   8 104   2 119  79  88  75 111  48   0  91  11   4  73 112  43  84  84  98  32  98  53  74   4  62  54  54  60  39  48  72  92  70  50  24  18  94 104 
 97  97 120  32  69 116  89  70 122  83  72  41  59  64  39  86  43  76 103  60  37 105   0  78  69  53 105  84  74  54   3  96  57  16  19  41  35  32 111  24 100 119  67 119  32  85  82  85  82  77 
102  61  73  22  70  38  60  14 122 114  99  15   7  27  11 108 117  15 115 121 100  15  29   0  27 115  90   3  52  46  29  58 106  54  56 111   4  27  32  24  84  98 120  85   4 112 114 108 103  11 
 77  28  96  87  66  74  16  48  70  32  87  68 121  54  87 102 112  12  57  32  96  60  35  23   0  65  42  14  53  98  61  54 111  69  19  87 104  72  32  96  84  21  91 100 121 105  94  46  45 108 
116 109  50  33  17  78  40  10  16  88   7  65  49   6   3  47  79  61  28  36  55 123  38 107  39   0  86 120 114  60 112  91  53   9  51  29  40  66 107  48  67  31 113   1 114  87 104 113  23  59 
 23  97  16  90  79 100  71  80  86   6  29 112  15  44  89 116  11  52  68  91  67  28  58  26  19  34   0  61 110  78  18  50  64 117 118  18  50  57  51  50 109   1   7  49  77  44  60 122   4   5 
124 105  31  29  23  16  86  46   4  75  67  61  81  27 118  72  19  71  28  87  92  52  77  45   3 102  45   0 113 116  82  50 111   6  50  99 120 116  24  68  98  82   4  81  32  34  85  19  92 101 
110  32   1 103  68  94  74  10 107   9 116  96 105  71   4  36  21  84  72  60   3 100 100 108   2  71  96 106   0  96 111 121   1  68  64  67 114  57  83 104   2  62  87   6   4  16  71 117  29  78 
 26   8  28  79 108 108  47 105 120  95  12  96  83  80  47 102  15  99  37  10  12  80  69 119  49  97  89 123  69   0   2 116 110  93 101  30  86  76  11  47  24 108  89  39   1  57  24  24  63  19 
  7 117  22  47 124 112  82  90 106  10  95 113  55  94  17  44  82  80 115  92   6  29 110 120  90  20 104  50  81  48   0 117  19  33   2  45 123  63  70  66  84  59  37 123  48  65  67  59  91  85 
122 102 107  85  67  55 123  21  49  43  94  24  24  96  62  79  16  89  36  73 104  42  32  31  73  39  22  22  74  58   9   0  73  38  45   7  42  28  48 106  80 102   5   9   3  69 105  46  17  28 
 10  33   8  12  59  55 122  83 101 113  76 102 118 121  41  42  39  55 101  23  61  23  43  86  46 117  80   8  42 104  82  94   0  59  37  52  49  60  61  21  55  79  58  91 101  40  92  49  68   4 
 10  52  25  69  14 107  56  50  32 106  56  59  97  14 123  76  67 104   5   6  66  69 112  85  21  10  83  74 121  45  27  16  32   0  15  83  10 112  60 111  56  53 119  76  66  78   1  51  76 101 
 64 110  51   7  41  16  94   6  38  48  89  10  65  75  15 124 101  75  75 101   1  66  52  46  92  58  55 102  44  43  63  55  31  72   0  93   1  30  60  50 101   3  89  75   5  80  41 100 122   6 
 85  69  53  95  56 100  47 102  77  62  28  59 111  63  17  99 116  47  31   9 109  38  65  34  58 102  74  19 111  52  25  90  52  77  26   0 110  83  10  83  60 104 107  70  95  47  49  43  89  97 
 60 123  31  20  45  91  42  13   1  60   4  64  66  38 102  77 120 123  29  22  31  69 100  12  43  60  53  17  67  48 118  71  73 121  12 123   0 119  15  93   3 108  98  53   5  28 113  75  11 110 
110  90 114  34 103   2  32  90  49  18 115 103  74  58  40  21 114  60  11  21  90 117 107  65   3 107  52  10 103  73 124  96  72  31  83  94  36   0  31  33  26 123   9  27  65 110  42  67 118  26 
 40  80 123  61  78  36  40  62  40  51 114  40 112  94 116  32  88 117  60   5 106  29 111  38   4 124  26  55  91 112  45  86  88  96  78  81  22   7   0  53  71   3  15 113 111  33   7  35  69   9 
 16  71  79  29 111  23  77  24  45   4  54   9  18 102 105  93  97  81  23 123  48  33  50  79   2  45 111 116  90  30  47  90 120  76  52  32  14  31  78   0 108  42 117  42 120 101  24 115  55 106 
 30 123  76  94  21  42  73  59  22   2  21  39  24  49  40  16  93  50   4  46  54 123  52  99  74 121  13  95  94  55  79 111  14  94  71  73  83  60 104   9   0  13  73  84  97  77 124   8  96  55 
 16   2 107   5 108   1   5 113  80 108 114  20  23  10  29  78 106  31  62  84  61 122  10  42  29  16   9  70  48 102   5  85  25  63  63   5  86  59 124  35 104   0  97   2  58 118  30  88  28 117 
 20  70  83 115  19  47  98 103   4 123  70  23  23  84 108   6 109  32  52  39 113   6  57 107 122 115  90  18  84 122  20  84  92 122 121  69  82   2  77 120  21   6   0  37  18  29  50   6  34  58 
 89  99  98  90 114  92   8 110 111  72  44 123  92  56  76 109 101  58  64  54  30   7  64  69  66  97  25  32  82 118  70 115 101  31  55  47 123  52  69  13  58  12 105   0  83  86  67  86 122   3 
 26  42  29  13  76  21  10  26  45  24  49  72  40 100  55  92   2 108 105  63  57  24  48  90   2  15 104  65  22  64   5  64  50   6  52  84 117  68  73  29  92 122  43  71   0  67  64 118  79   1 
 39  56  27 115  55 104 116  42  19  64  87  21  98  25  82  26 112  51  36  20 105   6 115  80   4  40 115   7 104  97  75  16  71  90  91  92 104  94  51 106  80   7  30  77  72   0 111 119  14  84 
 87  28  46  34 104  32  44 121  90  23  77   3 118  83  14  31   6  31  42  52  13 108  44 122   8 122  34  43  60  99  85 112 119   9 116  33 102 109   3 110  67  40  13   3  96 111   0 102  38  63 
 26   8  34 101  32  17 114   1  55 111 124  40 104  32   5  31  90  83  76  21  59  25 124  67  76 111  67  16  36  82  34   3 123 117  54  67  97 113  50 114   1  68  88  75  61  63  81   0   9   2 
 63  15 106   8 107  85  29  95  77  81  83 124  44  91  77  82  48 104  57  31  87  51 120  35   9  12  58  21  77  67  56  90  73  21  91 118  24  54  50  30   6  92  86  45  14  84  38 117   0  16 
 29 101  71  91 121  55 120  30  92  97   4  41  34  24   6  23   8  37 107  62  90  43  34 116  26   3  70  72  29  78   8  74  10  66  88  89  81  46 110 112  95 110  16 101  74  21  11 100  38   0 
M1
  0  63  32  79  70 107  83  70  76 117  79  59  95  46  48 112  71  63  24  93  55  47 100   3 103  22  61 100   6 116  16  96  48  78  37  58  48   7  68  52  44 107 124  81   6  71   2  76  88 114 
 39   0  89  29 101   5  43   6  45  50  12  30 104  34  80  92  71 111  10  24  46  64  29  40  94  48  11  81  21   3  23   8 114  84   7  96  92 116 105  67 118 113  17  58 121  92  37  90  15  50 
 75  89   0  82  45  14  16  83  61  11  60 112  31  55 102  95   3  92  56  71  50  91  25  50  37  42  60  45  74   9  57  24  34  59 110  66  17   7   3  51 103   7 107   5  43  18 103  26  69  16 
 73  33  32   0  98  78  86  84  18  46  78  29  88 113 119  26 123 106  56  12  22 114  83  47  50  75  92 110 113 121   1  10  11 124  26   2 116  56  30  32  51  95 106  67 117 116 121 116 103  33 
 82  60  37  99   0   8  24  71  54  28  45  54  22 100  77 119  66   1  78  52  60  29  47  19  57 122  22  49  15  12 118  89  40  26  84 109  71 115 112 115  52 111   2  25  79 106  91 103 101 102 
  9  80 108 102   5   0  87 113  79  83  56  29  68  51  59  69 100  10  35  40  13 100  45  65 121   6  66  75  16  65  19  34  72  47  22  74  65 112  43  54  14  21  52  15  80 102  46 105  65  24 
 24  19  16  24  99  71   0   3  23  71  23 112  55  58 117  60  52  33 120 107  71  44  60 112  81 106  47  26   2   7 101   4  48  15  61  36  49  38 111  19 118 112  20 113  86 109  72  81 101  95 
 59  76 103  54  84  22  78   0  65  57  23  23  66  86  15  57  64 122  41 107  27  93  32  30  50  83  54  38  42  78 114  36   4  89   5 115  56  59  17  63  71  80  63 101  53  97  90  69   6  21 
100  85  77  53  87 115   3  88   0  75   9  32  13  81  67   4 106   7  13  48  34  90  65 119  47  34 113  53  16  11  85  43  47  17 109  93  38  13  65   8  38 101  74  42  69 113  52  93  22 108 
110  74 113  37 113  94  52  84  76   0   9  50  56 115   6  92  79  47  32  29  18   9  17  69   3 113  37  81  51  91  91  22  76  56 109   3  45  60 123  96 119  53 120 117  55   5  41  64  69  83 
102  86  12   1   5  66  39  95  97  45   0  45  61  15  32  73 111  39  31  31  42   2  67  62  87  48 114  68   3  32 104  93 116 102  53  33  29  38  53 124  66 110  49 121  45   4  89  86  86  88 
 58  23  30  54  30 114   2 109 108  61  49   0  37 104  95  46  60  72   1  22  87  56   4  30  68 107  21  65  76  60 104  96  52  44 104  64  20  23  13  97  56  44  20   6  39  96  11  77  31  24 
 51  13  75 105  93  54   4  55  40 103  58  45   0  71 114  50  65 120  34  66  83 114  73 112  24  14   8   3  26  39 111  30  97  89  31  95  43 107 118  65  16 116  62  21   6  53  91  14  78 100 
  7  77  72 121  65 121 109 123  58  19  30  88  57   0  46 124   9  69  77  86   7  72  63   4  35  31  44   8 120  64  10  20   6  92  64  69  95  23   1  76  27  41  93  22  15  13  58  22  29  68 
 42  27 114 115 100  67 109  12  99  72  65  53  92 110   0  81  61  91  94  93 109 117  17  17  13  84  18 113  68  84 119 106  75  88  41  29  29  17 124   3  80 105  50  87  79  97  94  77  87  60 
  3  83  14  18 109  77  31  47  72  63   6 121   1  94  25   0  50  47 109  69  22   7   1  82  92  71   3  12  35  86   2  26   6  77  60  97 114  26  58  72 110  36 113  54   8  90 118  24  12 106 
 98  50  82 117  81 118  77   4  47  40  13  97  10  57  80 103   0  56  16  78  66  64 111 106 114  28  68 107 123  74 107  13  98  12  86  32 110  60  42  73  30  10  40  76  55 116  56  51  71  85 
  6 100  51  81  47   2  84  99   5  29  64  39  84  76  60  36  28   0  72  16  46 119 117  71  62  67  58  50  75  44  19  64  20  92 104  72 104  92 113  45  14  80 109  57  75 101  62  17  26 109 
124   9 110  97  95  15  25  24  31  45  51  88  40  40  84  64   7  69   0  57  16  79  66 117  66  16 115  27 108  59  18 117  12  12   3  67  41  62 121 108  65  87  85  13   3  57  99   5  82  20 
 12  10  87  41 104  92  19  10  66  94   9  65 109 119 109  47  91 102 107   0 124  12  48  59  65  41  21  81  26  72   1 118  83  51  70  18  32  63  83  53  73  92 118  68  82  85   8  56  53  81 
 93  44  31   1   8 110  83  93 119  37 118  35 105 121  17  56 106  37 124  74   0 124   1  85  76 120  93  93  13  33  60  86  27  46  65  50 122 107  36   1  10  71  22  14  42  56  15  18  89  26 
111 105  51 122  87   3  95 116  96  46  53 115   8 104   2 119  79  88  75 111  48   0  91  11   4  73 112  43  84  84  98  32  98  53  74   4  62  54  54  60  39  48  72  92  70  50  24  18  94 104 
 97  97 120  32  69 116  89  70 122  83  72  41  59  64  39  86  43  76 103  60  37 105   0  78  69  53 105  84  74  54   3  96  57  16  19  41  35  32 111  24 100 119  67 119  32  85  82  85  82  77 
102  61  73  22  70  38  60  14 122 114  99  15   7  27  11 108 117  15 115 121 100  15  29   0  27 115  90   3  52  46  29  58 106  54  56 111   4  27  32  24  84  98 120  85   4 112 114 108 103  11 
 77  28  96  87  66  74  16  48  70  32  87  68 121  54  87 102 112  12  57  32  96  60  35  23   0  65  42  14  53  98  61  54 111  69  19  87 104  72  32  96  84  21  91 100 121 105  94  46  45 108 
116 109  50  33  17  78  40  10  16  88   7  65  49   6   3  47  79  61  28  36  55 123  38 107  39   0  86 120 114  60 112  91  53   9  51  29  40  66 107  48  67  31 113   1 114  87 104 113  23  59 
 23  97  16  90  79 100  71  80  86   6  29 112  15  44  89 116  11  52  68  91  67  28  58  26  19  34   0  61 110  78  18  50  64 117 118  18  50  57  51  50 109   1   7  49  77  44  60 122   4   5 
124 105  31  29  23  16  86  46   4  75  67  61  81  27 118  72  19  71  28  87  92  52  77  45   3 102  45   0 113 116  82  50 111   6  50  99 120 116  24  68  98  82   4  81  32  34  85  19  92 101 
110  32   1 103  68  94  74  10 107   9 116  96 105  71   4  36  21  84  72  60   3 100 100 108   2  71  96 106   0  96 111 121   1  68  64  67 114  57  83 104   2  62  87   6   4  16  71 117  29  78 
 26   8  28  79 108 108  47 105 120  95  12  96  83  80  47 102  15  99  37  10  12  80  69 119  49  97  89 123  69   0   2 116 110  93 101  30  86  76  11  47  24 108  89  39   1  57  24  24  63  19 
  7 117  22  47 124 112  82  90 106  10  95 113  55  94  17  44  82  80 115  92   6  29 110 120  90  20 104  50  81  48   0 117  19  33   2  45 123  63  70  66  84  59  37 123  48  65  67  59  91  85 
122 102 107  85  67  55 123  21  49  43  94  24  24  96  62  79  16  89  36  73 104  42  32  31  73  39  22  22  74  58   9   0  73  38  45   7  42  28  48 106  80 102   5   9   3  69 105  46  17  28 
 10  33   8  12  59  55 122  83 101 113  76 102 118 121  41  42  39  55 101  23  61  23  43  86  46 117  80   8  42 104  82  94   0  59  37  52  49  60  61  21  55  79  58  91 101  40  92  49  68   4 
 10  52  25  69  14 107  56  50  32 106  56  59  97  14 123  76  67 104   5   6  66  69 112  85  21  10  83  74 121  45  27  16  32   0  15  83  10 112  60 111  56  53 119  76  66  78   1  51  76 101 
 64 110  51   7  41  16  94   6  38  48  89  10  65  75  15 124 101  75  75 101   1  66  52  46  92  58  55 102  44  43  63  55  31  72   0  93   1  30  60  50 101   3  89  75   5  80  41 100 122   6 
 85  69  53  95  56 100  47 102  77  62  28  59 111  63  17  99 116  47  31   9 109  38  65  34  58 102  74  19 111  52  25  90  52  77  26   0 110  83  10  83  60 104 107  70  95  47  49  43  89  97 
 60 123  31  20  45  91  42  13   1  60   4  64  66  38 102  77 120 123  29  22  31  69 100  12  43  60  53  17  67  48 118  71  73 121  12 123   0 119  15  93   3 108  98  53   5  28 113  75  11 110 
110  90 114  34 103   2  32  90  49  18 115 103  74  58  40  21 114  60  11  21  90 117 107  65   3 107  52  10 103  73 124  96  72  31  83  94  36   0  31  33  26 123   9  27  65 110  42  67 118  26 
 40  80 123  61  78  36  40  62  40  51 114  40 112  94 116  32  88 117  60   5 106  29 111  38   4 124  26  55  91 112  45  86  88  96  78  81  22   7   0  53  71   3  15 113 111  33   7  35  69   9 
 16  71  79  29 111  23  77  24  45   4  54   9  18 102 105  93  97  81  23 123  48  33  50  79   2  45 111 116  90  30  47  90 120  76  52  32  14  31  78   0 108  42 117  42 120 101  24 115  55 106 
 30 123  76  94  21  42  73  59  22   2  21  39  24  49  40  16  93  50   4  46  54 123  52  99  74 121  13  95  94  55  79 111  14  94  71  73  83  60 104   9   0  13  73  84  97  77 124   8  96  55 
 16   2 107   5 108   1   5 113  80 108 114  20  23  10  29  78 106  31  62  84  61 122  10  42  29  16   9  70  48 102   5  85  25  63  63   5  86  59 124  35 104   0  97   2  58 118  30  88  28 117 
 20  70  83 115  19  47  98 103   4 123  70  23  23  84 108   6 109  32  52  39 113   6  57 107 122 115  90  18  84 122  20  84  92 122 121  69  82   2  77 120  21   6   0  37  18  29  50   6  34  58 
 89  99  98  90 114  92   8 110 111  72  44 123  92  56  76 109 101  58  64  54  30   7  64  69  66  97  25  32  82 118  70 115 101  31  55  47 123  52  69  13  58  12 105   0  83  86  67  86 122   3 
 26  42  29  13  76  21  10  26  45  24  49  72  40 100  55  92   2 108 105  63  57  24  48  90   2  15 104  65  22  64   5  64  50   6  52  84 117  68  73  29  92 122  43  71   0  67  64 118  79   1 
 39  56  27 115  55 104 116  42  19  64  87  21  98  25  82  26 112  51  36  20 105   6 115  80   4  40 115   7 104  97  75  16  71  90  91  92 104  94  51 106  80   7  30  77  72   0 111 119  14  84 
 87  28  46  34 104  32  44 121  90  23  77   3 118  83  14  31   6  31  42  52  13 108  44 122   8 122  34  43  60  99  85 112 119   9 116  33 102 109   3 110  67  40  13   3  96 111   0 102  38  63 
 26   8  34 101  32  17 114   1  55 111 124  40 104  32   5  31  90  83  76  21  59  25 124  67  76 111  67  16  36  82  34   3 123 117  54  67  97 113  50 114   1  68  88  75  61  63  81   0   9   2 
 63  15 106   8 107  85  29  95  77  81  83 124  44  91  77  82  48 104  57  31  87  51 120  35   9  12  58  21  77  67  56  90  73  21  91 118  24  54  50  30   6  92  86  45  14  84  38 117   0  16 
 29 101  71  91 121  55 120  30  92  97   4  41  34  24   6  23   8  37 107  62  90  43  34 116  26   3  70  72  29  78   8  74  10  66  88  89  81  46 110 112  95 110  16 101  74  21  11 100  38   0 
M2
  0  63  32  79  70 107  83  70  76 117  79  59  95  46  48 112  71  63  24  93  55  47 100   3 103  22  61 100   6 116  16  96  48  78  37  58  48   7  68  52  44 107 124  81   6  71   2  76  88 114 
 39   0  89  29 101   5  43   6  45  50  12  30 104  34  80  92  71 111  10  24  46  64  29  40  94  48  11  81  21   3  23   8 114  84   7  96  92 116 105  67 118 113  17  58 121  92  37  90  15  50 
 75  89   0  82  45  14  16  83  61  11  60 112  31  55 102  95   3  92  56  71  50  91  25  50  37  42  60  45  74   9  57  24  34  59 110  66  17   7   3  51 103   7 107   5  43  18 103  26  69  16 
 73  33  32   0  98  78  86  84  18  46  78  29  88 113 119  26 123 106  56  12  22 114  83  47  50  75  92 110 113 121   1  10  11 124  26   2 116  56  30  32  51  95 106  67 117 116 121 116 103  33 
 82  60  37  99   0   8  24  71  54  28  45  54  22 100  77 119  66   1  78  52  60  29  47  19  57 122  22  49  15  12 118  89  40  26  84 109  71 115 112 115  52 111   2  25  79 106  91 103 101 102 
  9  80 108 102   5   0  87 113  79  83  56  29  68  51  59  69 100  10  35  40  13 100  45  65 121   6  66  75  16  65  19  34  72  47  22  74  65 112  43  54  14  21  52  15  80 102  46 105  65  24 
 24  19  16  24  99  71   0   3  23  71  23 112  55  58 117  60  52  33 120 107  71  44  60 112  81 106  47  26   2   7 101   4  48  15  61  36  49  38 111  19 118 112  20 113  86 109  72  81 101  95 
 59  76 103  54  84  22  78   0  65  57  23  23  66  86  15  57  64 122  41 107  27  93  32  30  50  83  54  38  42  78 114  36   4  89   5 115  56  59  17  63  71  80  63 101  53  97  90  69   6  21 
100  85  77  53  87 115   3  88   0  75   9  32  13  81  67   4 106   7  13  48  34  90  65 119  47  34 113  53  16  11  85  43  47  17 109  93  38  13  65   8  38 101  74  42  69 113  52  93  22 108 
110  74 113  37 113  94  52  84  76   0   9  50  56 115   6  92  79  47  32  29  18   9  17  69   3 113  37  81  51  91  91  22  76  56 109   3  45  60 123  96 119  53 120 117  55   5  41  64  69  83 
102  86  12   1   5  66  39  95  97  45   0  45  61  15  32  73 111  39  31  31  42   2  67  62  87  48 114  68   3  32 104  93 116 102  53  33  29  38  53 124  66 110  49 121  45   4  89  86  86  88 
 58  23  30  54  30 114   2 109 108  61  49   0  37 104  95  46  60  72   1  22  87  56   4  30  68 107  21  65  76  60 104  96  52  44 104  64  20  23  13  97  56  44  20   6  39  96  11  77  31  24 
 51  13  75 105  93  54   4  55  40 103  58  45   0  71 114  50  65 120  34  66  83 114  73 112  24  14   8   3  26  39 111  30  97  89  31  95  43 107 118  65  16 116  62  21   6  53  91  14  78 100 
  7  77  72 121  65 121 109 123  58  19  30  88  57   0  46 124   9  69  77  86   7  72  63   4  35  31  44   8 120  64  10  20   6  92  64  69  95  23   1  76  27  41  93  22  15  13  58  22  29  68 
 42  27 114 115 100  67 109  12  99  72  65  53  92 110   0  81  61  91  94  93 109 117  17  17  13  84  18 113  68  84 119 106  75  88  41  29  29  17 124   3  80 105  50  87  79  97  94  77  87  60 
  3  83  14  18 109  77  31  47  72  63   6 121   1  94  25   0  50  47 109  69  22   7   1  82  92  71   3  12  35  86   2  26   6  77  60  97 114  26  58  72 110  36 113  54   8  90 118  24  12 106 
 98  50  82 117  81 118  77   4  47  40  13  97  10  57  80 103   0  56  16  78  66  64 111 106 114  28  68 107 123  74 107  13  98  12  86  32 110  60  42  73  30  10  40  76  55 116  56  51  71  85 
  6 100  51  81  47   2  84  99   5  29  64  39  84  76  60  36  28   0  72  16  46 119 117  71  62  67  58  50  75  44  19  64  20  92 104  72 104  92 113  45  14  80 109  57  75 101  62  17  26 109 
124   9 110  97  95  15  25  24  31  45  51  88  40  40  84  64   7  69   0  57  16  79  66 117  66  16 115  27 108  59  18 117  12  12   3  67  41  62 121 108  65  87  85  13   3  57  99   5  82  20 
 12  10  87  41 104  92  19  10  66  94   9  65 109 119 109  47  91 102 107   0 124  12  48  59  65  41  21  81  26  72   1 118  83  51  70  18  32  63  83  53  73  92 118  68  82  85   8  56  53  81 
 93  44  31   1   8 110  83  93 119  37 118  35 105 121  17  56 106  37 124  74   0 124   1  85  76 120  93  93  13  33  60  86  27  46  65  50 122 107  36   1  10  71  22  14  42  56  15  18  89  26 
111 105  51 122  87   3  95 116  96  46  53 115   8 104   2 119  79  88  75 111  48   0  91  11   4  73 112  43  84  84  98  32  98  53  74   4  62  54  54  60  39  48  72  92  70  50  24  18  94 104 
 97  97 120  32  69 116  89  70 122  83  72  41  59  64  39  86  43  76 103  60  37 105   0  78  69  53 105  84  74  54   3  96  57  16  19  41  35  32 111  24 100 119  67 119  32  85  82  85  82  77 
102  61  73  22  70  38  60  14 122 114  99  15   7  27  11 108 117  15 115 121 100  15  29   0  27 115  90   3  52  46  29  58 106  54  56 111   4  27  32  24  84  98 120  85   4 112 114 108 103  11 
 77  28  96  87  66  74  16  48  70  32  87  68 121  54  87 102 112  12  57  32  96  60  35  23   0  65  42  14  53  98  61  54 111  69  19  87 104  72  32  96  84  21  91 100 121 105  94  46  45 108 
116 109  50  33  17  78  40  10  16  88   7  65  49   6   3  47  79  61  28  36  55 123  38 107  39   0  86 120 114  60 112  91  53   9  51  29  40  66 107  48  67  31 113   1 114  87 104 113  23  59 
 23  97  16  90  79 100  71  80  86   6  29 112  15  44  89 116  11  52  68  91  67  28  58  26  19  34   0  61 110  78  18  50  64 117 118  18  50  57  51  50 109   1   7  49  77  44  60 122   4   5 
124 105  31  29  23  16  86  46   4  75  67  61  81  27 118  72  19  71  28  87  92  52  77  45   3 102  45   0 113 116  82  50 111   6  50  99 120 116  24  68  98  82   4  81  32  34  85  19  92 101 
110  32   1 103  68  94  74  10 107   9 116  96 105  71   4  36  21  84  72  60   3 100 100 108   2  71  96 106   0  96 111 121   1  68  64  67 114  57  83 104   2  62  87   6   4  16  71 117  29  78 
 26   8  28  79 108 108  47 105 120  95  12  96  83  80  47 102  15  99  37  10  12  80  69 119  49  97  89 123  69   0   2 116 110  93 101  30  86  76  11  47  24 108  89  39   1  57  24  24  63  19 
  7 117  22  47 124 112  82  90 106  10  95 113  55  94  17  44  82  80 115  92   6  29 110 120  90  20 104  50  81  48   0 117  19  33   2  45 123  63  70  66  84  59  37 123  48  65  67  59  91  85 
122 102 107  85  67  55 123  21  49  43  94  24  24  96  62  79  16  89  36  73 104  42  32  31  73  39  22  22  74  58   9   0  73  38  45   7  42  28  48 106  80 102   5   9   3  69 105  46  17  28 
 10  33   8  12  59  55 122  83 101 113  76 102 118 121  41  42  39  55 101  23  61  23  43  86  46 117  80   8  42 104  82  94   0  59  37  52  49  60  61  21  55  79  58  91 101  40  92  49  68   4 
 10  52  25  69  14 107  56  50  32 106  56  59  97  14 123  76  67 104   5   6  66  69 112  85  21  10  83  74 121  45  27  16  32   0  15  83  10 112  60 111  56  53 119  76  66  78   1  51  76 101 
 64 110  51   7  41  16  94   6  38  48  89  10  65  75  15 124 101  75  75 101   1  66  52  46  92  58  55 102  44  43  63  55  31  72   0  93   1  30  60  50 101   3  89  75   5  80  41 100 122   6 
 85  69  53  95  56 100  47 102  77  62  28  59 111  63  17  99 116  47  31   9 109  38  65  34  58 102  74  19 111  52  25  90  52  77  26   0 110  83  10  83  60 104 107  70  95  47  49  43  89  97 
 60 123  31  20  45  91  42  13   1  60   4  64  66  38 102  77 120 123  29  22  31  69 100  12  43  60  53  17  67  48 118  71  73 121  12 123   0 119  15  93   3 108  98  53   5  28 113  75  11 110 
110  90 114  34 103   2  32  90  49  18 115 103  74  58  40  21 114  60  11  21  90 117 107  65   3 107  52  10 103  73 124  96  72  31  83  94  36   0  31  33  26 123   9  27  65 110  42  67 118  26 
 40  80 123  61  78  36  40  62  40  51 114  40 112  94 116  32  88 117  60   5 106  29 111  38   4 124  26  55  91 112  45  86  88  96  78  81  22   7   0  53  71   3  15 113 111  33   7  35  69   9 
 16  71  79  29 111  23  77  24  45   4  54   9  18 102 105  93  97  81  23 123  48  33  50  79   2  45 111 116  90  30  47  90 120  76  52  32  14  31  78   0 108  42 117  42 120 101  24 115  55 106 
 30 123  76  94  21  42  73  59  22   2  21  39  24  49  40  16  93  50   4  46  54 123  52  99  74 121  13  95  94  55  79 111  14  94  71  73  83  60 104   9   0  13  73  84  97  77 124   8  96  55 
 16   2 107   5 108   1   5 113  80 108 114  20  23  10  29  78 106  31  62  84  61 122  10  42  29  16   9  70  48 102   5  85  25  63  63   5  86  59 124  35 104   0  97   2  58 118  30  88  28 117 
 20  70  83 115  19  47  98 103   4 123  70  23  23  84 108   6 109  32  52  39 113   6  57 107 122 115  90  18  84 122  20  84  92 122 121  69  82   2  77 120  21   6   0  37  18  29  50   6  34  58 
 89  99  98  90 114  92   8 110 111  72  44 123  92  56  76 109 101  58  64  54  30   7  64  69  66  97  25  32  82 118  70 115 101  31  55  47 123  52  69  13  58  12 105   0  83  86  67  86 122   3 
 26  42  29  13  76  21  10  26  45  24  49  72  40 100  55  92   2 108 105  63  57  24  48  90   2  15 104  65  22  64   5  64  50   6  52  84 117  68  73  29  92 122  43  71   0  67  64 118  79   1 
 39  56  27 115  55 104 116  42  19  64  87  21  98  25  82  26 112  51  36  20 105   6 115  80   4  40 115   7 104  97  75  16  71  90  91  92 104  94  51 106  80   7  30  77  72   0 111 119  14  84 
 87  28  46  34 104  32  44 121  90  23  77   3 118  83  14  31   6  31  42  52  13 108  44 122   8 122  34  43  60  99  85 112 119   9 116  33 102 109   3 110  67  40  13   3  96 111   0 102  38  63 
 26   8  34 101  32  17 114   1  55 111 124  40 104  32   5  31  90  83  76  21  59  25 124  67  76 111  67  16  36  82  34   3 123 117  54  67  97 113  50 114   1  68  88  75  61  63  81   0   9   2 
 63  15 106   8 107  85  29  95  77  81  83 124  44  91  77  82  48 104  57  31  87  51 120  35   9  12  58  21  77  67  56  90  73  21  91 118  24  54  50  30   6  92  86  45  14  84  38 117   0  16 
 29 101  71  91 121  55 120  30  92  97   4  41  34  24   6  23   8  37 107  62  90  43  34 116  26   3  70  72  29  78   8  74  10  66  88  89  81  46 110 112  95 110  16 101  74  21  11 100  38   0 
M3
  0  63  32  79  70 107  83  70  76 117  79  59  95  46  48 112  71  63  24  93  55  47 100   3 103  22  61 100   6 116  16  96  48  78  37  58  48   7  68  52  44 107 124  81   6  71   2  76  88 114 
 39   0  89  29 101   5  43   6  45  50  12  30 104  34  80  92  71 111  10  24  46  64  29  40  94  48  11  81  21   3  23   8 114  84   7  96  92 116 105  67 118 113  17  58 121  92  37  90  15  50 
 75  89   0  82  45  14  16  83  61  11  60 112  31  55 102  95   3  92  56  71  50  91  25  50  37  42  60  45  74   9  57  24  34  59 110  66  17   7   3  51 103   7 107   5  43  18 103  26  69  16 
 73  33  32   0  98  78  86  84  18  46  78  29  88 113 119  26 123 106  56  12  22 114  83  47  50  75  92 110 113 121   1  10  11 124  26   2 116  56  30  32  51  95 106  67 117 116 121 116 103  33 
 82  60  37  99   0   8  24  71  54  28  45  54  22 100  77 119  66   1  78  52  60  29  47  19  57 122  22  49  15  12 118  89  40  26  84 109  71 115 112 115  52 111   2  25  79 106  91 103 101 102 
  9  80 108 102   5   0  87 113  79  83  56  29  68  51  59  69 100  10  35  40  13 100  45  65 121   6  66  75  16  65  19  34  72  47  22  74  65 112  43  54  14  21  52  15  80 102  46 105  65  24 
 24  19  16  24  99  71   0   3  23  71  23 112  55  58 117  60  52  33 120 107  71  44  60 112  81 106  47  26   2   7 101   4  48  15  61  36  49  38 111  19 118 112  20 113  86 109  72  81 101  95 
 59  76 103  54  84  22  78   0  65  57  23  23  66  86  15  57  64 122  41 107  27  93  32  30  50  83  54  38  42  78 114  36   4  89   5 115  56  59  17  63  71  80  63 101  53  97  90  69   6  21 
100  85  77  53  87 115   3  88   0  75   9  32  13  81  67   4 106   7  13  48  34  90  65 119  47  34 113  53  16  11  85  43  47  17 109  93  38  13  65   8  38 101  74  42  69 113  52  93  22 108 
110  74 113  37 113  94  52  84  76   0   9  50  56 115   6  92  79  47  32  29  18   9  17  69   3 113  37  81  51  91  91  22  76  56 109   3  45  60 123  96 119  53 120 117  55   5  41  64  69  83 
102  86  12   1   5  66  39  95  97  45   0  45  61  15  32  73 111  39  31  31  42   2  67  62  87  48 114  68   3  32 104  93 116 102  53  33  29  38  53 124  66 110  49 121  45   4  89  86  86  88 
 58  23  30  54  30 114   2 109 108  61  49   0  37 104  95  46  60  72   1  22  87  56   4  30  68 107  21  65  76  60 104  96  52  44 104  64  20  23  13  97  56  44  20   6  39  96  11  77  31  24 
 51  13  75 105  93  54   4  55  40 103  58  45   0  71 114  50  65 120  34  66  83 114  73 112  24  14   8   3  26  39 111  30  97  89  31  95  43 107 118  65  16 116  62  21   6  53  91  14  78 100 
  7  77  72 121  65 121 109 123  58  19  30  88  57   0  46 124   9  69  77  86   7  72  63   4  35  31  44   8 120  64  10  20   6  92  64  69  95  23   1  76  27  41  93  22  15  13  58  22  29  68 
 42  27 114 115 100  67 109  12  99  72  65  53  92 110   0  81  61  91  94  93 109 117  17  17  13  84  18 113  68  84 119 106  75  88  41  29  29  17 124   3  80 105  50  87  79  97  94  77  87  60 
  3  83  14  18 109  77  31  47  72  63   6 121   1  94  25   0  50  47 109  69  22   7   1  82  92  71   3  12  35  86   2  26   6  77  60  97 114  26  58  72 110  36 113  54   8  90 118  24  12 106 
 98  50  82 117  81 118  77   4  47  40  13  97  10  57  80 103   0  56  16  78  66  64 111 106 114  28  68 107 123  74 107  13  98  12  86  32 110  60  42  73  30  10  40  76  55 116  56  51  71  85 
  6 100  51  81  47   2  84  99   5  29  64  39  84  76  60  36  28   0  72  16  46 119 117  71  62  67  58  50  75  44  19  64  20  92 104  72 104  92 113  45  14  80 109  57  75 101  62  17  26 109 
124   9 110  97  95  15  25  24  31  45  51  88  40  40  84  64   7  69   0  57  16  79  66 117  66  16 115  27 108  59  18 117  12  12   3  67  41  62 121 108  65  87  85  13   3  57  99   5  82  20 
 12  10  87  41 104  92  19  10  66  94   9  65 109 119 109  47  91 102 107   0 124  12  48  59  65  41  21  81  26  72   1 118  83  51  70  18  32  63  83  53  73  92 118  68  82  85   8  56  53  81 
 93  44  31   1   8 110  83  93 119  37 118  35 105 121  17  56 106  37 124  74   0 124   1  85  76 120  93  93  13  33  60  86  27  46  65  50 122 107  36   1  10  71  22  14  42  56  15  18  89  26 
111 105  51 122  87   3  95 116  96  46  53 115   8 104   2 119  79  88  75 111  48   0  91  11   4  73 112  43  84  84  98  32  98  53  74   4  62  54  54  60  39  48  72  92  70  50  24  18  94 104 
 97  97 120  32  69 116  89  70 122  83  72  41  59  64  39  86  43  76 103  60  37 105   0  78  69  53 105  84  74  54   3  96  57  16  19  41  35  32 111  24 100 119  67 119  32  85  82  85  82  77 
102  61  73  22  70  38  60  14 122 114  99  15   7  27  11 108 117  15 115 121 100  15  29   0  27 115  90   3  52  46  29  58 106  54  56 111   4  27  32  24  84  98 120  85   4 112 114 108 103  11 
 77  28  96  87  66  74  16  48  70  32  87  68 121  54  87 102 112  12  57  32  96  60  35  23   0  65  42  14  53  98  61  54 111  69  19  87 104  72  32  96  84  21  91 100 121 105  94  46  45 108 
116 109  50  33  17  78  40  10  16  88   7  65  49   6   3  47  79  61  28  36  55 123  38 107  39   0  86 120 114  60 112  91  53   9  51  29  40  66 107  48  67  31 113   1 114  87 104 113  23  59 
 23  97  16  90  79 100  71  80  86   6  29 112  15  44  89 116  11  52  68  91  67  28  58  26  19  34   0  61 110  78  18  50  64 117 118  18  50  57  51  50 109   1   7  49  77  44  60 122   4   5 
124 105  31  29  23  16  86  46   4  75  67  61  81  27 118  72  19  71  28  87  92  52  77  45   3 102  45   0 113 116  82  50 111   6  50  99 120 116  24  68  98  82   4  81  32  34  85  19  92 101 
110  32   1 103  68  94  74  10 107   9 116  96 105  71   4  36  21  84  72  60   3 100 100 108   2  71  96 106   0  96 111 121   1  68  64  67 114  57  83 104   2  62  87   6   4  16  71 117  29  78 
 26   8  28  79 108 108  47 105 120  95  12  96  83  80  47 102  15  99  37  10  12  80  69 119  49  97  89 123  69   0   2 116 110  93 101  30  86  76  11  47  24 108  89  39   1  57  24  24  63  19 
  7 117  22  47 124 112  82  90 106  10  95 113  55  94  17  44  82  80 115  92   6  29 110 120  90  20 104  50  81  48   0 117  19  33   2  45 123  63  70  66  84  59  37 123  48  65  67  59  91  85 
122 102 107  85  67  55 123  21  49  43  94  24  24  96  62  79  16  89  36  73 104  42  32  31  73  39  22  22  74  58   9   0  73  38  45   7  42  28  48 106  80 102   5   9   3  69 105  46  17  28 
 10  33   8  12  59  55 122  83 101 113  76 102 118 121  41  42  39  55 101  23  61  23  43  86  46 117  80   8  42 104  82  94   0  59  37  52  49  60  61  21  55  79  58  91 101  40  92  49  68   4 
 10  52  25  69  14 107  56  50  32 106  56  59  97  14 123  76  67 104   5   6  66  69 112  85  21  10  83  74 121  45  27  16  32   0  15  83  10 112  60 111  56  53 119  76  66  78   1  51  76 101 
 64 110  51   7  41  16  94   6  38  48  89  10  65  75  15 124 101  75  75 101   1  66  52  46  92  58  55 102  44  43  63  55  31  72   0  93   1  30  60  50 101   3  89  75   5  80  41 100 122   6 
 85  69  53  95  56 100  47 102  77  62  28  59 111  63  17  99 116  47  31   9 109  38  65  34  58 102  74  19 111  52  25  90  52  77  26   0 110  83  10  83  60 104 107  70  95  47  49  43  89  97 
 60 123  31  20  45  91  42  13   1  60   4  64  66  38 102  77 120 123  29  22  31  69 100  12  43  60  53  17  67  48 118  71  73 121  12 123   0 119  15  93   3 108  98  53   5  28 113  75  11 110 
110  90 114  34 103   2  32  90  49  18 115 103  74  58  40  21 114  60  11  21  90 117 107  65   3 107  52  10 103  73 124  96  72  31  83  94  36   0  31  33  26 123   9  27  65 110  42  67 118  26 
 40  80 123  61  78  36  40  62  40  51 114  40 112  94 116  32  88 117  60   5 106  29 111  38   4 124  26  55  91 112  45  86  88  96  78  81  22   7   0  53  71   3  15 113 111  33   7  35  69   9 
 16  71  79  29 111  23  77  24  45   4  54   9  18 102 105  93  97  81  23 123  48  33  50  79   2  45 111 116  90  30  47  90 120  76  52  32  14  31  78   0 108  42 117  42 120 101  24 115  55 106 
 30 123  76  94  21  42  73  59  22   2  21  39  24  49  40  16  93  50   4  46  54 123  52  99  74 121  13  95  94  55  79 111  14  94  71  73  83  60 104   9   0  13  73  84  97  77 124   8  96  55 
 16   2 107   5 108   1   5 113  80 108 114  20  23  10  29  78 106  31  62  84  61 122  10  42  29  16   9  70  48 102   5  85  25  63  63   5  86  59 124  35 104   0  97   2  58 118  30  88  28 117 
 20  70  83 115  19  47  98 103   4 123  70  23  23  84 108   6 109  32  52  39 113   6  57 107 122 115  90  18  84 122  20  84  92 122 121  69  82   2  77 120  21   6   0  37  18  29  50   6  34  58 
 89  99  98  90 114  92   8 110 111  72  44 123  92  56  76 109 101  58  64  54  30   7  64  69  66  97  25  32  82 118  70 115 101  31  55  47 123  52  69  13  58  12 105   0  83  86  67  86 122   3 
 26  42  29  13  76  21  10  26  45  24  49  72  40 100  55  92   2 108 105  63  57  24  48  90   2  15 104  65  22  64   5  64  50   6  52  84 117  68  73  29  92 122  43  71   0  67  64 118  79   1 
 39  56  27 115  55 104 116  42  19  64  87  21  98  25  82  26 112  51  36  20 105   6 115  80   4  40 115   7 104  97  75  16  71  90  91  92 104  94  51 106  80   7  30  77  72   0 111 119  14  84 
 87  28  46  34 104  32  44 121  90  23  77   3 118  83  14  31   6  31  42  52  13 108  44 122   8 122  34  43  60  99  85 112 119   9 116  33 102 109   3 110  67  40  13   3  96 111   0 102  38  63 
 26   8  34 101  32  17 114   1  55 111 124  40 104  32   5  31  90  83  76  21  59  25 124  67  76 111  67  16  36  82  34   3 123 117  54  67  97 113  50 114   1  68  88  75  61  63  81   0   9   2 
 63  15 106   8 107  85  29  95  77  81  83 124  44  91  77  82  48 104  57  31  87  51 120  35   9  12  58  21  77  67  56  90  73  21  91 118  24  54  50  30   6  92  86  45  14  84  38 117   0  16 
 29 101  71  91 121  55 120  30  92  97   4  41  34  24   6  23   8  37 107  62  90  43  34 116  26   3  70  72  29  78   8  74  10  66  88  89  81  46 110 112  95 110  16 101  74  21  11 100  38   0 
M4
  0  63  32  79  70 107  83  70  76 117  79  59  95  46  48 112  71  63  24  93  55  47 100   3 103  22  61 100   6 116  16  96  48  78  37  58  48   7  68  52  44 107 124  81   6  71   2  76  88 114 
 39   0  89  29 101   5  43   6  45  50  12  30 104  34  80  92  71 111  10  24  46  64  29  40  94  48  11  81  21   3  23   8 114  84   7  96  92 116 105  67 118 113  17  58 121  92  37  90  15  50 
 75  89   0  82  45  14  16  83  61  11  60 112  31  55 102  95   3  92  56  71  50  91  25  50  37  42  60  45  74   9  57  24  34  59 110  66  17   7   3  51 103   7 107   5  43  18 103  26  69  16 
 73  33  32   0  98  78  86  84  18  46  78  29  88 113 119  26 123 106  56  12  22 114  83  47  50  75  92 110 113 121   1  10  11 124  26   2 116  56  30  32  51  95 106  67 117 116 121 116 103  33 
 82  60  37  99   0   8  24  71  54  28  45  54  22 100  77 119  66   1  78  52  60  29  47  19  57 122  22  49  15  12 118  89  40  26  84 109  71 115 112 115  52 111   2  25  79 106  91 103 101 102 
  9  80 108 102   5   0  87 113  79  83  56  29  68  51  59  69 100  10  35  40  13 100  45  65 121   6  66  75  16  65  19  34  72  47  22  74  65 112  43  54  14  21  52  15  80 102  46 105  65  24 
 24  19  16  24  99  71   0   3  23  71  23 112  55  58 117  60  52  33 120 107  71  44  60 112  81 106  47  26   2   7 101   4  48  15  61  36  49  38 111  19 118 112  20 113  86 109  72  81 101  95 
 59  76 103  54  84  22  78   0  65  57  23  23  66  86  15  57  64 122  41 107  27  93  32  30  50  83  54  38  42  78 114  36   4  89   5 115  56  59  17  63  71  80  63 101  53  97  90  69   6  21 
100  85  77  53  87 115   3  88   0  75   9  32  13  81  67   4 106   7  13  48  34  90  65 119  47  34 113  53  16  11  85  43  47  17 109  93  38  13  65   8  38 101  74  42  69 113  52  93  22 108 
110  74 113  37 113  94  52  84  76   0   9  50  56 115   6  92  79  47  32  29  18   9  17  69   3 113  37  81  51  91  91  22  76  56 109   3  45  60 123  96 119  53 120 117  55   5  41  64  69  83 
102  86  12   1   5  66  39  95  97  45   0  45  61  15  32  73 111  39  31  31  42   2  67  62  87  48 114  68   3  32 104  93 116 102  53  33  29  38  53 124  66 110  49 121  45   4  89  86  86  88 
 58  23  30  54  30 114   2 109 108  61  49   0  37 104  95  46  60  72   1  22  87  56   4  30  68 107  21  65  76  60 104  96  52  44 104  64  20  23  13  97  56  44  20   6  39  96  11  77  31  24 
 51  13  75 105  93  54   4  55  40 103  58  45   0  71 114  50  65 120  34  66  83 114  73 112  24  14   8   3  26  39 111  30  97  89  31  95  43 107 118  65  16 116  62  21   6  53  91  14  78 100 
  7  77  72 121  65 121 109 123  58  19  30  88  57   0  46 124   9  69  77  86   7  72  63   4  35  31  44   8 120  64  10  20   6  92  64  69  95  23   1  76  27  41  93  22  15  13  58  22  29  68 
 42  27 114 115 100  67 109  12  99  72  65  53  92 110   0  81  61  91  94  93 109 117  17  17  13  84  18 113  68  84 119 106  75  88  41  29  29  17 124   3  80 105  50  87  79  97  94  77  87  60 
  3  83  14  18 109  77  31  47  72  63   6 121   1  94  25   0  50  47 109  69  22   7   1  82  92  71   3  12  35  86   2  26   6  77  60  97 114  26  58  72 110  36 113  54   8  90 118  24  12 106 
 98  50  82 117  81 118  77   4  47  40  13  97  10  57  80 103   0  56  16  78  66  64 111 106 114  28  68 107 123  74 107  13  98  12  86  32 110  60  42  73  30  10  40  76  55 116  56  51  71  85 
  6 100  51  81  47   2  84  99   5  29  64  39  84  76  60  36  28   0  72  16  46 119 117  71  62  67  58  50  75  44  19  64  20  92 104  72 104  92 113  45  14  80 109  57  75 101  62  17  26 109 
124   9 110  97  95  15  25  24  31  45  51  88  40  40  84  64   7  69   0  57  16  79  66 117  66  16 115  27 108  59  18 117  12  12   3  67  41  62 121 108  65  87  85  13   3  57  99   5  82  20 
 12  10  87  41 104  92  19  10  66  94   9  65 109 119 109  47  91 102 107   0 124  12  48  59  65  41  21  81  26  72   1 118  83  51  70  18  32  63  83  53  73  92 118  68  82  85   8  56  53  81 
 93  44  31   1   8 110  83  93 119  37 118  35 105 121  17  56 106  37 124  74   0 124   1  85  76 120  93  93  13  33  60  86  27  46  65  50 122 107  36   1  10  71  22  14  42  56  15  18  89  26 
111 105  51 122  87   3  95 116  96  46  53 115   8 104   2 119  79  88  75 111  48   0  91  11   4  73 112  43  84  84  98  32  98  53  74   4  62  54  54  60  39  48  72  92  70  50  24  18  94 104 
 97  97 120  32  69 116  89  70 122  83  72  41  59  64  39  86  43  76 103  60  37 105   0  78  69  53 105  84  74  54   3  96  57  16  19  41  35  32 111  24 100 119  67 119  32  85  82  85  82  77 
102  61  73  22  70  38  60  14 122 114  99  15   7  27  11 108 117  15 115 121 100  15  29   0  27 115  90   3  52  46  29  58 106  54  56 111   4  27  32  24  84  98 120  85   4 112 114 108 103  11 
 77  28  96  87  66  74  16  48  70  32  87  68 121  54  87 102 112  12  57  32  96  60  35  23   0  65  42  14  53  98  61  54 111  69  19  87 104  72  32  96  84  21  91 100 121 105  94  46  45 108 
116 109  50  33  17  78  40  10  16  88   7  65  49   6   3  47  79  61  28  36  55 123  38 107  39   0  86 120 114  60 112  91  53   9  51  29  40  66 107  48  67  31 113   1 114  87 104 113  23  59 
 23  97  16  90  79 100  71  80  86   6  29 112  15  44  89 116  11  52  68  91  67  28  58  26  19  34   0  61 110  78  18  50  64 117 118  18  50  57  51  50 109   1   7  49  77  44  60 122   4   5 
124 105  31  29  23  16  86  46   4  75  67  61  81  27 118  72  19  71  28  87  92  52  77  45   3 102  45   0 113 116  82  50 111   6  50  99 120 116  24  68  98  82   4  81  32  34  85  19  92 101 
110  32   1 103  68  94  74  10 107   9 116  96 105  71   4  36  21  84  72  60   3 100 100 108   2  71  96 106   0  96 111 121   1  68  64  67 114  57  83 104   2  62  87   6   4  16  71 117  29  78 
 26   8  28  79 108 108  47 105 120  95  12  96  83  80  47 102  15  99  37  10  12  80  69 119  49  97  89 123  69   0   2 116 110  93 101  30  86  76  11  47  24 108  89  39   1  57  24  24  63  19 
  7 117  22  47 124 112  82  90 106  10  95 113  55  94  17  44  82  80 115  92   6  29 110 120  90  20 104  50  81  48   0 117  19  33   2  45 123  63  70  66  84  59  37 123  48  65  67  59  91  85 
122 102 107  85  67  55 123  21  49  43  94  24  24  96  62  79  16  89  36  73 104  42  32  31  73  39  22  22  74  58   9   0  73  38  45   7  42  28  48 106  80 102   5   9   3  69 105  46  17  28 
 10  33   8  12  59  55 122  83 101 113  76 102 118 121  41  42  39  55 101  23  61  23  43  86  46 117  80   8  42 104  82  94   0  59  37  52  49  60  61  21  55  79  58  91 101  40  92  49  68   4 
 10  52  25  69  14 107  56  50  32 106  56  59  97  14 123  76  67 104   5   6  66  69 112  85  21  10  83  74 121  45  27  16  32   0  15  83  10 112  60 111  56  53 119  76  66  78   1  51  76 101 
 64 110  51   7  41  16  94   6  38  48  89  10  65  75  15 124 101  75  75 101   1  66  52  46  92  58  55 102  44  43  63  55  31  72   0  93   1  30  60  50 101   3  89  75   5  80  41 100 122   6 
 85  69  53  95  56 100  47 102  77  62  28  59 111  63  17  99 116  47  31   9 109  38  65  34  58 102  74  19 111  52  25  90  52  77  26   0 110  83  10  83  60 104 107  70  95  47  49  43  89  97 
 60 123  31  20  45  91  42  13   1  60   4  64  66  38 102  77 120 123  29  22  31  69 100  12  43  60  53  17  67  48 118  71  73 121  12 123   0 119  15  93   3 108  98  53   5  28 113  75  11 110 
110  90 114  34 103   2  32  90  49  18 115 103  74  58  40  21 114  60  11  21  90 117 107  65   3 107  52  10 103  73 124  96  72  31  83  94  36   0  31  33  26 123   9  27  65 110  42  67 118  26 
 40  80 123  61  78  36  40  62  40  51 114  40 112  94 116  32  88 117  60   5 106  29 111  38   4 124  26  55  91 112  45  86  88  96  78  81  22   7   0  53  71   3  15 113 111  33   7  35  69   9 
 16  71  79  29 111  23  77  24  45   4  54   9  18 102 105  93  97  81  23 123  48  33  50  79   2  45 111 116  90  30  47  90 120  76  52  32  14  31  78   0 108  42 117  42 120 101  24 115  55 106 
 30 123  76  94  21  42  73  59  22   2  21  39  24  49  40  16  93  50   4  46  54 123  52  99  74 121  13  95  94  55  79 111  14  94  71  73  83  60 104   9   0  13  73  84  97  77 124   8  96  55 
 16   2 107   5 108   1   5 113  80 108 114  20  23  10  29  78 106  31  62  84  61 122  10  42  29  16   9  70  48 102   5  85  25  63  63   5  86  59 124  35 104   0  97   2  58 118  30  88  28 117 
 20  70  83 115  19  47  98 103   4 123  70  23  23  84 108   6 109  32  52  39 113   6  57 107 122 115  90  18  84 122  20  84  92 122 121  69  82   2  77 120  21   6   0  37  18  29  50   6  34  58 
 89  99  98  90 114  92   8 110 111  72  44 123  92  56  76 109 101  58  64  54  30   7  64  69  66  97  25  32  82 118  70 115 101  31  55  47 123  52  69  13  58  12 105   0  83  86  67  86 122   3 
 26  42  29  13  76  21  10  26  45  24  49  72  40 100  55  92   2 108 105  63  57  24  48  90   2  15 104  65  22  64   5  64  50   6  52  84 117  68  73  29  92 122  43  71   0  67  64 118  79   1 
 39  56  27 115  55 104 116  42  19  64  87  21  98  25  82  26 112  51  36  20 105   6 115  80   4  40 115   7 104  97  75  16  71  90  91  92 104  94  51 106  80   7  30  77  72   0 111 119  14  84 
 87  28  46  34 104  32  44 121  90  23  77   3 118  83  14  31   6  31  42  52  13 108  44 122   8 122  34  43  60  99  85 112 119   9 116  33 102 109   3 110  67  40  13   3  96 111   0 102  38  63 
 26   8  34 101  32  17 114   1  55 111 124  40 104  32   5  31  90  83  76  21  59  25 124  67  76 111  67  16  36  82  34   3 123 117  54  67  97 113  50 114   1  68  88  75  61  63  81   0   9   2 
 63  15 106   8 107  85  29  95  77  81  83 124  44  91  77  82  48 104  57  31  87  51 120  35   9  12  58  21  77  67  56  90  73  21  91 118  24  54  50  30   6  92  86  45  14  84  38 117   0  16 
 29 101  71  91 121  55 120  30  92  97   4  41  34  24   6  23   8  37 107  62  90  43  34 116  26   3  70  72  29  78   8  74  10  66  88  89  81  46 110 112  95 110  16 101  74  21  11 100  38   0 
Reldue
  611    8    6
  773    3    6
  876    5    5
  957    5    7
 1782    6    2
 2107    2    7
  696    3    3
 1664    7    3
 2176    1    9
  576    8    1
  925    8    5
  706    3    7
  909    8    8
 1363    3    8
 1184    5    6
 1589    5    2
 2053    2    4
 2281    9    8
  744    7    1
  950    5    5
  953    7    6
  598    6    9
  627    3    6
  933    8    3
 1551    5    3
  809    8    6
 2020    2    7
 1252    2    2
 1770    3    5
  495    6    2
 1733    6    9
 1910    1    3
  740    3    1
 1972    9    5
 1096    3    8
 1903    4    9
 1332    2    6
 1211    9    6
  660    8    7
 1026    2    7
  643    3    7
  784    3    7
  929    2    1
 1804    7    5
 1043    7    4
 2357    5    9
 1839    6    5
 1101    5    9
 1862    2    3
  849    8    6
DDW
  555   668
  726   820
  808   943
  884  1029
 1656  1908
 1984  2231
  643   748
 1550  1779
 2053  2300
  528   625
  872   977
  641   771
  821   997
 1229  1497
 1068  1299
 1461  1716
 1916  2190
 2130  2433
  693   794
  890  1011
  871  1035
  559   638
  579   676
  877   989
 1438  1665
  761   857
 1914  2126
 1166  1337
 1639  1901
  448   542
 1642  1824
 1764  2055
  694   785
 1851  2093
  999  1193
 1747  2059
 1200  1464
 1109  1313
  609   711
  966  1085
  600   686
  723   845
  869   989
 1640  1969
  979  1107
 2178  2535
 1694  1983
 1013  1188
 1733  1991
  781   917
