50   5
MD
  2  2  2  5  2
PT
 16  41  21  20   2  79  49  40  76  50  56  27   9  93  86  17  23   3  25  12  72   3  91   7  48   2  17  77  94  49  52  42  29  53  48  58  36  14  15  29   2  16  70  20  50  55  83  65  73  97 
 32  58   1  16  96  67  57  19  36   6  69  97  87  50   4  73   3  96  93  56  12  86  70  42  86  40  66  83  91  99  26   4   9  61  33  31  54  57  86  84   7  36  46  54  92   9  62  34  85  62 
 91  38  17   5  48  48  37  82  45  64  84  82   2  26  56  86  34  88  64  59   2  32  32  80  90  55  80  49  33  75  41  20  11  82  52  99  82  50  58  85  23  34   6   4  66  36  65  31  65  97 
 10  87  17  45  40  15  78  38  41  69  28  89  72  10  99  41  44  64  19  49  32  64  67   5  59   1   5  63  42  15  69  59  98  57   3   9  21  13  35  44  83  38  95  70  15  54  43  40  33  76 
 41  80  46  44  24  93  23  40  40  70  90  13  80  37   3  33  25  34  20  10  60   6  97  67  33  54  12  31  83  71  39   9  90  89  88  78  38   3  33   4  86  49  77  58  31  10  91  20  25  61 
SSD
M0
  0  70  14  70  44  96 101  16  27  24  25  82 121 107  25  61  10  20  61 102   1  25 113  41 102  81  18  62  61  40 114  61 103  44  52  68 118  60  88  34  42  31  41  39  20  92  81  64  33  84 
 62   0  96  25  36  60   3  77  63   9   4  10 113   7  13 115  12  68  73  98 120 120 112  51  32  15 101  76  89 119 106  31  99  66 119 103   6  55  23  98 121 114  94  25 118  56  69 123   9  49 
 32  81   0  82  65  57  50   2  87  61 107  47  55  15  89  54 110 123 116  37 101  23  14  30  64  19 113  38  12  58  16  24  52  37  36  36  67  88  91  91  77  68 117  64  41  63  14  78  58 110 
 39  40  10   0  87   4  58 110  61  81  62 109  86  92  53  88  67  52 117 106  69  16  65   4 102  63  18 110  15  22  98 114   4  75  47 106  89  74  74  20  93 107 109  83  19  50 106  96  96 107 
 77 119  57  30   0  27  88  30  84  78  89  22   8  88 114 101   3 103   8 117   3  86  78  54  75 106 100  73  83  40  34  42  23  92 101  60  97 114  79  57   3  23 118  81  10  13  62  86 107  59 
 96  82  30 105  63   0  52  92  36  50 118  21 110  78  17  86  39  64  90  85 102 104   1  58 105  64 113  94  80   7  11 106  19  57   5  17  81  48  57 115  48  23  20  30 102  27  54  89  44  39 
 27 113  59  48  22  42   0   6  57 105  54 119 116  87  85  83   1 112 117  26  50 119  57  24  19  90  10 110 105  25  78  79  70  92  52  87  25 114  67  93  53 105 118  94  69  66  96  26 112  65 
 86  52   2  42  36  19  98   0  42 106  22  40  78  11 106  73  74   6  29  60  18 123  55  18  79   5  50  21  48  76  54 118 107   5  97   7 111 106  75  81 107  12  80 115   7  69 109  49 107  19 
 92  91  46 108  93 100   3  97   0 111  60  96 108   8 103 116  82   1  81   1   1  80 116  64 107  14  93  45  73 124 116  85  98 100 123  64 124  83   7  35  85  34 101  95 114  41   2 106  45  34 
122 100  40  30  15  75  25  48  94   0 115  43  54  86  26 102  52  75  77  62  31  62  54 114  33   7  57  91  65  15  93 107   1  47  60  24  69  41 108  77  56 104  39  84 108  23 119 121  10  18 
 62   8  87 111   8  97   8  61  96 111   0 103 103  87  58  77  15  37  59  59  46  73  69 107  30  69 120 118  76  94  82  39  36  85   1  18 122  97  63  69  25 117 116  54 101  27   6  75  27 102 
105   9  38  59  96   5  94 116  54  48  98   0  95  95   6  23  46  76   7  21  23 109 123 121  97 111  89  49  45  91  13  82  19  65  69  35  21  46 115  24  75  36  21 106  76  27  53 123  84  26 
 24  81  94 104  89  52 111 109  72  98 119  73   0  14  12 122 117  65  74 109  62  10  49  61  72  91  39  44  55 116 114 121 118  78  80  43  91  15 116  67 100 102 112 116  14  64   3 124  97  45 
 14  70   7  75  66   2  43  71  23  60  76  40  83   0   9  94  68  88  90  24  98  96  34 120  13  60  32  36  50  37  11  98  45  63  14 114  34  42  21  33  67  49  89 101  18  70 120  85  11 124 
 59  44  20  37  16  13  57  21  97  56   6 101  15  97   0  45  53  31 102  21  51  15  58  93  38  83  76  70  25  79  49 113  78  68  41  71  96  50  74  44   5  16  28 106  14  67 104  86 102  50 
 85  16  89  19  24  37  87 107  21  33  79   1  24  13 119   0  88  99 116  83  20  95  59  80 115  69  24  95  68  23  83 122  18  77  79  33  28  54  37  54  89  39  60  83  23  73  47 120  96 107 
123  47  72  76  75  80 105 106  68  91   7 120  34  13  76 118   0  65  63  19  46  91 108   3  28   3  38  12  20 102  10  21 114 106   6  93  94 113  59  80  16 109  81  15  20  28  44  96 116  71 
 76  71  29 122  87   8  73  68  64  75  31  45  89 100  54  14  61   0  73  89  50  54  65  79  21  61 109  11  99  29  98 110 100  85 107  96  55 118  57 103  28  30  61  77  97  18  26  10 102  64 
 38  12  40  73  65  71 123  23   4  43  29  82  70 104  45  77  31   9   0  30  36  99  96 111  17  98   8 106  18  63 101  80   7  42  44  91  67  73 112  33  99   1  24  23  95  73  94  13  87  96 
110  63  62  67   5   8  23  16  88  19 124 102  61  63   5  74  53  72 101   0  52  46  63 112 100  96  81  61  58  37  86  54  52 124   4 101  85  70  45  24  90  22  14  66  98  91 123  34 117  54 
 70  27  27  43  12  65  81 121  86  39  70  75 100  32  77  39  39  35 116 111   0  66  94  39 119  15   3 109  16  81  59  79   1 104  71   5 107  91  74  76  52 121  86 105  82  28  70  72 102  39 
 22  21  88 118   6  24   6  82  81 115  86  25 117  75  52 100  63  66 107  90 116   0  15  79  17  13  51 106  24  15  10  49  77   1  55  39  50  51  54   3 120  39  70  83 109  20  75  93  59  34 
 59 108  11  79 112 123   9  79 108 119  85  23  69  91  58  88  49 103  93  33  29  37   0  85  81   6  47  75  12 121  27  35  60  15   4 104  15 122  44  32  45  16  26  16  29 108   9  93  69  94 
121  81  76  50  33  12  86  97   4  11 100   8  90 110  12 111  41  71   4  93 118  87  85   0  27  10  36 108  44  79  32   1  56  72  21   5  77  44  27 109  62  53 105  85  27  94  90  82 100 123 
 36  38  66  76  69   4  23  53  93  14  74  86 114 109  47  40  82  10  51  59  91  17  42  42   0  33 120 102  76  62  92  30 105  92  99  90  71  87  44  89  50  54  29 105 102  94  35  27  72  60 
 88  49 122  37 111  88   2  34 111  54  16  21  65  84  11  60  83  57 102  23   8  48   3  43  52   0  38  16  89  37  29  38  41  88  33 116  52  66  66   3  95  89  98  83  84  65  19   5  91 119 
119 111  61  57  91  38   5 111 109  84  35   7 123  58 124  20  85  46  33  89  65 123  70  63  82  62   0  33 123  25  82  55  60  63  32  50  75 124 105  59  12   3  39  61  76  54   7 114  15 123 
 79   8  97 117 102  55  74  93  59  20  36  16  49  23  41   1  89  69  84  73  54  51  59  11  79  24   6   0  11  45  40   7  65  58  12  65   1  70  17 113  10  47 117  29  64 119 114  34  69  90 
 68  21   7  34 111 108  55  79 101  31  29   7  16  88  85 112  82  49 121  89  94   2  96 105  86  73  14  27   0 110 123  33 108 101  52  97  23  37  75 108  34  17  69  54  92  22 118  80 100 104 
  2 108 112  49  73 123  31  69 110  81   7  47 110  54  78  82   5  22  50  18  90  30  53  37 114  38  98  91  36   0  12  57  52   7  28  19  60  61   8  77 117  41  88   8  86  58  85  39   2  57 
 77  29  17  16 123  85  72  92 123  18   1  70  44  71  96  84   9  80  32  33 121  68  12 116  54  90  27 124  70  90   0  57  34  25  83  89  99  83  48 107 114  85  96  80  98  77  34  70  70  75 
 97   1  97   7  49  89  80  73 111  62  53 100  65 119  69 101  96  52  57  11  30   2  38  40  25  98  75  61  55 110  34   0  23  75  11 111  75  22 121  45  15  76 119  84  80 114 115 111   7   9 
121  29   6  20   4  78 116  71  14  94 120 110  61  87   6  58  97 117 111  10  36 101  16  27  52  19  40  17  59  26  74 104   0  77  25  78  98   5  82  10  82  29  89  43  43  97  38  69  98  97 
 23  23 124  72  38  34   7  49  54  22  10  30  81  79  31  84  76  25  23 119  59   6  15 106  59 107 106 102  53 105 110 123  28   0  68  44  45  14  49  12 106  46  39  87  38  83 124  67 114  62 
 61 124  35 120  73   6  79  49 102  26 104  42  92 115  40  25  17  30  50  81  38  37  99 103  70 113  56 109  41  80   2 107  93  59   0  64  57  56  62  71  88   9  99  72  64  34  10  54  43  39 
  8  96 124 121  58  81  80 113  23 120  52  17  44  96  13  71  33  63  76  34  78  23  79  78 104  12 124  18  59  99   1  86  42  23  19   0  67  76  45  20 103  95  15  18  45  79  41 101   3  30 
123  35 104 114   9 101  72  72  77 102  52   9  75 124 121 102 124  63  23  93  45   7  36 112  79  88  83  49  32  14 111  46  25  98  11  50   0 110 118 118 124   4  55  97  14   7  53  39  82  70 
 57  76  90  41 113  90  23 122  65   5   1  47  83  97  48  53  37 114  10  43  91  68  89  56  98  50 117  99  39  69  43  41  33  30  77  61  97   0  72  30  55  61  55  30  54  21   8  53  39  77 
 55  90  33  71  92  81  61 122   8  73  45  11  94  64  94  82  28 120 124  62  64 111 103  40   1 124  44  37  63  41  99   1  38  54  68  22  10  93   0  38  53 111   9 103  10  76   7  27  29  18 
  9  39  41  60   4  24 123  74  45  66  50  89  49  19  24  63  65  38 123 116  34  81  86  52  51  14  66  79  47  42  16 102  42  19  83  21  36 115  14   0  38 110  99   5  20  81  31  98  45  16 
 46  20  27  21  93  75  46  55  91  68  51   9  60  38  52  22 111  74  97 103 122  79  42  13  89  27  11  51 119  74  10 112   3   1  94  67 115  36 105  96   0  13 120  35  99  94  62  79  57 102 
 52  30  24  29  38  72  60  40  40  70  85   1  43 101 124 101  36  72 111  13 102   2  48  47   1  80  40 106  66  88 122 114  60  22  91  15  77  41  97  84  37   0  98  78  90  29  27  78  25  33 
123  14  70  24  41  70 122 120  99   3 106 124  13  27  25  56  61   8  28  38  17   2  46  77  55  96  86  31  99  76  49  39  45  43  10   6 124  10  47  97  40  79   0  39  40  34 109  55  30  72 
 85  55  17  70  97   1  60  53  44   8  65 117  44 112  90  97  34  74 124  19  46   8  69 113   9  25   8  86 121  11  99 104  93   5  43  44   5  50 109 114  43  26  58   0  63  55  33 110  66  84 
 40  39  87  19  54  72 121 124 118  11   3  78 112  32  43  36  20  44 108  82  12   9  19  49 122  47 121 107  82  61  24  65 117 123   4  22   1 124  34  29 117  25  87  21   0 108  63 119  92  83 
 70  45  30 121   3  17  56  26  19  64  69  97  46 102  17  21  54 124 112 113  57 124 110   1   8 120  48  42  68  28  62  85  23  48  70  58  42  16  36   9  38  41  36   2  75   0  70  13 110   3 
 57  25  51 106  13  93  41  27   1  43  28 106  46  36  30  33 106 123  66  71  92  63  12  37  86  95  90  39  44   2  13  23   2 112  80  89  91 122  31   1  74  53  80  16  35  11   0  74  93 122 
 76  94  42  75  16  46  19  61  27  59  65 107  24 120 105 119  58 107 101 115  44  24  16  70 114  88  80 110   9 119 105  30  78  88  52  23  72  46  29 114  21  94   4 120  17  14  73   0 102  37 
 17  63 100 114  40  98 115 111  17  52  90  48  77  35  97  48  18   1  94  12  54  15 116  42  28  66  60 112   4   7  44 124  77  60 111 109 114  51 116  23  74  94  25  81  24  88  91  30   0  17 
119   1   9 117  46  76 102 123 116  90  52  65  17  94   9  43  44  17  33  96  93  84  48   9  16  51 110  23  32  80 120  81  29  78 120  68  30 115  36  58  45  11  72  30  60  72  92  84 112   0 
M1
  0  70  14  70  44  96 101  16  27  24  25  82 121 107  25  61  10  20  61 102   1  25 113  41 102  81  18  62  61  40 114  61 103  44  52  68 118  60  88  34  42  31  41  39  20  92  81  64  33  84 
 62   0  96  25  36  60   3  77  63   9   4  10 113   7  13 115  12  68  73  98 120 120 112  51  32  15 101  76  89 119 106  31  99  66 119 103   6  55  23  98 121 114  94  25 118  56  69 123   9  49 
 32  81   0  82  65  57  50   2  87  61 107  47  55  15  89  54 110 123 116  37 101  23  14  30  64  19 113  38  12  58  16  24  52  37  36  36  67  88  91  91  77  68 117  64  41  63  14  78  58 110 
 39  40  10   0  87   4  58 110  61  81  62 109  86  92  53  88  67  52 117 106  69  16  65   4 102  63  18 110  15  22  98 114   4  75  47 106  89  74  74  20  93 107 109  83  19  50 106  96  96 107 
 77 119  57  30   0  27  88  30  84  78  89  22   8  88 114 101   3 103   8 117   3  86  78  54  75 106 100  73  83  40  34  42  23  92 101  60  97 114  79  57   3  23 118  81  10  13  62  86 107  59 
 96  82  30 105  63   0  52  92  36  50 118  21 110  78  17  86  39  64  90  85 102 104   1  58 105  64 113  94  80   7  11 106  19  57   5  17  81  48  57 115  48  23  20  30 102  27  54  89  44  39 
 27 113  59  48  22  42   0   6  57 105  54 119 116  87  85  83   1 112 117  26  50 119  57  24  19  90  10 110 105  25  78  79  70  92  52  87  25 114  67  93  53 105 118  94  69  66  96  26 112  65 
 86  52   2  42  36  19  98   0  42 106  22  40  78  11 106  73  74   6  29  60  18 123  55  18  79   5  50  21  48  76  54 118 107   5  97   7 111 106  75  81 107  12  80 115   7  69 109  49 107  19 
 92  91  46 108  93 100   3  97   0 111  60  96 108   8 103 116  82   1  81   1   1  80 116  64 107  14  93  45  73 124 116  85  98 100 123  64 124  83   7  35  85  34 101  95 114  41   2 106  45  34 
122 100  40  30  15  75  25  48  94   0 115  43  54  86  26 102  52  75  77  62  31  62  54 114  33   7  57  91  65  15  93 107   1  47  60  24  69  41 108  77  56 104  39  84 108  23 119 121  10  18 
 62   8  87 111   8  97   8  61  96 111   0 103 103  87  58  77  15  37  59  59  46  73  69 107  30  69 120 118  76  94  82  39  36  85   1  18 122  97  63  69  25 117 116  54 101  27   6  75  27 102 
105   9  38  59  96   5  94 116  54  48  98   0  95  95   6  23  46  76   7  21  23 109 123 121  97 111  89  49  45  91  13  82  19  65  69  35  21  46 115  24  75  36  21 106  76  27  53 123  84  26 
 24  81  94 104  89  52 111 109  72  98 119  73   0  14  12 122 117  65  74 109  62  10  49  61  72  91  39  44  55 116 114 121 118  78  80  43  91  15 116  67 100 102 112 116  14  64   3 124  97  45 
 14  70   7  75  66   2  43  71  23  60  76  40  83   0   9  94  68  88  90  24  98  96  34 120  13  60  32  36  50  37  11  98  45  63  14 114  34  42  21  33  67  49  89 101  18  70 120  85  11 124 
 59  44  20  37  16  13  57  21  97  56   6 101  15  97   0  45  53  31 102  21  51  15  58  93  38  83  76  70  25  79  49 113  78  68  41  71  96  50  74  44   5  16  28 106  14  67 104  86 102  50 
 85  16  89  19  24  37  87 107  21  33  79   1  24  13 119   0  88  99 116  83  20  95  59  80 115  69  24  95  68  23  83 122  18  77  79  33  28  54  37  54  89  39  60  83  23  73  47 120  96 107 
123  47  72  76  75  80 105 106  68  91   7 120  34  13  76 118   0  65  63  19  46  91 108   3  28   3  38  12  20 102  10  21 114 106   6  93  94 113  59  80  16 109  81  15  20  28  44  96 116  71 
 76  71  29 122  87   8  73  68  64  75  31  45  89 100  54  14  61   0  73  89  50  54  65  79  21  61 109  11  99  29  98 110 100  85 107  96  55 118  57 103  28  30  61  77  97  18  26  10 102  64 
 38  12  40  73  65  71 123  23   4  43  29  82  70 104  45  77  31   9   0  30  36  99  96 111  17  98   8 106  18  63 101  80   7  42  44  91  67  73 112  33  99   1  24  23  95  73  94  13  87  96 
110  63  62  67   5   8  23  16  88  19 124 102  61  63   5  74  53  72 101   0  52  46  63 112 100  96  81  61  58  37  86  54  52 124   4 101  85  70  45  24  90  22  14  66  98  91 123  34 117  54 
 70  27  27  43  12  65  81 121  86  39  70  75 100  32  77  39  39  35 116 111   0  66  94  39 119  15   3 109  16  81  59  79   1 104  71   5 107  91  74  76  52 121  86 105  82  28  70  72 102  39 
 22  21  88 118   6  24   6  82  81 115  86  25 117  75  52 100  63  66 107  90 116   0  15  79  17  13  51 106  24  15  10  49  77   1  55  39  50  51  54   3 120  39  70  83 109  20  75  93  59  34 
 59 108  11  79 112 123   9  79 108 119  85  23  69  91  58  88  49 103  93  33  29  37   0  85  81   6  47  75  12 121  27  35  60  15   4 104  15 122  44  32  45  16  26  16  29 108   9  93  69  94 
121  81  76  50  33  12  86  97   4  11 100   8  90 110  12 111  41  71   4  93 118  87  85   0  27  10  36 108  44  79  32   1  56  72  21   5  77  44  27 109  62  53 105  85  27  94  90  82 100 123 
 36  38  66  76  69   4  23  53  93  14  74  86 114 109  47  40  82  10  51  59  91  17  42  42   0  33 120 102  76  62  92  30 105  92  99  90  71  87  44  89  50  54  29 105 102  94  35  27  72  60 
 88  49 122  37 111  88   2  34 111  54  16  21  65  84  11  60  83  57 102  23   8  48   3  43  52   0  38  16  89  37  29  38  41  88  33 116  52  66  66   3  95  89  98  83  84  65  19   5  91 119 
119 111  61  57  91  38   5 111 109  84  35   7 123  58 124  20  85  46  33  89  65 123  70  63  82  62   0  33 123  25  82  55  60  63  32  50  75 124 105  59  12   3  39  61  76  54   7 114  15 123 
 79   8  97 117 102  55  74  93  59  20  36  16  49  23  41   1  89  69  84  73  54  51  59  11  79  24   6   0  11  45  40   7  65  58  12  65   1  70  17 113  10  47 117  29  64 119 114  34  69  90 
 68  21   7  34 111 108  55  79 101  31  29   7  16  88  85 112  82  49 121  89  94   2  96 105  86  73  14  27   0 110 123  33 108 101  52  97  23  37  75 108  34  17  69  54  92  22 118  80 100 104 
  2 108 112  49  73 123  31  69 110  81   7  47 110  54  78  82   5  22  50  18  90  30  53  37 114  38  98  91  36   0  12  57  52   7  28  19  60  61   8  77 117  41  88   8  86  58  85  39   2  57 
 77  29  17  16 123  85  72  92 123  18   1  70  44  71  96  84   9  80  32  33 121  68  12 116  54  90  27 124  70  90   0  57  34  25  83  89  99  83  48 107 114  85  96  80  98  77  34  70  70  75 
 97   1  97   7  49  89  80  73 111  62  53 100  65 119  69 101  96  52  57  11  30   2  38  40  25  98  75  61  55 110  34   0  23  75  11 111  75  22 121  45  15  76 119  84  80 114 115 111   7   9 
121  29   6  20   4  78 116  71  14  94 120 110  61  87   6  58  97 117 111  10  36 101  16  27  52  19  40  17  59  26  74 104   0  77  25  78  98   5  82  10  82  29  89  43  43  97  38  69  98  97 
 23  23 124  72  38  34   7  49  54  22  10  30  81  79  31  84  76  25  23 119  59   6  15 106  59 107 106 102  53 105 110 123  28   0  68  44  45  14  49  12 106  46  39  87  38  83 124  67 114  62 
 61 124  35 120  73   6  79  49 102  26 104  42  92 115  40  25  17  30  50  81  38  37  99 103  70 113  56 109  41  80   2 107  93  59   0  64  57  56  62  71  88   9  99  72  64  34  10  54  43  39 
  8  96 124 121  58  81  80 113  23 120  52  17  44  96  13  71  33  63  76  34  78  23  79  78 104  12 124  18  59  99   1  86  42  23  19   0  67  76  45  20 103  95  15  18  45  79  41 101   3  30 
123  35 104 114   9 101  72  72  77 102  52   9  75 124 121 102 124  63  23  93  45   7  36 112  79  88  83  49  32  14 111  46  25  98  11  50   0 110 118 118 124   4  55  97  14   7  53  39  82  70 
 57  76  90  41 113  90  23 122  65   5   1  47  83  97  48  53  37 114  10  43  91  68  89  56  98  50 117  99  39  69  43  41  33  30  77  61  97   0  72  30  55  61  55  30  54  21   8  53  39  77 
 55  90  33  71  92  81  61 122   8  73  45  11  94  64  94  82  28 120 124  62  64 111 103  40   1 124  44  37  63  41  99   1  38  54  68  22  10  93   0  38  53 111   9 103  10  76   7  27  29  18 
  9  39  41  60   4  24 123  74  45  66  50  89  49  19  24  63  65  38 123 116  34  81  86  52  51  14  66  79  47  42  16 102  42  19  83  21  36 115  14   0  38 110  99   5  20  81  31  98  45  16 
 46  20  27  21  93  75  46  55  91  68  51   9  60  38  52  22 111  74  97 103 122  79  42  13  89  27  11  51 119  74  10 112   3   1  94  67 115  36 105  96   0  13 120  35  99  94  62  79  57 102 
 52  30  24  29  38  72  60  40  40  70  85   1  43 101 124 101  36  72 111  13 102   2  48  47   1  80  40 106  66  88 122 114  60  22  91  15  77  41  97  84  37   0  98  78  90  29  27  78  25  33 
123  14  70  24  41  70 122 120  99   3 106 124  13  27  25  56  61   8  28  38  17   2  46  77  55  96  86  31  99  76  49  39  45  43  10   6 124  10  47  97  40  79   0  39  40  34 109  55  30  72 
 85  55  17  70  97   1  60  53  44   8  65 117  44 112  90  97  34  74 124  19  46   8  69 113   9  25   8  86 121  11  99 104  93   5  43  44   5  50 109 114  43  26  58   0  63  55  33 110  66  84 
 40  39  87  19  54  72 121 124 118  11   3  78 112  32  43  36  20  44 108  82  12   9  19  49 122  47 121 107  82  61  24  65 117 123   4  22   1 124  34  29 117  25  87  21   0 108  63 119  92  83 
 70  45  30 121   3  17  56  26  19  64  69  97  46 102  17  21  54 124 112 113  57 124 110   1   8 120  48  42  68  28  62  85  23  48  70  58  42  16  36   9  38  41  36   2  75   0  70  13 110   3 
 57  25  51 106  13  93  41  27   1  43  28 106  46  36  30  33 106 123  66  71  92  63  12  37  86  95  90  39  44   2  13  23   2 112  80  89  91 122  31   1  74  53  80  16  35  11   0  74  93 122 
 76  94  42  75  16  46  19  61  27  59  65 107  24 120 105 119  58 107 101 115  44  24  16  70 114  88  80 110   9 119 105  30  78  88  52  23  72  46  29 114  21  94   4 120  17  14  73   0 102  37 
 17  63 100 114  40  98 115 111  17  52  90  48  77  35  97  48  18   1  94  12  54  15 116  42  28  66  60 112   4   7  44 124  77  60 111 109 114  51 116  23  74  94  25  81  24  88  91  30   0  17 
119   1   9 117  46  76 102 123 116  90  52  65  17  94   9  43  44  17  33  96  93  84  48   9  16  51 110  23  32  80 120  81  29  78 120  68  30 115  36  58  45  11  72  30  60  72  92  84 112   0 
M2
  0  70  14  70  44  96 101  16  27  24  25  82 121 107  25  61  10  20  61 102   1  25 113  41 102  81  18  62  61  40 114  61 103  44  52  68 118  60  88  34  42  31  41  39  20  92  81  64  33  84 
 62   0  96  25  36  60   3  77  63   9   4  10 113   7  13 115  12  68  73  98 120 120 112  51  32  15 101  76  89 119 106  31  99  66 119 103   6  55  23  98 121 114  94  25 118  56  69 123   9  49 
 32  81   0  82  65  57  50   2  87  61 107  47  55  15  89  54 110 123 116  37 101  23  14  30  64  19 113  38  12  58  16  24  52  37  36  36  67  88  91  91  77  68 117  64  41  63  14  78  58 110 
 39  40  10   0  87   4  58 110  61  81  62 109  86  92  53  88  67  52 117 106  69  16  65   4 102  63  18 110  15  22  98 114   4  75  47 106  89  74  74  20  93 107 109  83  19  50 106  96  96 107 
 77 119  57  30   0  27  88  30  84  78  89  22   8  88 114 101   3 103   8 117   3  86  78  54  75 106 100  73  83  40  34  42  23  92 101  60  97 114  79  57   3  23 118  81  10  13  62  86 107  59 
 96  82  30 105  63   0  52  92  36  50 118  21 110  78  17  86  39  64  90  85 102 104   1  58 105  64 113  94  80   7  11 106  19  57   5  17  81  48  57 115  48  23  20  30 102  27  54  89  44  39 
 27 113  59  48  22  42   0   6  57 105  54 119 116  87  85  83   1 112 117  26  50 119  57  24  19  90  10 110 105  25  78  79  70  92  52  87  25 114  67  93  53 105 118  94  69  66  96  26 112  65 
 86  52   2  42  36  19  98   0  42 106  22  40  78  11 106  73  74   6  29  60  18 123  55  18  79   5  50  21  48  76  54 118 107   5  97   7 111 106  75  81 107  12  80 115   7  69 109  49 107  19 
 92  91  46 108  93 100   3  97   0 111  60  96 108   8 103 116  82   1  81   1   1  80 116  64 107  14  93  45  73 124 116  85  98 100 123  64 124  83   7  35  85  34 101  95 114  41   2 106  45  34 
122 100  40  30  15  75  25  48  94   0 115  43  54  86  26 102  52  75  77  62  31  62  54 114  33   7  57  91  65  15  93 107   1  47  60  24  69  41 108  77  56 104  39  84 108  23 119 121  10  18 
 62   8  87 111   8  97   8  61  96 111   0 103 103  87  58  77  15  37  59  59  46  73  69 107  30  69 120 118  76  94  82  39  36  85   1  18 122  97  63  69  25 117 116  54 101  27   6  75  27 102 
105   9  38  59  96   5  94 116  54  48  98   0  95  95   6  23  46  76   7  21  23 109 123 121  97 111  89  49  45  91  13  82  19  65  69  35  21  46 115  24  75  36  21 106  76  27  53 123  84  26 
 24  81  94 104  89  52 111 109  72  98 119  73   0  14  12 122 117  65  74 109  62  10  49  61  72  91  39  44  55 116 114 121 118  78  80  43  91  15 116  67 100 102 112 116  14  64   3 124  97  45 
 14  70   7  75  66   2  43  71  23  60  76  40  83   0   9  94  68  88  90  24  98  96  34 120  13  60  32  36  50  37  11  98  45  63  14 114  34  42  21  33  67  49  89 101  18  70 120  85  11 124 
 59  44  20  37  16  13  57  21  97  56   6 101  15  97   0  45  53  31 102  21  51  15  58  93  38  83  76  70  25  79  49 113  78  68  41  71  96  50  74  44   5  16  28 106  14  67 104  86 102  50 
 85  16  89  19  24  37  87 107  21  33  79   1  24  13 119   0  88  99 116  83  20  95  59  80 115  69  24  95  68  23  83 122  18  77  79  33  28  54  37  54  89  39  60  83  23  73  47 120  96 107 
123  47  72  76  75  80 105 106  68  91   7 120  34  13  76 118   0  65  63  19  46  91 108   3  28   3  38  12  20 102  10  21 114 106   6  93  94 113  59  80  16 109  81  15  20  28  44  96 116  71 
 76  71  29 122  87   8  73  68  64  75  31  45  89 100  54  14  61   0  73  89  50  54  65  79  21  61 109  11  99  29  98 110 100  85 107  96  55 118  57 103  28  30  61  77  97  18  26  10 102  64 
 38  12  40  73  65  71 123  23   4  43  29  82  70 104  45  77  31   9   0  30  36  99  96 111  17  98   8 106  18  63 101  80   7  42  44  91  67  73 112  33  99   1  24  23  95  73  94  13  87  96 
110  63  62  67   5   8  23  16  88  19 124 102  61  63   5  74  53  72 101   0  52  46  63 112 100  96  81  61  58  37  86  54  52 124   4 101  85  70  45  24  90  22  14  66  98  91 123  34 117  54 
 70  27  27  43  12  65  81 121  86  39  70  75 100  32  77  39  39  35 116 111   0  66  94  39 119  15   3 109  16  81  59  79   1 104  71   5 107  91  74  76  52 121  86 105  82  28  70  72 102  39 
 22  21  88 118   6  24   6  82  81 115  86  25 117  75  52 100  63  66 107  90 116   0  15  79  17  13  51 106  24  15  10  49  77   1  55  39  50  51  54   3 120  39  70  83 109  20  75  93  59  34 
 59 108  11  79 112 123   9  79 108 119  85  23  69  91  58  88  49 103  93  33  29  37   0  85  81   6  47  75  12 121  27  35  60  15   4 104  15 122  44  32  45  16  26  16  29 108   9  93  69  94 
121  81  76  50  33  12  86  97   4  11 100   8  90 110  12 111  41  71   4  93 118  87  85   0  27  10  36 108  44  79  32   1  56  72  21   5  77  44  27 109  62  53 105  85  27  94  90  82 100 123 
 36  38  66  76  69   4  23  53  93  14  74  86 114 109  47  40  82  10  51  59  91  17  42  42   0  33 120 102  76  62  92  30 105  92  99  90  71  87  44  89  50  54  29 105 102  94  35  27  72  60 
 88  49 122  37 111  88   2  34 111  54  16  21  65  84  11  60  83  57 102  23   8  48   3  43  52   0  38  16  89  37  29  38  41  88  33 116  52  66  66   3  95  89  98  83  84  65  19   5  91 119 
119 111  61  57  91  38   5 111 109  84  35   7 123  58 124  20  85  46  33  89  65 123  70  63  82  62   0  33 123  25  82  55  60  63  32  50  75 124 105  59  12   3  39  61  76  54   7 114  15 123 
 79   8  97 117 102  55  74  93  59  20  36  16  49  23  41   1  89  69  84  73  54  51  59  11  79  24   6   0  11  45  40   7  65  58  12  65   1  70  17 113  10  47 117  29  64 119 114  34  69  90 
 68  21   7  34 111 108  55  79 101  31  29   7  16  88  85 112  82  49 121  89  94   2  96 105  86  73  14  27   0 110 123  33 108 101  52  97  23  37  75 108  34  17  69  54  92  22 118  80 100 104 
  2 108 112  49  73 123  31  69 110  81   7  47 110  54  78  82   5  22  50  18  90  30  53  37 114  38  98  91  36   0  12  57  52   7  28  19  60  61   8  77 117  41  88   8  86  58  85  39   2  57 
 77  29  17  16 123  85  72  92 123  18   1  70  44  71  96  84   9  80  32  33 121  68  12 116  54  90  27 124  70  90   0  57  34  25  83  89  99  83  48 107 114  85  96  80  98  77  34  70  70  75 
 97   1  97   7  49  89  80  73 111  62  53 100  65 119  69 101  96  52  57  11  30   2  38  40  25  98  75  61  55 110  34   0  23  75  11 111  75  22 121  45  15  76 119  84  80 114 115 111   7   9 
121  29   6  20   4  78 116  71  14  94 120 110  61  87   6  58  97 117 111  10  36 101  16  27  52  19  40  17  59  26  74 104   0  77  25  78  98   5  82  10  82  29  89  43  43  97  38  69  98  97 
 23  23 124  72  38  34   7  49  54  22  10  30  81  79  31  84  76  25  23 119  59   6  15 106  59 107 106 102  53 105 110 123  28   0  68  44  45  14  49  12 106  46  39  87  38  83 124  67 114  62 
 61 124  35 120  73   6  79  49 102  26 104  42  92 115  40  25  17  30  50  81  38  37  99 103  70 113  56 109  41  80   2 107  93  59   0  64  57  56  62  71  88   9  99  72  64  34  10  54  43  39 
  8  96 124 121  58  81  80 113  23 120  52  17  44  96  13  71  33  63  76  34  78  23  79  78 104  12 124  18  59  99   1  86  42  23  19   0  67  76  45  20 103  95  15  18  45  79  41 101   3  30 
123  35 104 114   9 101  72  72  77 102  52   9  75 124 121 102 124  63  23  93  45   7  36 112  79  88  83  49  32  14 111  46  25  98  11  50   0 110 118 118 124   4  55  97  14   7  53  39  82  70 
 57  76  90  41 113  90  23 122  65   5   1  47  83  97  48  53  37 114  10  43  91  68  89  56  98  50 117  99  39  69  43  41  33  30  77  61  97   0  72  30  55  61  55  30  54  21   8  53  39  77 
 55  90  33  71  92  81  61 122   8  73  45  11  94  64  94  82  28 120 124  62  64 111 103  40   1 124  44  37  63  41  99   1  38  54  68  22  10  93   0  38  53 111   9 103  10  76   7  27  29  18 
  9  39  41  60   4  24 123  74  45  66  50  89  49  19  24  63  65  38 123 116  34  81  86  52  51  14  66  79  47  42  16 102  42  19  83  21  36 115  14   0  38 110  99   5  20  81  31  98  45  16 
 46  20  27  21  93  75  46  55  91  68  51   9  60  38  52  22 111  74  97 103 122  79  42  13  89  27  11  51 119  74  10 112   3   1  94  67 115  36 105  96   0  13 120  35  99  94  62  79  57 102 
 52  30  24  29  38  72  60  40  40  70  85   1  43 101 124 101  36  72 111  13 102   2  48  47   1  80  40 106  66  88 122 114  60  22  91  15  77  41  97  84  37   0  98  78  90  29  27  78  25  33 
123  14  70  24  41  70 122 120  99   3 106 124  13  27  25  56  61   8  28  38  17   2  46  77  55  96  86  31  99  76  49  39  45  43  10   6 124  10  47  97  40  79   0  39  40  34 109  55  30  72 
 85  55  17  70  97   1  60  53  44   8  65 117  44 112  90  97  34  74 124  19  46   8  69 113   9  25   8  86 121  11  99 104  93   5  43  44   5  50 109 114  43  26  58   0  63  55  33 110  66  84 
 40  39  87  19  54  72 121 124 118  11   3  78 112  32  43  36  20  44 108  82  12   9  19  49 122  47 121 107  82  61  24  65 117 123   4  22   1 124  34  29 117  25  87  21   0 108  63 119  92  83 
 70  45  30 121   3  17  56  26  19  64  69  97  46 102  17  21  54 124 112 113  57 124 110   1   8 120  48  42  68  28  62  85  23  48  70  58  42  16  36   9  38  41  36   2  75   0  70  13 110   3 
 57  25  51 106  13  93  41  27   1  43  28 106  46  36  30  33 106 123  66  71  92  63  12  37  86  95  90  39  44   2  13  23   2 112  80  89  91 122  31   1  74  53  80  16  35  11   0  74  93 122 
 76  94  42  75  16  46  19  61  27  59  65 107  24 120 105 119  58 107 101 115  44  24  16  70 114  88  80 110   9 119 105  30  78  88  52  23  72  46  29 114  21  94   4 120  17  14  73   0 102  37 
 17  63 100 114  40  98 115 111  17  52  90  48  77  35  97  48  18   1  94  12  54  15 116  42  28  66  60 112   4   7  44 124  77  60 111 109 114  51 116  23  74  94  25  81  24  88  91  30   0  17 
119   1   9 117  46  76 102 123 116  90  52  65  17  94   9  43  44  17  33  96  93  84  48   9  16  51 110  23  32  80 120  81  29  78 120  68  30 115  36  58  45  11  72  30  60  72  92  84 112   0 
M3
  0  70  14  70  44  96 101  16  27  24  25  82 121 107  25  61  10  20  61 102   1  25 113  41 102  81  18  62  61  40 114  61 103  44  52  68 118  60  88  34  42  31  41  39  20  92  81  64  33  84 
 62   0  96  25  36  60   3  77  63   9   4  10 113   7  13 115  12  68  73  98 120 120 112  51  32  15 101  76  89 119 106  31  99  66 119 103   6  55  23  98 121 114  94  25 118  56  69 123   9  49 
 32  81   0  82  65  57  50   2  87  61 107  47  55  15  89  54 110 123 116  37 101  23  14  30  64  19 113  38  12  58  16  24  52  37  36  36  67  88  91  91  77  68 117  64  41  63  14  78  58 110 
 39  40  10   0  87   4  58 110  61  81  62 109  86  92  53  88  67  52 117 106  69  16  65   4 102  63  18 110  15  22  98 114   4  75  47 106  89  74  74  20  93 107 109  83  19  50 106  96  96 107 
 77 119  57  30   0  27  88  30  84  78  89  22   8  88 114 101   3 103   8 117   3  86  78  54  75 106 100  73  83  40  34  42  23  92 101  60  97 114  79  57   3  23 118  81  10  13  62  86 107  59 
 96  82  30 105  63   0  52  92  36  50 118  21 110  78  17  86  39  64  90  85 102 104   1  58 105  64 113  94  80   7  11 106  19  57   5  17  81  48  57 115  48  23  20  30 102  27  54  89  44  39 
 27 113  59  48  22  42   0   6  57 105  54 119 116  87  85  83   1 112 117  26  50 119  57  24  19  90  10 110 105  25  78  79  70  92  52  87  25 114  67  93  53 105 118  94  69  66  96  26 112  65 
 86  52   2  42  36  19  98   0  42 106  22  40  78  11 106  73  74   6  29  60  18 123  55  18  79   5  50  21  48  76  54 118 107   5  97   7 111 106  75  81 107  12  80 115   7  69 109  49 107  19 
 92  91  46 108  93 100   3  97   0 111  60  96 108   8 103 116  82   1  81   1   1  80 116  64 107  14  93  45  73 124 116  85  98 100 123  64 124  83   7  35  85  34 101  95 114  41   2 106  45  34 
122 100  40  30  15  75  25  48  94   0 115  43  54  86  26 102  52  75  77  62  31  62  54 114  33   7  57  91  65  15  93 107   1  47  60  24  69  41 108  77  56 104  39  84 108  23 119 121  10  18 
 62   8  87 111   8  97   8  61  96 111   0 103 103  87  58  77  15  37  59  59  46  73  69 107  30  69 120 118  76  94  82  39  36  85   1  18 122  97  63  69  25 117 116  54 101  27   6  75  27 102 
105   9  38  59  96   5  94 116  54  48  98   0  95  95   6  23  46  76   7  21  23 109 123 121  97 111  89  49  45  91  13  82  19  65  69  35  21  46 115  24  75  36  21 106  76  27  53 123  84  26 
 24  81  94 104  89  52 111 109  72  98 119  73   0  14  12 122 117  65  74 109  62  10  49  61  72  91  39  44  55 116 114 121 118  78  80  43  91  15 116  67 100 102 112 116  14  64   3 124  97  45 
 14  70   7  75  66   2  43  71  23  60  76  40  83   0   9  94  68  88  90  24  98  96  34 120  13  60  32  36  50  37  11  98  45  63  14 114  34  42  21  33  67  49  89 101  18  70 120  85  11 124 
 59  44  20  37  16  13  57  21  97  56   6 101  15  97   0  45  53  31 102  21  51  15  58  93  38  83  76  70  25  79  49 113  78  68  41  71  96  50  74  44   5  16  28 106  14  67 104  86 102  50 
 85  16  89  19  24  37  87 107  21  33  79   1  24  13 119   0  88  99 116  83  20  95  59  80 115  69  24  95  68  23  83 122  18  77  79  33  28  54  37  54  89  39  60  83  23  73  47 120  96 107 
123  47  72  76  75  80 105 106  68  91   7 120  34  13  76 118   0  65  63  19  46  91 108   3  28   3  38  12  20 102  10  21 114 106   6  93  94 113  59  80  16 109  81  15  20  28  44  96 116  71 
 76  71  29 122  87   8  73  68  64  75  31  45  89 100  54  14  61   0  73  89  50  54  65  79  21  61 109  11  99  29  98 110 100  85 107  96  55 118  57 103  28  30  61  77  97  18  26  10 102  64 
 38  12  40  73  65  71 123  23   4  43  29  82  70 104  45  77  31   9   0  30  36  99  96 111  17  98   8 106  18  63 101  80   7  42  44  91  67  73 112  33  99   1  24  23  95  73  94  13  87  96 
110  63  62  67   5   8  23  16  88  19 124 102  61  63   5  74  53  72 101   0  52  46  63 112 100  96  81  61  58  37  86  54  52 124   4 101  85  70  45  24  90  22  14  66  98  91 123  34 117  54 
 70  27  27  43  12  65  81 121  86  39  70  75 100  32  77  39  39  35 116 111   0  66  94  39 119  15   3 109  16  81  59  79   1 104  71   5 107  91  74  76  52 121  86 105  82  28  70  72 102  39 
 22  21  88 118   6  24   6  82  81 115  86  25 117  75  52 100  63  66 107  90 116   0  15  79  17  13  51 106  24  15  10  49  77   1  55  39  50  51  54   3 120  39  70  83 109  20  75  93  59  34 
 59 108  11  79 112 123   9  79 108 119  85  23  69  91  58  88  49 103  93  33  29  37   0  85  81   6  47  75  12 121  27  35  60  15   4 104  15 122  44  32  45  16  26  16  29 108   9  93  69  94 
121  81  76  50  33  12  86  97   4  11 100   8  90 110  12 111  41  71   4  93 118  87  85   0  27  10  36 108  44  79  32   1  56  72  21   5  77  44  27 109  62  53 105  85  27  94  90  82 100 123 
 36  38  66  76  69   4  23  53  93  14  74  86 114 109  47  40  82  10  51  59  91  17  42  42   0  33 120 102  76  62  92  30 105  92  99  90  71  87  44  89  50  54  29 105 102  94  35  27  72  60 
 88  49 122  37 111  88   2  34 111  54  16  21  65  84  11  60  83  57 102  23   8  48   3  43  52   0  38  16  89  37  29  38  41  88  33 116  52  66  66   3  95  89  98  83  84  65  19   5  91 119 
119 111  61  57  91  38   5 111 109  84  35   7 123  58 124  20  85  46  33  89  65 123  70  63  82  62   0  33 123  25  82  55  60  63  32  50  75 124 105  59  12   3  39  61  76  54   7 114  15 123 
 79   8  97 117 102  55  74  93  59  20  36  16  49  23  41   1  89  69  84  73  54  51  59  11  79  24   6   0  11  45  40   7  65  58  12  65   1  70  17 113  10  47 117  29  64 119 114  34  69  90 
 68  21   7  34 111 108  55  79 101  31  29   7  16  88  85 112  82  49 121  89  94   2  96 105  86  73  14  27   0 110 123  33 108 101  52  97  23  37  75 108  34  17  69  54  92  22 118  80 100 104 
  2 108 112  49  73 123  31  69 110  81   7  47 110  54  78  82   5  22  50  18  90  30  53  37 114  38  98  91  36   0  12  57  52   7  28  19  60  61   8  77 117  41  88   8  86  58  85  39   2  57 
 77  29  17  16 123  85  72  92 123  18   1  70  44  71  96  84   9  80  32  33 121  68  12 116  54  90  27 124  70  90   0  57  34  25  83  89  99  83  48 107 114  85  96  80  98  77  34  70  70  75 
 97   1  97   7  49  89  80  73 111  62  53 100  65 119  69 101  96  52  57  11  30   2  38  40  25  98  75  61  55 110  34   0  23  75  11 111  75  22 121  45  15  76 119  84  80 114 115 111   7   9 
121  29   6  20   4  78 116  71  14  94 120 110  61  87   6  58  97 117 111  10  36 101  16  27  52  19  40  17  59  26  74 104   0  77  25  78  98   5  82  10  82  29  89  43  43  97  38  69  98  97 
 23  23 124  72  38  34   7  49  54  22  10  30  81  79  31  84  76  25  23 119  59   6  15 106  59 107 106 102  53 105 110 123  28   0  68  44  45  14  49  12 106  46  39  87  38  83 124  67 114  62 
 61 124  35 120  73   6  79  49 102  26 104  42  92 115  40  25  17  30  50  81  38  37  99 103  70 113  56 109  41  80   2 107  93  59   0  64  57  56  62  71  88   9  99  72  64  34  10  54  43  39 
  8  96 124 121  58  81  80 113  23 120  52  17  44  96  13  71  33  63  76  34  78  23  79  78 104  12 124  18  59  99   1  86  42  23  19   0  67  76  45  20 103  95  15  18  45  79  41 101   3  30 
123  35 104 114   9 101  72  72  77 102  52   9  75 124 121 102 124  63  23  93  45   7  36 112  79  88  83  49  32  14 111  46  25  98  11  50   0 110 118 118 124   4  55  97  14   7  53  39  82  70 
 57  76  90  41 113  90  23 122  65   5   1  47  83  97  48  53  37 114  10  43  91  68  89  56  98  50 117  99  39  69  43  41  33  30  77  61  97   0  72  30  55  61  55  30  54  21   8  53  39  77 
 55  90  33  71  92  81  61 122   8  73  45  11  94  64  94  82  28 120 124  62  64 111 103  40   1 124  44  37  63  41  99   1  38  54  68  22  10  93   0  38  53 111   9 103  10  76   7  27  29  18 
  9  39  41  60   4  24 123  74  45  66  50  89  49  19  24  63  65  38 123 116  34  81  86  52  51  14  66  79  47  42  16 102  42  19  83  21  36 115  14   0  38 110  99   5  20  81  31  98  45  16 
 46  20  27  21  93  75  46  55  91  68  51   9  60  38  52  22 111  74  97 103 122  79  42  13  89  27  11  51 119  74  10 112   3   1  94  67 115  36 105  96   0  13 120  35  99  94  62  79  57 102 
 52  30  24  29  38  72  60  40  40  70  85   1  43 101 124 101  36  72 111  13 102   2  48  47   1  80  40 106  66  88 122 114  60  22  91  15  77  41  97  84  37   0  98  78  90  29  27  78  25  33 
123  14  70  24  41  70 122 120  99   3 106 124  13  27  25  56  61   8  28  38  17   2  46  77  55  96  86  31  99  76  49  39  45  43  10   6 124  10  47  97  40  79   0  39  40  34 109  55  30  72 
 85  55  17  70  97   1  60  53  44   8  65 117  44 112  90  97  34  74 124  19  46   8  69 113   9  25   8  86 121  11  99 104  93   5  43  44   5  50 109 114  43  26  58   0  63  55  33 110  66  84 
 40  39  87  19  54  72 121 124 118  11   3  78 112  32  43  36  20  44 108  82  12   9  19  49 122  47 121 107  82  61  24  65 117 123   4  22   1 124  34  29 117  25  87  21   0 108  63 119  92  83 
 70  45  30 121   3  17  56  26  19  64  69  97  46 102  17  21  54 124 112 113  57 124 110   1   8 120  48  42  68  28  62  85  23  48  70  58  42  16  36   9  38  41  36   2  75   0  70  13 110   3 
 57  25  51 106  13  93  41  27   1  43  28 106  46  36  30  33 106 123  66  71  92  63  12  37  86  95  90  39  44   2  13  23   2 112  80  89  91 122  31   1  74  53  80  16  35  11   0  74  93 122 
 76  94  42  75  16  46  19  61  27  59  65 107  24 120 105 119  58 107 101 115  44  24  16  70 114  88  80 110   9 119 105  30  78  88  52  23  72  46  29 114  21  94   4 120  17  14  73   0 102  37 
 17  63 100 114  40  98 115 111  17  52  90  48  77  35  97  48  18   1  94  12  54  15 116  42  28  66  60 112   4   7  44 124  77  60 111 109 114  51 116  23  74  94  25  81  24  88  91  30   0  17 
119   1   9 117  46  76 102 123 116  90  52  65  17  94   9  43  44  17  33  96  93  84  48   9  16  51 110  23  32  80 120  81  29  78 120  68  30 115  36  58  45  11  72  30  60  72  92  84 112   0 
M4
  0  70  14  70  44  96 101  16  27  24  25  82 121 107  25  61  10  20  61 102   1  25 113  41 102  81  18  62  61  40 114  61 103  44  52  68 118  60  88  34  42  31  41  39  20  92  81  64  33  84 
 62   0  96  25  36  60   3  77  63   9   4  10 113   7  13 115  12  68  73  98 120 120 112  51  32  15 101  76  89 119 106  31  99  66 119 103   6  55  23  98 121 114  94  25 118  56  69 123   9  49 
 32  81   0  82  65  57  50   2  87  61 107  47  55  15  89  54 110 123 116  37 101  23  14  30  64  19 113  38  12  58  16  24  52  37  36  36  67  88  91  91  77  68 117  64  41  63  14  78  58 110 
 39  40  10   0  87   4  58 110  61  81  62 109  86  92  53  88  67  52 117 106  69  16  65   4 102  63  18 110  15  22  98 114   4  75  47 106  89  74  74  20  93 107 109  83  19  50 106  96  96 107 
 77 119  57  30   0  27  88  30  84  78  89  22   8  88 114 101   3 103   8 117   3  86  78  54  75 106 100  73  83  40  34  42  23  92 101  60  97 114  79  57   3  23 118  81  10  13  62  86 107  59 
 96  82  30 105  63   0  52  92  36  50 118  21 110  78  17  86  39  64  90  85 102 104   1  58 105  64 113  94  80   7  11 106  19  57   5  17  81  48  57 115  48  23  20  30 102  27  54  89  44  39 
 27 113  59  48  22  42   0   6  57 105  54 119 116  87  85  83   1 112 117  26  50 119  57  24  19  90  10 110 105  25  78  79  70  92  52  87  25 114  67  93  53 105 118  94  69  66  96  26 112  65 
 86  52   2  42  36  19  98   0  42 106  22  40  78  11 106  73  74   6  29  60  18 123  55  18  79   5  50  21  48  76  54 118 107   5  97   7 111 106  75  81 107  12  80 115   7  69 109  49 107  19 
 92  91  46 108  93 100   3  97   0 111  60  96 108   8 103 116  82   1  81   1   1  80 116  64 107  14  93  45  73 124 116  85  98 100 123  64 124  83   7  35  85  34 101  95 114  41   2 106  45  34 
122 100  40  30  15  75  25  48  94   0 115  43  54  86  26 102  52  75  77  62  31  62  54 114  33   7  57  91  65  15  93 107   1  47  60  24  69  41 108  77  56 104  39  84 108  23 119 121  10  18 
 62   8  87 111   8  97   8  61  96 111   0 103 103  87  58  77  15  37  59  59  46  73  69 107  30  69 120 118  76  94  82  39  36  85   1  18 122  97  63  69  25 117 116  54 101  27   6  75  27 102 
105   9  38  59  96   5  94 116  54  48  98   0  95  95   6  23  46  76   7  21  23 109 123 121  97 111  89  49  45  91  13  82  19  65  69  35  21  46 115  24  75  36  21 106  76  27  53 123  84  26 
 24  81  94 104  89  52 111 109  72  98 119  73   0  14  12 122 117  65  74 109  62  10  49  61  72  91  39  44  55 116 114 121 118  78  80  43  91  15 116  67 100 102 112 116  14  64   3 124  97  45 
 14  70   7  75  66   2  43  71  23  60  76  40  83   0   9  94  68  88  90  24  98  96  34 120  13  60  32  36  50  37  11  98  45  63  14 114  34  42  21  33  67  49  89 101  18  70 120  85  11 124 
 59  44  20  37  16  13  57  21  97  56   6 101  15  97   0  45  53  31 102  21  51  15  58  93  38  83  76  70  25  79  49 113  78  68  41  71  96  50  74  44   5  16  28 106  14  67 104  86 102  50 
 85  16  89  19  24  37  87 107  21  33  79   1  24  13 119   0  88  99 116  83  20  95  59  80 115  69  24  95  68  23  83 122  18  77  79  33  28  54  37  54  89  39  60  83  23  73  47 120  96 107 
123  47  72  76  75  80 105 106  68  91   7 120  34  13  76 118   0  65  63  19  46  91 108   3  28   3  38  12  20 102  10  21 114 106   6  93  94 113  59  80  16 109  81  15  20  28  44  96 116  71 
 76  71  29 122  87   8  73  68  64  75  31  45  89 100  54  14  61   0  73  89  50  54  65  79  21  61 109  11  99  29  98 110 100  85 107  96  55 118  57 103  28  30  61  77  97  18  26  10 102  64 
 38  12  40  73  65  71 123  23   4  43  29  82  70 104  45  77  31   9   0  30  36  99  96 111  17  98   8 106  18  63 101  80   7  42  44  91  67  73 112  33  99   1  24  23  95  73  94  13  87  96 
110  63  62  67   5   8  23  16  88  19 124 102  61  63   5  74  53  72 101   0  52  46  63 112 100  96  81  61  58  37  86  54  52 124   4 101  85  70  45  24  90  22  14  66  98  91 123  34 117  54 
 70  27  27  43  12  65  81 121  86  39  70  75 100  32  77  39  39  35 116 111   0  66  94  39 119  15   3 109  16  81  59  79   1 104  71   5 107  91  74  76  52 121  86 105  82  28  70  72 102  39 
 22  21  88 118   6  24   6  82  81 115  86  25 117  75  52 100  63  66 107  90 116   0  15  79  17  13  51 106  24  15  10  49  77   1  55  39  50  51  54   3 120  39  70  83 109  20  75  93  59  34 
 59 108  11  79 112 123   9  79 108 119  85  23  69  91  58  88  49 103  93  33  29  37   0  85  81   6  47  75  12 121  27  35  60  15   4 104  15 122  44  32  45  16  26  16  29 108   9  93  69  94 
121  81  76  50  33  12  86  97   4  11 100   8  90 110  12 111  41  71   4  93 118  87  85   0  27  10  36 108  44  79  32   1  56  72  21   5  77  44  27 109  62  53 105  85  27  94  90  82 100 123 
 36  38  66  76  69   4  23  53  93  14  74  86 114 109  47  40  82  10  51  59  91  17  42  42   0  33 120 102  76  62  92  30 105  92  99  90  71  87  44  89  50  54  29 105 102  94  35  27  72  60 
 88  49 122  37 111  88   2  34 111  54  16  21  65  84  11  60  83  57 102  23   8  48   3  43  52   0  38  16  89  37  29  38  41  88  33 116  52  66  66   3  95  89  98  83  84  65  19   5  91 119 
119 111  61  57  91  38   5 111 109  84  35   7 123  58 124  20  85  46  33  89  65 123  70  63  82  62   0  33 123  25  82  55  60  63  32  50  75 124 105  59  12   3  39  61  76  54   7 114  15 123 
 79   8  97 117 102  55  74  93  59  20  36  16  49  23  41   1  89  69  84  73  54  51  59  11  79  24   6   0  11  45  40   7  65  58  12  65   1  70  17 113  10  47 117  29  64 119 114  34  69  90 
 68  21   7  34 111 108  55  79 101  31  29   7  16  88  85 112  82  49 121  89  94   2  96 105  86  73  14  27   0 110 123  33 108 101  52  97  23  37  75 108  34  17  69  54  92  22 118  80 100 104 
  2 108 112  49  73 123  31  69 110  81   7  47 110  54  78  82   5  22  50  18  90  30  53  37 114  38  98  91  36   0  12  57  52   7  28  19  60  61   8  77 117  41  88   8  86  58  85  39   2  57 
 77  29  17  16 123  85  72  92 123  18   1  70  44  71  96  84   9  80  32  33 121  68  12 116  54  90  27 124  70  90   0  57  34  25  83  89  99  83  48 107 114  85  96  80  98  77  34  70  70  75 
 97   1  97   7  49  89  80  73 111  62  53 100  65 119  69 101  96  52  57  11  30   2  38  40  25  98  75  61  55 110  34   0  23  75  11 111  75  22 121  45  15  76 119  84  80 114 115 111   7   9 
121  29   6  20   4  78 116  71  14  94 120 110  61  87   6  58  97 117 111  10  36 101  16  27  52  19  40  17  59  26  74 104   0  77  25  78  98   5  82  10  82  29  89  43  43  97  38  69  98  97 
 23  23 124  72  38  34   7  49  54  22  10  30  81  79  31  84  76  25  23 119  59   6  15 106  59 107 106 102  53 105 110 123  28   0  68  44  45  14  49  12 106  46  39  87  38  83 124  67 114  62 
 61 124  35 120  73   6  79  49 102  26 104  42  92 115  40  25  17  30  50  81  38  37  99 103  70 113  56 109  41  80   2 107  93  59   0  64  57  56  62  71  88   9  99  72  64  34  10  54  43  39 
  8  96 124 121  58  81  80 113  23 120  52  17  44  96  13  71  33  63  76  34  78  23  79  78 104  12 124  18  59  99   1  86  42  23  19   0  67  76  45  20 103  95  15  18  45  79  41 101   3  30 
123  35 104 114   9 101  72  72  77 102  52   9  75 124 121 102 124  63  23  93  45   7  36 112  79  88  83  49  32  14 111  46  25  98  11  50   0 110 118 118 124   4  55  97  14   7  53  39  82  70 
 57  76  90  41 113  90  23 122  65   5   1  47  83  97  48  53  37 114  10  43  91  68  89  56  98  50 117  99  39  69  43  41  33  30  77  61  97   0  72  30  55  61  55  30  54  21   8  53  39  77 
 55  90  33  71  92  81  61 122   8  73  45  11  94  64  94  82  28 120 124  62  64 111 103  40   1 124  44  37  63  41  99   1  38  54  68  22  10  93   0  38  53 111   9 103  10  76   7  27  29  18 
  9  39  41  60   4  24 123  74  45  66  50  89  49  19  24  63  65  38 123 116  34  81  86  52  51  14  66  79  47  42  16 102  42  19  83  21  36 115  14   0  38 110  99   5  20  81  31  98  45  16 
 46  20  27  21  93  75  46  55  91  68  51   9  60  38  52  22 111  74  97 103 122  79  42  13  89  27  11  51 119  74  10 112   3   1  94  67 115  36 105  96   0  13 120  35  99  94  62  79  57 102 
 52  30  24  29  38  72  60  40  40  70  85   1  43 101 124 101  36  72 111  13 102   2  48  47   1  80  40 106  66  88 122 114  60  22  91  15  77  41  97  84  37   0  98  78  90  29  27  78  25  33 
123  14  70  24  41  70 122 120  99   3 106 124  13  27  25  56  61   8  28  38  17   2  46  77  55  96  86  31  99  76  49  39  45  43  10   6 124  10  47  97  40  79   0  39  40  34 109  55  30  72 
 85  55  17  70  97   1  60  53  44   8  65 117  44 112  90  97  34  74 124  19  46   8  69 113   9  25   8  86 121  11  99 104  93   5  43  44   5  50 109 114  43  26  58   0  63  55  33 110  66  84 
 40  39  87  19  54  72 121 124 118  11   3  78 112  32  43  36  20  44 108  82  12   9  19  49 122  47 121 107  82  61  24  65 117 123   4  22   1 124  34  29 117  25  87  21   0 108  63 119  92  83 
 70  45  30 121   3  17  56  26  19  64  69  97  46 102  17  21  54 124 112 113  57 124 110   1   8 120  48  42  68  28  62  85  23  48  70  58  42  16  36   9  38  41  36   2  75   0  70  13 110   3 
 57  25  51 106  13  93  41  27   1  43  28 106  46  36  30  33 106 123  66  71  92  63  12  37  86  95  90  39  44   2  13  23   2 112  80  89  91 122  31   1  74  53  80  16  35  11   0  74  93 122 
 76  94  42  75  16  46  19  61  27  59  65 107  24 120 105 119  58 107 101 115  44  24  16  70 114  88  80 110   9 119 105  30  78  88  52  23  72  46  29 114  21  94   4 120  17  14  73   0 102  37 
 17  63 100 114  40  98 115 111  17  52  90  48  77  35  97  48  18   1  94  12  54  15 116  42  28  66  60 112   4   7  44 124  77  60 111 109 114  51 116  23  74  94  25  81  24  88  91  30   0  17 
119   1   9 117  46  76 102 123 116  90  52  65  17  94   9  43  44  17  33  96  93  84  48   9  16  51 110  23  32  80 120  81  29  78 120  68  30 115  36  58  45  11  72  30  60  72  92  84 112   0 
Reldue
  652    3    8
  805    1    7
  654    8    8
 1705    7    4
 1342    4    6
 1469    3    8
 2136    6    5
  753    1    3
  835    8    5
 1643    4    1
 2400    6    2
  667    4    1
 2038    1    8
 1867    2    3
  711    3    4
 1233    4    9
 1206    6    8
 2189    5    1
 2090    5    9
  719    3    8
 1405    3    3
 1621    7    1
 1987    3    4
 1276    1    4
 2197    4    6
 1725    3    7
 1617    3    6
 2086    6    5
 1825    6    3
 1815    6    4
 1071    7    8
  820    9    1
 1265    5    5
  998    8    5
 1424    6    3
  793    3    7
  708    4    4
  977    4    8
 1983    4    5
 1595    2    3
 1594    4    1
 1279    4    1
 1129    5    7
 1320    4    9
  663    8    6
 1509    9    6
 2336    5    9
 1405    6    4
 1343    5    8
 1206    3    5
DDW
  611   693
  743   866
  618   690
 1604  1806
 1252  1431
 1366  1572
 1942  2330
  684   822
  766   905
 1493  1792
 2269  2532
  607   727
 1903  2174
 1708  2026
  658   764
 1152  1314
 1117  1296
 2024  2354
 1917  2264
  681   756
 1320  1490
 1525  1717
 1861  2112
 1198  1354
 1980  2413
 1557  1893
 1477  1757
 1954  2219
 1656  1993
 1649  1982
  989  1153
  741   898
 1143  1387
  908  1089
 1285  1563
  739   848
  647   768
  925  1030
 1787  2179
 1492  1697
 1499  1688
 1158  1400
 1020  1238
 1229  1411
  598   727
 1399  1620
 2189  2484
 1316  1493
 1258  1428
 1099  1313
