50   8
MD
  5  2  5  2  2  3  4  4
PT
 76  96  93  22   9  20  38  97  67   2  88  34  80  62  70  36  87   8   5  28  67  64  57  18  34   7  46  68  56  68  50  13   6  84  10  78  26  99  89  63  98  23  75  62  54  42  92  26   9   8 
 72  41  42  37  69  73  14  43  79   5  23  20  11  32  97  46  95  77  92  23  73  48  26  71   6  34  54  27  78  48  91  75  19  66  24  28  72  67  10  29  35  27  87  68  89  22  96  20  49   4 
 55  63   7  51  75  81  12  17  11  89  15  50  16  22  46  21  30  66  81  53  48  58  52  47  96  12  42  88  35  16  52  35  82  43  45   6  90  71  11  26  48   8  46  40  12  81  99  55   9  75 
 47  88  60  44  24  57  84  60  20  52  81  23  11  50   5  16   3  24  46  86  29  60  84  48  93  83  77  74  45  47  18  46  55  94  92  37  45  37  49  24  70  14  66  91  74   6  31  59  78  69 
 41  62  34  63  62  10  71  69   5  19  67  70  49  28  47  20  90  53   7  40   8  94  74  30  97  98  18  94  94  36  32  64  60  53  92  44  49  12  86  40  71  38   6  58  51  82  25  59  10  50 
 79  24  64  48  36  58  34  61  62  56   5  97   9  88  12  97  93  74  57  32  16  98  11  60  39  48  65   6  31  43  75  19  82  34  70  18  95   7  71  90  14  46   8  19  51  13  32  48  16  20 
  7  22  88  56  34  24  96  13  44  28  69  13   2  41  69  60  22  70  89   8  29   5  85  15  15  67  67  61  44  12   3   9  89  79  72   8  54  51  52  50  81  17  89  15  87  96   5   3  95  88 
 60  95  26  73  44  46  48  18  45  56  33  14  39  75  71  40  53  32  64  40  20  97  23  88   1  25  99  60  76  56  92  35  94  96  43  29  93  45  92  71  49  13  42  35  53  77  80  62  19  67 
SSD
M0
  0  76  30   7  16  33   7 106  95  35   5 106  82  74   8  43  24  59  43  40  99  31  14  64   4  77  71  78  77 119  81   3  47 119  80  84  65  60  31 117   8  11  48  57  52  67  94 117  97  77 
100   0  39  56  81  57  28  84  59  69  32  71 118  44   8  90 118  58  41  65 120 110 111  97  46  69  97  59 109  44  62  26  97   5 118   4  47 117  50 101  52  82  77  54 110  30  23  86 114 110 
 35   4   0 122  21   2 101  11 100  20 106  36 100  37  33  72  73  37  35  46  55  62  67 104  39   5  84 106  24 116  90  59  94  95  75 100  14  16  52 110  21  33  86  21  30  71 104  58   3 106 
 43 116  26   0  87  70  95  38 114  50  23 103  32  67  21  62   7  98 107  72  99 104  75 110  23  22  20 117 122  67  88  53  19  27   8  79 109  64   8  77  18  66   7  16  13  44  78  66  38  43 
117  30 103  32   0 119  73 110  30  48  71  15  99  81 117 118 115  54 102 121  80  23 116  77 101  72  61   5 121  69  22  72 119  24  72  35  53  68 105  44  55  23  46  40   4  60 124  82  13  76 
 38 116  69  19  82   0 122  96  88  19   8  50  38  54  71  80  24 100  71  82  15 104   2 105  36  82  52  35  44 100  53  40  63  57   8  28   4  33  49   9  82  52  65  68  80  94 101  37  31  38 
 58  75 121  53 112  48   0  51  21   2  12 101  11  72  58  67  15  76  40 113  72 103 111  32  96  77  59  42 116  69 108 121 114  34   2  25  45  20  16  68   3  85  97   9 117 116  52 101 119  99 
 73  36 109 120  50  65  43   0  93 116 109   8  76  29  18 117 106  38  11   4  83  26  53  64 103  67  28  99  30  56  30  66  52  69 108  59  68  60  91  80  93 106  16  87  85  17  76  34  18  36 
 79  92 114 106 102  47   8  32   0  24  57  15  55  10 118   4  48  61 101  84  32  29  68  78  11  28 106  77  54  15  36  60  82  36  16  52  55  59  82  93  74  70  16  34 121  47  34 105  68  66 
  6  74  24  17  36  69  81 115 122   0   1  81 120   1   7   7   5  38   7   5 103  17  58  72  43  96  15 115  62  85  67  21  47  59   5  78  73  41  57  17  83 105  76  97  50 123  43  85  21  30 
 37  45  42  59  82  83 121  54 121  80   0  99  73  54  58  11  86  72 110  96  30   2  87  92  97 120  21 111 103  84  22  79  30  68  20  49  71  88   5  66  51 115  98 124  82  54  62  94  74  66 
 68  44 104  64  37  57  20  14  52  94  35   0  11  80  20 120  46  80  94 102 124 118 119 115  64  31  42 104  18  81  10  58 108  91 101  90  23  85  48  35   6 114  49  34  40  27  77  60  26 121 
 76  59  69  45  85  90  22  10  56 106  35  15   0  28  53  89  89  61  37  64  36  54  51  82  74  14  34   7  38   2  43  34  90  52  92 102 101  56  23  96  40   8  29  38  53  84  14  74 124 112 
115  57  36  85  75 120  24  21 120  50  73  56  61   0  71  92 117  47  24  81  14  70  27  77 116 110  55  28  37  69  87 124  48  42  70   4 121  76  33 106  56  10  98  32  99  22  74  34  43 124 
 50  48  23  64  21 117  61   8  68  25  90  79  42  74   0  53  61  50  65  67  68  33 110   4 109  70  93   3  21 117  59  17  37  90  82   1  47  39  87  10  66  52  57  18  44  84 120 111  66  72 
106  78   2  49  36  93  48   4  46 107  43  15   5  22   8   0  23  60  46 119  16 124  94  55  48  19  58  57  51  16  83  72  49 104  50  35  32  78 123 123  38  97  30   9  51  87  41  26  27  61 
 53 105  51 102  54 114 121  16  81  60   9  81  46  22  20 104   0  20 121  73  88  39  69  56   1  78  80 117  84   7 115  34  16 108  58  51  36  51  88  51  84  17 107  23 104  20  71   9  66  82 
 48  94  35  23  20  27  98  64  46 120  10  28 112  20  81  73  70   0  51  65  89  55  69  92  92  73  18  49  76  86 124  25  34  75  20 104  33  13 103  96 115  78 119  72 106  54  61  24  80  70 
 29  29 108  73  42  31  93  57  11  15  91  62 115  62  75  86  17  96   0 104  54   1 123  36  84  84  81  32 103  21 119  85  12  32 124  64  32 123   1  16 107 108  36  98  25  61  47 121  73  85 
124 115  20   7  13  11   6  26  41 123  19  59   6  50   4  90  89  26  90   0 107 120   8 105  22   4   8  33  83  68  83  81  68  37  57  17 102  55  15 113  36  60  79  27  27  27  45  51  58  38 
 16  52 106  48  22  27  11   3  32  41  33  95  74 120  13   5 107  64  42  84   0  35  70  54  73 110  81  76 112 113  34  78  76  95 121  58  66  44  29  74 105  63  70  32  41  94  93 109  96 118 
114  45  23  81  34  58 110  47  44   5  98  64  15 119  44  76  37  88  32  24   7   0  82  34  34  20  29  74  56  19 103  64  91  49  34  35  28   4  59  13  43   8  20  56   5  22  21 109  91  69 
 80  92  36  16  57  36  81  88  91 118  56  16 108  31 121  60  88 104  83 116 111  23   0  76  72  68  23  26  39  99 105  91 124  38  36  99  43  48  18  22 102 108   7   2 116  63  15  19 103  41 
  2  78  75   6  63  20  53  77 106 102 102  28 121  92  51 121  71  71  87  56  51  12  11   0  90  41  82   9 106 108  61  63  17  76  29 101  47 122 109 109  75  95  40  77  82   3  46  49  50  65 
115 117 112  36 118  36  23  42   4 105 107  35  51  10 107  50 115  77  97  66  56  44   1  82   0  25  77  81  75   4 122  81  51  10 113 105   1   4  37  21  16  80  57 111  13  68 101  73  75   5 
 62 118 114  18  48  30  14 118   6  54  73   6 120  84 108   1  60  21 116 101  13  96  89 109 117   0 109 121  86  60  52   6  19  13  72 108  80  72   8 123  45  83 111  35  22  55  24  54  87  21 
 76  42   2   6  68  31  30  13 122 122  54  28  74  17  10 105  21  44  81  43  22 110  65 111 112   9   0 106  64   1  58  61  26  77   6 118  99  36  87  18  83  88  57  21 121   6  91 101  59  95 
 61 109   1 107  31  65 116  29  17  43 110  11  70  21   3   5  89  92  62  73 113 109  62 110  14  41  20   0 112  53 110  89  22  66 119  37  87   6  65 110  37  88  32  63 107  61  16  57 120  84 
 48  58  81  72  87  98  64 102  59  27 101  83  80  50   8  55  11 101  20  66 107  25  87  48  94 105   1  82   0  81  39  15  12  31  54  72  52  66  80   1  14 101 105  93  52  90  91  66 112  83 
 14 106   6   9   3  39  89  95  71 120 108  29  68  11 103 124  63  71  84  13  86  89  69  20   4  62 101  61   5   0 122   2  52  38  26  36  60  85  36  29  86 113  13  67  48 110  40 106  50  84 
 38  38   5  54  36  83  17  77  24  48   5 121  75   2  23  58 102  44  74 119 123  67  69  40   8  41  28  52  44  76   0  23 124 116  56   3  50  58  39  70  97  14  81  54  95   3  48  57 112  40 
 41  94  82  92  23  20  88  17  93  45  91  61  82 107  93  52 121  68  47  52  98   1  57  59 109 103   7  38  49 124 107   0  48  45  83  37 104  14 123  60  82  39  40   5 100  32   3  13  38  60 
110  33  15 110  51  88  21  37 104  82 101  57   4  73  76  89 117 113 117  96  66  21  85  63  55  60  14  91  68  19 100 123   0 100  91 113  54 114  98  73  90  98  86 123  74  40 119  98  26  66 
 29   7  75 104  29  12  92  51   2  24  22  90 117 106  39  92 100  64  69  66 111 111   5  65  75  55  32  81 112  44 118  41 102   0   5  44  78   4  77  91 102  61 109  16  40 109  99  25 113  39 
 20 124 108  92  32  61  29   7 103  76  98  58  76  85  28  25   1  14   6  96 124  95  27  91  11  88  19  92  82 117 101  91   7  75   0  97 119   2  35  48  40  58 109  50  53  50  18  39  92  61 
 51 100  59 104 103 105  89  66  39  28 106 113  99  16   9  19  23  70  31  10  33 114   8 104  69  74  43  22  44  26  38 104  93 103  34   0  91  69 113  85 102 104 113   6   1  27 112 101  47  39 
 72  36  47  94 118  25 121   1  26  58  89  29  41  82  84  63 121  67 124 104  23 105  24  85  85   3   9  47 110  24 116 106  84  28  29   7   0  15  28  98  73  33  50  38  37  71  30  92 106 113 
  9  94  37  15 108 102 116  85  80  96  99  43 108  27  72  69  22  27  75  57 123  97  32  76  40  62  32  38  55 106  83  64  76 103  86  17 120   0  59  86  83 112 100  63   5  52  67 122   8  71 
  7 122  30 114  49  83   4  11 122   1 122  92  15  33  69  15  18 103  27 117  13  59  21 102 100   4  39  43  95 110  97  53  93 100  75  25  27 118   0 111  67   6  54  11  22  69 114  15  85  33 
124  13  53 112  14  13 100  96 101 100  47   5  15  62  44  16 108  54  91 105  37  29  19 122  98  67  94  75  41  27 124  63 107 112 104  47  80  76 107   0  19  83 108  85  98   7  42  87  45  49 
 27  61  56  15  87  31  28  14  39  56  10 111 119 110  48  20  84 118 105 116  79   7  42  44  25 109  78  38   7  31  53 114  60  86  32  86  46  69  12  32   0  38  18 120  62 123 111 109  81  48 
  5 107  81  13  57  78  14   9  29  53  15  76  80  19  28  56  72   4   2  47  22  57 113 101  11  25  17 122 123  24  94  52 108 117  11  94  26  49  49 109 109   0  82  47  38  69   2  20  45  66 
 77 101  27 116 112  30  40  24  47  87  94  30  52  68  55  40  64 114 108  19  29  30 113  90  72 108 120 103 104  64  11  92   6 123  48  65 110   7  21  90 110   1   0  93  36 115 111  84  66  39 
 97  41  93  64  26   4   7  30   7  10  39  30 103  26  24 114  43  14 107  12  74  43  10 122  91  39  35 105 100  31 117  18  10  49  63  45 121  50  31  56  20  27  51   0  10  89  84  41  32  37 
 21  75  51  91  29  50 105  45  98  92 124  12 109 105  77  89  85  61  86 104  61  63  82  34  50  85  19  60  94 122  15   9 109 114  63  43  43  22  41  90  22  69  34  76   0  87 112  83  73 102 
107  84 110  93  74  23  82  20  75  16 101  32 108  77 115  24 123  85  76  69  82 118   8 108 108 106  99 109  15  35  86 104  41  64  43  72  57  41  90  36   3   7 104  76  77   0 114 109  17  29 
 67  56  58   3  23 121 100  33  44  65  69  60  98 114  36  29  83 121 122  41 116  79  32 119  93  13 110  31  62  31  48  44  21  88  90 115   6  14 114 120  64 116   8 105  75  95   0   1  23 106 
 53  74  90 101  82  91  49  58  40  82  84  14 124  32  79  70  95  70  72  81 110  56  59  63  85  62   5  53  35  93  16  31  70   3   9  18  28  69  19   3  84  35  14  25  94  87  33   0  40  78 
 27  90 124  35  26  11  94  63  74  74 119  63  48  96  26  60  34 115  62 124 108  74  87  91  59 120  55   3  83  57 103 124 114  63  54  19  95  91  31  34  64 103 124 122  37  53  67  91   0 100 
 21 124  19   1  55   2 108  13  41  73  42  68 106  32  40 117  90 120  79  98  13  23  91  99 118  96  78  61  25  19  45  42  28  10 117 104  72  83  94  41 107  98 112  33   5  17  52 106 115   0 
M1
  0  76  30   7  16  33   7 106  95  35   5 106  82  74   8  43  24  59  43  40  99  31  14  64   4  77  71  78  77 119  81   3  47 119  80  84  65  60  31 117   8  11  48  57  52  67  94 117  97  77 
100   0  39  56  81  57  28  84  59  69  32  71 118  44   8  90 118  58  41  65 120 110 111  97  46  69  97  59 109  44  62  26  97   5 118   4  47 117  50 101  52  82  77  54 110  30  23  86 114 110 
 35   4   0 122  21   2 101  11 100  20 106  36 100  37  33  72  73  37  35  46  55  62  67 104  39   5  84 106  24 116  90  59  94  95  75 100  14  16  52 110  21  33  86  21  30  71 104  58   3 106 
 43 116  26   0  87  70  95  38 114  50  23 103  32  67  21  62   7  98 107  72  99 104  75 110  23  22  20 117 122  67  88  53  19  27   8  79 109  64   8  77  18  66   7  16  13  44  78  66  38  43 
117  30 103  32   0 119  73 110  30  48  71  15  99  81 117 118 115  54 102 121  80  23 116  77 101  72  61   5 121  69  22  72 119  24  72  35  53  68 105  44  55  23  46  40   4  60 124  82  13  76 
 38 116  69  19  82   0 122  96  88  19   8  50  38  54  71  80  24 100  71  82  15 104   2 105  36  82  52  35  44 100  53  40  63  57   8  28   4  33  49   9  82  52  65  68  80  94 101  37  31  38 
 58  75 121  53 112  48   0  51  21   2  12 101  11  72  58  67  15  76  40 113  72 103 111  32  96  77  59  42 116  69 108 121 114  34   2  25  45  20  16  68   3  85  97   9 117 116  52 101 119  99 
 73  36 109 120  50  65  43   0  93 116 109   8  76  29  18 117 106  38  11   4  83  26  53  64 103  67  28  99  30  56  30  66  52  69 108  59  68  60  91  80  93 106  16  87  85  17  76  34  18  36 
 79  92 114 106 102  47   8  32   0  24  57  15  55  10 118   4  48  61 101  84  32  29  68  78  11  28 106  77  54  15  36  60  82  36  16  52  55  59  82  93  74  70  16  34 121  47  34 105  68  66 
  6  74  24  17  36  69  81 115 122   0   1  81 120   1   7   7   5  38   7   5 103  17  58  72  43  96  15 115  62  85  67  21  47  59   5  78  73  41  57  17  83 105  76  97  50 123  43  85  21  30 
 37  45  42  59  82  83 121  54 121  80   0  99  73  54  58  11  86  72 110  96  30   2  87  92  97 120  21 111 103  84  22  79  30  68  20  49  71  88   5  66  51 115  98 124  82  54  62  94  74  66 
 68  44 104  64  37  57  20  14  52  94  35   0  11  80  20 120  46  80  94 102 124 118 119 115  64  31  42 104  18  81  10  58 108  91 101  90  23  85  48  35   6 114  49  34  40  27  77  60  26 121 
 76  59  69  45  85  90  22  10  56 106  35  15   0  28  53  89  89  61  37  64  36  54  51  82  74  14  34   7  38   2  43  34  90  52  92 102 101  56  23  96  40   8  29  38  53  84  14  74 124 112 
115  57  36  85  75 120  24  21 120  50  73  56  61   0  71  92 117  47  24  81  14  70  27  77 116 110  55  28  37  69  87 124  48  42  70   4 121  76  33 106  56  10  98  32  99  22  74  34  43 124 
 50  48  23  64  21 117  61   8  68  25  90  79  42  74   0  53  61  50  65  67  68  33 110   4 109  70  93   3  21 117  59  17  37  90  82   1  47  39  87  10  66  52  57  18  44  84 120 111  66  72 
106  78   2  49  36  93  48   4  46 107  43  15   5  22   8   0  23  60  46 119  16 124  94  55  48  19  58  57  51  16  83  72  49 104  50  35  32  78 123 123  38  97  30   9  51  87  41  26  27  61 
 53 105  51 102  54 114 121  16  81  60   9  81  46  22  20 104   0  20 121  73  88  39  69  56   1  78  80 117  84   7 115  34  16 108  58  51  36  51  88  51  84  17 107  23 104  20  71   9  66  82 
 48  94  35  23  20  27  98  64  46 120  10  28 112  20  81  73  70   0  51  65  89  55  69  92  92  73  18  49  76  86 124  25  34  75  20 104  33  13 103  96 115  78 119  72 106  54  61  24  80  70 
 29  29 108  73  42  31  93  57  11  15  91  62 115  62  75  86  17  96   0 104  54   1 123  36  84  84  81  32 103  21 119  85  12  32 124  64  32 123   1  16 107 108  36  98  25  61  47 121  73  85 
124 115  20   7  13  11   6  26  41 123  19  59   6  50   4  90  89  26  90   0 107 120   8 105  22   4   8  33  83  68  83  81  68  37  57  17 102  55  15 113  36  60  79  27  27  27  45  51  58  38 
 16  52 106  48  22  27  11   3  32  41  33  95  74 120  13   5 107  64  42  84   0  35  70  54  73 110  81  76 112 113  34  78  76  95 121  58  66  44  29  74 105  63  70  32  41  94  93 109  96 118 
114  45  23  81  34  58 110  47  44   5  98  64  15 119  44  76  37  88  32  24   7   0  82  34  34  20  29  74  56  19 103  64  91  49  34  35  28   4  59  13  43   8  20  56   5  22  21 109  91  69 
 80  92  36  16  57  36  81  88  91 118  56  16 108  31 121  60  88 104  83 116 111  23   0  76  72  68  23  26  39  99 105  91 124  38  36  99  43  48  18  22 102 108   7   2 116  63  15  19 103  41 
  2  78  75   6  63  20  53  77 106 102 102  28 121  92  51 121  71  71  87  56  51  12  11   0  90  41  82   9 106 108  61  63  17  76  29 101  47 122 109 109  75  95  40  77  82   3  46  49  50  65 
115 117 112  36 118  36  23  42   4 105 107  35  51  10 107  50 115  77  97  66  56  44   1  82   0  25  77  81  75   4 122  81  51  10 113 105   1   4  37  21  16  80  57 111  13  68 101  73  75   5 
 62 118 114  18  48  30  14 118   6  54  73   6 120  84 108   1  60  21 116 101  13  96  89 109 117   0 109 121  86  60  52   6  19  13  72 108  80  72   8 123  45  83 111  35  22  55  24  54  87  21 
 76  42   2   6  68  31  30  13 122 122  54  28  74  17  10 105  21  44  81  43  22 110  65 111 112   9   0 106  64   1  58  61  26  77   6 118  99  36  87  18  83  88  57  21 121   6  91 101  59  95 
 61 109   1 107  31  65 116  29  17  43 110  11  70  21   3   5  89  92  62  73 113 109  62 110  14  41  20   0 112  53 110  89  22  66 119  37  87   6  65 110  37  88  32  63 107  61  16  57 120  84 
 48  58  81  72  87  98  64 102  59  27 101  83  80  50   8  55  11 101  20  66 107  25  87  48  94 105   1  82   0  81  39  15  12  31  54  72  52  66  80   1  14 101 105  93  52  90  91  66 112  83 
 14 106   6   9   3  39  89  95  71 120 108  29  68  11 103 124  63  71  84  13  86  89  69  20   4  62 101  61   5   0 122   2  52  38  26  36  60  85  36  29  86 113  13  67  48 110  40 106  50  84 
 38  38   5  54  36  83  17  77  24  48   5 121  75   2  23  58 102  44  74 119 123  67  69  40   8  41  28  52  44  76   0  23 124 116  56   3  50  58  39  70  97  14  81  54  95   3  48  57 112  40 
 41  94  82  92  23  20  88  17  93  45  91  61  82 107  93  52 121  68  47  52  98   1  57  59 109 103   7  38  49 124 107   0  48  45  83  37 104  14 123  60  82  39  40   5 100  32   3  13  38  60 
110  33  15 110  51  88  21  37 104  82 101  57   4  73  76  89 117 113 117  96  66  21  85  63  55  60  14  91  68  19 100 123   0 100  91 113  54 114  98  73  90  98  86 123  74  40 119  98  26  66 
 29   7  75 104  29  12  92  51   2  24  22  90 117 106  39  92 100  64  69  66 111 111   5  65  75  55  32  81 112  44 118  41 102   0   5  44  78   4  77  91 102  61 109  16  40 109  99  25 113  39 
 20 124 108  92  32  61  29   7 103  76  98  58  76  85  28  25   1  14   6  96 124  95  27  91  11  88  19  92  82 117 101  91   7  75   0  97 119   2  35  48  40  58 109  50  53  50  18  39  92  61 
 51 100  59 104 103 105  89  66  39  28 106 113  99  16   9  19  23  70  31  10  33 114   8 104  69  74  43  22  44  26  38 104  93 103  34   0  91  69 113  85 102 104 113   6   1  27 112 101  47  39 
 72  36  47  94 118  25 121   1  26  58  89  29  41  82  84  63 121  67 124 104  23 105  24  85  85   3   9  47 110  24 116 106  84  28  29   7   0  15  28  98  73  33  50  38  37  71  30  92 106 113 
  9  94  37  15 108 102 116  85  80  96  99  43 108  27  72  69  22  27  75  57 123  97  32  76  40  62  32  38  55 106  83  64  76 103  86  17 120   0  59  86  83 112 100  63   5  52  67 122   8  71 
  7 122  30 114  49  83   4  11 122   1 122  92  15  33  69  15  18 103  27 117  13  59  21 102 100   4  39  43  95 110  97  53  93 100  75  25  27 118   0 111  67   6  54  11  22  69 114  15  85  33 
124  13  53 112  14  13 100  96 101 100  47   5  15  62  44  16 108  54  91 105  37  29  19 122  98  67  94  75  41  27 124  63 107 112 104  47  80  76 107   0  19  83 108  85  98   7  42  87  45  49 
 27  61  56  15  87  31  28  14  39  56  10 111 119 110  48  20  84 118 105 116  79   7  42  44  25 109  78  38   7  31  53 114  60  86  32  86  46  69  12  32   0  38  18 120  62 123 111 109  81  48 
  5 107  81  13  57  78  14   9  29  53  15  76  80  19  28  56  72   4   2  47  22  57 113 101  11  25  17 122 123  24  94  52 108 117  11  94  26  49  49 109 109   0  82  47  38  69   2  20  45  66 
 77 101  27 116 112  30  40  24  47  87  94  30  52  68  55  40  64 114 108  19  29  30 113  90  72 108 120 103 104  64  11  92   6 123  48  65 110   7  21  90 110   1   0  93  36 115 111  84  66  39 
 97  41  93  64  26   4   7  30   7  10  39  30 103  26  24 114  43  14 107  12  74  43  10 122  91  39  35 105 100  31 117  18  10  49  63  45 121  50  31  56  20  27  51   0  10  89  84  41  32  37 
 21  75  51  91  29  50 105  45  98  92 124  12 109 105  77  89  85  61  86 104  61  63  82  34  50  85  19  60  94 122  15   9 109 114  63  43  43  22  41  90  22  69  34  76   0  87 112  83  73 102 
107  84 110  93  74  23  82  20  75  16 101  32 108  77 115  24 123  85  76  69  82 118   8 108 108 106  99 109  15  35  86 104  41  64  43  72  57  41  90  36   3   7 104  76  77   0 114 109  17  29 
 67  56  58   3  23 121 100  33  44  65  69  60  98 114  36  29  83 121 122  41 116  79  32 119  93  13 110  31  62  31  48  44  21  88  90 115   6  14 114 120  64 116   8 105  75  95   0   1  23 106 
 53  74  90 101  82  91  49  58  40  82  84  14 124  32  79  70  95  70  72  81 110  56  59  63  85  62   5  53  35  93  16  31  70   3   9  18  28  69  19   3  84  35  14  25  94  87  33   0  40  78 
 27  90 124  35  26  11  94  63  74  74 119  63  48  96  26  60  34 115  62 124 108  74  87  91  59 120  55   3  83  57 103 124 114  63  54  19  95  91  31  34  64 103 124 122  37  53  67  91   0 100 
 21 124  19   1  55   2 108  13  41  73  42  68 106  32  40 117  90 120  79  98  13  23  91  99 118  96  78  61  25  19  45  42  28  10 117 104  72  83  94  41 107  98 112  33   5  17  52 106 115   0 
M2
  0  76  30   7  16  33   7 106  95  35   5 106  82  74   8  43  24  59  43  40  99  31  14  64   4  77  71  78  77 119  81   3  47 119  80  84  65  60  31 117   8  11  48  57  52  67  94 117  97  77 
100   0  39  56  81  57  28  84  59  69  32  71 118  44   8  90 118  58  41  65 120 110 111  97  46  69  97  59 109  44  62  26  97   5 118   4  47 117  50 101  52  82  77  54 110  30  23  86 114 110 
 35   4   0 122  21   2 101  11 100  20 106  36 100  37  33  72  73  37  35  46  55  62  67 104  39   5  84 106  24 116  90  59  94  95  75 100  14  16  52 110  21  33  86  21  30  71 104  58   3 106 
 43 116  26   0  87  70  95  38 114  50  23 103  32  67  21  62   7  98 107  72  99 104  75 110  23  22  20 117 122  67  88  53  19  27   8  79 109  64   8  77  18  66   7  16  13  44  78  66  38  43 
117  30 103  32   0 119  73 110  30  48  71  15  99  81 117 118 115  54 102 121  80  23 116  77 101  72  61   5 121  69  22  72 119  24  72  35  53  68 105  44  55  23  46  40   4  60 124  82  13  76 
 38 116  69  19  82   0 122  96  88  19   8  50  38  54  71  80  24 100  71  82  15 104   2 105  36  82  52  35  44 100  53  40  63  57   8  28   4  33  49   9  82  52  65  68  80  94 101  37  31  38 
 58  75 121  53 112  48   0  51  21   2  12 101  11  72  58  67  15  76  40 113  72 103 111  32  96  77  59  42 116  69 108 121 114  34   2  25  45  20  16  68   3  85  97   9 117 116  52 101 119  99 
 73  36 109 120  50  65  43   0  93 116 109   8  76  29  18 117 106  38  11   4  83  26  53  64 103  67  28  99  30  56  30  66  52  69 108  59  68  60  91  80  93 106  16  87  85  17  76  34  18  36 
 79  92 114 106 102  47   8  32   0  24  57  15  55  10 118   4  48  61 101  84  32  29  68  78  11  28 106  77  54  15  36  60  82  36  16  52  55  59  82  93  74  70  16  34 121  47  34 105  68  66 
  6  74  24  17  36  69  81 115 122   0   1  81 120   1   7   7   5  38   7   5 103  17  58  72  43  96  15 115  62  85  67  21  47  59   5  78  73  41  57  17  83 105  76  97  50 123  43  85  21  30 
 37  45  42  59  82  83 121  54 121  80   0  99  73  54  58  11  86  72 110  96  30   2  87  92  97 120  21 111 103  84  22  79  30  68  20  49  71  88   5  66  51 115  98 124  82  54  62  94  74  66 
 68  44 104  64  37  57  20  14  52  94  35   0  11  80  20 120  46  80  94 102 124 118 119 115  64  31  42 104  18  81  10  58 108  91 101  90  23  85  48  35   6 114  49  34  40  27  77  60  26 121 
 76  59  69  45  85  90  22  10  56 106  35  15   0  28  53  89  89  61  37  64  36  54  51  82  74  14  34   7  38   2  43  34  90  52  92 102 101  56  23  96  40   8  29  38  53  84  14  74 124 112 
115  57  36  85  75 120  24  21 120  50  73  56  61   0  71  92 117  47  24  81  14  70  27  77 116 110  55  28  37  69  87 124  48  42  70   4 121  76  33 106  56  10  98  32  99  22  74  34  43 124 
 50  48  23  64  21 117  61   8  68  25  90  79  42  74   0  53  61  50  65  67  68  33 110   4 109  70  93   3  21 117  59  17  37  90  82   1  47  39  87  10  66  52  57  18  44  84 120 111  66  72 
106  78   2  49  36  93  48   4  46 107  43  15   5  22   8   0  23  60  46 119  16 124  94  55  48  19  58  57  51  16  83  72  49 104  50  35  32  78 123 123  38  97  30   9  51  87  41  26  27  61 
 53 105  51 102  54 114 121  16  81  60   9  81  46  22  20 104   0  20 121  73  88  39  69  56   1  78  80 117  84   7 115  34  16 108  58  51  36  51  88  51  84  17 107  23 104  20  71   9  66  82 
 48  94  35  23  20  27  98  64  46 120  10  28 112  20  81  73  70   0  51  65  89  55  69  92  92  73  18  49  76  86 124  25  34  75  20 104  33  13 103  96 115  78 119  72 106  54  61  24  80  70 
 29  29 108  73  42  31  93  57  11  15  91  62 115  62  75  86  17  96   0 104  54   1 123  36  84  84  81  32 103  21 119  85  12  32 124  64  32 123   1  16 107 108  36  98  25  61  47 121  73  85 
124 115  20   7  13  11   6  26  41 123  19  59   6  50   4  90  89  26  90   0 107 120   8 105  22   4   8  33  83  68  83  81  68  37  57  17 102  55  15 113  36  60  79  27  27  27  45  51  58  38 
 16  52 106  48  22  27  11   3  32  41  33  95  74 120  13   5 107  64  42  84   0  35  70  54  73 110  81  76 112 113  34  78  76  95 121  58  66  44  29  74 105  63  70  32  41  94  93 109  96 118 
114  45  23  81  34  58 110  47  44   5  98  64  15 119  44  76  37  88  32  24   7   0  82  34  34  20  29  74  56  19 103  64  91  49  34  35  28   4  59  13  43   8  20  56   5  22  21 109  91  69 
 80  92  36  16  57  36  81  88  91 118  56  16 108  31 121  60  88 104  83 116 111  23   0  76  72  68  23  26  39  99 105  91 124  38  36  99  43  48  18  22 102 108   7   2 116  63  15  19 103  41 
  2  78  75   6  63  20  53  77 106 102 102  28 121  92  51 121  71  71  87  56  51  12  11   0  90  41  82   9 106 108  61  63  17  76  29 101  47 122 109 109  75  95  40  77  82   3  46  49  50  65 
115 117 112  36 118  36  23  42   4 105 107  35  51  10 107  50 115  77  97  66  56  44   1  82   0  25  77  81  75   4 122  81  51  10 113 105   1   4  37  21  16  80  57 111  13  68 101  73  75   5 
 62 118 114  18  48  30  14 118   6  54  73   6 120  84 108   1  60  21 116 101  13  96  89 109 117   0 109 121  86  60  52   6  19  13  72 108  80  72   8 123  45  83 111  35  22  55  24  54  87  21 
 76  42   2   6  68  31  30  13 122 122  54  28  74  17  10 105  21  44  81  43  22 110  65 111 112   9   0 106  64   1  58  61  26  77   6 118  99  36  87  18  83  88  57  21 121   6  91 101  59  95 
 61 109   1 107  31  65 116  29  17  43 110  11  70  21   3   5  89  92  62  73 113 109  62 110  14  41  20   0 112  53 110  89  22  66 119  37  87   6  65 110  37  88  32  63 107  61  16  57 120  84 
 48  58  81  72  87  98  64 102  59  27 101  83  80  50   8  55  11 101  20  66 107  25  87  48  94 105   1  82   0  81  39  15  12  31  54  72  52  66  80   1  14 101 105  93  52  90  91  66 112  83 
 14 106   6   9   3  39  89  95  71 120 108  29  68  11 103 124  63  71  84  13  86  89  69  20   4  62 101  61   5   0 122   2  52  38  26  36  60  85  36  29  86 113  13  67  48 110  40 106  50  84 
 38  38   5  54  36  83  17  77  24  48   5 121  75   2  23  58 102  44  74 119 123  67  69  40   8  41  28  52  44  76   0  23 124 116  56   3  50  58  39  70  97  14  81  54  95   3  48  57 112  40 
 41  94  82  92  23  20  88  17  93  45  91  61  82 107  93  52 121  68  47  52  98   1  57  59 109 103   7  38  49 124 107   0  48  45  83  37 104  14 123  60  82  39  40   5 100  32   3  13  38  60 
110  33  15 110  51  88  21  37 104  82 101  57   4  73  76  89 117 113 117  96  66  21  85  63  55  60  14  91  68  19 100 123   0 100  91 113  54 114  98  73  90  98  86 123  74  40 119  98  26  66 
 29   7  75 104  29  12  92  51   2  24  22  90 117 106  39  92 100  64  69  66 111 111   5  65  75  55  32  81 112  44 118  41 102   0   5  44  78   4  77  91 102  61 109  16  40 109  99  25 113  39 
 20 124 108  92  32  61  29   7 103  76  98  58  76  85  28  25   1  14   6  96 124  95  27  91  11  88  19  92  82 117 101  91   7  75   0  97 119   2  35  48  40  58 109  50  53  50  18  39  92  61 
 51 100  59 104 103 105  89  66  39  28 106 113  99  16   9  19  23  70  31  10  33 114   8 104  69  74  43  22  44  26  38 104  93 103  34   0  91  69 113  85 102 104 113   6   1  27 112 101  47  39 
 72  36  47  94 118  25 121   1  26  58  89  29  41  82  84  63 121  67 124 104  23 105  24  85  85   3   9  47 110  24 116 106  84  28  29   7   0  15  28  98  73  33  50  38  37  71  30  92 106 113 
  9  94  37  15 108 102 116  85  80  96  99  43 108  27  72  69  22  27  75  57 123  97  32  76  40  62  32  38  55 106  83  64  76 103  86  17 120   0  59  86  83 112 100  63   5  52  67 122   8  71 
  7 122  30 114  49  83   4  11 122   1 122  92  15  33  69  15  18 103  27 117  13  59  21 102 100   4  39  43  95 110  97  53  93 100  75  25  27 118   0 111  67   6  54  11  22  69 114  15  85  33 
124  13  53 112  14  13 100  96 101 100  47   5  15  62  44  16 108  54  91 105  37  29  19 122  98  67  94  75  41  27 124  63 107 112 104  47  80  76 107   0  19  83 108  85  98   7  42  87  45  49 
 27  61  56  15  87  31  28  14  39  56  10 111 119 110  48  20  84 118 105 116  79   7  42  44  25 109  78  38   7  31  53 114  60  86  32  86  46  69  12  32   0  38  18 120  62 123 111 109  81  48 
  5 107  81  13  57  78  14   9  29  53  15  76  80  19  28  56  72   4   2  47  22  57 113 101  11  25  17 122 123  24  94  52 108 117  11  94  26  49  49 109 109   0  82  47  38  69   2  20  45  66 
 77 101  27 116 112  30  40  24  47  87  94  30  52  68  55  40  64 114 108  19  29  30 113  90  72 108 120 103 104  64  11  92   6 123  48  65 110   7  21  90 110   1   0  93  36 115 111  84  66  39 
 97  41  93  64  26   4   7  30   7  10  39  30 103  26  24 114  43  14 107  12  74  43  10 122  91  39  35 105 100  31 117  18  10  49  63  45 121  50  31  56  20  27  51   0  10  89  84  41  32  37 
 21  75  51  91  29  50 105  45  98  92 124  12 109 105  77  89  85  61  86 104  61  63  82  34  50  85  19  60  94 122  15   9 109 114  63  43  43  22  41  90  22  69  34  76   0  87 112  83  73 102 
107  84 110  93  74  23  82  20  75  16 101  32 108  77 115  24 123  85  76  69  82 118   8 108 108 106  99 109  15  35  86 104  41  64  43  72  57  41  90  36   3   7 104  76  77   0 114 109  17  29 
 67  56  58   3  23 121 100  33  44  65  69  60  98 114  36  29  83 121 122  41 116  79  32 119  93  13 110  31  62  31  48  44  21  88  90 115   6  14 114 120  64 116   8 105  75  95   0   1  23 106 
 53  74  90 101  82  91  49  58  40  82  84  14 124  32  79  70  95  70  72  81 110  56  59  63  85  62   5  53  35  93  16  31  70   3   9  18  28  69  19   3  84  35  14  25  94  87  33   0  40  78 
 27  90 124  35  26  11  94  63  74  74 119  63  48  96  26  60  34 115  62 124 108  74  87  91  59 120  55   3  83  57 103 124 114  63  54  19  95  91  31  34  64 103 124 122  37  53  67  91   0 100 
 21 124  19   1  55   2 108  13  41  73  42  68 106  32  40 117  90 120  79  98  13  23  91  99 118  96  78  61  25  19  45  42  28  10 117 104  72  83  94  41 107  98 112  33   5  17  52 106 115   0 
M3
  0  76  30   7  16  33   7 106  95  35   5 106  82  74   8  43  24  59  43  40  99  31  14  64   4  77  71  78  77 119  81   3  47 119  80  84  65  60  31 117   8  11  48  57  52  67  94 117  97  77 
100   0  39  56  81  57  28  84  59  69  32  71 118  44   8  90 118  58  41  65 120 110 111  97  46  69  97  59 109  44  62  26  97   5 118   4  47 117  50 101  52  82  77  54 110  30  23  86 114 110 
 35   4   0 122  21   2 101  11 100  20 106  36 100  37  33  72  73  37  35  46  55  62  67 104  39   5  84 106  24 116  90  59  94  95  75 100  14  16  52 110  21  33  86  21  30  71 104  58   3 106 
 43 116  26   0  87  70  95  38 114  50  23 103  32  67  21  62   7  98 107  72  99 104  75 110  23  22  20 117 122  67  88  53  19  27   8  79 109  64   8  77  18  66   7  16  13  44  78  66  38  43 
117  30 103  32   0 119  73 110  30  48  71  15  99  81 117 118 115  54 102 121  80  23 116  77 101  72  61   5 121  69  22  72 119  24  72  35  53  68 105  44  55  23  46  40   4  60 124  82  13  76 
 38 116  69  19  82   0 122  96  88  19   8  50  38  54  71  80  24 100  71  82  15 104   2 105  36  82  52  35  44 100  53  40  63  57   8  28   4  33  49   9  82  52  65  68  80  94 101  37  31  38 
 58  75 121  53 112  48   0  51  21   2  12 101  11  72  58  67  15  76  40 113  72 103 111  32  96  77  59  42 116  69 108 121 114  34   2  25  45  20  16  68   3  85  97   9 117 116  52 101 119  99 
 73  36 109 120  50  65  43   0  93 116 109   8  76  29  18 117 106  38  11   4  83  26  53  64 103  67  28  99  30  56  30  66  52  69 108  59  68  60  91  80  93 106  16  87  85  17  76  34  18  36 
 79  92 114 106 102  47   8  32   0  24  57  15  55  10 118   4  48  61 101  84  32  29  68  78  11  28 106  77  54  15  36  60  82  36  16  52  55  59  82  93  74  70  16  34 121  47  34 105  68  66 
  6  74  24  17  36  69  81 115 122   0   1  81 120   1   7   7   5  38   7   5 103  17  58  72  43  96  15 115  62  85  67  21  47  59   5  78  73  41  57  17  83 105  76  97  50 123  43  85  21  30 
 37  45  42  59  82  83 121  54 121  80   0  99  73  54  58  11  86  72 110  96  30   2  87  92  97 120  21 111 103  84  22  79  30  68  20  49  71  88   5  66  51 115  98 124  82  54  62  94  74  66 
 68  44 104  64  37  57  20  14  52  94  35   0  11  80  20 120  46  80  94 102 124 118 119 115  64  31  42 104  18  81  10  58 108  91 101  90  23  85  48  35   6 114  49  34  40  27  77  60  26 121 
 76  59  69  45  85  90  22  10  56 106  35  15   0  28  53  89  89  61  37  64  36  54  51  82  74  14  34   7  38   2  43  34  90  52  92 102 101  56  23  96  40   8  29  38  53  84  14  74 124 112 
115  57  36  85  75 120  24  21 120  50  73  56  61   0  71  92 117  47  24  81  14  70  27  77 116 110  55  28  37  69  87 124  48  42  70   4 121  76  33 106  56  10  98  32  99  22  74  34  43 124 
 50  48  23  64  21 117  61   8  68  25  90  79  42  74   0  53  61  50  65  67  68  33 110   4 109  70  93   3  21 117  59  17  37  90  82   1  47  39  87  10  66  52  57  18  44  84 120 111  66  72 
106  78   2  49  36  93  48   4  46 107  43  15   5  22   8   0  23  60  46 119  16 124  94  55  48  19  58  57  51  16  83  72  49 104  50  35  32  78 123 123  38  97  30   9  51  87  41  26  27  61 
 53 105  51 102  54 114 121  16  81  60   9  81  46  22  20 104   0  20 121  73  88  39  69  56   1  78  80 117  84   7 115  34  16 108  58  51  36  51  88  51  84  17 107  23 104  20  71   9  66  82 
 48  94  35  23  20  27  98  64  46 120  10  28 112  20  81  73  70   0  51  65  89  55  69  92  92  73  18  49  76  86 124  25  34  75  20 104  33  13 103  96 115  78 119  72 106  54  61  24  80  70 
 29  29 108  73  42  31  93  57  11  15  91  62 115  62  75  86  17  96   0 104  54   1 123  36  84  84  81  32 103  21 119  85  12  32 124  64  32 123   1  16 107 108  36  98  25  61  47 121  73  85 
124 115  20   7  13  11   6  26  41 123  19  59   6  50   4  90  89  26  90   0 107 120   8 105  22   4   8  33  83  68  83  81  68  37  57  17 102  55  15 113  36  60  79  27  27  27  45  51  58  38 
 16  52 106  48  22  27  11   3  32  41  33  95  74 120  13   5 107  64  42  84   0  35  70  54  73 110  81  76 112 113  34  78  76  95 121  58  66  44  29  74 105  63  70  32  41  94  93 109  96 118 
114  45  23  81  34  58 110  47  44   5  98  64  15 119  44  76  37  88  32  24   7   0  82  34  34  20  29  74  56  19 103  64  91  49  34  35  28   4  59  13  43   8  20  56   5  22  21 109  91  69 
 80  92  36  16  57  36  81  88  91 118  56  16 108  31 121  60  88 104  83 116 111  23   0  76  72  68  23  26  39  99 105  91 124  38  36  99  43  48  18  22 102 108   7   2 116  63  15  19 103  41 
  2  78  75   6  63  20  53  77 106 102 102  28 121  92  51 121  71  71  87  56  51  12  11   0  90  41  82   9 106 108  61  63  17  76  29 101  47 122 109 109  75  95  40  77  82   3  46  49  50  65 
115 117 112  36 118  36  23  42   4 105 107  35  51  10 107  50 115  77  97  66  56  44   1  82   0  25  77  81  75   4 122  81  51  10 113 105   1   4  37  21  16  80  57 111  13  68 101  73  75   5 
 62 118 114  18  48  30  14 118   6  54  73   6 120  84 108   1  60  21 116 101  13  96  89 109 117   0 109 121  86  60  52   6  19  13  72 108  80  72   8 123  45  83 111  35  22  55  24  54  87  21 
 76  42   2   6  68  31  30  13 122 122  54  28  74  17  10 105  21  44  81  43  22 110  65 111 112   9   0 106  64   1  58  61  26  77   6 118  99  36  87  18  83  88  57  21 121   6  91 101  59  95 
 61 109   1 107  31  65 116  29  17  43 110  11  70  21   3   5  89  92  62  73 113 109  62 110  14  41  20   0 112  53 110  89  22  66 119  37  87   6  65 110  37  88  32  63 107  61  16  57 120  84 
 48  58  81  72  87  98  64 102  59  27 101  83  80  50   8  55  11 101  20  66 107  25  87  48  94 105   1  82   0  81  39  15  12  31  54  72  52  66  80   1  14 101 105  93  52  90  91  66 112  83 
 14 106   6   9   3  39  89  95  71 120 108  29  68  11 103 124  63  71  84  13  86  89  69  20   4  62 101  61   5   0 122   2  52  38  26  36  60  85  36  29  86 113  13  67  48 110  40 106  50  84 
 38  38   5  54  36  83  17  77  24  48   5 121  75   2  23  58 102  44  74 119 123  67  69  40   8  41  28  52  44  76   0  23 124 116  56   3  50  58  39  70  97  14  81  54  95   3  48  57 112  40 
 41  94  82  92  23  20  88  17  93  45  91  61  82 107  93  52 121  68  47  52  98   1  57  59 109 103   7  38  49 124 107   0  48  45  83  37 104  14 123  60  82  39  40   5 100  32   3  13  38  60 
110  33  15 110  51  88  21  37 104  82 101  57   4  73  76  89 117 113 117  96  66  21  85  63  55  60  14  91  68  19 100 123   0 100  91 113  54 114  98  73  90  98  86 123  74  40 119  98  26  66 
 29   7  75 104  29  12  92  51   2  24  22  90 117 106  39  92 100  64  69  66 111 111   5  65  75  55  32  81 112  44 118  41 102   0   5  44  78   4  77  91 102  61 109  16  40 109  99  25 113  39 
 20 124 108  92  32  61  29   7 103  76  98  58  76  85  28  25   1  14   6  96 124  95  27  91  11  88  19  92  82 117 101  91   7  75   0  97 119   2  35  48  40  58 109  50  53  50  18  39  92  61 
 51 100  59 104 103 105  89  66  39  28 106 113  99  16   9  19  23  70  31  10  33 114   8 104  69  74  43  22  44  26  38 104  93 103  34   0  91  69 113  85 102 104 113   6   1  27 112 101  47  39 
 72  36  47  94 118  25 121   1  26  58  89  29  41  82  84  63 121  67 124 104  23 105  24  85  85   3   9  47 110  24 116 106  84  28  29   7   0  15  28  98  73  33  50  38  37  71  30  92 106 113 
  9  94  37  15 108 102 116  85  80  96  99  43 108  27  72  69  22  27  75  57 123  97  32  76  40  62  32  38  55 106  83  64  76 103  86  17 120   0  59  86  83 112 100  63   5  52  67 122   8  71 
  7 122  30 114  49  83   4  11 122   1 122  92  15  33  69  15  18 103  27 117  13  59  21 102 100   4  39  43  95 110  97  53  93 100  75  25  27 118   0 111  67   6  54  11  22  69 114  15  85  33 
124  13  53 112  14  13 100  96 101 100  47   5  15  62  44  16 108  54  91 105  37  29  19 122  98  67  94  75  41  27 124  63 107 112 104  47  80  76 107   0  19  83 108  85  98   7  42  87  45  49 
 27  61  56  15  87  31  28  14  39  56  10 111 119 110  48  20  84 118 105 116  79   7  42  44  25 109  78  38   7  31  53 114  60  86  32  86  46  69  12  32   0  38  18 120  62 123 111 109  81  48 
  5 107  81  13  57  78  14   9  29  53  15  76  80  19  28  56  72   4   2  47  22  57 113 101  11  25  17 122 123  24  94  52 108 117  11  94  26  49  49 109 109   0  82  47  38  69   2  20  45  66 
 77 101  27 116 112  30  40  24  47  87  94  30  52  68  55  40  64 114 108  19  29  30 113  90  72 108 120 103 104  64  11  92   6 123  48  65 110   7  21  90 110   1   0  93  36 115 111  84  66  39 
 97  41  93  64  26   4   7  30   7  10  39  30 103  26  24 114  43  14 107  12  74  43  10 122  91  39  35 105 100  31 117  18  10  49  63  45 121  50  31  56  20  27  51   0  10  89  84  41  32  37 
 21  75  51  91  29  50 105  45  98  92 124  12 109 105  77  89  85  61  86 104  61  63  82  34  50  85  19  60  94 122  15   9 109 114  63  43  43  22  41  90  22  69  34  76   0  87 112  83  73 102 
107  84 110  93  74  23  82  20  75  16 101  32 108  77 115  24 123  85  76  69  82 118   8 108 108 106  99 109  15  35  86 104  41  64  43  72  57  41  90  36   3   7 104  76  77   0 114 109  17  29 
 67  56  58   3  23 121 100  33  44  65  69  60  98 114  36  29  83 121 122  41 116  79  32 119  93  13 110  31  62  31  48  44  21  88  90 115   6  14 114 120  64 116   8 105  75  95   0   1  23 106 
 53  74  90 101  82  91  49  58  40  82  84  14 124  32  79  70  95  70  72  81 110  56  59  63  85  62   5  53  35  93  16  31  70   3   9  18  28  69  19   3  84  35  14  25  94  87  33   0  40  78 
 27  90 124  35  26  11  94  63  74  74 119  63  48  96  26  60  34 115  62 124 108  74  87  91  59 120  55   3  83  57 103 124 114  63  54  19  95  91  31  34  64 103 124 122  37  53  67  91   0 100 
 21 124  19   1  55   2 108  13  41  73  42  68 106  32  40 117  90 120  79  98  13  23  91  99 118  96  78  61  25  19  45  42  28  10 117 104  72  83  94  41 107  98 112  33   5  17  52 106 115   0 
M4
  0  76  30   7  16  33   7 106  95  35   5 106  82  74   8  43  24  59  43  40  99  31  14  64   4  77  71  78  77 119  81   3  47 119  80  84  65  60  31 117   8  11  48  57  52  67  94 117  97  77 
100   0  39  56  81  57  28  84  59  69  32  71 118  44   8  90 118  58  41  65 120 110 111  97  46  69  97  59 109  44  62  26  97   5 118   4  47 117  50 101  52  82  77  54 110  30  23  86 114 110 
 35   4   0 122  21   2 101  11 100  20 106  36 100  37  33  72  73  37  35  46  55  62  67 104  39   5  84 106  24 116  90  59  94  95  75 100  14  16  52 110  21  33  86  21  30  71 104  58   3 106 
 43 116  26   0  87  70  95  38 114  50  23 103  32  67  21  62   7  98 107  72  99 104  75 110  23  22  20 117 122  67  88  53  19  27   8  79 109  64   8  77  18  66   7  16  13  44  78  66  38  43 
117  30 103  32   0 119  73 110  30  48  71  15  99  81 117 118 115  54 102 121  80  23 116  77 101  72  61   5 121  69  22  72 119  24  72  35  53  68 105  44  55  23  46  40   4  60 124  82  13  76 
 38 116  69  19  82   0 122  96  88  19   8  50  38  54  71  80  24 100  71  82  15 104   2 105  36  82  52  35  44 100  53  40  63  57   8  28   4  33  49   9  82  52  65  68  80  94 101  37  31  38 
 58  75 121  53 112  48   0  51  21   2  12 101  11  72  58  67  15  76  40 113  72 103 111  32  96  77  59  42 116  69 108 121 114  34   2  25  45  20  16  68   3  85  97   9 117 116  52 101 119  99 
 73  36 109 120  50  65  43   0  93 116 109   8  76  29  18 117 106  38  11   4  83  26  53  64 103  67  28  99  30  56  30  66  52  69 108  59  68  60  91  80  93 106  16  87  85  17  76  34  18  36 
 79  92 114 106 102  47   8  32   0  24  57  15  55  10 118   4  48  61 101  84  32  29  68  78  11  28 106  77  54  15  36  60  82  36  16  52  55  59  82  93  74  70  16  34 121  47  34 105  68  66 
  6  74  24  17  36  69  81 115 122   0   1  81 120   1   7   7   5  38   7   5 103  17  58  72  43  96  15 115  62  85  67  21  47  59   5  78  73  41  57  17  83 105  76  97  50 123  43  85  21  30 
 37  45  42  59  82  83 121  54 121  80   0  99  73  54  58  11  86  72 110  96  30   2  87  92  97 120  21 111 103  84  22  79  30  68  20  49  71  88   5  66  51 115  98 124  82  54  62  94  74  66 
 68  44 104  64  37  57  20  14  52  94  35   0  11  80  20 120  46  80  94 102 124 118 119 115  64  31  42 104  18  81  10  58 108  91 101  90  23  85  48  35   6 114  49  34  40  27  77  60  26 121 
 76  59  69  45  85  90  22  10  56 106  35  15   0  28  53  89  89  61  37  64  36  54  51  82  74  14  34   7  38   2  43  34  90  52  92 102 101  56  23  96  40   8  29  38  53  84  14  74 124 112 
115  57  36  85  75 120  24  21 120  50  73  56  61   0  71  92 117  47  24  81  14  70  27  77 116 110  55  28  37  69  87 124  48  42  70   4 121  76  33 106  56  10  98  32  99  22  74  34  43 124 
 50  48  23  64  21 117  61   8  68  25  90  79  42  74   0  53  61  50  65  67  68  33 110   4 109  70  93   3  21 117  59  17  37  90  82   1  47  39  87  10  66  52  57  18  44  84 120 111  66  72 
106  78   2  49  36  93  48   4  46 107  43  15   5  22   8   0  23  60  46 119  16 124  94  55  48  19  58  57  51  16  83  72  49 104  50  35  32  78 123 123  38  97  30   9  51  87  41  26  27  61 
 53 105  51 102  54 114 121  16  81  60   9  81  46  22  20 104   0  20 121  73  88  39  69  56   1  78  80 117  84   7 115  34  16 108  58  51  36  51  88  51  84  17 107  23 104  20  71   9  66  82 
 48  94  35  23  20  27  98  64  46 120  10  28 112  20  81  73  70   0  51  65  89  55  69  92  92  73  18  49  76  86 124  25  34  75  20 104  33  13 103  96 115  78 119  72 106  54  61  24  80  70 
 29  29 108  73  42  31  93  57  11  15  91  62 115  62  75  86  17  96   0 104  54   1 123  36  84  84  81  32 103  21 119  85  12  32 124  64  32 123   1  16 107 108  36  98  25  61  47 121  73  85 
124 115  20   7  13  11   6  26  41 123  19  59   6  50   4  90  89  26  90   0 107 120   8 105  22   4   8  33  83  68  83  81  68  37  57  17 102  55  15 113  36  60  79  27  27  27  45  51  58  38 
 16  52 106  48  22  27  11   3  32  41  33  95  74 120  13   5 107  64  42  84   0  35  70  54  73 110  81  76 112 113  34  78  76  95 121  58  66  44  29  74 105  63  70  32  41  94  93 109  96 118 
114  45  23  81  34  58 110  47  44   5  98  64  15 119  44  76  37  88  32  24   7   0  82  34  34  20  29  74  56  19 103  64  91  49  34  35  28   4  59  13  43   8  20  56   5  22  21 109  91  69 
 80  92  36  16  57  36  81  88  91 118  56  16 108  31 121  60  88 104  83 116 111  23   0  76  72  68  23  26  39  99 105  91 124  38  36  99  43  48  18  22 102 108   7   2 116  63  15  19 103  41 
  2  78  75   6  63  20  53  77 106 102 102  28 121  92  51 121  71  71  87  56  51  12  11   0  90  41  82   9 106 108  61  63  17  76  29 101  47 122 109 109  75  95  40  77  82   3  46  49  50  65 
115 117 112  36 118  36  23  42   4 105 107  35  51  10 107  50 115  77  97  66  56  44   1  82   0  25  77  81  75   4 122  81  51  10 113 105   1   4  37  21  16  80  57 111  13  68 101  73  75   5 
 62 118 114  18  48  30  14 118   6  54  73   6 120  84 108   1  60  21 116 101  13  96  89 109 117   0 109 121  86  60  52   6  19  13  72 108  80  72   8 123  45  83 111  35  22  55  24  54  87  21 
 76  42   2   6  68  31  30  13 122 122  54  28  74  17  10 105  21  44  81  43  22 110  65 111 112   9   0 106  64   1  58  61  26  77   6 118  99  36  87  18  83  88  57  21 121   6  91 101  59  95 
 61 109   1 107  31  65 116  29  17  43 110  11  70  21   3   5  89  92  62  73 113 109  62 110  14  41  20   0 112  53 110  89  22  66 119  37  87   6  65 110  37  88  32  63 107  61  16  57 120  84 
 48  58  81  72  87  98  64 102  59  27 101  83  80  50   8  55  11 101  20  66 107  25  87  48  94 105   1  82   0  81  39  15  12  31  54  72  52  66  80   1  14 101 105  93  52  90  91  66 112  83 
 14 106   6   9   3  39  89  95  71 120 108  29  68  11 103 124  63  71  84  13  86  89  69  20   4  62 101  61   5   0 122   2  52  38  26  36  60  85  36  29  86 113  13  67  48 110  40 106  50  84 
 38  38   5  54  36  83  17  77  24  48   5 121  75   2  23  58 102  44  74 119 123  67  69  40   8  41  28  52  44  76   0  23 124 116  56   3  50  58  39  70  97  14  81  54  95   3  48  57 112  40 
 41  94  82  92  23  20  88  17  93  45  91  61  82 107  93  52 121  68  47  52  98   1  57  59 109 103   7  38  49 124 107   0  48  45  83  37 104  14 123  60  82  39  40   5 100  32   3  13  38  60 
110  33  15 110  51  88  21  37 104  82 101  57   4  73  76  89 117 113 117  96  66  21  85  63  55  60  14  91  68  19 100 123   0 100  91 113  54 114  98  73  90  98  86 123  74  40 119  98  26  66 
 29   7  75 104  29  12  92  51   2  24  22  90 117 106  39  92 100  64  69  66 111 111   5  65  75  55  32  81 112  44 118  41 102   0   5  44  78   4  77  91 102  61 109  16  40 109  99  25 113  39 
 20 124 108  92  32  61  29   7 103  76  98  58  76  85  28  25   1  14   6  96 124  95  27  91  11  88  19  92  82 117 101  91   7  75   0  97 119   2  35  48  40  58 109  50  53  50  18  39  92  61 
 51 100  59 104 103 105  89  66  39  28 106 113  99  16   9  19  23  70  31  10  33 114   8 104  69  74  43  22  44  26  38 104  93 103  34   0  91  69 113  85 102 104 113   6   1  27 112 101  47  39 
 72  36  47  94 118  25 121   1  26  58  89  29  41  82  84  63 121  67 124 104  23 105  24  85  85   3   9  47 110  24 116 106  84  28  29   7   0  15  28  98  73  33  50  38  37  71  30  92 106 113 
  9  94  37  15 108 102 116  85  80  96  99  43 108  27  72  69  22  27  75  57 123  97  32  76  40  62  32  38  55 106  83  64  76 103  86  17 120   0  59  86  83 112 100  63   5  52  67 122   8  71 
  7 122  30 114  49  83   4  11 122   1 122  92  15  33  69  15  18 103  27 117  13  59  21 102 100   4  39  43  95 110  97  53  93 100  75  25  27 118   0 111  67   6  54  11  22  69 114  15  85  33 
124  13  53 112  14  13 100  96 101 100  47   5  15  62  44  16 108  54  91 105  37  29  19 122  98  67  94  75  41  27 124  63 107 112 104  47  80  76 107   0  19  83 108  85  98   7  42  87  45  49 
 27  61  56  15  87  31  28  14  39  56  10 111 119 110  48  20  84 118 105 116  79   7  42  44  25 109  78  38   7  31  53 114  60  86  32  86  46  69  12  32   0  38  18 120  62 123 111 109  81  48 
  5 107  81  13  57  78  14   9  29  53  15  76  80  19  28  56  72   4   2  47  22  57 113 101  11  25  17 122 123  24  94  52 108 117  11  94  26  49  49 109 109   0  82  47  38  69   2  20  45  66 
 77 101  27 116 112  30  40  24  47  87  94  30  52  68  55  40  64 114 108  19  29  30 113  90  72 108 120 103 104  64  11  92   6 123  48  65 110   7  21  90 110   1   0  93  36 115 111  84  66  39 
 97  41  93  64  26   4   7  30   7  10  39  30 103  26  24 114  43  14 107  12  74  43  10 122  91  39  35 105 100  31 117  18  10  49  63  45 121  50  31  56  20  27  51   0  10  89  84  41  32  37 
 21  75  51  91  29  50 105  45  98  92 124  12 109 105  77  89  85  61  86 104  61  63  82  34  50  85  19  60  94 122  15   9 109 114  63  43  43  22  41  90  22  69  34  76   0  87 112  83  73 102 
107  84 110  93  74  23  82  20  75  16 101  32 108  77 115  24 123  85  76  69  82 118   8 108 108 106  99 109  15  35  86 104  41  64  43  72  57  41  90  36   3   7 104  76  77   0 114 109  17  29 
 67  56  58   3  23 121 100  33  44  65  69  60  98 114  36  29  83 121 122  41 116  79  32 119  93  13 110  31  62  31  48  44  21  88  90 115   6  14 114 120  64 116   8 105  75  95   0   1  23 106 
 53  74  90 101  82  91  49  58  40  82  84  14 124  32  79  70  95  70  72  81 110  56  59  63  85  62   5  53  35  93  16  31  70   3   9  18  28  69  19   3  84  35  14  25  94  87  33   0  40  78 
 27  90 124  35  26  11  94  63  74  74 119  63  48  96  26  60  34 115  62 124 108  74  87  91  59 120  55   3  83  57 103 124 114  63  54  19  95  91  31  34  64 103 124 122  37  53  67  91   0 100 
 21 124  19   1  55   2 108  13  41  73  42  68 106  32  40 117  90 120  79  98  13  23  91  99 118  96  78  61  25  19  45  42  28  10 117 104  72  83  94  41 107  98 112  33   5  17  52 106 115   0 
M5
  0  76  30   7  16  33   7 106  95  35   5 106  82  74   8  43  24  59  43  40  99  31  14  64   4  77  71  78  77 119  81   3  47 119  80  84  65  60  31 117   8  11  48  57  52  67  94 117  97  77 
100   0  39  56  81  57  28  84  59  69  32  71 118  44   8  90 118  58  41  65 120 110 111  97  46  69  97  59 109  44  62  26  97   5 118   4  47 117  50 101  52  82  77  54 110  30  23  86 114 110 
 35   4   0 122  21   2 101  11 100  20 106  36 100  37  33  72  73  37  35  46  55  62  67 104  39   5  84 106  24 116  90  59  94  95  75 100  14  16  52 110  21  33  86  21  30  71 104  58   3 106 
 43 116  26   0  87  70  95  38 114  50  23 103  32  67  21  62   7  98 107  72  99 104  75 110  23  22  20 117 122  67  88  53  19  27   8  79 109  64   8  77  18  66   7  16  13  44  78  66  38  43 
117  30 103  32   0 119  73 110  30  48  71  15  99  81 117 118 115  54 102 121  80  23 116  77 101  72  61   5 121  69  22  72 119  24  72  35  53  68 105  44  55  23  46  40   4  60 124  82  13  76 
 38 116  69  19  82   0 122  96  88  19   8  50  38  54  71  80  24 100  71  82  15 104   2 105  36  82  52  35  44 100  53  40  63  57   8  28   4  33  49   9  82  52  65  68  80  94 101  37  31  38 
 58  75 121  53 112  48   0  51  21   2  12 101  11  72  58  67  15  76  40 113  72 103 111  32  96  77  59  42 116  69 108 121 114  34   2  25  45  20  16  68   3  85  97   9 117 116  52 101 119  99 
 73  36 109 120  50  65  43   0  93 116 109   8  76  29  18 117 106  38  11   4  83  26  53  64 103  67  28  99  30  56  30  66  52  69 108  59  68  60  91  80  93 106  16  87  85  17  76  34  18  36 
 79  92 114 106 102  47   8  32   0  24  57  15  55  10 118   4  48  61 101  84  32  29  68  78  11  28 106  77  54  15  36  60  82  36  16  52  55  59  82  93  74  70  16  34 121  47  34 105  68  66 
  6  74  24  17  36  69  81 115 122   0   1  81 120   1   7   7   5  38   7   5 103  17  58  72  43  96  15 115  62  85  67  21  47  59   5  78  73  41  57  17  83 105  76  97  50 123  43  85  21  30 
 37  45  42  59  82  83 121  54 121  80   0  99  73  54  58  11  86  72 110  96  30   2  87  92  97 120  21 111 103  84  22  79  30  68  20  49  71  88   5  66  51 115  98 124  82  54  62  94  74  66 
 68  44 104  64  37  57  20  14  52  94  35   0  11  80  20 120  46  80  94 102 124 118 119 115  64  31  42 104  18  81  10  58 108  91 101  90  23  85  48  35   6 114  49  34  40  27  77  60  26 121 
 76  59  69  45  85  90  22  10  56 106  35  15   0  28  53  89  89  61  37  64  36  54  51  82  74  14  34   7  38   2  43  34  90  52  92 102 101  56  23  96  40   8  29  38  53  84  14  74 124 112 
115  57  36  85  75 120  24  21 120  50  73  56  61   0  71  92 117  47  24  81  14  70  27  77 116 110  55  28  37  69  87 124  48  42  70   4 121  76  33 106  56  10  98  32  99  22  74  34  43 124 
 50  48  23  64  21 117  61   8  68  25  90  79  42  74   0  53  61  50  65  67  68  33 110   4 109  70  93   3  21 117  59  17  37  90  82   1  47  39  87  10  66  52  57  18  44  84 120 111  66  72 
106  78   2  49  36  93  48   4  46 107  43  15   5  22   8   0  23  60  46 119  16 124  94  55  48  19  58  57  51  16  83  72  49 104  50  35  32  78 123 123  38  97  30   9  51  87  41  26  27  61 
 53 105  51 102  54 114 121  16  81  60   9  81  46  22  20 104   0  20 121  73  88  39  69  56   1  78  80 117  84   7 115  34  16 108  58  51  36  51  88  51  84  17 107  23 104  20  71   9  66  82 
 48  94  35  23  20  27  98  64  46 120  10  28 112  20  81  73  70   0  51  65  89  55  69  92  92  73  18  49  76  86 124  25  34  75  20 104  33  13 103  96 115  78 119  72 106  54  61  24  80  70 
 29  29 108  73  42  31  93  57  11  15  91  62 115  62  75  86  17  96   0 104  54   1 123  36  84  84  81  32 103  21 119  85  12  32 124  64  32 123   1  16 107 108  36  98  25  61  47 121  73  85 
124 115  20   7  13  11   6  26  41 123  19  59   6  50   4  90  89  26  90   0 107 120   8 105  22   4   8  33  83  68  83  81  68  37  57  17 102  55  15 113  36  60  79  27  27  27  45  51  58  38 
 16  52 106  48  22  27  11   3  32  41  33  95  74 120  13   5 107  64  42  84   0  35  70  54  73 110  81  76 112 113  34  78  76  95 121  58  66  44  29  74 105  63  70  32  41  94  93 109  96 118 
114  45  23  81  34  58 110  47  44   5  98  64  15 119  44  76  37  88  32  24   7   0  82  34  34  20  29  74  56  19 103  64  91  49  34  35  28   4  59  13  43   8  20  56   5  22  21 109  91  69 
 80  92  36  16  57  36  81  88  91 118  56  16 108  31 121  60  88 104  83 116 111  23   0  76  72  68  23  26  39  99 105  91 124  38  36  99  43  48  18  22 102 108   7   2 116  63  15  19 103  41 
  2  78  75   6  63  20  53  77 106 102 102  28 121  92  51 121  71  71  87  56  51  12  11   0  90  41  82   9 106 108  61  63  17  76  29 101  47 122 109 109  75  95  40  77  82   3  46  49  50  65 
115 117 112  36 118  36  23  42   4 105 107  35  51  10 107  50 115  77  97  66  56  44   1  82   0  25  77  81  75   4 122  81  51  10 113 105   1   4  37  21  16  80  57 111  13  68 101  73  75   5 
 62 118 114  18  48  30  14 118   6  54  73   6 120  84 108   1  60  21 116 101  13  96  89 109 117   0 109 121  86  60  52   6  19  13  72 108  80  72   8 123  45  83 111  35  22  55  24  54  87  21 
 76  42   2   6  68  31  30  13 122 122  54  28  74  17  10 105  21  44  81  43  22 110  65 111 112   9   0 106  64   1  58  61  26  77   6 118  99  36  87  18  83  88  57  21 121   6  91 101  59  95 
 61 109   1 107  31  65 116  29  17  43 110  11  70  21   3   5  89  92  62  73 113 109  62 110  14  41  20   0 112  53 110  89  22  66 119  37  87   6  65 110  37  88  32  63 107  61  16  57 120  84 
 48  58  81  72  87  98  64 102  59  27 101  83  80  50   8  55  11 101  20  66 107  25  87  48  94 105   1  82   0  81  39  15  12  31  54  72  52  66  80   1  14 101 105  93  52  90  91  66 112  83 
 14 106   6   9   3  39  89  95  71 120 108  29  68  11 103 124  63  71  84  13  86  89  69  20   4  62 101  61   5   0 122   2  52  38  26  36  60  85  36  29  86 113  13  67  48 110  40 106  50  84 
 38  38   5  54  36  83  17  77  24  48   5 121  75   2  23  58 102  44  74 119 123  67  69  40   8  41  28  52  44  76   0  23 124 116  56   3  50  58  39  70  97  14  81  54  95   3  48  57 112  40 
 41  94  82  92  23  20  88  17  93  45  91  61  82 107  93  52 121  68  47  52  98   1  57  59 109 103   7  38  49 124 107   0  48  45  83  37 104  14 123  60  82  39  40   5 100  32   3  13  38  60 
110  33  15 110  51  88  21  37 104  82 101  57   4  73  76  89 117 113 117  96  66  21  85  63  55  60  14  91  68  19 100 123   0 100  91 113  54 114  98  73  90  98  86 123  74  40 119  98  26  66 
 29   7  75 104  29  12  92  51   2  24  22  90 117 106  39  92 100  64  69  66 111 111   5  65  75  55  32  81 112  44 118  41 102   0   5  44  78   4  77  91 102  61 109  16  40 109  99  25 113  39 
 20 124 108  92  32  61  29   7 103  76  98  58  76  85  28  25   1  14   6  96 124  95  27  91  11  88  19  92  82 117 101  91   7  75   0  97 119   2  35  48  40  58 109  50  53  50  18  39  92  61 
 51 100  59 104 103 105  89  66  39  28 106 113  99  16   9  19  23  70  31  10  33 114   8 104  69  74  43  22  44  26  38 104  93 103  34   0  91  69 113  85 102 104 113   6   1  27 112 101  47  39 
 72  36  47  94 118  25 121   1  26  58  89  29  41  82  84  63 121  67 124 104  23 105  24  85  85   3   9  47 110  24 116 106  84  28  29   7   0  15  28  98  73  33  50  38  37  71  30  92 106 113 
  9  94  37  15 108 102 116  85  80  96  99  43 108  27  72  69  22  27  75  57 123  97  32  76  40  62  32  38  55 106  83  64  76 103  86  17 120   0  59  86  83 112 100  63   5  52  67 122   8  71 
  7 122  30 114  49  83   4  11 122   1 122  92  15  33  69  15  18 103  27 117  13  59  21 102 100   4  39  43  95 110  97  53  93 100  75  25  27 118   0 111  67   6  54  11  22  69 114  15  85  33 
124  13  53 112  14  13 100  96 101 100  47   5  15  62  44  16 108  54  91 105  37  29  19 122  98  67  94  75  41  27 124  63 107 112 104  47  80  76 107   0  19  83 108  85  98   7  42  87  45  49 
 27  61  56  15  87  31  28  14  39  56  10 111 119 110  48  20  84 118 105 116  79   7  42  44  25 109  78  38   7  31  53 114  60  86  32  86  46  69  12  32   0  38  18 120  62 123 111 109  81  48 
  5 107  81  13  57  78  14   9  29  53  15  76  80  19  28  56  72   4   2  47  22  57 113 101  11  25  17 122 123  24  94  52 108 117  11  94  26  49  49 109 109   0  82  47  38  69   2  20  45  66 
 77 101  27 116 112  30  40  24  47  87  94  30  52  68  55  40  64 114 108  19  29  30 113  90  72 108 120 103 104  64  11  92   6 123  48  65 110   7  21  90 110   1   0  93  36 115 111  84  66  39 
 97  41  93  64  26   4   7  30   7  10  39  30 103  26  24 114  43  14 107  12  74  43  10 122  91  39  35 105 100  31 117  18  10  49  63  45 121  50  31  56  20  27  51   0  10  89  84  41  32  37 
 21  75  51  91  29  50 105  45  98  92 124  12 109 105  77  89  85  61  86 104  61  63  82  34  50  85  19  60  94 122  15   9 109 114  63  43  43  22  41  90  22  69  34  76   0  87 112  83  73 102 
107  84 110  93  74  23  82  20  75  16 101  32 108  77 115  24 123  85  76  69  82 118   8 108 108 106  99 109  15  35  86 104  41  64  43  72  57  41  90  36   3   7 104  76  77   0 114 109  17  29 
 67  56  58   3  23 121 100  33  44  65  69  60  98 114  36  29  83 121 122  41 116  79  32 119  93  13 110  31  62  31  48  44  21  88  90 115   6  14 114 120  64 116   8 105  75  95   0   1  23 106 
 53  74  90 101  82  91  49  58  40  82  84  14 124  32  79  70  95  70  72  81 110  56  59  63  85  62   5  53  35  93  16  31  70   3   9  18  28  69  19   3  84  35  14  25  94  87  33   0  40  78 
 27  90 124  35  26  11  94  63  74  74 119  63  48  96  26  60  34 115  62 124 108  74  87  91  59 120  55   3  83  57 103 124 114  63  54  19  95  91  31  34  64 103 124 122  37  53  67  91   0 100 
 21 124  19   1  55   2 108  13  41  73  42  68 106  32  40 117  90 120  79  98  13  23  91  99 118  96  78  61  25  19  45  42  28  10 117 104  72  83  94  41 107  98 112  33   5  17  52 106 115   0 
M6
  0  76  30   7  16  33   7 106  95  35   5 106  82  74   8  43  24  59  43  40  99  31  14  64   4  77  71  78  77 119  81   3  47 119  80  84  65  60  31 117   8  11  48  57  52  67  94 117  97  77 
100   0  39  56  81  57  28  84  59  69  32  71 118  44   8  90 118  58  41  65 120 110 111  97  46  69  97  59 109  44  62  26  97   5 118   4  47 117  50 101  52  82  77  54 110  30  23  86 114 110 
 35   4   0 122  21   2 101  11 100  20 106  36 100  37  33  72  73  37  35  46  55  62  67 104  39   5  84 106  24 116  90  59  94  95  75 100  14  16  52 110  21  33  86  21  30  71 104  58   3 106 
 43 116  26   0  87  70  95  38 114  50  23 103  32  67  21  62   7  98 107  72  99 104  75 110  23  22  20 117 122  67  88  53  19  27   8  79 109  64   8  77  18  66   7  16  13  44  78  66  38  43 
117  30 103  32   0 119  73 110  30  48  71  15  99  81 117 118 115  54 102 121  80  23 116  77 101  72  61   5 121  69  22  72 119  24  72  35  53  68 105  44  55  23  46  40   4  60 124  82  13  76 
 38 116  69  19  82   0 122  96  88  19   8  50  38  54  71  80  24 100  71  82  15 104   2 105  36  82  52  35  44 100  53  40  63  57   8  28   4  33  49   9  82  52  65  68  80  94 101  37  31  38 
 58  75 121  53 112  48   0  51  21   2  12 101  11  72  58  67  15  76  40 113  72 103 111  32  96  77  59  42 116  69 108 121 114  34   2  25  45  20  16  68   3  85  97   9 117 116  52 101 119  99 
 73  36 109 120  50  65  43   0  93 116 109   8  76  29  18 117 106  38  11   4  83  26  53  64 103  67  28  99  30  56  30  66  52  69 108  59  68  60  91  80  93 106  16  87  85  17  76  34  18  36 
 79  92 114 106 102  47   8  32   0  24  57  15  55  10 118   4  48  61 101  84  32  29  68  78  11  28 106  77  54  15  36  60  82  36  16  52  55  59  82  93  74  70  16  34 121  47  34 105  68  66 
  6  74  24  17  36  69  81 115 122   0   1  81 120   1   7   7   5  38   7   5 103  17  58  72  43  96  15 115  62  85  67  21  47  59   5  78  73  41  57  17  83 105  76  97  50 123  43  85  21  30 
 37  45  42  59  82  83 121  54 121  80   0  99  73  54  58  11  86  72 110  96  30   2  87  92  97 120  21 111 103  84  22  79  30  68  20  49  71  88   5  66  51 115  98 124  82  54  62  94  74  66 
 68  44 104  64  37  57  20  14  52  94  35   0  11  80  20 120  46  80  94 102 124 118 119 115  64  31  42 104  18  81  10  58 108  91 101  90  23  85  48  35   6 114  49  34  40  27  77  60  26 121 
 76  59  69  45  85  90  22  10  56 106  35  15   0  28  53  89  89  61  37  64  36  54  51  82  74  14  34   7  38   2  43  34  90  52  92 102 101  56  23  96  40   8  29  38  53  84  14  74 124 112 
115  57  36  85  75 120  24  21 120  50  73  56  61   0  71  92 117  47  24  81  14  70  27  77 116 110  55  28  37  69  87 124  48  42  70   4 121  76  33 106  56  10  98  32  99  22  74  34  43 124 
 50  48  23  64  21 117  61   8  68  25  90  79  42  74   0  53  61  50  65  67  68  33 110   4 109  70  93   3  21 117  59  17  37  90  82   1  47  39  87  10  66  52  57  18  44  84 120 111  66  72 
106  78   2  49  36  93  48   4  46 107  43  15   5  22   8   0  23  60  46 119  16 124  94  55  48  19  58  57  51  16  83  72  49 104  50  35  32  78 123 123  38  97  30   9  51  87  41  26  27  61 
 53 105  51 102  54 114 121  16  81  60   9  81  46  22  20 104   0  20 121  73  88  39  69  56   1  78  80 117  84   7 115  34  16 108  58  51  36  51  88  51  84  17 107  23 104  20  71   9  66  82 
 48  94  35  23  20  27  98  64  46 120  10  28 112  20  81  73  70   0  51  65  89  55  69  92  92  73  18  49  76  86 124  25  34  75  20 104  33  13 103  96 115  78 119  72 106  54  61  24  80  70 
 29  29 108  73  42  31  93  57  11  15  91  62 115  62  75  86  17  96   0 104  54   1 123  36  84  84  81  32 103  21 119  85  12  32 124  64  32 123   1  16 107 108  36  98  25  61  47 121  73  85 
124 115  20   7  13  11   6  26  41 123  19  59   6  50   4  90  89  26  90   0 107 120   8 105  22   4   8  33  83  68  83  81  68  37  57  17 102  55  15 113  36  60  79  27  27  27  45  51  58  38 
 16  52 106  48  22  27  11   3  32  41  33  95  74 120  13   5 107  64  42  84   0  35  70  54  73 110  81  76 112 113  34  78  76  95 121  58  66  44  29  74 105  63  70  32  41  94  93 109  96 118 
114  45  23  81  34  58 110  47  44   5  98  64  15 119  44  76  37  88  32  24   7   0  82  34  34  20  29  74  56  19 103  64  91  49  34  35  28   4  59  13  43   8  20  56   5  22  21 109  91  69 
 80  92  36  16  57  36  81  88  91 118  56  16 108  31 121  60  88 104  83 116 111  23   0  76  72  68  23  26  39  99 105  91 124  38  36  99  43  48  18  22 102 108   7   2 116  63  15  19 103  41 
  2  78  75   6  63  20  53  77 106 102 102  28 121  92  51 121  71  71  87  56  51  12  11   0  90  41  82   9 106 108  61  63  17  76  29 101  47 122 109 109  75  95  40  77  82   3  46  49  50  65 
115 117 112  36 118  36  23  42   4 105 107  35  51  10 107  50 115  77  97  66  56  44   1  82   0  25  77  81  75   4 122  81  51  10 113 105   1   4  37  21  16  80  57 111  13  68 101  73  75   5 
 62 118 114  18  48  30  14 118   6  54  73   6 120  84 108   1  60  21 116 101  13  96  89 109 117   0 109 121  86  60  52   6  19  13  72 108  80  72   8 123  45  83 111  35  22  55  24  54  87  21 
 76  42   2   6  68  31  30  13 122 122  54  28  74  17  10 105  21  44  81  43  22 110  65 111 112   9   0 106  64   1  58  61  26  77   6 118  99  36  87  18  83  88  57  21 121   6  91 101  59  95 
 61 109   1 107  31  65 116  29  17  43 110  11  70  21   3   5  89  92  62  73 113 109  62 110  14  41  20   0 112  53 110  89  22  66 119  37  87   6  65 110  37  88  32  63 107  61  16  57 120  84 
 48  58  81  72  87  98  64 102  59  27 101  83  80  50   8  55  11 101  20  66 107  25  87  48  94 105   1  82   0  81  39  15  12  31  54  72  52  66  80   1  14 101 105  93  52  90  91  66 112  83 
 14 106   6   9   3  39  89  95  71 120 108  29  68  11 103 124  63  71  84  13  86  89  69  20   4  62 101  61   5   0 122   2  52  38  26  36  60  85  36  29  86 113  13  67  48 110  40 106  50  84 
 38  38   5  54  36  83  17  77  24  48   5 121  75   2  23  58 102  44  74 119 123  67  69  40   8  41  28  52  44  76   0  23 124 116  56   3  50  58  39  70  97  14  81  54  95   3  48  57 112  40 
 41  94  82  92  23  20  88  17  93  45  91  61  82 107  93  52 121  68  47  52  98   1  57  59 109 103   7  38  49 124 107   0  48  45  83  37 104  14 123  60  82  39  40   5 100  32   3  13  38  60 
110  33  15 110  51  88  21  37 104  82 101  57   4  73  76  89 117 113 117  96  66  21  85  63  55  60  14  91  68  19 100 123   0 100  91 113  54 114  98  73  90  98  86 123  74  40 119  98  26  66 
 29   7  75 104  29  12  92  51   2  24  22  90 117 106  39  92 100  64  69  66 111 111   5  65  75  55  32  81 112  44 118  41 102   0   5  44  78   4  77  91 102  61 109  16  40 109  99  25 113  39 
 20 124 108  92  32  61  29   7 103  76  98  58  76  85  28  25   1  14   6  96 124  95  27  91  11  88  19  92  82 117 101  91   7  75   0  97 119   2  35  48  40  58 109  50  53  50  18  39  92  61 
 51 100  59 104 103 105  89  66  39  28 106 113  99  16   9  19  23  70  31  10  33 114   8 104  69  74  43  22  44  26  38 104  93 103  34   0  91  69 113  85 102 104 113   6   1  27 112 101  47  39 
 72  36  47  94 118  25 121   1  26  58  89  29  41  82  84  63 121  67 124 104  23 105  24  85  85   3   9  47 110  24 116 106  84  28  29   7   0  15  28  98  73  33  50  38  37  71  30  92 106 113 
  9  94  37  15 108 102 116  85  80  96  99  43 108  27  72  69  22  27  75  57 123  97  32  76  40  62  32  38  55 106  83  64  76 103  86  17 120   0  59  86  83 112 100  63   5  52  67 122   8  71 
  7 122  30 114  49  83   4  11 122   1 122  92  15  33  69  15  18 103  27 117  13  59  21 102 100   4  39  43  95 110  97  53  93 100  75  25  27 118   0 111  67   6  54  11  22  69 114  15  85  33 
124  13  53 112  14  13 100  96 101 100  47   5  15  62  44  16 108  54  91 105  37  29  19 122  98  67  94  75  41  27 124  63 107 112 104  47  80  76 107   0  19  83 108  85  98   7  42  87  45  49 
 27  61  56  15  87  31  28  14  39  56  10 111 119 110  48  20  84 118 105 116  79   7  42  44  25 109  78  38   7  31  53 114  60  86  32  86  46  69  12  32   0  38  18 120  62 123 111 109  81  48 
  5 107  81  13  57  78  14   9  29  53  15  76  80  19  28  56  72   4   2  47  22  57 113 101  11  25  17 122 123  24  94  52 108 117  11  94  26  49  49 109 109   0  82  47  38  69   2  20  45  66 
 77 101  27 116 112  30  40  24  47  87  94  30  52  68  55  40  64 114 108  19  29  30 113  90  72 108 120 103 104  64  11  92   6 123  48  65 110   7  21  90 110   1   0  93  36 115 111  84  66  39 
 97  41  93  64  26   4   7  30   7  10  39  30 103  26  24 114  43  14 107  12  74  43  10 122  91  39  35 105 100  31 117  18  10  49  63  45 121  50  31  56  20  27  51   0  10  89  84  41  32  37 
 21  75  51  91  29  50 105  45  98  92 124  12 109 105  77  89  85  61  86 104  61  63  82  34  50  85  19  60  94 122  15   9 109 114  63  43  43  22  41  90  22  69  34  76   0  87 112  83  73 102 
107  84 110  93  74  23  82  20  75  16 101  32 108  77 115  24 123  85  76  69  82 118   8 108 108 106  99 109  15  35  86 104  41  64  43  72  57  41  90  36   3   7 104  76  77   0 114 109  17  29 
 67  56  58   3  23 121 100  33  44  65  69  60  98 114  36  29  83 121 122  41 116  79  32 119  93  13 110  31  62  31  48  44  21  88  90 115   6  14 114 120  64 116   8 105  75  95   0   1  23 106 
 53  74  90 101  82  91  49  58  40  82  84  14 124  32  79  70  95  70  72  81 110  56  59  63  85  62   5  53  35  93  16  31  70   3   9  18  28  69  19   3  84  35  14  25  94  87  33   0  40  78 
 27  90 124  35  26  11  94  63  74  74 119  63  48  96  26  60  34 115  62 124 108  74  87  91  59 120  55   3  83  57 103 124 114  63  54  19  95  91  31  34  64 103 124 122  37  53  67  91   0 100 
 21 124  19   1  55   2 108  13  41  73  42  68 106  32  40 117  90 120  79  98  13  23  91  99 118  96  78  61  25  19  45  42  28  10 117 104  72  83  94  41 107  98 112  33   5  17  52 106 115   0 
M7
  0  76  30   7  16  33   7 106  95  35   5 106  82  74   8  43  24  59  43  40  99  31  14  64   4  77  71  78  77 119  81   3  47 119  80  84  65  60  31 117   8  11  48  57  52  67  94 117  97  77 
100   0  39  56  81  57  28  84  59  69  32  71 118  44   8  90 118  58  41  65 120 110 111  97  46  69  97  59 109  44  62  26  97   5 118   4  47 117  50 101  52  82  77  54 110  30  23  86 114 110 
 35   4   0 122  21   2 101  11 100  20 106  36 100  37  33  72  73  37  35  46  55  62  67 104  39   5  84 106  24 116  90  59  94  95  75 100  14  16  52 110  21  33  86  21  30  71 104  58   3 106 
 43 116  26   0  87  70  95  38 114  50  23 103  32  67  21  62   7  98 107  72  99 104  75 110  23  22  20 117 122  67  88  53  19  27   8  79 109  64   8  77  18  66   7  16  13  44  78  66  38  43 
117  30 103  32   0 119  73 110  30  48  71  15  99  81 117 118 115  54 102 121  80  23 116  77 101  72  61   5 121  69  22  72 119  24  72  35  53  68 105  44  55  23  46  40   4  60 124  82  13  76 
 38 116  69  19  82   0 122  96  88  19   8  50  38  54  71  80  24 100  71  82  15 104   2 105  36  82  52  35  44 100  53  40  63  57   8  28   4  33  49   9  82  52  65  68  80  94 101  37  31  38 
 58  75 121  53 112  48   0  51  21   2  12 101  11  72  58  67  15  76  40 113  72 103 111  32  96  77  59  42 116  69 108 121 114  34   2  25  45  20  16  68   3  85  97   9 117 116  52 101 119  99 
 73  36 109 120  50  65  43   0  93 116 109   8  76  29  18 117 106  38  11   4  83  26  53  64 103  67  28  99  30  56  30  66  52  69 108  59  68  60  91  80  93 106  16  87  85  17  76  34  18  36 
 79  92 114 106 102  47   8  32   0  24  57  15  55  10 118   4  48  61 101  84  32  29  68  78  11  28 106  77  54  15  36  60  82  36  16  52  55  59  82  93  74  70  16  34 121  47  34 105  68  66 
  6  74  24  17  36  69  81 115 122   0   1  81 120   1   7   7   5  38   7   5 103  17  58  72  43  96  15 115  62  85  67  21  47  59   5  78  73  41  57  17  83 105  76  97  50 123  43  85  21  30 
 37  45  42  59  82  83 121  54 121  80   0  99  73  54  58  11  86  72 110  96  30   2  87  92  97 120  21 111 103  84  22  79  30  68  20  49  71  88   5  66  51 115  98 124  82  54  62  94  74  66 
 68  44 104  64  37  57  20  14  52  94  35   0  11  80  20 120  46  80  94 102 124 118 119 115  64  31  42 104  18  81  10  58 108  91 101  90  23  85  48  35   6 114  49  34  40  27  77  60  26 121 
 76  59  69  45  85  90  22  10  56 106  35  15   0  28  53  89  89  61  37  64  36  54  51  82  74  14  34   7  38   2  43  34  90  52  92 102 101  56  23  96  40   8  29  38  53  84  14  74 124 112 
115  57  36  85  75 120  24  21 120  50  73  56  61   0  71  92 117  47  24  81  14  70  27  77 116 110  55  28  37  69  87 124  48  42  70   4 121  76  33 106  56  10  98  32  99  22  74  34  43 124 
 50  48  23  64  21 117  61   8  68  25  90  79  42  74   0  53  61  50  65  67  68  33 110   4 109  70  93   3  21 117  59  17  37  90  82   1  47  39  87  10  66  52  57  18  44  84 120 111  66  72 
106  78   2  49  36  93  48   4  46 107  43  15   5  22   8   0  23  60  46 119  16 124  94  55  48  19  58  57  51  16  83  72  49 104  50  35  32  78 123 123  38  97  30   9  51  87  41  26  27  61 
 53 105  51 102  54 114 121  16  81  60   9  81  46  22  20 104   0  20 121  73  88  39  69  56   1  78  80 117  84   7 115  34  16 108  58  51  36  51  88  51  84  17 107  23 104  20  71   9  66  82 
 48  94  35  23  20  27  98  64  46 120  10  28 112  20  81  73  70   0  51  65  89  55  69  92  92  73  18  49  76  86 124  25  34  75  20 104  33  13 103  96 115  78 119  72 106  54  61  24  80  70 
 29  29 108  73  42  31  93  57  11  15  91  62 115  62  75  86  17  96   0 104  54   1 123  36  84  84  81  32 103  21 119  85  12  32 124  64  32 123   1  16 107 108  36  98  25  61  47 121  73  85 
124 115  20   7  13  11   6  26  41 123  19  59   6  50   4  90  89  26  90   0 107 120   8 105  22   4   8  33  83  68  83  81  68  37  57  17 102  55  15 113  36  60  79  27  27  27  45  51  58  38 
 16  52 106  48  22  27  11   3  32  41  33  95  74 120  13   5 107  64  42  84   0  35  70  54  73 110  81  76 112 113  34  78  76  95 121  58  66  44  29  74 105  63  70  32  41  94  93 109  96 118 
114  45  23  81  34  58 110  47  44   5  98  64  15 119  44  76  37  88  32  24   7   0  82  34  34  20  29  74  56  19 103  64  91  49  34  35  28   4  59  13  43   8  20  56   5  22  21 109  91  69 
 80  92  36  16  57  36  81  88  91 118  56  16 108  31 121  60  88 104  83 116 111  23   0  76  72  68  23  26  39  99 105  91 124  38  36  99  43  48  18  22 102 108   7   2 116  63  15  19 103  41 
  2  78  75   6  63  20  53  77 106 102 102  28 121  92  51 121  71  71  87  56  51  12  11   0  90  41  82   9 106 108  61  63  17  76  29 101  47 122 109 109  75  95  40  77  82   3  46  49  50  65 
115 117 112  36 118  36  23  42   4 105 107  35  51  10 107  50 115  77  97  66  56  44   1  82   0  25  77  81  75   4 122  81  51  10 113 105   1   4  37  21  16  80  57 111  13  68 101  73  75   5 
 62 118 114  18  48  30  14 118   6  54  73   6 120  84 108   1  60  21 116 101  13  96  89 109 117   0 109 121  86  60  52   6  19  13  72 108  80  72   8 123  45  83 111  35  22  55  24  54  87  21 
 76  42   2   6  68  31  30  13 122 122  54  28  74  17  10 105  21  44  81  43  22 110  65 111 112   9   0 106  64   1  58  61  26  77   6 118  99  36  87  18  83  88  57  21 121   6  91 101  59  95 
 61 109   1 107  31  65 116  29  17  43 110  11  70  21   3   5  89  92  62  73 113 109  62 110  14  41  20   0 112  53 110  89  22  66 119  37  87   6  65 110  37  88  32  63 107  61  16  57 120  84 
 48  58  81  72  87  98  64 102  59  27 101  83  80  50   8  55  11 101  20  66 107  25  87  48  94 105   1  82   0  81  39  15  12  31  54  72  52  66  80   1  14 101 105  93  52  90  91  66 112  83 
 14 106   6   9   3  39  89  95  71 120 108  29  68  11 103 124  63  71  84  13  86  89  69  20   4  62 101  61   5   0 122   2  52  38  26  36  60  85  36  29  86 113  13  67  48 110  40 106  50  84 
 38  38   5  54  36  83  17  77  24  48   5 121  75   2  23  58 102  44  74 119 123  67  69  40   8  41  28  52  44  76   0  23 124 116  56   3  50  58  39  70  97  14  81  54  95   3  48  57 112  40 
 41  94  82  92  23  20  88  17  93  45  91  61  82 107  93  52 121  68  47  52  98   1  57  59 109 103   7  38  49 124 107   0  48  45  83  37 104  14 123  60  82  39  40   5 100  32   3  13  38  60 
110  33  15 110  51  88  21  37 104  82 101  57   4  73  76  89 117 113 117  96  66  21  85  63  55  60  14  91  68  19 100 123   0 100  91 113  54 114  98  73  90  98  86 123  74  40 119  98  26  66 
 29   7  75 104  29  12  92  51   2  24  22  90 117 106  39  92 100  64  69  66 111 111   5  65  75  55  32  81 112  44 118  41 102   0   5  44  78   4  77  91 102  61 109  16  40 109  99  25 113  39 
 20 124 108  92  32  61  29   7 103  76  98  58  76  85  28  25   1  14   6  96 124  95  27  91  11  88  19  92  82 117 101  91   7  75   0  97 119   2  35  48  40  58 109  50  53  50  18  39  92  61 
 51 100  59 104 103 105  89  66  39  28 106 113  99  16   9  19  23  70  31  10  33 114   8 104  69  74  43  22  44  26  38 104  93 103  34   0  91  69 113  85 102 104 113   6   1  27 112 101  47  39 
 72  36  47  94 118  25 121   1  26  58  89  29  41  82  84  63 121  67 124 104  23 105  24  85  85   3   9  47 110  24 116 106  84  28  29   7   0  15  28  98  73  33  50  38  37  71  30  92 106 113 
  9  94  37  15 108 102 116  85  80  96  99  43 108  27  72  69  22  27  75  57 123  97  32  76  40  62  32  38  55 106  83  64  76 103  86  17 120   0  59  86  83 112 100  63   5  52  67 122   8  71 
  7 122  30 114  49  83   4  11 122   1 122  92  15  33  69  15  18 103  27 117  13  59  21 102 100   4  39  43  95 110  97  53  93 100  75  25  27 118   0 111  67   6  54  11  22  69 114  15  85  33 
124  13  53 112  14  13 100  96 101 100  47   5  15  62  44  16 108  54  91 105  37  29  19 122  98  67  94  75  41  27 124  63 107 112 104  47  80  76 107   0  19  83 108  85  98   7  42  87  45  49 
 27  61  56  15  87  31  28  14  39  56  10 111 119 110  48  20  84 118 105 116  79   7  42  44  25 109  78  38   7  31  53 114  60  86  32  86  46  69  12  32   0  38  18 120  62 123 111 109  81  48 
  5 107  81  13  57  78  14   9  29  53  15  76  80  19  28  56  72   4   2  47  22  57 113 101  11  25  17 122 123  24  94  52 108 117  11  94  26  49  49 109 109   0  82  47  38  69   2  20  45  66 
 77 101  27 116 112  30  40  24  47  87  94  30  52  68  55  40  64 114 108  19  29  30 113  90  72 108 120 103 104  64  11  92   6 123  48  65 110   7  21  90 110   1   0  93  36 115 111  84  66  39 
 97  41  93  64  26   4   7  30   7  10  39  30 103  26  24 114  43  14 107  12  74  43  10 122  91  39  35 105 100  31 117  18  10  49  63  45 121  50  31  56  20  27  51   0  10  89  84  41  32  37 
 21  75  51  91  29  50 105  45  98  92 124  12 109 105  77  89  85  61  86 104  61  63  82  34  50  85  19  60  94 122  15   9 109 114  63  43  43  22  41  90  22  69  34  76   0  87 112  83  73 102 
107  84 110  93  74  23  82  20  75  16 101  32 108  77 115  24 123  85  76  69  82 118   8 108 108 106  99 109  15  35  86 104  41  64  43  72  57  41  90  36   3   7 104  76  77   0 114 109  17  29 
 67  56  58   3  23 121 100  33  44  65  69  60  98 114  36  29  83 121 122  41 116  79  32 119  93  13 110  31  62  31  48  44  21  88  90 115   6  14 114 120  64 116   8 105  75  95   0   1  23 106 
 53  74  90 101  82  91  49  58  40  82  84  14 124  32  79  70  95  70  72  81 110  56  59  63  85  62   5  53  35  93  16  31  70   3   9  18  28  69  19   3  84  35  14  25  94  87  33   0  40  78 
 27  90 124  35  26  11  94  63  74  74 119  63  48  96  26  60  34 115  62 124 108  74  87  91  59 120  55   3  83  57 103 124 114  63  54  19  95  91  31  34  64 103 124 122  37  53  67  91   0 100 
 21 124  19   1  55   2 108  13  41  73  42  68 106  32  40 117  90 120  79  98  13  23  91  99 118  96  78  61  25  19  45  42  28  10 117 104  72  83  94  41 107  98 112  33   5  17  52 106 115   0 
Reldue
 2703    6    4
 3469    7    5
 2094    8    4
 1337    1    7
 1663    5    3
 2469    3    3
 2262    5    2
 3478    3    9
 1980    2    3
 2203    6    7
 3112    4    5
 2427    3    6
 1699    6    4
 3287    8    3
 2422    6    9
 1326    2    8
 1172    5    9
 2252    8    5
 1507    6    4
 1174    6    1
 2191    8    6
 3597    5    7
 2888    6    9
 1994    4    2
 3114    4    3
 3152    8    6
 1067    2    7
 1369    7    5
 3015    3    2
  976    4    9
 2584    2    4
 1521    7    4
 2850    8    8
 3751    8    8
 3402    6    3
 1683    8    5
 2619    4    3
 2914    6    8
 2626    1    3
 1124    3    1
 3015    7    7
 2394    9    8
 3318    3    3
 3179    2    7
 3539    9    2
 1652    3    7
 2834    5    7
 1971    1    9
 3013    4    5
 2274    1    3
DDW
 2468  2938
 3281  3658
 1889  2299
 1204  1469
 1575  1751
 2298  2640
 2137  2388
 3255  3701
 1790  2170
 2068  2338
 2924  3300
 2244  2610
 1597  1802
 3105  3468
 2218  2627
 1208  1444
 1087  1258
 2094  2411
 1416  1597
 1094  1253
 2040  2341
 3309  3885
 2645  3131
 1842  2145
 2947  3281
 2854  3449
  974  1160
 1263  1475
 2778  3252
  915  1037
 2442  2726
 1434  1608
 2653  3047
 3486  4016
 3163  3641
 1561  1806
 2359  2878
 2704  3125
 2483  2769
 1018  1229
 2730  3300
 2208  2580
 3007  3629
 2906  3453
 3278  3800
 1548  1756
 2576  3091
 1834  2109
 2840  3186
 2091  2457
