50   8
MD
  5  3  5  5  4  5  4  3
PT
 59  33  19  34   3  24  87  64  96   4  16  24  22  94  53  94  15  73  96  42  77  55   7  47   7  96  86  38  77  39  43   4  50  15  95  40  13  56  56  59  30  38  11  56  30  83   3   8  36  69 
 51  69  49  40  28  27  28  71  62  27  30  23  51   3  68  94   5  17  85  14  59  93  49  59  13  56  61  67  60  49  41  10  26  94  67  39  18   3  17  23  19  52  33  40  56  65  23   8  40  10 
 84  84  51  87  49   1  74  75  45  31  80  61  47  65  13  27  91  84  64  38  46  93  16  81  15  67  19  54  80  24  24   2   7  91  13  53  60  20  59   9  72  65  62  72  77  95  74  73  68  57 
 88   2  89  52  46  91  19   5  28  70  41  56  12  69  91  87  67  16  44  23  60  83  97  77  15  45  70   6  12  27  83  57  34  33  33  57  46  74  13  68  25  38   3  51  50  33  78  94  61  42 
 22  62  37  86  83  67   3  81  12  74  52  68  56   7  84  45  19  16  31  71  57  74  29  78  89  57  24  97  39  58  16   2  73  51   6  41  52  26  64  27  35  10  24  96  74  76  40  70  76  67 
 66  53  87  93  51  55  62  54  59  81   1  78  98  42  73  32  23   3  10  94  98  34  52  54  78  83   9  61  90  26  14  86  87   4  57  54  17  47  76  36  37  72  25   2  49  22  98  94  85   3 
 41  31  31  53  68  55   7   4  11  63   6  72  46  90  76  28  28  39  76  63  49   1  20  21  26   5  33  27  71   7  48  59  79  63  56  44  17  90  24  42  71  49  82   7  52  29  29  56  72  49 
 59  87  53  54  75  31  67  25  75  48  84  93  60  65  41   7  51  17  31   2   1  24  43  86  56   7  60  17  29  18  56  73  68  47  63  98   9  90  82  61   9  38  96  83  75  28  50  22  12  33 
SSD
M0
  0  92 111 117  36   1 110  49   2  65   9  18  71  62 117  41 101 118  62  69  62  91  85 112  89  17  68  22 117  42  17   4  68  48  68  72  80 108 107 120   7 112  34 110  96  94  57  82  23  28 
 49   0 121  86  33  96  17 104  34  26  59  78  84  86  86 116  41 119  96  84  86  13  99  33  12  13  47  21  11  72  44  91  94 123  36  77 113  95 104 116 108  99  47 109 115   7  56  28  43   9 
 97 116   0   8  72  88 101 118  89  97  44 101  95  26  49  15 101 110  50  60  19 103  38  53  92 102  47  29  59  50  29  55 103 101 118  45  61  83  30  68   3  76  27  78  95  97  49  26 106  48 
 23  10  44   0  29  47  33 121  91  24  20  82  15  86  72  12 115  98  29  76  65  70  43  49  62 105  36  78  31  98  71 100   7  10  51  27  70 105 106  79  91  98  82  26  82  26  23 107  30 123 
 18  43  48  49   0  19  45  39  18  75  52  97  50 124  19  61  13 118  73  34  44  88   1  68  30   8  85  99 111   6  82  98  15 113  76  92   2  71 120  21  45  42  10  16  89  24  17  43   8  51 
 39  19  40  40 120   0   5  55  72 123  40  53  12 117  87  26  36  62 120  25 118  64 106  72  69  34 110  45  38 111  65  42  94  34  89   5  52  54   9  34  55  76  84  18  36   9  24   5  11 115 
 69  45  96  73 103   8   0  33  86 123  51  47  38 110   9  50 102  33  81 122 107  24  40  30  10  26  32  13  56  47   4  98 105 113  17  33  27  84 102 105 116  68 108  56  18  43  41  91  96  16 
 15  49  17  94  71  28  50   0 124  96  63  20  45  40 114  58  77  76  28  72  52 109  89   2  94  61  22  75  58   4  55 121  81  41  89  31 103   2  37  53  75 116 119  41 107 113 123  36  99  12 
107 100  78  16  61  96  98  13   0 111 101   2 107  91  33  76  43  56  86  20   5   5  61   6  46  34  94  46   7  89 120  22  75   7  98  58  48  32  38  80  50  26  22  87  89  40  52  61   2  54 
 93  89  82 110  31  20  51  21  74   0  81  37  89 118  13  19  69  21  70  39   9 122  37  45 103  73  19   7 108  65   3  67  94  76  88  60  75  19 114  21   4 107 118  88  25 110  76  94  60  38 
 53  10 112  52  98  18 103  43  57  78   0  99  91  43  58  84  80  67  46  87  25  90  21 102  26  84   3  49  73  78  69  16 110  61 111  16  46  27  33  62  59  87  66  54   9  55  92  36  56  31 
 52  37   5 111  14  24  37  84  50  98  72   0   3 114  21  20  33  18   8  66  73  33  45  92  47  61 103 112  61  31  47  52  78 121  21  73  84  14   8  24  96  11   6  53  73  46  53 107   5  66 
 82  75  90 115  27  41  54  22 100  53  81  39   0  14  52  73  80  87  89  21  38  16  49  15  14  55  12  33  10  37  80 102  78  41  49   7  74  55   8 105  22  43  61  40 108  35  16  52  65  42 
 73  35   4  39  76  39  37  13  74 122  85  12 107   0  16  37 111 119  61 120  17 117  86  34  13  48  51  95  60  60  37  68  15  98  65 108  85  63  72  55  84  56  37 121  93  53  47 110  46  82 
102  64  74  25 112  47  38  11  69  15  74  94  58 104   0  87  99 117  92  60   9  68  13 107  38  21   1  14   7  52  94  53  25  61  82 109  31 113  85  15  49  30  99  96  51 112 109  48  98 106 
 41  82  37  67  88  39 124  98 108  58   6 114  44  87  70   0  12 110  30  46  19   8  18  94  63  26 109  12   4  74  43  54  14  88 123  95  85  99  57  74  61  74  74  97  52 117  43  58  17  35 
 85  40  83  70   5  20  50 112  36 111  31   3  29  81  61   8   0 120  54  27  27  52  97   5  86  18  69  44  37 122  54 115  74  31  47  12  36  28 110  34  81  65  79  33   4  75 123  61  87  17 
105  77 103  28   7  95  53  56  51  98  91  37  95  25  75  68 100   0  50  46  67 110  71  46  57  55  27  70  69  39  42  78  37  20   9  89  74  20 117  41  34  33  75  45  65  16  78 107  75  54 
 23  14  61  41  59  43 108   7  16  82  17  17   6  42  95   8   3  48   0 118  50 110  82  49 121 103  86 100  11  75  72  54 105 100 123   6  44  28  22 105  68   3  63   8  25  52  89  47  54   9 
 78 103  12  96 113   5   5 110 118 111   9  72  46  88  92  14  80  74  64   0  87   3 122  77  86  96  17  37 111  44  28  71  81  48  89  71  85 102  14 110  79 120  74  23  13  47  51 110 119  23 
114  23  44  45  71 114  52  44  25  82  78 123  22  67  76  38   8  65  45 100   0  88 104  87  15  36  87 103 107 113  42 110   3  13  45  42   9   4  76  67 102 110  62 100  88 111 119  39  97  22 
 13   3  25 119  14   4  20   5   4  33 118  29 115  75 106 124 106  38  32 108  43   0  93  58  17  67 115  88  33  58 103  69  58  27  62 122 102  11  37   3   2  70  11  45 117 122  98  44  90  76 
110  67   8  58  66  85  71  63  14   9 104  60  56  76  32  34  65   8  48  42  21 106   0 120  35 101 104  36 107 100  15 107  15  96  73 122  14  56 118  88  39  34   2  31 114   1  42  63  42  67 
 91  21  49  76 112  22   5  42  18 102  99  84 100  31  79  43  43  60  47  37   1  92  31   0  83  87  44  30  10 121  28  68  21  50  31  98 123  28 110   9  83   1  75  87  86  30  12   8 116   7 
 52  19 123  30  31  28  55  56 110   6  96  38 109 100  56   5  77  66  10 108  46   4  95  10   0  79  76  53  92  53  66  25  24  12 111  31 106   3  35  92   1  97  70  61 103 102  18   9  43  62 
102  36  22 107  70  33 114  93  15  60  85  87  66  34  78  93  28  24  27  76  83  75 104   5  59   0  88  62  55  25  41  57 105  37  83  23  76  82  92  74  79   1  60 108  29  35  44 100  91  78 
120 111  17  98 114  63   4  50  12  34 108   6  35  58  48  57  46  58 119  63  44  81  86  88   8   3   0 121  39  49 124 118  69   4 113  95  41 116  56 111  28  26  87 108  77  50 112  45  63 118 
 36  67  98  59  77 109  62  62  88  59  53  17  20  79   4  22   1  64  99  88  46  90 123  82  98  95  26   0  40  12  46 117  79  66 119  57  49  35   8  25  81  84  13  47  17  70   6  31  94  95 
 92  19  49   8  38  83 105  32  52  45  61 102  46  38  64   2 110  32  81  11  40  55  53  20  58  38  52  98   0  22  73  77   7  42   7  68 103  39  94   7  82  40  16  93  38  22  31  19  53 120 
114   3  44   1   9 124   2  48  94  48   7 124  66  60  90  74  86  39  91 122  67  46  48  59  16   4 111  14 122   0  86  20  24  71  86  81  36  68  58 102 118  73 110  52  43  28 115  90  68  37 
 79  98  35  95  71 108 113  45  61  58 117  99  73 110  48  87 116  49  73  57  80 124  11  61  27  16 116 100 102  25   0  63  11   1   5  65 122   8 114   2 118  54 118  20  17  76  88 120  61  64 
 37  64   2  19  45   4  94  48  75  90  41  53  88  30  88   6  49 113 112  61  69  34  11  42  73  45  47 122 101  47  49   0  94 101  32  80  85 114  86   7  86  91  39  40 124  83  98  32  78 100 
106 111  60  49 119  59  89  84   8  53  47 119  87  68 103  12  27  30  91   6   3  73  34  66  24 123 112 117  51  80 122 108   0  89   5 109  34 119  41  59 105  93  59  25   4  93  98  98   5   8 
 63 110 111  94  44  57  62 104   8  23  88  67   7 104  67  43 102  81 120   9 108  39  28  34  68  40  94  18  60  62  16 121 113   0  90  57  64   9 120  96 112  55 119  76  36  45  91  17  44  65 
 43  96  81  67  61  51  73  14  61 111  91  76  89  63  52  14  56  71  12  47  27 103  62 117 124 116 109  70  35 109  48 105  80  70   0  32  19 120 106   3 121  58  19  34  44  63  11  32 100  60 
 56  65  65 104 116  87   3   5   6  13 120  79  73  26 107  91 115   4  19  49  36  38  56  36  56 108 120  16  33  56  69  79   4 119  98   0  82  45  41  94  88  49  29  26  45  19  27  82 106  69 
 34   3  56 119  78  48  33  82  93  20  36  30  86  64 105  15  58 107 106  27  17  21  12  65  92  45 113  61  65  39  74 107  85  77  29  21   0  29  70  28  59 111  39  85  73  26  95  46 104  17 
108  72  79 103  24  55  25  67  19  98  38  80  10  23  65 119  99 122  44  14   4  74  41  55 123  74  61 124  48  24   2  27  94  99 108  32  98   0  14 118 118  46  12  98  15 101   5   2   5  47 
115  95  20  39  60 102  16  20   2  44  82 118  13 103  85 124  63  43   5  77 106 114  81  85  36 112 113  64  87  80 105 117 121  81  64  57  14  38   0  96  22  50 110 106  54  87  32  27  64  31 
 18  64 102 107   3  51  59 105  94  33  35  67  20  13  19  38  70  10   7 102  88 104  56  65 105  50  34  18 105  69  84  11 118  94  91 114  46   6  36   0  53 119  36   6  91 113 100  35  51  16 
 20  89  12 100   2  28  45  51  97  94  77  53  41  70   8  84  68  19  70  81  89   9 123  86  47  87   4 105  79 118 121  23  29   7  84 114  73  35  99 105   0 114  27  22  67  95 124  12 112  50 
 72  94 103 102  97  76 117  13  10  35 119  20 112  47  91  52  96  84  35  74  59 118  13  61 115   6 114   4  58  46  18  78  91 102  46 119  13  33  92 107 115   0  62 117  13  52  69  51  80  64 
102  11  37   6  63  93  98 106 104  52   5  30  14  37  41 114  59 103  72  56  26  54  25  71  43  59  12  93  64 111  63 112  92  27  86  86 111  39  73 104  79  46   0  65  73  44  19  97  56  95 
 58  61  75   9  98  53  80  73 119  79  10  90  48  12 109  16 116  38  50  19  60  92  82  51  78  57  85  29 121   2  55  35 104  56 102  87  67   9  30  24  17 107 107   0  31 107 123   1 116  10 
 49  55  44  22  48 121  27  53  46  31 124  34  28  13 118  56  35 114  87  10  48  23 118  42   1  66  18  50 120  38  22  66  55   5  94 121  47  18  64 124   1  43  35  50   0  13  93  59   1  38 
 83   7  34  34 116  64  70 120 103  48  36  89  62  70  62 109  16 113  31  66 104  63  91  78   2  66  81 105  31  83  13  80 122  61  71  57  66  42 122  21  88  63  53  50 117   0  71 119  90  44 
 74 101  13  47 107  28  92  75  34 102  67  88  36  95  20 111  57  24  71 123  59 111 101  99  82  66  60  31  93   8  99  45  74  85  11  63  77  82 110  65   6 115   4  76  98  32   0  74   3  98 
 68 121 122 113  50  59  75  71 117  36 104 117  35  78  46  63  57   3  19  88 124  10  47  11 116  64  96  56 114  19  95 114  88  47 123 115 102 104  84  48 109  83   5 116  42  48  43   0  64  86 
 69  88  29  59  60  30  89  13  38  32  73  17  27  19  71  38   2  51 103  68  83 123  88 121  70  97  96  57  34  24   6  16  19  80  72 110 110  81  80  38  29  73 119  80 105 102  82  95   0 102 
 50 115  61   5 108  13  50  17   9 107  92  16  82  58  17  66  95  70  65  69 124  64   3  37  42  42   5  21  15 110  74  17  54 102  20  64 107  69  65  25  25 122  85 100 100   6  16 108 113   0 
M1
  0  92 111 117  36   1 110  49   2  65   9  18  71  62 117  41 101 118  62  69  62  91  85 112  89  17  68  22 117  42  17   4  68  48  68  72  80 108 107 120   7 112  34 110  96  94  57  82  23  28 
 49   0 121  86  33  96  17 104  34  26  59  78  84  86  86 116  41 119  96  84  86  13  99  33  12  13  47  21  11  72  44  91  94 123  36  77 113  95 104 116 108  99  47 109 115   7  56  28  43   9 
 97 116   0   8  72  88 101 118  89  97  44 101  95  26  49  15 101 110  50  60  19 103  38  53  92 102  47  29  59  50  29  55 103 101 118  45  61  83  30  68   3  76  27  78  95  97  49  26 106  48 
 23  10  44   0  29  47  33 121  91  24  20  82  15  86  72  12 115  98  29  76  65  70  43  49  62 105  36  78  31  98  71 100   7  10  51  27  70 105 106  79  91  98  82  26  82  26  23 107  30 123 
 18  43  48  49   0  19  45  39  18  75  52  97  50 124  19  61  13 118  73  34  44  88   1  68  30   8  85  99 111   6  82  98  15 113  76  92   2  71 120  21  45  42  10  16  89  24  17  43   8  51 
 39  19  40  40 120   0   5  55  72 123  40  53  12 117  87  26  36  62 120  25 118  64 106  72  69  34 110  45  38 111  65  42  94  34  89   5  52  54   9  34  55  76  84  18  36   9  24   5  11 115 
 69  45  96  73 103   8   0  33  86 123  51  47  38 110   9  50 102  33  81 122 107  24  40  30  10  26  32  13  56  47   4  98 105 113  17  33  27  84 102 105 116  68 108  56  18  43  41  91  96  16 
 15  49  17  94  71  28  50   0 124  96  63  20  45  40 114  58  77  76  28  72  52 109  89   2  94  61  22  75  58   4  55 121  81  41  89  31 103   2  37  53  75 116 119  41 107 113 123  36  99  12 
107 100  78  16  61  96  98  13   0 111 101   2 107  91  33  76  43  56  86  20   5   5  61   6  46  34  94  46   7  89 120  22  75   7  98  58  48  32  38  80  50  26  22  87  89  40  52  61   2  54 
 93  89  82 110  31  20  51  21  74   0  81  37  89 118  13  19  69  21  70  39   9 122  37  45 103  73  19   7 108  65   3  67  94  76  88  60  75  19 114  21   4 107 118  88  25 110  76  94  60  38 
 53  10 112  52  98  18 103  43  57  78   0  99  91  43  58  84  80  67  46  87  25  90  21 102  26  84   3  49  73  78  69  16 110  61 111  16  46  27  33  62  59  87  66  54   9  55  92  36  56  31 
 52  37   5 111  14  24  37  84  50  98  72   0   3 114  21  20  33  18   8  66  73  33  45  92  47  61 103 112  61  31  47  52  78 121  21  73  84  14   8  24  96  11   6  53  73  46  53 107   5  66 
 82  75  90 115  27  41  54  22 100  53  81  39   0  14  52  73  80  87  89  21  38  16  49  15  14  55  12  33  10  37  80 102  78  41  49   7  74  55   8 105  22  43  61  40 108  35  16  52  65  42 
 73  35   4  39  76  39  37  13  74 122  85  12 107   0  16  37 111 119  61 120  17 117  86  34  13  48  51  95  60  60  37  68  15  98  65 108  85  63  72  55  84  56  37 121  93  53  47 110  46  82 
102  64  74  25 112  47  38  11  69  15  74  94  58 104   0  87  99 117  92  60   9  68  13 107  38  21   1  14   7  52  94  53  25  61  82 109  31 113  85  15  49  30  99  96  51 112 109  48  98 106 
 41  82  37  67  88  39 124  98 108  58   6 114  44  87  70   0  12 110  30  46  19   8  18  94  63  26 109  12   4  74  43  54  14  88 123  95  85  99  57  74  61  74  74  97  52 117  43  58  17  35 
 85  40  83  70   5  20  50 112  36 111  31   3  29  81  61   8   0 120  54  27  27  52  97   5  86  18  69  44  37 122  54 115  74  31  47  12  36  28 110  34  81  65  79  33   4  75 123  61  87  17 
105  77 103  28   7  95  53  56  51  98  91  37  95  25  75  68 100   0  50  46  67 110  71  46  57  55  27  70  69  39  42  78  37  20   9  89  74  20 117  41  34  33  75  45  65  16  78 107  75  54 
 23  14  61  41  59  43 108   7  16  82  17  17   6  42  95   8   3  48   0 118  50 110  82  49 121 103  86 100  11  75  72  54 105 100 123   6  44  28  22 105  68   3  63   8  25  52  89  47  54   9 
 78 103  12  96 113   5   5 110 118 111   9  72  46  88  92  14  80  74  64   0  87   3 122  77  86  96  17  37 111  44  28  71  81  48  89  71  85 102  14 110  79 120  74  23  13  47  51 110 119  23 
114  23  44  45  71 114  52  44  25  82  78 123  22  67  76  38   8  65  45 100   0  88 104  87  15  36  87 103 107 113  42 110   3  13  45  42   9   4  76  67 102 110  62 100  88 111 119  39  97  22 
 13   3  25 119  14   4  20   5   4  33 118  29 115  75 106 124 106  38  32 108  43   0  93  58  17  67 115  88  33  58 103  69  58  27  62 122 102  11  37   3   2  70  11  45 117 122  98  44  90  76 
110  67   8  58  66  85  71  63  14   9 104  60  56  76  32  34  65   8  48  42  21 106   0 120  35 101 104  36 107 100  15 107  15  96  73 122  14  56 118  88  39  34   2  31 114   1  42  63  42  67 
 91  21  49  76 112  22   5  42  18 102  99  84 100  31  79  43  43  60  47  37   1  92  31   0  83  87  44  30  10 121  28  68  21  50  31  98 123  28 110   9  83   1  75  87  86  30  12   8 116   7 
 52  19 123  30  31  28  55  56 110   6  96  38 109 100  56   5  77  66  10 108  46   4  95  10   0  79  76  53  92  53  66  25  24  12 111  31 106   3  35  92   1  97  70  61 103 102  18   9  43  62 
102  36  22 107  70  33 114  93  15  60  85  87  66  34  78  93  28  24  27  76  83  75 104   5  59   0  88  62  55  25  41  57 105  37  83  23  76  82  92  74  79   1  60 108  29  35  44 100  91  78 
120 111  17  98 114  63   4  50  12  34 108   6  35  58  48  57  46  58 119  63  44  81  86  88   8   3   0 121  39  49 124 118  69   4 113  95  41 116  56 111  28  26  87 108  77  50 112  45  63 118 
 36  67  98  59  77 109  62  62  88  59  53  17  20  79   4  22   1  64  99  88  46  90 123  82  98  95  26   0  40  12  46 117  79  66 119  57  49  35   8  25  81  84  13  47  17  70   6  31  94  95 
 92  19  49   8  38  83 105  32  52  45  61 102  46  38  64   2 110  32  81  11  40  55  53  20  58  38  52  98   0  22  73  77   7  42   7  68 103  39  94   7  82  40  16  93  38  22  31  19  53 120 
114   3  44   1   9 124   2  48  94  48   7 124  66  60  90  74  86  39  91 122  67  46  48  59  16   4 111  14 122   0  86  20  24  71  86  81  36  68  58 102 118  73 110  52  43  28 115  90  68  37 
 79  98  35  95  71 108 113  45  61  58 117  99  73 110  48  87 116  49  73  57  80 124  11  61  27  16 116 100 102  25   0  63  11   1   5  65 122   8 114   2 118  54 118  20  17  76  88 120  61  64 
 37  64   2  19  45   4  94  48  75  90  41  53  88  30  88   6  49 113 112  61  69  34  11  42  73  45  47 122 101  47  49   0  94 101  32  80  85 114  86   7  86  91  39  40 124  83  98  32  78 100 
106 111  60  49 119  59  89  84   8  53  47 119  87  68 103  12  27  30  91   6   3  73  34  66  24 123 112 117  51  80 122 108   0  89   5 109  34 119  41  59 105  93  59  25   4  93  98  98   5   8 
 63 110 111  94  44  57  62 104   8  23  88  67   7 104  67  43 102  81 120   9 108  39  28  34  68  40  94  18  60  62  16 121 113   0  90  57  64   9 120  96 112  55 119  76  36  45  91  17  44  65 
 43  96  81  67  61  51  73  14  61 111  91  76  89  63  52  14  56  71  12  47  27 103  62 117 124 116 109  70  35 109  48 105  80  70   0  32  19 120 106   3 121  58  19  34  44  63  11  32 100  60 
 56  65  65 104 116  87   3   5   6  13 120  79  73  26 107  91 115   4  19  49  36  38  56  36  56 108 120  16  33  56  69  79   4 119  98   0  82  45  41  94  88  49  29  26  45  19  27  82 106  69 
 34   3  56 119  78  48  33  82  93  20  36  30  86  64 105  15  58 107 106  27  17  21  12  65  92  45 113  61  65  39  74 107  85  77  29  21   0  29  70  28  59 111  39  85  73  26  95  46 104  17 
108  72  79 103  24  55  25  67  19  98  38  80  10  23  65 119  99 122  44  14   4  74  41  55 123  74  61 124  48  24   2  27  94  99 108  32  98   0  14 118 118  46  12  98  15 101   5   2   5  47 
115  95  20  39  60 102  16  20   2  44  82 118  13 103  85 124  63  43   5  77 106 114  81  85  36 112 113  64  87  80 105 117 121  81  64  57  14  38   0  96  22  50 110 106  54  87  32  27  64  31 
 18  64 102 107   3  51  59 105  94  33  35  67  20  13  19  38  70  10   7 102  88 104  56  65 105  50  34  18 105  69  84  11 118  94  91 114  46   6  36   0  53 119  36   6  91 113 100  35  51  16 
 20  89  12 100   2  28  45  51  97  94  77  53  41  70   8  84  68  19  70  81  89   9 123  86  47  87   4 105  79 118 121  23  29   7  84 114  73  35  99 105   0 114  27  22  67  95 124  12 112  50 
 72  94 103 102  97  76 117  13  10  35 119  20 112  47  91  52  96  84  35  74  59 118  13  61 115   6 114   4  58  46  18  78  91 102  46 119  13  33  92 107 115   0  62 117  13  52  69  51  80  64 
102  11  37   6  63  93  98 106 104  52   5  30  14  37  41 114  59 103  72  56  26  54  25  71  43  59  12  93  64 111  63 112  92  27  86  86 111  39  73 104  79  46   0  65  73  44  19  97  56  95 
 58  61  75   9  98  53  80  73 119  79  10  90  48  12 109  16 116  38  50  19  60  92  82  51  78  57  85  29 121   2  55  35 104  56 102  87  67   9  30  24  17 107 107   0  31 107 123   1 116  10 
 49  55  44  22  48 121  27  53  46  31 124  34  28  13 118  56  35 114  87  10  48  23 118  42   1  66  18  50 120  38  22  66  55   5  94 121  47  18  64 124   1  43  35  50   0  13  93  59   1  38 
 83   7  34  34 116  64  70 120 103  48  36  89  62  70  62 109  16 113  31  66 104  63  91  78   2  66  81 105  31  83  13  80 122  61  71  57  66  42 122  21  88  63  53  50 117   0  71 119  90  44 
 74 101  13  47 107  28  92  75  34 102  67  88  36  95  20 111  57  24  71 123  59 111 101  99  82  66  60  31  93   8  99  45  74  85  11  63  77  82 110  65   6 115   4  76  98  32   0  74   3  98 
 68 121 122 113  50  59  75  71 117  36 104 117  35  78  46  63  57   3  19  88 124  10  47  11 116  64  96  56 114  19  95 114  88  47 123 115 102 104  84  48 109  83   5 116  42  48  43   0  64  86 
 69  88  29  59  60  30  89  13  38  32  73  17  27  19  71  38   2  51 103  68  83 123  88 121  70  97  96  57  34  24   6  16  19  80  72 110 110  81  80  38  29  73 119  80 105 102  82  95   0 102 
 50 115  61   5 108  13  50  17   9 107  92  16  82  58  17  66  95  70  65  69 124  64   3  37  42  42   5  21  15 110  74  17  54 102  20  64 107  69  65  25  25 122  85 100 100   6  16 108 113   0 
M2
  0  92 111 117  36   1 110  49   2  65   9  18  71  62 117  41 101 118  62  69  62  91  85 112  89  17  68  22 117  42  17   4  68  48  68  72  80 108 107 120   7 112  34 110  96  94  57  82  23  28 
 49   0 121  86  33  96  17 104  34  26  59  78  84  86  86 116  41 119  96  84  86  13  99  33  12  13  47  21  11  72  44  91  94 123  36  77 113  95 104 116 108  99  47 109 115   7  56  28  43   9 
 97 116   0   8  72  88 101 118  89  97  44 101  95  26  49  15 101 110  50  60  19 103  38  53  92 102  47  29  59  50  29  55 103 101 118  45  61  83  30  68   3  76  27  78  95  97  49  26 106  48 
 23  10  44   0  29  47  33 121  91  24  20  82  15  86  72  12 115  98  29  76  65  70  43  49  62 105  36  78  31  98  71 100   7  10  51  27  70 105 106  79  91  98  82  26  82  26  23 107  30 123 
 18  43  48  49   0  19  45  39  18  75  52  97  50 124  19  61  13 118  73  34  44  88   1  68  30   8  85  99 111   6  82  98  15 113  76  92   2  71 120  21  45  42  10  16  89  24  17  43   8  51 
 39  19  40  40 120   0   5  55  72 123  40  53  12 117  87  26  36  62 120  25 118  64 106  72  69  34 110  45  38 111  65  42  94  34  89   5  52  54   9  34  55  76  84  18  36   9  24   5  11 115 
 69  45  96  73 103   8   0  33  86 123  51  47  38 110   9  50 102  33  81 122 107  24  40  30  10  26  32  13  56  47   4  98 105 113  17  33  27  84 102 105 116  68 108  56  18  43  41  91  96  16 
 15  49  17  94  71  28  50   0 124  96  63  20  45  40 114  58  77  76  28  72  52 109  89   2  94  61  22  75  58   4  55 121  81  41  89  31 103   2  37  53  75 116 119  41 107 113 123  36  99  12 
107 100  78  16  61  96  98  13   0 111 101   2 107  91  33  76  43  56  86  20   5   5  61   6  46  34  94  46   7  89 120  22  75   7  98  58  48  32  38  80  50  26  22  87  89  40  52  61   2  54 
 93  89  82 110  31  20  51  21  74   0  81  37  89 118  13  19  69  21  70  39   9 122  37  45 103  73  19   7 108  65   3  67  94  76  88  60  75  19 114  21   4 107 118  88  25 110  76  94  60  38 
 53  10 112  52  98  18 103  43  57  78   0  99  91  43  58  84  80  67  46  87  25  90  21 102  26  84   3  49  73  78  69  16 110  61 111  16  46  27  33  62  59  87  66  54   9  55  92  36  56  31 
 52  37   5 111  14  24  37  84  50  98  72   0   3 114  21  20  33  18   8  66  73  33  45  92  47  61 103 112  61  31  47  52  78 121  21  73  84  14   8  24  96  11   6  53  73  46  53 107   5  66 
 82  75  90 115  27  41  54  22 100  53  81  39   0  14  52  73  80  87  89  21  38  16  49  15  14  55  12  33  10  37  80 102  78  41  49   7  74  55   8 105  22  43  61  40 108  35  16  52  65  42 
 73  35   4  39  76  39  37  13  74 122  85  12 107   0  16  37 111 119  61 120  17 117  86  34  13  48  51  95  60  60  37  68  15  98  65 108  85  63  72  55  84  56  37 121  93  53  47 110  46  82 
102  64  74  25 112  47  38  11  69  15  74  94  58 104   0  87  99 117  92  60   9  68  13 107  38  21   1  14   7  52  94  53  25  61  82 109  31 113  85  15  49  30  99  96  51 112 109  48  98 106 
 41  82  37  67  88  39 124  98 108  58   6 114  44  87  70   0  12 110  30  46  19   8  18  94  63  26 109  12   4  74  43  54  14  88 123  95  85  99  57  74  61  74  74  97  52 117  43  58  17  35 
 85  40  83  70   5  20  50 112  36 111  31   3  29  81  61   8   0 120  54  27  27  52  97   5  86  18  69  44  37 122  54 115  74  31  47  12  36  28 110  34  81  65  79  33   4  75 123  61  87  17 
105  77 103  28   7  95  53  56  51  98  91  37  95  25  75  68 100   0  50  46  67 110  71  46  57  55  27  70  69  39  42  78  37  20   9  89  74  20 117  41  34  33  75  45  65  16  78 107  75  54 
 23  14  61  41  59  43 108   7  16  82  17  17   6  42  95   8   3  48   0 118  50 110  82  49 121 103  86 100  11  75  72  54 105 100 123   6  44  28  22 105  68   3  63   8  25  52  89  47  54   9 
 78 103  12  96 113   5   5 110 118 111   9  72  46  88  92  14  80  74  64   0  87   3 122  77  86  96  17  37 111  44  28  71  81  48  89  71  85 102  14 110  79 120  74  23  13  47  51 110 119  23 
114  23  44  45  71 114  52  44  25  82  78 123  22  67  76  38   8  65  45 100   0  88 104  87  15  36  87 103 107 113  42 110   3  13  45  42   9   4  76  67 102 110  62 100  88 111 119  39  97  22 
 13   3  25 119  14   4  20   5   4  33 118  29 115  75 106 124 106  38  32 108  43   0  93  58  17  67 115  88  33  58 103  69  58  27  62 122 102  11  37   3   2  70  11  45 117 122  98  44  90  76 
110  67   8  58  66  85  71  63  14   9 104  60  56  76  32  34  65   8  48  42  21 106   0 120  35 101 104  36 107 100  15 107  15  96  73 122  14  56 118  88  39  34   2  31 114   1  42  63  42  67 
 91  21  49  76 112  22   5  42  18 102  99  84 100  31  79  43  43  60  47  37   1  92  31   0  83  87  44  30  10 121  28  68  21  50  31  98 123  28 110   9  83   1  75  87  86  30  12   8 116   7 
 52  19 123  30  31  28  55  56 110   6  96  38 109 100  56   5  77  66  10 108  46   4  95  10   0  79  76  53  92  53  66  25  24  12 111  31 106   3  35  92   1  97  70  61 103 102  18   9  43  62 
102  36  22 107  70  33 114  93  15  60  85  87  66  34  78  93  28  24  27  76  83  75 104   5  59   0  88  62  55  25  41  57 105  37  83  23  76  82  92  74  79   1  60 108  29  35  44 100  91  78 
120 111  17  98 114  63   4  50  12  34 108   6  35  58  48  57  46  58 119  63  44  81  86  88   8   3   0 121  39  49 124 118  69   4 113  95  41 116  56 111  28  26  87 108  77  50 112  45  63 118 
 36  67  98  59  77 109  62  62  88  59  53  17  20  79   4  22   1  64  99  88  46  90 123  82  98  95  26   0  40  12  46 117  79  66 119  57  49  35   8  25  81  84  13  47  17  70   6  31  94  95 
 92  19  49   8  38  83 105  32  52  45  61 102  46  38  64   2 110  32  81  11  40  55  53  20  58  38  52  98   0  22  73  77   7  42   7  68 103  39  94   7  82  40  16  93  38  22  31  19  53 120 
114   3  44   1   9 124   2  48  94  48   7 124  66  60  90  74  86  39  91 122  67  46  48  59  16   4 111  14 122   0  86  20  24  71  86  81  36  68  58 102 118  73 110  52  43  28 115  90  68  37 
 79  98  35  95  71 108 113  45  61  58 117  99  73 110  48  87 116  49  73  57  80 124  11  61  27  16 116 100 102  25   0  63  11   1   5  65 122   8 114   2 118  54 118  20  17  76  88 120  61  64 
 37  64   2  19  45   4  94  48  75  90  41  53  88  30  88   6  49 113 112  61  69  34  11  42  73  45  47 122 101  47  49   0  94 101  32  80  85 114  86   7  86  91  39  40 124  83  98  32  78 100 
106 111  60  49 119  59  89  84   8  53  47 119  87  68 103  12  27  30  91   6   3  73  34  66  24 123 112 117  51  80 122 108   0  89   5 109  34 119  41  59 105  93  59  25   4  93  98  98   5   8 
 63 110 111  94  44  57  62 104   8  23  88  67   7 104  67  43 102  81 120   9 108  39  28  34  68  40  94  18  60  62  16 121 113   0  90  57  64   9 120  96 112  55 119  76  36  45  91  17  44  65 
 43  96  81  67  61  51  73  14  61 111  91  76  89  63  52  14  56  71  12  47  27 103  62 117 124 116 109  70  35 109  48 105  80  70   0  32  19 120 106   3 121  58  19  34  44  63  11  32 100  60 
 56  65  65 104 116  87   3   5   6  13 120  79  73  26 107  91 115   4  19  49  36  38  56  36  56 108 120  16  33  56  69  79   4 119  98   0  82  45  41  94  88  49  29  26  45  19  27  82 106  69 
 34   3  56 119  78  48  33  82  93  20  36  30  86  64 105  15  58 107 106  27  17  21  12  65  92  45 113  61  65  39  74 107  85  77  29  21   0  29  70  28  59 111  39  85  73  26  95  46 104  17 
108  72  79 103  24  55  25  67  19  98  38  80  10  23  65 119  99 122  44  14   4  74  41  55 123  74  61 124  48  24   2  27  94  99 108  32  98   0  14 118 118  46  12  98  15 101   5   2   5  47 
115  95  20  39  60 102  16  20   2  44  82 118  13 103  85 124  63  43   5  77 106 114  81  85  36 112 113  64  87  80 105 117 121  81  64  57  14  38   0  96  22  50 110 106  54  87  32  27  64  31 
 18  64 102 107   3  51  59 105  94  33  35  67  20  13  19  38  70  10   7 102  88 104  56  65 105  50  34  18 105  69  84  11 118  94  91 114  46   6  36   0  53 119  36   6  91 113 100  35  51  16 
 20  89  12 100   2  28  45  51  97  94  77  53  41  70   8  84  68  19  70  81  89   9 123  86  47  87   4 105  79 118 121  23  29   7  84 114  73  35  99 105   0 114  27  22  67  95 124  12 112  50 
 72  94 103 102  97  76 117  13  10  35 119  20 112  47  91  52  96  84  35  74  59 118  13  61 115   6 114   4  58  46  18  78  91 102  46 119  13  33  92 107 115   0  62 117  13  52  69  51  80  64 
102  11  37   6  63  93  98 106 104  52   5  30  14  37  41 114  59 103  72  56  26  54  25  71  43  59  12  93  64 111  63 112  92  27  86  86 111  39  73 104  79  46   0  65  73  44  19  97  56  95 
 58  61  75   9  98  53  80  73 119  79  10  90  48  12 109  16 116  38  50  19  60  92  82  51  78  57  85  29 121   2  55  35 104  56 102  87  67   9  30  24  17 107 107   0  31 107 123   1 116  10 
 49  55  44  22  48 121  27  53  46  31 124  34  28  13 118  56  35 114  87  10  48  23 118  42   1  66  18  50 120  38  22  66  55   5  94 121  47  18  64 124   1  43  35  50   0  13  93  59   1  38 
 83   7  34  34 116  64  70 120 103  48  36  89  62  70  62 109  16 113  31  66 104  63  91  78   2  66  81 105  31  83  13  80 122  61  71  57  66  42 122  21  88  63  53  50 117   0  71 119  90  44 
 74 101  13  47 107  28  92  75  34 102  67  88  36  95  20 111  57  24  71 123  59 111 101  99  82  66  60  31  93   8  99  45  74  85  11  63  77  82 110  65   6 115   4  76  98  32   0  74   3  98 
 68 121 122 113  50  59  75  71 117  36 104 117  35  78  46  63  57   3  19  88 124  10  47  11 116  64  96  56 114  19  95 114  88  47 123 115 102 104  84  48 109  83   5 116  42  48  43   0  64  86 
 69  88  29  59  60  30  89  13  38  32  73  17  27  19  71  38   2  51 103  68  83 123  88 121  70  97  96  57  34  24   6  16  19  80  72 110 110  81  80  38  29  73 119  80 105 102  82  95   0 102 
 50 115  61   5 108  13  50  17   9 107  92  16  82  58  17  66  95  70  65  69 124  64   3  37  42  42   5  21  15 110  74  17  54 102  20  64 107  69  65  25  25 122  85 100 100   6  16 108 113   0 
M3
  0  92 111 117  36   1 110  49   2  65   9  18  71  62 117  41 101 118  62  69  62  91  85 112  89  17  68  22 117  42  17   4  68  48  68  72  80 108 107 120   7 112  34 110  96  94  57  82  23  28 
 49   0 121  86  33  96  17 104  34  26  59  78  84  86  86 116  41 119  96  84  86  13  99  33  12  13  47  21  11  72  44  91  94 123  36  77 113  95 104 116 108  99  47 109 115   7  56  28  43   9 
 97 116   0   8  72  88 101 118  89  97  44 101  95  26  49  15 101 110  50  60  19 103  38  53  92 102  47  29  59  50  29  55 103 101 118  45  61  83  30  68   3  76  27  78  95  97  49  26 106  48 
 23  10  44   0  29  47  33 121  91  24  20  82  15  86  72  12 115  98  29  76  65  70  43  49  62 105  36  78  31  98  71 100   7  10  51  27  70 105 106  79  91  98  82  26  82  26  23 107  30 123 
 18  43  48  49   0  19  45  39  18  75  52  97  50 124  19  61  13 118  73  34  44  88   1  68  30   8  85  99 111   6  82  98  15 113  76  92   2  71 120  21  45  42  10  16  89  24  17  43   8  51 
 39  19  40  40 120   0   5  55  72 123  40  53  12 117  87  26  36  62 120  25 118  64 106  72  69  34 110  45  38 111  65  42  94  34  89   5  52  54   9  34  55  76  84  18  36   9  24   5  11 115 
 69  45  96  73 103   8   0  33  86 123  51  47  38 110   9  50 102  33  81 122 107  24  40  30  10  26  32  13  56  47   4  98 105 113  17  33  27  84 102 105 116  68 108  56  18  43  41  91  96  16 
 15  49  17  94  71  28  50   0 124  96  63  20  45  40 114  58  77  76  28  72  52 109  89   2  94  61  22  75  58   4  55 121  81  41  89  31 103   2  37  53  75 116 119  41 107 113 123  36  99  12 
107 100  78  16  61  96  98  13   0 111 101   2 107  91  33  76  43  56  86  20   5   5  61   6  46  34  94  46   7  89 120  22  75   7  98  58  48  32  38  80  50  26  22  87  89  40  52  61   2  54 
 93  89  82 110  31  20  51  21  74   0  81  37  89 118  13  19  69  21  70  39   9 122  37  45 103  73  19   7 108  65   3  67  94  76  88  60  75  19 114  21   4 107 118  88  25 110  76  94  60  38 
 53  10 112  52  98  18 103  43  57  78   0  99  91  43  58  84  80  67  46  87  25  90  21 102  26  84   3  49  73  78  69  16 110  61 111  16  46  27  33  62  59  87  66  54   9  55  92  36  56  31 
 52  37   5 111  14  24  37  84  50  98  72   0   3 114  21  20  33  18   8  66  73  33  45  92  47  61 103 112  61  31  47  52  78 121  21  73  84  14   8  24  96  11   6  53  73  46  53 107   5  66 
 82  75  90 115  27  41  54  22 100  53  81  39   0  14  52  73  80  87  89  21  38  16  49  15  14  55  12  33  10  37  80 102  78  41  49   7  74  55   8 105  22  43  61  40 108  35  16  52  65  42 
 73  35   4  39  76  39  37  13  74 122  85  12 107   0  16  37 111 119  61 120  17 117  86  34  13  48  51  95  60  60  37  68  15  98  65 108  85  63  72  55  84  56  37 121  93  53  47 110  46  82 
102  64  74  25 112  47  38  11  69  15  74  94  58 104   0  87  99 117  92  60   9  68  13 107  38  21   1  14   7  52  94  53  25  61  82 109  31 113  85  15  49  30  99  96  51 112 109  48  98 106 
 41  82  37  67  88  39 124  98 108  58   6 114  44  87  70   0  12 110  30  46  19   8  18  94  63  26 109  12   4  74  43  54  14  88 123  95  85  99  57  74  61  74  74  97  52 117  43  58  17  35 
 85  40  83  70   5  20  50 112  36 111  31   3  29  81  61   8   0 120  54  27  27  52  97   5  86  18  69  44  37 122  54 115  74  31  47  12  36  28 110  34  81  65  79  33   4  75 123  61  87  17 
105  77 103  28   7  95  53  56  51  98  91  37  95  25  75  68 100   0  50  46  67 110  71  46  57  55  27  70  69  39  42  78  37  20   9  89  74  20 117  41  34  33  75  45  65  16  78 107  75  54 
 23  14  61  41  59  43 108   7  16  82  17  17   6  42  95   8   3  48   0 118  50 110  82  49 121 103  86 100  11  75  72  54 105 100 123   6  44  28  22 105  68   3  63   8  25  52  89  47  54   9 
 78 103  12  96 113   5   5 110 118 111   9  72  46  88  92  14  80  74  64   0  87   3 122  77  86  96  17  37 111  44  28  71  81  48  89  71  85 102  14 110  79 120  74  23  13  47  51 110 119  23 
114  23  44  45  71 114  52  44  25  82  78 123  22  67  76  38   8  65  45 100   0  88 104  87  15  36  87 103 107 113  42 110   3  13  45  42   9   4  76  67 102 110  62 100  88 111 119  39  97  22 
 13   3  25 119  14   4  20   5   4  33 118  29 115  75 106 124 106  38  32 108  43   0  93  58  17  67 115  88  33  58 103  69  58  27  62 122 102  11  37   3   2  70  11  45 117 122  98  44  90  76 
110  67   8  58  66  85  71  63  14   9 104  60  56  76  32  34  65   8  48  42  21 106   0 120  35 101 104  36 107 100  15 107  15  96  73 122  14  56 118  88  39  34   2  31 114   1  42  63  42  67 
 91  21  49  76 112  22   5  42  18 102  99  84 100  31  79  43  43  60  47  37   1  92  31   0  83  87  44  30  10 121  28  68  21  50  31  98 123  28 110   9  83   1  75  87  86  30  12   8 116   7 
 52  19 123  30  31  28  55  56 110   6  96  38 109 100  56   5  77  66  10 108  46   4  95  10   0  79  76  53  92  53  66  25  24  12 111  31 106   3  35  92   1  97  70  61 103 102  18   9  43  62 
102  36  22 107  70  33 114  93  15  60  85  87  66  34  78  93  28  24  27  76  83  75 104   5  59   0  88  62  55  25  41  57 105  37  83  23  76  82  92  74  79   1  60 108  29  35  44 100  91  78 
120 111  17  98 114  63   4  50  12  34 108   6  35  58  48  57  46  58 119  63  44  81  86  88   8   3   0 121  39  49 124 118  69   4 113  95  41 116  56 111  28  26  87 108  77  50 112  45  63 118 
 36  67  98  59  77 109  62  62  88  59  53  17  20  79   4  22   1  64  99  88  46  90 123  82  98  95  26   0  40  12  46 117  79  66 119  57  49  35   8  25  81  84  13  47  17  70   6  31  94  95 
 92  19  49   8  38  83 105  32  52  45  61 102  46  38  64   2 110  32  81  11  40  55  53  20  58  38  52  98   0  22  73  77   7  42   7  68 103  39  94   7  82  40  16  93  38  22  31  19  53 120 
114   3  44   1   9 124   2  48  94  48   7 124  66  60  90  74  86  39  91 122  67  46  48  59  16   4 111  14 122   0  86  20  24  71  86  81  36  68  58 102 118  73 110  52  43  28 115  90  68  37 
 79  98  35  95  71 108 113  45  61  58 117  99  73 110  48  87 116  49  73  57  80 124  11  61  27  16 116 100 102  25   0  63  11   1   5  65 122   8 114   2 118  54 118  20  17  76  88 120  61  64 
 37  64   2  19  45   4  94  48  75  90  41  53  88  30  88   6  49 113 112  61  69  34  11  42  73  45  47 122 101  47  49   0  94 101  32  80  85 114  86   7  86  91  39  40 124  83  98  32  78 100 
106 111  60  49 119  59  89  84   8  53  47 119  87  68 103  12  27  30  91   6   3  73  34  66  24 123 112 117  51  80 122 108   0  89   5 109  34 119  41  59 105  93  59  25   4  93  98  98   5   8 
 63 110 111  94  44  57  62 104   8  23  88  67   7 104  67  43 102  81 120   9 108  39  28  34  68  40  94  18  60  62  16 121 113   0  90  57  64   9 120  96 112  55 119  76  36  45  91  17  44  65 
 43  96  81  67  61  51  73  14  61 111  91  76  89  63  52  14  56  71  12  47  27 103  62 117 124 116 109  70  35 109  48 105  80  70   0  32  19 120 106   3 121  58  19  34  44  63  11  32 100  60 
 56  65  65 104 116  87   3   5   6  13 120  79  73  26 107  91 115   4  19  49  36  38  56  36  56 108 120  16  33  56  69  79   4 119  98   0  82  45  41  94  88  49  29  26  45  19  27  82 106  69 
 34   3  56 119  78  48  33  82  93  20  36  30  86  64 105  15  58 107 106  27  17  21  12  65  92  45 113  61  65  39  74 107  85  77  29  21   0  29  70  28  59 111  39  85  73  26  95  46 104  17 
108  72  79 103  24  55  25  67  19  98  38  80  10  23  65 119  99 122  44  14   4  74  41  55 123  74  61 124  48  24   2  27  94  99 108  32  98   0  14 118 118  46  12  98  15 101   5   2   5  47 
115  95  20  39  60 102  16  20   2  44  82 118  13 103  85 124  63  43   5  77 106 114  81  85  36 112 113  64  87  80 105 117 121  81  64  57  14  38   0  96  22  50 110 106  54  87  32  27  64  31 
 18  64 102 107   3  51  59 105  94  33  35  67  20  13  19  38  70  10   7 102  88 104  56  65 105  50  34  18 105  69  84  11 118  94  91 114  46   6  36   0  53 119  36   6  91 113 100  35  51  16 
 20  89  12 100   2  28  45  51  97  94  77  53  41  70   8  84  68  19  70  81  89   9 123  86  47  87   4 105  79 118 121  23  29   7  84 114  73  35  99 105   0 114  27  22  67  95 124  12 112  50 
 72  94 103 102  97  76 117  13  10  35 119  20 112  47  91  52  96  84  35  74  59 118  13  61 115   6 114   4  58  46  18  78  91 102  46 119  13  33  92 107 115   0  62 117  13  52  69  51  80  64 
102  11  37   6  63  93  98 106 104  52   5  30  14  37  41 114  59 103  72  56  26  54  25  71  43  59  12  93  64 111  63 112  92  27  86  86 111  39  73 104  79  46   0  65  73  44  19  97  56  95 
 58  61  75   9  98  53  80  73 119  79  10  90  48  12 109  16 116  38  50  19  60  92  82  51  78  57  85  29 121   2  55  35 104  56 102  87  67   9  30  24  17 107 107   0  31 107 123   1 116  10 
 49  55  44  22  48 121  27  53  46  31 124  34  28  13 118  56  35 114  87  10  48  23 118  42   1  66  18  50 120  38  22  66  55   5  94 121  47  18  64 124   1  43  35  50   0  13  93  59   1  38 
 83   7  34  34 116  64  70 120 103  48  36  89  62  70  62 109  16 113  31  66 104  63  91  78   2  66  81 105  31  83  13  80 122  61  71  57  66  42 122  21  88  63  53  50 117   0  71 119  90  44 
 74 101  13  47 107  28  92  75  34 102  67  88  36  95  20 111  57  24  71 123  59 111 101  99  82  66  60  31  93   8  99  45  74  85  11  63  77  82 110  65   6 115   4  76  98  32   0  74   3  98 
 68 121 122 113  50  59  75  71 117  36 104 117  35  78  46  63  57   3  19  88 124  10  47  11 116  64  96  56 114  19  95 114  88  47 123 115 102 104  84  48 109  83   5 116  42  48  43   0  64  86 
 69  88  29  59  60  30  89  13  38  32  73  17  27  19  71  38   2  51 103  68  83 123  88 121  70  97  96  57  34  24   6  16  19  80  72 110 110  81  80  38  29  73 119  80 105 102  82  95   0 102 
 50 115  61   5 108  13  50  17   9 107  92  16  82  58  17  66  95  70  65  69 124  64   3  37  42  42   5  21  15 110  74  17  54 102  20  64 107  69  65  25  25 122  85 100 100   6  16 108 113   0 
M4
  0  92 111 117  36   1 110  49   2  65   9  18  71  62 117  41 101 118  62  69  62  91  85 112  89  17  68  22 117  42  17   4  68  48  68  72  80 108 107 120   7 112  34 110  96  94  57  82  23  28 
 49   0 121  86  33  96  17 104  34  26  59  78  84  86  86 116  41 119  96  84  86  13  99  33  12  13  47  21  11  72  44  91  94 123  36  77 113  95 104 116 108  99  47 109 115   7  56  28  43   9 
 97 116   0   8  72  88 101 118  89  97  44 101  95  26  49  15 101 110  50  60  19 103  38  53  92 102  47  29  59  50  29  55 103 101 118  45  61  83  30  68   3  76  27  78  95  97  49  26 106  48 
 23  10  44   0  29  47  33 121  91  24  20  82  15  86  72  12 115  98  29  76  65  70  43  49  62 105  36  78  31  98  71 100   7  10  51  27  70 105 106  79  91  98  82  26  82  26  23 107  30 123 
 18  43  48  49   0  19  45  39  18  75  52  97  50 124  19  61  13 118  73  34  44  88   1  68  30   8  85  99 111   6  82  98  15 113  76  92   2  71 120  21  45  42  10  16  89  24  17  43   8  51 
 39  19  40  40 120   0   5  55  72 123  40  53  12 117  87  26  36  62 120  25 118  64 106  72  69  34 110  45  38 111  65  42  94  34  89   5  52  54   9  34  55  76  84  18  36   9  24   5  11 115 
 69  45  96  73 103   8   0  33  86 123  51  47  38 110   9  50 102  33  81 122 107  24  40  30  10  26  32  13  56  47   4  98 105 113  17  33  27  84 102 105 116  68 108  56  18  43  41  91  96  16 
 15  49  17  94  71  28  50   0 124  96  63  20  45  40 114  58  77  76  28  72  52 109  89   2  94  61  22  75  58   4  55 121  81  41  89  31 103   2  37  53  75 116 119  41 107 113 123  36  99  12 
107 100  78  16  61  96  98  13   0 111 101   2 107  91  33  76  43  56  86  20   5   5  61   6  46  34  94  46   7  89 120  22  75   7  98  58  48  32  38  80  50  26  22  87  89  40  52  61   2  54 
 93  89  82 110  31  20  51  21  74   0  81  37  89 118  13  19  69  21  70  39   9 122  37  45 103  73  19   7 108  65   3  67  94  76  88  60  75  19 114  21   4 107 118  88  25 110  76  94  60  38 
 53  10 112  52  98  18 103  43  57  78   0  99  91  43  58  84  80  67  46  87  25  90  21 102  26  84   3  49  73  78  69  16 110  61 111  16  46  27  33  62  59  87  66  54   9  55  92  36  56  31 
 52  37   5 111  14  24  37  84  50  98  72   0   3 114  21  20  33  18   8  66  73  33  45  92  47  61 103 112  61  31  47  52  78 121  21  73  84  14   8  24  96  11   6  53  73  46  53 107   5  66 
 82  75  90 115  27  41  54  22 100  53  81  39   0  14  52  73  80  87  89  21  38  16  49  15  14  55  12  33  10  37  80 102  78  41  49   7  74  55   8 105  22  43  61  40 108  35  16  52  65  42 
 73  35   4  39  76  39  37  13  74 122  85  12 107   0  16  37 111 119  61 120  17 117  86  34  13  48  51  95  60  60  37  68  15  98  65 108  85  63  72  55  84  56  37 121  93  53  47 110  46  82 
102  64  74  25 112  47  38  11  69  15  74  94  58 104   0  87  99 117  92  60   9  68  13 107  38  21   1  14   7  52  94  53  25  61  82 109  31 113  85  15  49  30  99  96  51 112 109  48  98 106 
 41  82  37  67  88  39 124  98 108  58   6 114  44  87  70   0  12 110  30  46  19   8  18  94  63  26 109  12   4  74  43  54  14  88 123  95  85  99  57  74  61  74  74  97  52 117  43  58  17  35 
 85  40  83  70   5  20  50 112  36 111  31   3  29  81  61   8   0 120  54  27  27  52  97   5  86  18  69  44  37 122  54 115  74  31  47  12  36  28 110  34  81  65  79  33   4  75 123  61  87  17 
105  77 103  28   7  95  53  56  51  98  91  37  95  25  75  68 100   0  50  46  67 110  71  46  57  55  27  70  69  39  42  78  37  20   9  89  74  20 117  41  34  33  75  45  65  16  78 107  75  54 
 23  14  61  41  59  43 108   7  16  82  17  17   6  42  95   8   3  48   0 118  50 110  82  49 121 103  86 100  11  75  72  54 105 100 123   6  44  28  22 105  68   3  63   8  25  52  89  47  54   9 
 78 103  12  96 113   5   5 110 118 111   9  72  46  88  92  14  80  74  64   0  87   3 122  77  86  96  17  37 111  44  28  71  81  48  89  71  85 102  14 110  79 120  74  23  13  47  51 110 119  23 
114  23  44  45  71 114  52  44  25  82  78 123  22  67  76  38   8  65  45 100   0  88 104  87  15  36  87 103 107 113  42 110   3  13  45  42   9   4  76  67 102 110  62 100  88 111 119  39  97  22 
 13   3  25 119  14   4  20   5   4  33 118  29 115  75 106 124 106  38  32 108  43   0  93  58  17  67 115  88  33  58 103  69  58  27  62 122 102  11  37   3   2  70  11  45 117 122  98  44  90  76 
110  67   8  58  66  85  71  63  14   9 104  60  56  76  32  34  65   8  48  42  21 106   0 120  35 101 104  36 107 100  15 107  15  96  73 122  14  56 118  88  39  34   2  31 114   1  42  63  42  67 
 91  21  49  76 112  22   5  42  18 102  99  84 100  31  79  43  43  60  47  37   1  92  31   0  83  87  44  30  10 121  28  68  21  50  31  98 123  28 110   9  83   1  75  87  86  30  12   8 116   7 
 52  19 123  30  31  28  55  56 110   6  96  38 109 100  56   5  77  66  10 108  46   4  95  10   0  79  76  53  92  53  66  25  24  12 111  31 106   3  35  92   1  97  70  61 103 102  18   9  43  62 
102  36  22 107  70  33 114  93  15  60  85  87  66  34  78  93  28  24  27  76  83  75 104   5  59   0  88  62  55  25  41  57 105  37  83  23  76  82  92  74  79   1  60 108  29  35  44 100  91  78 
120 111  17  98 114  63   4  50  12  34 108   6  35  58  48  57  46  58 119  63  44  81  86  88   8   3   0 121  39  49 124 118  69   4 113  95  41 116  56 111  28  26  87 108  77  50 112  45  63 118 
 36  67  98  59  77 109  62  62  88  59  53  17  20  79   4  22   1  64  99  88  46  90 123  82  98  95  26   0  40  12  46 117  79  66 119  57  49  35   8  25  81  84  13  47  17  70   6  31  94  95 
 92  19  49   8  38  83 105  32  52  45  61 102  46  38  64   2 110  32  81  11  40  55  53  20  58  38  52  98   0  22  73  77   7  42   7  68 103  39  94   7  82  40  16  93  38  22  31  19  53 120 
114   3  44   1   9 124   2  48  94  48   7 124  66  60  90  74  86  39  91 122  67  46  48  59  16   4 111  14 122   0  86  20  24  71  86  81  36  68  58 102 118  73 110  52  43  28 115  90  68  37 
 79  98  35  95  71 108 113  45  61  58 117  99  73 110  48  87 116  49  73  57  80 124  11  61  27  16 116 100 102  25   0  63  11   1   5  65 122   8 114   2 118  54 118  20  17  76  88 120  61  64 
 37  64   2  19  45   4  94  48  75  90  41  53  88  30  88   6  49 113 112  61  69  34  11  42  73  45  47 122 101  47  49   0  94 101  32  80  85 114  86   7  86  91  39  40 124  83  98  32  78 100 
106 111  60  49 119  59  89  84   8  53  47 119  87  68 103  12  27  30  91   6   3  73  34  66  24 123 112 117  51  80 122 108   0  89   5 109  34 119  41  59 105  93  59  25   4  93  98  98   5   8 
 63 110 111  94  44  57  62 104   8  23  88  67   7 104  67  43 102  81 120   9 108  39  28  34  68  40  94  18  60  62  16 121 113   0  90  57  64   9 120  96 112  55 119  76  36  45  91  17  44  65 
 43  96  81  67  61  51  73  14  61 111  91  76  89  63  52  14  56  71  12  47  27 103  62 117 124 116 109  70  35 109  48 105  80  70   0  32  19 120 106   3 121  58  19  34  44  63  11  32 100  60 
 56  65  65 104 116  87   3   5   6  13 120  79  73  26 107  91 115   4  19  49  36  38  56  36  56 108 120  16  33  56  69  79   4 119  98   0  82  45  41  94  88  49  29  26  45  19  27  82 106  69 
 34   3  56 119  78  48  33  82  93  20  36  30  86  64 105  15  58 107 106  27  17  21  12  65  92  45 113  61  65  39  74 107  85  77  29  21   0  29  70  28  59 111  39  85  73  26  95  46 104  17 
108  72  79 103  24  55  25  67  19  98  38  80  10  23  65 119  99 122  44  14   4  74  41  55 123  74  61 124  48  24   2  27  94  99 108  32  98   0  14 118 118  46  12  98  15 101   5   2   5  47 
115  95  20  39  60 102  16  20   2  44  82 118  13 103  85 124  63  43   5  77 106 114  81  85  36 112 113  64  87  80 105 117 121  81  64  57  14  38   0  96  22  50 110 106  54  87  32  27  64  31 
 18  64 102 107   3  51  59 105  94  33  35  67  20  13  19  38  70  10   7 102  88 104  56  65 105  50  34  18 105  69  84  11 118  94  91 114  46   6  36   0  53 119  36   6  91 113 100  35  51  16 
 20  89  12 100   2  28  45  51  97  94  77  53  41  70   8  84  68  19  70  81  89   9 123  86  47  87   4 105  79 118 121  23  29   7  84 114  73  35  99 105   0 114  27  22  67  95 124  12 112  50 
 72  94 103 102  97  76 117  13  10  35 119  20 112  47  91  52  96  84  35  74  59 118  13  61 115   6 114   4  58  46  18  78  91 102  46 119  13  33  92 107 115   0  62 117  13  52  69  51  80  64 
102  11  37   6  63  93  98 106 104  52   5  30  14  37  41 114  59 103  72  56  26  54  25  71  43  59  12  93  64 111  63 112  92  27  86  86 111  39  73 104  79  46   0  65  73  44  19  97  56  95 
 58  61  75   9  98  53  80  73 119  79  10  90  48  12 109  16 116  38  50  19  60  92  82  51  78  57  85  29 121   2  55  35 104  56 102  87  67   9  30  24  17 107 107   0  31 107 123   1 116  10 
 49  55  44  22  48 121  27  53  46  31 124  34  28  13 118  56  35 114  87  10  48  23 118  42   1  66  18  50 120  38  22  66  55   5  94 121  47  18  64 124   1  43  35  50   0  13  93  59   1  38 
 83   7  34  34 116  64  70 120 103  48  36  89  62  70  62 109  16 113  31  66 104  63  91  78   2  66  81 105  31  83  13  80 122  61  71  57  66  42 122  21  88  63  53  50 117   0  71 119  90  44 
 74 101  13  47 107  28  92  75  34 102  67  88  36  95  20 111  57  24  71 123  59 111 101  99  82  66  60  31  93   8  99  45  74  85  11  63  77  82 110  65   6 115   4  76  98  32   0  74   3  98 
 68 121 122 113  50  59  75  71 117  36 104 117  35  78  46  63  57   3  19  88 124  10  47  11 116  64  96  56 114  19  95 114  88  47 123 115 102 104  84  48 109  83   5 116  42  48  43   0  64  86 
 69  88  29  59  60  30  89  13  38  32  73  17  27  19  71  38   2  51 103  68  83 123  88 121  70  97  96  57  34  24   6  16  19  80  72 110 110  81  80  38  29  73 119  80 105 102  82  95   0 102 
 50 115  61   5 108  13  50  17   9 107  92  16  82  58  17  66  95  70  65  69 124  64   3  37  42  42   5  21  15 110  74  17  54 102  20  64 107  69  65  25  25 122  85 100 100   6  16 108 113   0 
M5
  0  92 111 117  36   1 110  49   2  65   9  18  71  62 117  41 101 118  62  69  62  91  85 112  89  17  68  22 117  42  17   4  68  48  68  72  80 108 107 120   7 112  34 110  96  94  57  82  23  28 
 49   0 121  86  33  96  17 104  34  26  59  78  84  86  86 116  41 119  96  84  86  13  99  33  12  13  47  21  11  72  44  91  94 123  36  77 113  95 104 116 108  99  47 109 115   7  56  28  43   9 
 97 116   0   8  72  88 101 118  89  97  44 101  95  26  49  15 101 110  50  60  19 103  38  53  92 102  47  29  59  50  29  55 103 101 118  45  61  83  30  68   3  76  27  78  95  97  49  26 106  48 
 23  10  44   0  29  47  33 121  91  24  20  82  15  86  72  12 115  98  29  76  65  70  43  49  62 105  36  78  31  98  71 100   7  10  51  27  70 105 106  79  91  98  82  26  82  26  23 107  30 123 
 18  43  48  49   0  19  45  39  18  75  52  97  50 124  19  61  13 118  73  34  44  88   1  68  30   8  85  99 111   6  82  98  15 113  76  92   2  71 120  21  45  42  10  16  89  24  17  43   8  51 
 39  19  40  40 120   0   5  55  72 123  40  53  12 117  87  26  36  62 120  25 118  64 106  72  69  34 110  45  38 111  65  42  94  34  89   5  52  54   9  34  55  76  84  18  36   9  24   5  11 115 
 69  45  96  73 103   8   0  33  86 123  51  47  38 110   9  50 102  33  81 122 107  24  40  30  10  26  32  13  56  47   4  98 105 113  17  33  27  84 102 105 116  68 108  56  18  43  41  91  96  16 
 15  49  17  94  71  28  50   0 124  96  63  20  45  40 114  58  77  76  28  72  52 109  89   2  94  61  22  75  58   4  55 121  81  41  89  31 103   2  37  53  75 116 119  41 107 113 123  36  99  12 
107 100  78  16  61  96  98  13   0 111 101   2 107  91  33  76  43  56  86  20   5   5  61   6  46  34  94  46   7  89 120  22  75   7  98  58  48  32  38  80  50  26  22  87  89  40  52  61   2  54 
 93  89  82 110  31  20  51  21  74   0  81  37  89 118  13  19  69  21  70  39   9 122  37  45 103  73  19   7 108  65   3  67  94  76  88  60  75  19 114  21   4 107 118  88  25 110  76  94  60  38 
 53  10 112  52  98  18 103  43  57  78   0  99  91  43  58  84  80  67  46  87  25  90  21 102  26  84   3  49  73  78  69  16 110  61 111  16  46  27  33  62  59  87  66  54   9  55  92  36  56  31 
 52  37   5 111  14  24  37  84  50  98  72   0   3 114  21  20  33  18   8  66  73  33  45  92  47  61 103 112  61  31  47  52  78 121  21  73  84  14   8  24  96  11   6  53  73  46  53 107   5  66 
 82  75  90 115  27  41  54  22 100  53  81  39   0  14  52  73  80  87  89  21  38  16  49  15  14  55  12  33  10  37  80 102  78  41  49   7  74  55   8 105  22  43  61  40 108  35  16  52  65  42 
 73  35   4  39  76  39  37  13  74 122  85  12 107   0  16  37 111 119  61 120  17 117  86  34  13  48  51  95  60  60  37  68  15  98  65 108  85  63  72  55  84  56  37 121  93  53  47 110  46  82 
102  64  74  25 112  47  38  11  69  15  74  94  58 104   0  87  99 117  92  60   9  68  13 107  38  21   1  14   7  52  94  53  25  61  82 109  31 113  85  15  49  30  99  96  51 112 109  48  98 106 
 41  82  37  67  88  39 124  98 108  58   6 114  44  87  70   0  12 110  30  46  19   8  18  94  63  26 109  12   4  74  43  54  14  88 123  95  85  99  57  74  61  74  74  97  52 117  43  58  17  35 
 85  40  83  70   5  20  50 112  36 111  31   3  29  81  61   8   0 120  54  27  27  52  97   5  86  18  69  44  37 122  54 115  74  31  47  12  36  28 110  34  81  65  79  33   4  75 123  61  87  17 
105  77 103  28   7  95  53  56  51  98  91  37  95  25  75  68 100   0  50  46  67 110  71  46  57  55  27  70  69  39  42  78  37  20   9  89  74  20 117  41  34  33  75  45  65  16  78 107  75  54 
 23  14  61  41  59  43 108   7  16  82  17  17   6  42  95   8   3  48   0 118  50 110  82  49 121 103  86 100  11  75  72  54 105 100 123   6  44  28  22 105  68   3  63   8  25  52  89  47  54   9 
 78 103  12  96 113   5   5 110 118 111   9  72  46  88  92  14  80  74  64   0  87   3 122  77  86  96  17  37 111  44  28  71  81  48  89  71  85 102  14 110  79 120  74  23  13  47  51 110 119  23 
114  23  44  45  71 114  52  44  25  82  78 123  22  67  76  38   8  65  45 100   0  88 104  87  15  36  87 103 107 113  42 110   3  13  45  42   9   4  76  67 102 110  62 100  88 111 119  39  97  22 
 13   3  25 119  14   4  20   5   4  33 118  29 115  75 106 124 106  38  32 108  43   0  93  58  17  67 115  88  33  58 103  69  58  27  62 122 102  11  37   3   2  70  11  45 117 122  98  44  90  76 
110  67   8  58  66  85  71  63  14   9 104  60  56  76  32  34  65   8  48  42  21 106   0 120  35 101 104  36 107 100  15 107  15  96  73 122  14  56 118  88  39  34   2  31 114   1  42  63  42  67 
 91  21  49  76 112  22   5  42  18 102  99  84 100  31  79  43  43  60  47  37   1  92  31   0  83  87  44  30  10 121  28  68  21  50  31  98 123  28 110   9  83   1  75  87  86  30  12   8 116   7 
 52  19 123  30  31  28  55  56 110   6  96  38 109 100  56   5  77  66  10 108  46   4  95  10   0  79  76  53  92  53  66  25  24  12 111  31 106   3  35  92   1  97  70  61 103 102  18   9  43  62 
102  36  22 107  70  33 114  93  15  60  85  87  66  34  78  93  28  24  27  76  83  75 104   5  59   0  88  62  55  25  41  57 105  37  83  23  76  82  92  74  79   1  60 108  29  35  44 100  91  78 
120 111  17  98 114  63   4  50  12  34 108   6  35  58  48  57  46  58 119  63  44  81  86  88   8   3   0 121  39  49 124 118  69   4 113  95  41 116  56 111  28  26  87 108  77  50 112  45  63 118 
 36  67  98  59  77 109  62  62  88  59  53  17  20  79   4  22   1  64  99  88  46  90 123  82  98  95  26   0  40  12  46 117  79  66 119  57  49  35   8  25  81  84  13  47  17  70   6  31  94  95 
 92  19  49   8  38  83 105  32  52  45  61 102  46  38  64   2 110  32  81  11  40  55  53  20  58  38  52  98   0  22  73  77   7  42   7  68 103  39  94   7  82  40  16  93  38  22  31  19  53 120 
114   3  44   1   9 124   2  48  94  48   7 124  66  60  90  74  86  39  91 122  67  46  48  59  16   4 111  14 122   0  86  20  24  71  86  81  36  68  58 102 118  73 110  52  43  28 115  90  68  37 
 79  98  35  95  71 108 113  45  61  58 117  99  73 110  48  87 116  49  73  57  80 124  11  61  27  16 116 100 102  25   0  63  11   1   5  65 122   8 114   2 118  54 118  20  17  76  88 120  61  64 
 37  64   2  19  45   4  94  48  75  90  41  53  88  30  88   6  49 113 112  61  69  34  11  42  73  45  47 122 101  47  49   0  94 101  32  80  85 114  86   7  86  91  39  40 124  83  98  32  78 100 
106 111  60  49 119  59  89  84   8  53  47 119  87  68 103  12  27  30  91   6   3  73  34  66  24 123 112 117  51  80 122 108   0  89   5 109  34 119  41  59 105  93  59  25   4  93  98  98   5   8 
 63 110 111  94  44  57  62 104   8  23  88  67   7 104  67  43 102  81 120   9 108  39  28  34  68  40  94  18  60  62  16 121 113   0  90  57  64   9 120  96 112  55 119  76  36  45  91  17  44  65 
 43  96  81  67  61  51  73  14  61 111  91  76  89  63  52  14  56  71  12  47  27 103  62 117 124 116 109  70  35 109  48 105  80  70   0  32  19 120 106   3 121  58  19  34  44  63  11  32 100  60 
 56  65  65 104 116  87   3   5   6  13 120  79  73  26 107  91 115   4  19  49  36  38  56  36  56 108 120  16  33  56  69  79   4 119  98   0  82  45  41  94  88  49  29  26  45  19  27  82 106  69 
 34   3  56 119  78  48  33  82  93  20  36  30  86  64 105  15  58 107 106  27  17  21  12  65  92  45 113  61  65  39  74 107  85  77  29  21   0  29  70  28  59 111  39  85  73  26  95  46 104  17 
108  72  79 103  24  55  25  67  19  98  38  80  10  23  65 119  99 122  44  14   4  74  41  55 123  74  61 124  48  24   2  27  94  99 108  32  98   0  14 118 118  46  12  98  15 101   5   2   5  47 
115  95  20  39  60 102  16  20   2  44  82 118  13 103  85 124  63  43   5  77 106 114  81  85  36 112 113  64  87  80 105 117 121  81  64  57  14  38   0  96  22  50 110 106  54  87  32  27  64  31 
 18  64 102 107   3  51  59 105  94  33  35  67  20  13  19  38  70  10   7 102  88 104  56  65 105  50  34  18 105  69  84  11 118  94  91 114  46   6  36   0  53 119  36   6  91 113 100  35  51  16 
 20  89  12 100   2  28  45  51  97  94  77  53  41  70   8  84  68  19  70  81  89   9 123  86  47  87   4 105  79 118 121  23  29   7  84 114  73  35  99 105   0 114  27  22  67  95 124  12 112  50 
 72  94 103 102  97  76 117  13  10  35 119  20 112  47  91  52  96  84  35  74  59 118  13  61 115   6 114   4  58  46  18  78  91 102  46 119  13  33  92 107 115   0  62 117  13  52  69  51  80  64 
102  11  37   6  63  93  98 106 104  52   5  30  14  37  41 114  59 103  72  56  26  54  25  71  43  59  12  93  64 111  63 112  92  27  86  86 111  39  73 104  79  46   0  65  73  44  19  97  56  95 
 58  61  75   9  98  53  80  73 119  79  10  90  48  12 109  16 116  38  50  19  60  92  82  51  78  57  85  29 121   2  55  35 104  56 102  87  67   9  30  24  17 107 107   0  31 107 123   1 116  10 
 49  55  44  22  48 121  27  53  46  31 124  34  28  13 118  56  35 114  87  10  48  23 118  42   1  66  18  50 120  38  22  66  55   5  94 121  47  18  64 124   1  43  35  50   0  13  93  59   1  38 
 83   7  34  34 116  64  70 120 103  48  36  89  62  70  62 109  16 113  31  66 104  63  91  78   2  66  81 105  31  83  13  80 122  61  71  57  66  42 122  21  88  63  53  50 117   0  71 119  90  44 
 74 101  13  47 107  28  92  75  34 102  67  88  36  95  20 111  57  24  71 123  59 111 101  99  82  66  60  31  93   8  99  45  74  85  11  63  77  82 110  65   6 115   4  76  98  32   0  74   3  98 
 68 121 122 113  50  59  75  71 117  36 104 117  35  78  46  63  57   3  19  88 124  10  47  11 116  64  96  56 114  19  95 114  88  47 123 115 102 104  84  48 109  83   5 116  42  48  43   0  64  86 
 69  88  29  59  60  30  89  13  38  32  73  17  27  19  71  38   2  51 103  68  83 123  88 121  70  97  96  57  34  24   6  16  19  80  72 110 110  81  80  38  29  73 119  80 105 102  82  95   0 102 
 50 115  61   5 108  13  50  17   9 107  92  16  82  58  17  66  95  70  65  69 124  64   3  37  42  42   5  21  15 110  74  17  54 102  20  64 107  69  65  25  25 122  85 100 100   6  16 108 113   0 
M6
  0  92 111 117  36   1 110  49   2  65   9  18  71  62 117  41 101 118  62  69  62  91  85 112  89  17  68  22 117  42  17   4  68  48  68  72  80 108 107 120   7 112  34 110  96  94  57  82  23  28 
 49   0 121  86  33  96  17 104  34  26  59  78  84  86  86 116  41 119  96  84  86  13  99  33  12  13  47  21  11  72  44  91  94 123  36  77 113  95 104 116 108  99  47 109 115   7  56  28  43   9 
 97 116   0   8  72  88 101 118  89  97  44 101  95  26  49  15 101 110  50  60  19 103  38  53  92 102  47  29  59  50  29  55 103 101 118  45  61  83  30  68   3  76  27  78  95  97  49  26 106  48 
 23  10  44   0  29  47  33 121  91  24  20  82  15  86  72  12 115  98  29  76  65  70  43  49  62 105  36  78  31  98  71 100   7  10  51  27  70 105 106  79  91  98  82  26  82  26  23 107  30 123 
 18  43  48  49   0  19  45  39  18  75  52  97  50 124  19  61  13 118  73  34  44  88   1  68  30   8  85  99 111   6  82  98  15 113  76  92   2  71 120  21  45  42  10  16  89  24  17  43   8  51 
 39  19  40  40 120   0   5  55  72 123  40  53  12 117  87  26  36  62 120  25 118  64 106  72  69  34 110  45  38 111  65  42  94  34  89   5  52  54   9  34  55  76  84  18  36   9  24   5  11 115 
 69  45  96  73 103   8   0  33  86 123  51  47  38 110   9  50 102  33  81 122 107  24  40  30  10  26  32  13  56  47   4  98 105 113  17  33  27  84 102 105 116  68 108  56  18  43  41  91  96  16 
 15  49  17  94  71  28  50   0 124  96  63  20  45  40 114  58  77  76  28  72  52 109  89   2  94  61  22  75  58   4  55 121  81  41  89  31 103   2  37  53  75 116 119  41 107 113 123  36  99  12 
107 100  78  16  61  96  98  13   0 111 101   2 107  91  33  76  43  56  86  20   5   5  61   6  46  34  94  46   7  89 120  22  75   7  98  58  48  32  38  80  50  26  22  87  89  40  52  61   2  54 
 93  89  82 110  31  20  51  21  74   0  81  37  89 118  13  19  69  21  70  39   9 122  37  45 103  73  19   7 108  65   3  67  94  76  88  60  75  19 114  21   4 107 118  88  25 110  76  94  60  38 
 53  10 112  52  98  18 103  43  57  78   0  99  91  43  58  84  80  67  46  87  25  90  21 102  26  84   3  49  73  78  69  16 110  61 111  16  46  27  33  62  59  87  66  54   9  55  92  36  56  31 
 52  37   5 111  14  24  37  84  50  98  72   0   3 114  21  20  33  18   8  66  73  33  45  92  47  61 103 112  61  31  47  52  78 121  21  73  84  14   8  24  96  11   6  53  73  46  53 107   5  66 
 82  75  90 115  27  41  54  22 100  53  81  39   0  14  52  73  80  87  89  21  38  16  49  15  14  55  12  33  10  37  80 102  78  41  49   7  74  55   8 105  22  43  61  40 108  35  16  52  65  42 
 73  35   4  39  76  39  37  13  74 122  85  12 107   0  16  37 111 119  61 120  17 117  86  34  13  48  51  95  60  60  37  68  15  98  65 108  85  63  72  55  84  56  37 121  93  53  47 110  46  82 
102  64  74  25 112  47  38  11  69  15  74  94  58 104   0  87  99 117  92  60   9  68  13 107  38  21   1  14   7  52  94  53  25  61  82 109  31 113  85  15  49  30  99  96  51 112 109  48  98 106 
 41  82  37  67  88  39 124  98 108  58   6 114  44  87  70   0  12 110  30  46  19   8  18  94  63  26 109  12   4  74  43  54  14  88 123  95  85  99  57  74  61  74  74  97  52 117  43  58  17  35 
 85  40  83  70   5  20  50 112  36 111  31   3  29  81  61   8   0 120  54  27  27  52  97   5  86  18  69  44  37 122  54 115  74  31  47  12  36  28 110  34  81  65  79  33   4  75 123  61  87  17 
105  77 103  28   7  95  53  56  51  98  91  37  95  25  75  68 100   0  50  46  67 110  71  46  57  55  27  70  69  39  42  78  37  20   9  89  74  20 117  41  34  33  75  45  65  16  78 107  75  54 
 23  14  61  41  59  43 108   7  16  82  17  17   6  42  95   8   3  48   0 118  50 110  82  49 121 103  86 100  11  75  72  54 105 100 123   6  44  28  22 105  68   3  63   8  25  52  89  47  54   9 
 78 103  12  96 113   5   5 110 118 111   9  72  46  88  92  14  80  74  64   0  87   3 122  77  86  96  17  37 111  44  28  71  81  48  89  71  85 102  14 110  79 120  74  23  13  47  51 110 119  23 
114  23  44  45  71 114  52  44  25  82  78 123  22  67  76  38   8  65  45 100   0  88 104  87  15  36  87 103 107 113  42 110   3  13  45  42   9   4  76  67 102 110  62 100  88 111 119  39  97  22 
 13   3  25 119  14   4  20   5   4  33 118  29 115  75 106 124 106  38  32 108  43   0  93  58  17  67 115  88  33  58 103  69  58  27  62 122 102  11  37   3   2  70  11  45 117 122  98  44  90  76 
110  67   8  58  66  85  71  63  14   9 104  60  56  76  32  34  65   8  48  42  21 106   0 120  35 101 104  36 107 100  15 107  15  96  73 122  14  56 118  88  39  34   2  31 114   1  42  63  42  67 
 91  21  49  76 112  22   5  42  18 102  99  84 100  31  79  43  43  60  47  37   1  92  31   0  83  87  44  30  10 121  28  68  21  50  31  98 123  28 110   9  83   1  75  87  86  30  12   8 116   7 
 52  19 123  30  31  28  55  56 110   6  96  38 109 100  56   5  77  66  10 108  46   4  95  10   0  79  76  53  92  53  66  25  24  12 111  31 106   3  35  92   1  97  70  61 103 102  18   9  43  62 
102  36  22 107  70  33 114  93  15  60  85  87  66  34  78  93  28  24  27  76  83  75 104   5  59   0  88  62  55  25  41  57 105  37  83  23  76  82  92  74  79   1  60 108  29  35  44 100  91  78 
120 111  17  98 114  63   4  50  12  34 108   6  35  58  48  57  46  58 119  63  44  81  86  88   8   3   0 121  39  49 124 118  69   4 113  95  41 116  56 111  28  26  87 108  77  50 112  45  63 118 
 36  67  98  59  77 109  62  62  88  59  53  17  20  79   4  22   1  64  99  88  46  90 123  82  98  95  26   0  40  12  46 117  79  66 119  57  49  35   8  25  81  84  13  47  17  70   6  31  94  95 
 92  19  49   8  38  83 105  32  52  45  61 102  46  38  64   2 110  32  81  11  40  55  53  20  58  38  52  98   0  22  73  77   7  42   7  68 103  39  94   7  82  40  16  93  38  22  31  19  53 120 
114   3  44   1   9 124   2  48  94  48   7 124  66  60  90  74  86  39  91 122  67  46  48  59  16   4 111  14 122   0  86  20  24  71  86  81  36  68  58 102 118  73 110  52  43  28 115  90  68  37 
 79  98  35  95  71 108 113  45  61  58 117  99  73 110  48  87 116  49  73  57  80 124  11  61  27  16 116 100 102  25   0  63  11   1   5  65 122   8 114   2 118  54 118  20  17  76  88 120  61  64 
 37  64   2  19  45   4  94  48  75  90  41  53  88  30  88   6  49 113 112  61  69  34  11  42  73  45  47 122 101  47  49   0  94 101  32  80  85 114  86   7  86  91  39  40 124  83  98  32  78 100 
106 111  60  49 119  59  89  84   8  53  47 119  87  68 103  12  27  30  91   6   3  73  34  66  24 123 112 117  51  80 122 108   0  89   5 109  34 119  41  59 105  93  59  25   4  93  98  98   5   8 
 63 110 111  94  44  57  62 104   8  23  88  67   7 104  67  43 102  81 120   9 108  39  28  34  68  40  94  18  60  62  16 121 113   0  90  57  64   9 120  96 112  55 119  76  36  45  91  17  44  65 
 43  96  81  67  61  51  73  14  61 111  91  76  89  63  52  14  56  71  12  47  27 103  62 117 124 116 109  70  35 109  48 105  80  70   0  32  19 120 106   3 121  58  19  34  44  63  11  32 100  60 
 56  65  65 104 116  87   3   5   6  13 120  79  73  26 107  91 115   4  19  49  36  38  56  36  56 108 120  16  33  56  69  79   4 119  98   0  82  45  41  94  88  49  29  26  45  19  27  82 106  69 
 34   3  56 119  78  48  33  82  93  20  36  30  86  64 105  15  58 107 106  27  17  21  12  65  92  45 113  61  65  39  74 107  85  77  29  21   0  29  70  28  59 111  39  85  73  26  95  46 104  17 
108  72  79 103  24  55  25  67  19  98  38  80  10  23  65 119  99 122  44  14   4  74  41  55 123  74  61 124  48  24   2  27  94  99 108  32  98   0  14 118 118  46  12  98  15 101   5   2   5  47 
115  95  20  39  60 102  16  20   2  44  82 118  13 103  85 124  63  43   5  77 106 114  81  85  36 112 113  64  87  80 105 117 121  81  64  57  14  38   0  96  22  50 110 106  54  87  32  27  64  31 
 18  64 102 107   3  51  59 105  94  33  35  67  20  13  19  38  70  10   7 102  88 104  56  65 105  50  34  18 105  69  84  11 118  94  91 114  46   6  36   0  53 119  36   6  91 113 100  35  51  16 
 20  89  12 100   2  28  45  51  97  94  77  53  41  70   8  84  68  19  70  81  89   9 123  86  47  87   4 105  79 118 121  23  29   7  84 114  73  35  99 105   0 114  27  22  67  95 124  12 112  50 
 72  94 103 102  97  76 117  13  10  35 119  20 112  47  91  52  96  84  35  74  59 118  13  61 115   6 114   4  58  46  18  78  91 102  46 119  13  33  92 107 115   0  62 117  13  52  69  51  80  64 
102  11  37   6  63  93  98 106 104  52   5  30  14  37  41 114  59 103  72  56  26  54  25  71  43  59  12  93  64 111  63 112  92  27  86  86 111  39  73 104  79  46   0  65  73  44  19  97  56  95 
 58  61  75   9  98  53  80  73 119  79  10  90  48  12 109  16 116  38  50  19  60  92  82  51  78  57  85  29 121   2  55  35 104  56 102  87  67   9  30  24  17 107 107   0  31 107 123   1 116  10 
 49  55  44  22  48 121  27  53  46  31 124  34  28  13 118  56  35 114  87  10  48  23 118  42   1  66  18  50 120  38  22  66  55   5  94 121  47  18  64 124   1  43  35  50   0  13  93  59   1  38 
 83   7  34  34 116  64  70 120 103  48  36  89  62  70  62 109  16 113  31  66 104  63  91  78   2  66  81 105  31  83  13  80 122  61  71  57  66  42 122  21  88  63  53  50 117   0  71 119  90  44 
 74 101  13  47 107  28  92  75  34 102  67  88  36  95  20 111  57  24  71 123  59 111 101  99  82  66  60  31  93   8  99  45  74  85  11  63  77  82 110  65   6 115   4  76  98  32   0  74   3  98 
 68 121 122 113  50  59  75  71 117  36 104 117  35  78  46  63  57   3  19  88 124  10  47  11 116  64  96  56 114  19  95 114  88  47 123 115 102 104  84  48 109  83   5 116  42  48  43   0  64  86 
 69  88  29  59  60  30  89  13  38  32  73  17  27  19  71  38   2  51 103  68  83 123  88 121  70  97  96  57  34  24   6  16  19  80  72 110 110  81  80  38  29  73 119  80 105 102  82  95   0 102 
 50 115  61   5 108  13  50  17   9 107  92  16  82  58  17  66  95  70  65  69 124  64   3  37  42  42   5  21  15 110  74  17  54 102  20  64 107  69  65  25  25 122  85 100 100   6  16 108 113   0 
M7
  0  92 111 117  36   1 110  49   2  65   9  18  71  62 117  41 101 118  62  69  62  91  85 112  89  17  68  22 117  42  17   4  68  48  68  72  80 108 107 120   7 112  34 110  96  94  57  82  23  28 
 49   0 121  86  33  96  17 104  34  26  59  78  84  86  86 116  41 119  96  84  86  13  99  33  12  13  47  21  11  72  44  91  94 123  36  77 113  95 104 116 108  99  47 109 115   7  56  28  43   9 
 97 116   0   8  72  88 101 118  89  97  44 101  95  26  49  15 101 110  50  60  19 103  38  53  92 102  47  29  59  50  29  55 103 101 118  45  61  83  30  68   3  76  27  78  95  97  49  26 106  48 
 23  10  44   0  29  47  33 121  91  24  20  82  15  86  72  12 115  98  29  76  65  70  43  49  62 105  36  78  31  98  71 100   7  10  51  27  70 105 106  79  91  98  82  26  82  26  23 107  30 123 
 18  43  48  49   0  19  45  39  18  75  52  97  50 124  19  61  13 118  73  34  44  88   1  68  30   8  85  99 111   6  82  98  15 113  76  92   2  71 120  21  45  42  10  16  89  24  17  43   8  51 
 39  19  40  40 120   0   5  55  72 123  40  53  12 117  87  26  36  62 120  25 118  64 106  72  69  34 110  45  38 111  65  42  94  34  89   5  52  54   9  34  55  76  84  18  36   9  24   5  11 115 
 69  45  96  73 103   8   0  33  86 123  51  47  38 110   9  50 102  33  81 122 107  24  40  30  10  26  32  13  56  47   4  98 105 113  17  33  27  84 102 105 116  68 108  56  18  43  41  91  96  16 
 15  49  17  94  71  28  50   0 124  96  63  20  45  40 114  58  77  76  28  72  52 109  89   2  94  61  22  75  58   4  55 121  81  41  89  31 103   2  37  53  75 116 119  41 107 113 123  36  99  12 
107 100  78  16  61  96  98  13   0 111 101   2 107  91  33  76  43  56  86  20   5   5  61   6  46  34  94  46   7  89 120  22  75   7  98  58  48  32  38  80  50  26  22  87  89  40  52  61   2  54 
 93  89  82 110  31  20  51  21  74   0  81  37  89 118  13  19  69  21  70  39   9 122  37  45 103  73  19   7 108  65   3  67  94  76  88  60  75  19 114  21   4 107 118  88  25 110  76  94  60  38 
 53  10 112  52  98  18 103  43  57  78   0  99  91  43  58  84  80  67  46  87  25  90  21 102  26  84   3  49  73  78  69  16 110  61 111  16  46  27  33  62  59  87  66  54   9  55  92  36  56  31 
 52  37   5 111  14  24  37  84  50  98  72   0   3 114  21  20  33  18   8  66  73  33  45  92  47  61 103 112  61  31  47  52  78 121  21  73  84  14   8  24  96  11   6  53  73  46  53 107   5  66 
 82  75  90 115  27  41  54  22 100  53  81  39   0  14  52  73  80  87  89  21  38  16  49  15  14  55  12  33  10  37  80 102  78  41  49   7  74  55   8 105  22  43  61  40 108  35  16  52  65  42 
 73  35   4  39  76  39  37  13  74 122  85  12 107   0  16  37 111 119  61 120  17 117  86  34  13  48  51  95  60  60  37  68  15  98  65 108  85  63  72  55  84  56  37 121  93  53  47 110  46  82 
102  64  74  25 112  47  38  11  69  15  74  94  58 104   0  87  99 117  92  60   9  68  13 107  38  21   1  14   7  52  94  53  25  61  82 109  31 113  85  15  49  30  99  96  51 112 109  48  98 106 
 41  82  37  67  88  39 124  98 108  58   6 114  44  87  70   0  12 110  30  46  19   8  18  94  63  26 109  12   4  74  43  54  14  88 123  95  85  99  57  74  61  74  74  97  52 117  43  58  17  35 
 85  40  83  70   5  20  50 112  36 111  31   3  29  81  61   8   0 120  54  27  27  52  97   5  86  18  69  44  37 122  54 115  74  31  47  12  36  28 110  34  81  65  79  33   4  75 123  61  87  17 
105  77 103  28   7  95  53  56  51  98  91  37  95  25  75  68 100   0  50  46  67 110  71  46  57  55  27  70  69  39  42  78  37  20   9  89  74  20 117  41  34  33  75  45  65  16  78 107  75  54 
 23  14  61  41  59  43 108   7  16  82  17  17   6  42  95   8   3  48   0 118  50 110  82  49 121 103  86 100  11  75  72  54 105 100 123   6  44  28  22 105  68   3  63   8  25  52  89  47  54   9 
 78 103  12  96 113   5   5 110 118 111   9  72  46  88  92  14  80  74  64   0  87   3 122  77  86  96  17  37 111  44  28  71  81  48  89  71  85 102  14 110  79 120  74  23  13  47  51 110 119  23 
114  23  44  45  71 114  52  44  25  82  78 123  22  67  76  38   8  65  45 100   0  88 104  87  15  36  87 103 107 113  42 110   3  13  45  42   9   4  76  67 102 110  62 100  88 111 119  39  97  22 
 13   3  25 119  14   4  20   5   4  33 118  29 115  75 106 124 106  38  32 108  43   0  93  58  17  67 115  88  33  58 103  69  58  27  62 122 102  11  37   3   2  70  11  45 117 122  98  44  90  76 
110  67   8  58  66  85  71  63  14   9 104  60  56  76  32  34  65   8  48  42  21 106   0 120  35 101 104  36 107 100  15 107  15  96  73 122  14  56 118  88  39  34   2  31 114   1  42  63  42  67 
 91  21  49  76 112  22   5  42  18 102  99  84 100  31  79  43  43  60  47  37   1  92  31   0  83  87  44  30  10 121  28  68  21  50  31  98 123  28 110   9  83   1  75  87  86  30  12   8 116   7 
 52  19 123  30  31  28  55  56 110   6  96  38 109 100  56   5  77  66  10 108  46   4  95  10   0  79  76  53  92  53  66  25  24  12 111  31 106   3  35  92   1  97  70  61 103 102  18   9  43  62 
102  36  22 107  70  33 114  93  15  60  85  87  66  34  78  93  28  24  27  76  83  75 104   5  59   0  88  62  55  25  41  57 105  37  83  23  76  82  92  74  79   1  60 108  29  35  44 100  91  78 
120 111  17  98 114  63   4  50  12  34 108   6  35  58  48  57  46  58 119  63  44  81  86  88   8   3   0 121  39  49 124 118  69   4 113  95  41 116  56 111  28  26  87 108  77  50 112  45  63 118 
 36  67  98  59  77 109  62  62  88  59  53  17  20  79   4  22   1  64  99  88  46  90 123  82  98  95  26   0  40  12  46 117  79  66 119  57  49  35   8  25  81  84  13  47  17  70   6  31  94  95 
 92  19  49   8  38  83 105  32  52  45  61 102  46  38  64   2 110  32  81  11  40  55  53  20  58  38  52  98   0  22  73  77   7  42   7  68 103  39  94   7  82  40  16  93  38  22  31  19  53 120 
114   3  44   1   9 124   2  48  94  48   7 124  66  60  90  74  86  39  91 122  67  46  48  59  16   4 111  14 122   0  86  20  24  71  86  81  36  68  58 102 118  73 110  52  43  28 115  90  68  37 
 79  98  35  95  71 108 113  45  61  58 117  99  73 110  48  87 116  49  73  57  80 124  11  61  27  16 116 100 102  25   0  63  11   1   5  65 122   8 114   2 118  54 118  20  17  76  88 120  61  64 
 37  64   2  19  45   4  94  48  75  90  41  53  88  30  88   6  49 113 112  61  69  34  11  42  73  45  47 122 101  47  49   0  94 101  32  80  85 114  86   7  86  91  39  40 124  83  98  32  78 100 
106 111  60  49 119  59  89  84   8  53  47 119  87  68 103  12  27  30  91   6   3  73  34  66  24 123 112 117  51  80 122 108   0  89   5 109  34 119  41  59 105  93  59  25   4  93  98  98   5   8 
 63 110 111  94  44  57  62 104   8  23  88  67   7 104  67  43 102  81 120   9 108  39  28  34  68  40  94  18  60  62  16 121 113   0  90  57  64   9 120  96 112  55 119  76  36  45  91  17  44  65 
 43  96  81  67  61  51  73  14  61 111  91  76  89  63  52  14  56  71  12  47  27 103  62 117 124 116 109  70  35 109  48 105  80  70   0  32  19 120 106   3 121  58  19  34  44  63  11  32 100  60 
 56  65  65 104 116  87   3   5   6  13 120  79  73  26 107  91 115   4  19  49  36  38  56  36  56 108 120  16  33  56  69  79   4 119  98   0  82  45  41  94  88  49  29  26  45  19  27  82 106  69 
 34   3  56 119  78  48  33  82  93  20  36  30  86  64 105  15  58 107 106  27  17  21  12  65  92  45 113  61  65  39  74 107  85  77  29  21   0  29  70  28  59 111  39  85  73  26  95  46 104  17 
108  72  79 103  24  55  25  67  19  98  38  80  10  23  65 119  99 122  44  14   4  74  41  55 123  74  61 124  48  24   2  27  94  99 108  32  98   0  14 118 118  46  12  98  15 101   5   2   5  47 
115  95  20  39  60 102  16  20   2  44  82 118  13 103  85 124  63  43   5  77 106 114  81  85  36 112 113  64  87  80 105 117 121  81  64  57  14  38   0  96  22  50 110 106  54  87  32  27  64  31 
 18  64 102 107   3  51  59 105  94  33  35  67  20  13  19  38  70  10   7 102  88 104  56  65 105  50  34  18 105  69  84  11 118  94  91 114  46   6  36   0  53 119  36   6  91 113 100  35  51  16 
 20  89  12 100   2  28  45  51  97  94  77  53  41  70   8  84  68  19  70  81  89   9 123  86  47  87   4 105  79 118 121  23  29   7  84 114  73  35  99 105   0 114  27  22  67  95 124  12 112  50 
 72  94 103 102  97  76 117  13  10  35 119  20 112  47  91  52  96  84  35  74  59 118  13  61 115   6 114   4  58  46  18  78  91 102  46 119  13  33  92 107 115   0  62 117  13  52  69  51  80  64 
102  11  37   6  63  93  98 106 104  52   5  30  14  37  41 114  59 103  72  56  26  54  25  71  43  59  12  93  64 111  63 112  92  27  86  86 111  39  73 104  79  46   0  65  73  44  19  97  56  95 
 58  61  75   9  98  53  80  73 119  79  10  90  48  12 109  16 116  38  50  19  60  92  82  51  78  57  85  29 121   2  55  35 104  56 102  87  67   9  30  24  17 107 107   0  31 107 123   1 116  10 
 49  55  44  22  48 121  27  53  46  31 124  34  28  13 118  56  35 114  87  10  48  23 118  42   1  66  18  50 120  38  22  66  55   5  94 121  47  18  64 124   1  43  35  50   0  13  93  59   1  38 
 83   7  34  34 116  64  70 120 103  48  36  89  62  70  62 109  16 113  31  66 104  63  91  78   2  66  81 105  31  83  13  80 122  61  71  57  66  42 122  21  88  63  53  50 117   0  71 119  90  44 
 74 101  13  47 107  28  92  75  34 102  67  88  36  95  20 111  57  24  71 123  59 111 101  99  82  66  60  31  93   8  99  45  74  85  11  63  77  82 110  65   6 115   4  76  98  32   0  74   3  98 
 68 121 122 113  50  59  75  71 117  36 104 117  35  78  46  63  57   3  19  88 124  10  47  11 116  64  96  56 114  19  95 114  88  47 123 115 102 104  84  48 109  83   5 116  42  48  43   0  64  86 
 69  88  29  59  60  30  89  13  38  32  73  17  27  19  71  38   2  51 103  68  83 123  88 121  70  97  96  57  34  24   6  16  19  80  72 110 110  81  80  38  29  73 119  80 105 102  82  95   0 102 
 50 115  61   5 108  13  50  17   9 107  92  16  82  58  17  66  95  70  65  69 124  64   3  37  42  42   5  21  15 110  74  17  54 102  20  64 107  69  65  25  25 122  85 100 100   6  16 108 113   0 
Reldue
 3084    7    1
 3513    6    3
 1021    6    3
 1920    9    2
 1556    4    4
 2275    5    1
  983    5    4
  921    4    9
 2071    5    7
  916    1    8
 1664    9    1
 2005    6    4
 2792    8    5
 2197    9    8
 1293    4    1
 1752    5    7
 2167    5    1
  770    5    3
 1349    8    2
 2285    2    7
 1703    9    6
 1470    7    3
 2302    3    4
 3053    8    5
 1955    3    1
 1658    6    4
 1726    5    9
 3028    7    7
 3722    7    3
 2452    7    2
 1200    9    1
 2513    9    5
 1255    7    6
 1887    1    3
 3631    1    5
 3554    9    5
 1476    2    9
 2748    8    9
 2916    4    1
 2181    1    6
 1514    1    2
 3046    6    4
 3069    4    3
 2459    9    4
 2536    8    1
 2623    9    1
 2671    1    6
 2794    6    7
 3023    7    3
 1746    2    1
DDW
 2814  3353
 3230  3796
  943  1099
 1770  2071
 1422  1689
 2077  2473
  915  1050
  838  1004
 1881  2261
  856   976
 1558  1769
 1854  2156
 2562  3023
 2002  2391
 1228  1358
 1643  1861
 2054  2279
  719   822
 1237  1461
 2088  2482
 1566  1841
 1329  1611
 2095  2510
 2774  3333
 1787  2123
 1559  1757
 1589  1863
 2789  3266
 3379  4065
 2238  2667
 1083  1316
 2311  2716
 1154  1356
 1704  2070
 3307  3955
 3344  3765
 1355  1597
 2597  2899
 2754  3078
 2071  2291
 1377  1651
 2838  3254
 2903  3235
 2244  2675
 2302  2770
 2413  2832
 2470  2871
 2540  3047
 2806  3241
 1654  1838
