20   8
MD
  3  2  5  2  3  2  2  3
PT
 79   2  64  24  30  90   4  48  41  76  48  78  86  78  26  34  97  85  67  83 
 22  92  82  39  68  83  79  29  77  74  63  92  43  60  95  58  18  60  78  37 
 38  10  59  46  79  97  52  14  81  25  40  55  37  61  46  95  57  52  88  28 
 89  64  61  95  69  56  64  33  70   5  30  85  21  37  62  50  55  62  21  52 
 85  78  27  61  56  87  22  33  78  63  44  36  81  32  79  62  67  52  29  41 
 51  22  94  84  98  80  76  50  19   5   2   4  19  74  42  81   9  22  63  24 
 14   4  29  66  99  70  89  43  59   2  28  58  64  22  65  76  86  24   9  27 
 59  97  62  26  36  58   5  44  76  24  82  59  83  97  22  42  88  74  54  53 
SSD
M0
  0  96 112  84  64  58 105 110  71 109  78  52  17  96  90  45   1  22 117  33 
120   0  48  55 119  99  15 106  88  85  51  32  78  98  95  92  79 107  26 101 
  7  65   0  76   2   4 106   8  58 121  13 107  78 114  45 102  31   7  63  30 
 82 100 102   0  51  48  28  84  85 100  11  77  78 116  39   3  20  38  98   1 
 20  95  29   2   0  76  21  92 123  72  87  88  61 109 124  28  19 100 120  29 
 69  26  38  22  26   0 103  12  46  90  88  64  39 105  90  61  14  94  91  38 
 83  75  93  87  18  37   0  55  25  76  43  14 102 123  25   4  51  45  96   3 
 17  18 104   5  96  29  61   0 102 117  69 124  15 113  91  64 119 114  68  21 
 26  26   3  19 107  18  75  88   0   2  98  60  24  88 119  48  66  25 109  61 
 22  76  63  92  61  52 104  79  78   0  92   3 103  54  35  87  86  62  43  96 
 40  82  58  68  84  64 121   4  70  36   0  10 116  99   1  69 102 105  42 107 
  9  55   3  81 111  24  68   7  66  67   2   0  10  20  20  60 100 122  51  14 
 60  54  10  81  40  61  11 119  80 102 118  32   0  47  67   4  39  36  21  31 
 29 117  94  82  76  96  43 107  36 110 120   7  34   0  94  55 118 122  37 104 
 88  95  96   2  63  57  65  43  24  66  27  66  70  63   0  89 123  87  29 108 
 25  17 121  55 114  26  73 112 102  31  83  15  23 113  60   0  61  73  90  12 
116  27 110  40  81 119  64  75  43  56  41  56  98  85  61  52   0  26 112  67 
117 118 118  40   1  78  40  12  97  91 123  74 106  47  98  54 115   0  83 100 
115  24  85  21  12  99  16  87 105  16  21 114  85 106 120 102  83   4   0  38 
119  34  10  90  77  88  90  70 102  39   5 106  57  32  54  30  45  70  55   0 
M1
  0  96 112  84  64  58 105 110  71 109  78  52  17  96  90  45   1  22 117  33 
120   0  48  55 119  99  15 106  88  85  51  32  78  98  95  92  79 107  26 101 
  7  65   0  76   2   4 106   8  58 121  13 107  78 114  45 102  31   7  63  30 
 82 100 102   0  51  48  28  84  85 100  11  77  78 116  39   3  20  38  98   1 
 20  95  29   2   0  76  21  92 123  72  87  88  61 109 124  28  19 100 120  29 
 69  26  38  22  26   0 103  12  46  90  88  64  39 105  90  61  14  94  91  38 
 83  75  93  87  18  37   0  55  25  76  43  14 102 123  25   4  51  45  96   3 
 17  18 104   5  96  29  61   0 102 117  69 124  15 113  91  64 119 114  68  21 
 26  26   3  19 107  18  75  88   0   2  98  60  24  88 119  48  66  25 109  61 
 22  76  63  92  61  52 104  79  78   0  92   3 103  54  35  87  86  62  43  96 
 40  82  58  68  84  64 121   4  70  36   0  10 116  99   1  69 102 105  42 107 
  9  55   3  81 111  24  68   7  66  67   2   0  10  20  20  60 100 122  51  14 
 60  54  10  81  40  61  11 119  80 102 118  32   0  47  67   4  39  36  21  31 
 29 117  94  82  76  96  43 107  36 110 120   7  34   0  94  55 118 122  37 104 
 88  95  96   2  63  57  65  43  24  66  27  66  70  63   0  89 123  87  29 108 
 25  17 121  55 114  26  73 112 102  31  83  15  23 113  60   0  61  73  90  12 
116  27 110  40  81 119  64  75  43  56  41  56  98  85  61  52   0  26 112  67 
117 118 118  40   1  78  40  12  97  91 123  74 106  47  98  54 115   0  83 100 
115  24  85  21  12  99  16  87 105  16  21 114  85 106 120 102  83   4   0  38 
119  34  10  90  77  88  90  70 102  39   5 106  57  32  54  30  45  70  55   0 
M2
  0  96 112  84  64  58 105 110  71 109  78  52  17  96  90  45   1  22 117  33 
120   0  48  55 119  99  15 106  88  85  51  32  78  98  95  92  79 107  26 101 
  7  65   0  76   2   4 106   8  58 121  13 107  78 114  45 102  31   7  63  30 
 82 100 102   0  51  48  28  84  85 100  11  77  78 116  39   3  20  38  98   1 
 20  95  29   2   0  76  21  92 123  72  87  88  61 109 124  28  19 100 120  29 
 69  26  38  22  26   0 103  12  46  90  88  64  39 105  90  61  14  94  91  38 
 83  75  93  87  18  37   0  55  25  76  43  14 102 123  25   4  51  45  96   3 
 17  18 104   5  96  29  61   0 102 117  69 124  15 113  91  64 119 114  68  21 
 26  26   3  19 107  18  75  88   0   2  98  60  24  88 119  48  66  25 109  61 
 22  76  63  92  61  52 104  79  78   0  92   3 103  54  35  87  86  62  43  96 
 40  82  58  68  84  64 121   4  70  36   0  10 116  99   1  69 102 105  42 107 
  9  55   3  81 111  24  68   7  66  67   2   0  10  20  20  60 100 122  51  14 
 60  54  10  81  40  61  11 119  80 102 118  32   0  47  67   4  39  36  21  31 
 29 117  94  82  76  96  43 107  36 110 120   7  34   0  94  55 118 122  37 104 
 88  95  96   2  63  57  65  43  24  66  27  66  70  63   0  89 123  87  29 108 
 25  17 121  55 114  26  73 112 102  31  83  15  23 113  60   0  61  73  90  12 
116  27 110  40  81 119  64  75  43  56  41  56  98  85  61  52   0  26 112  67 
117 118 118  40   1  78  40  12  97  91 123  74 106  47  98  54 115   0  83 100 
115  24  85  21  12  99  16  87 105  16  21 114  85 106 120 102  83   4   0  38 
119  34  10  90  77  88  90  70 102  39   5 106  57  32  54  30  45  70  55   0 
M3
  0  96 112  84  64  58 105 110  71 109  78  52  17  96  90  45   1  22 117  33 
120   0  48  55 119  99  15 106  88  85  51  32  78  98  95  92  79 107  26 101 
  7  65   0  76   2   4 106   8  58 121  13 107  78 114  45 102  31   7  63  30 
 82 100 102   0  51  48  28  84  85 100  11  77  78 116  39   3  20  38  98   1 
 20  95  29   2   0  76  21  92 123  72  87  88  61 109 124  28  19 100 120  29 
 69  26  38  22  26   0 103  12  46  90  88  64  39 105  90  61  14  94  91  38 
 83  75  93  87  18  37   0  55  25  76  43  14 102 123  25   4  51  45  96   3 
 17  18 104   5  96  29  61   0 102 117  69 124  15 113  91  64 119 114  68  21 
 26  26   3  19 107  18  75  88   0   2  98  60  24  88 119  48  66  25 109  61 
 22  76  63  92  61  52 104  79  78   0  92   3 103  54  35  87  86  62  43  96 
 40  82  58  68  84  64 121   4  70  36   0  10 116  99   1  69 102 105  42 107 
  9  55   3  81 111  24  68   7  66  67   2   0  10  20  20  60 100 122  51  14 
 60  54  10  81  40  61  11 119  80 102 118  32   0  47  67   4  39  36  21  31 
 29 117  94  82  76  96  43 107  36 110 120   7  34   0  94  55 118 122  37 104 
 88  95  96   2  63  57  65  43  24  66  27  66  70  63   0  89 123  87  29 108 
 25  17 121  55 114  26  73 112 102  31  83  15  23 113  60   0  61  73  90  12 
116  27 110  40  81 119  64  75  43  56  41  56  98  85  61  52   0  26 112  67 
117 118 118  40   1  78  40  12  97  91 123  74 106  47  98  54 115   0  83 100 
115  24  85  21  12  99  16  87 105  16  21 114  85 106 120 102  83   4   0  38 
119  34  10  90  77  88  90  70 102  39   5 106  57  32  54  30  45  70  55   0 
M4
  0  96 112  84  64  58 105 110  71 109  78  52  17  96  90  45   1  22 117  33 
120   0  48  55 119  99  15 106  88  85  51  32  78  98  95  92  79 107  26 101 
  7  65   0  76   2   4 106   8  58 121  13 107  78 114  45 102  31   7  63  30 
 82 100 102   0  51  48  28  84  85 100  11  77  78 116  39   3  20  38  98   1 
 20  95  29   2   0  76  21  92 123  72  87  88  61 109 124  28  19 100 120  29 
 69  26  38  22  26   0 103  12  46  90  88  64  39 105  90  61  14  94  91  38 
 83  75  93  87  18  37   0  55  25  76  43  14 102 123  25   4  51  45  96   3 
 17  18 104   5  96  29  61   0 102 117  69 124  15 113  91  64 119 114  68  21 
 26  26   3  19 107  18  75  88   0   2  98  60  24  88 119  48  66  25 109  61 
 22  76  63  92  61  52 104  79  78   0  92   3 103  54  35  87  86  62  43  96 
 40  82  58  68  84  64 121   4  70  36   0  10 116  99   1  69 102 105  42 107 
  9  55   3  81 111  24  68   7  66  67   2   0  10  20  20  60 100 122  51  14 
 60  54  10  81  40  61  11 119  80 102 118  32   0  47  67   4  39  36  21  31 
 29 117  94  82  76  96  43 107  36 110 120   7  34   0  94  55 118 122  37 104 
 88  95  96   2  63  57  65  43  24  66  27  66  70  63   0  89 123  87  29 108 
 25  17 121  55 114  26  73 112 102  31  83  15  23 113  60   0  61  73  90  12 
116  27 110  40  81 119  64  75  43  56  41  56  98  85  61  52   0  26 112  67 
117 118 118  40   1  78  40  12  97  91 123  74 106  47  98  54 115   0  83 100 
115  24  85  21  12  99  16  87 105  16  21 114  85 106 120 102  83   4   0  38 
119  34  10  90  77  88  90  70 102  39   5 106  57  32  54  30  45  70  55   0 
M5
  0  96 112  84  64  58 105 110  71 109  78  52  17  96  90  45   1  22 117  33 
120   0  48  55 119  99  15 106  88  85  51  32  78  98  95  92  79 107  26 101 
  7  65   0  76   2   4 106   8  58 121  13 107  78 114  45 102  31   7  63  30 
 82 100 102   0  51  48  28  84  85 100  11  77  78 116  39   3  20  38  98   1 
 20  95  29   2   0  76  21  92 123  72  87  88  61 109 124  28  19 100 120  29 
 69  26  38  22  26   0 103  12  46  90  88  64  39 105  90  61  14  94  91  38 
 83  75  93  87  18  37   0  55  25  76  43  14 102 123  25   4  51  45  96   3 
 17  18 104   5  96  29  61   0 102 117  69 124  15 113  91  64 119 114  68  21 
 26  26   3  19 107  18  75  88   0   2  98  60  24  88 119  48  66  25 109  61 
 22  76  63  92  61  52 104  79  78   0  92   3 103  54  35  87  86  62  43  96 
 40  82  58  68  84  64 121   4  70  36   0  10 116  99   1  69 102 105  42 107 
  9  55   3  81 111  24  68   7  66  67   2   0  10  20  20  60 100 122  51  14 
 60  54  10  81  40  61  11 119  80 102 118  32   0  47  67   4  39  36  21  31 
 29 117  94  82  76  96  43 107  36 110 120   7  34   0  94  55 118 122  37 104 
 88  95  96   2  63  57  65  43  24  66  27  66  70  63   0  89 123  87  29 108 
 25  17 121  55 114  26  73 112 102  31  83  15  23 113  60   0  61  73  90  12 
116  27 110  40  81 119  64  75  43  56  41  56  98  85  61  52   0  26 112  67 
117 118 118  40   1  78  40  12  97  91 123  74 106  47  98  54 115   0  83 100 
115  24  85  21  12  99  16  87 105  16  21 114  85 106 120 102  83   4   0  38 
119  34  10  90  77  88  90  70 102  39   5 106  57  32  54  30  45  70  55   0 
M6
  0  96 112  84  64  58 105 110  71 109  78  52  17  96  90  45   1  22 117  33 
120   0  48  55 119  99  15 106  88  85  51  32  78  98  95  92  79 107  26 101 
  7  65   0  76   2   4 106   8  58 121  13 107  78 114  45 102  31   7  63  30 
 82 100 102   0  51  48  28  84  85 100  11  77  78 116  39   3  20  38  98   1 
 20  95  29   2   0  76  21  92 123  72  87  88  61 109 124  28  19 100 120  29 
 69  26  38  22  26   0 103  12  46  90  88  64  39 105  90  61  14  94  91  38 
 83  75  93  87  18  37   0  55  25  76  43  14 102 123  25   4  51  45  96   3 
 17  18 104   5  96  29  61   0 102 117  69 124  15 113  91  64 119 114  68  21 
 26  26   3  19 107  18  75  88   0   2  98  60  24  88 119  48  66  25 109  61 
 22  76  63  92  61  52 104  79  78   0  92   3 103  54  35  87  86  62  43  96 
 40  82  58  68  84  64 121   4  70  36   0  10 116  99   1  69 102 105  42 107 
  9  55   3  81 111  24  68   7  66  67   2   0  10  20  20  60 100 122  51  14 
 60  54  10  81  40  61  11 119  80 102 118  32   0  47  67   4  39  36  21  31 
 29 117  94  82  76  96  43 107  36 110 120   7  34   0  94  55 118 122  37 104 
 88  95  96   2  63  57  65  43  24  66  27  66  70  63   0  89 123  87  29 108 
 25  17 121  55 114  26  73 112 102  31  83  15  23 113  60   0  61  73  90  12 
116  27 110  40  81 119  64  75  43  56  41  56  98  85  61  52   0  26 112  67 
117 118 118  40   1  78  40  12  97  91 123  74 106  47  98  54 115   0  83 100 
115  24  85  21  12  99  16  87 105  16  21 114  85 106 120 102  83   4   0  38 
119  34  10  90  77  88  90  70 102  39   5 106  57  32  54  30  45  70  55   0 
M7
  0  96 112  84  64  58 105 110  71 109  78  52  17  96  90  45   1  22 117  33 
120   0  48  55 119  99  15 106  88  85  51  32  78  98  95  92  79 107  26 101 
  7  65   0  76   2   4 106   8  58 121  13 107  78 114  45 102  31   7  63  30 
 82 100 102   0  51  48  28  84  85 100  11  77  78 116  39   3  20  38  98   1 
 20  95  29   2   0  76  21  92 123  72  87  88  61 109 124  28  19 100 120  29 
 69  26  38  22  26   0 103  12  46  90  88  64  39 105  90  61  14  94  91  38 
 83  75  93  87  18  37   0  55  25  76  43  14 102 123  25   4  51  45  96   3 
 17  18 104   5  96  29  61   0 102 117  69 124  15 113  91  64 119 114  68  21 
 26  26   3  19 107  18  75  88   0   2  98  60  24  88 119  48  66  25 109  61 
 22  76  63  92  61  52 104  79  78   0  92   3 103  54  35  87  86  62  43  96 
 40  82  58  68  84  64 121   4  70  36   0  10 116  99   1  69 102 105  42 107 
  9  55   3  81 111  24  68   7  66  67   2   0  10  20  20  60 100 122  51  14 
 60  54  10  81  40  61  11 119  80 102 118  32   0  47  67   4  39  36  21  31 
 29 117  94  82  76  96  43 107  36 110 120   7  34   0  94  55 118 122  37 104 
 88  95  96   2  63  57  65  43  24  66  27  66  70  63   0  89 123  87  29 108 
 25  17 121  55 114  26  73 112 102  31  83  15  23 113  60   0  61  73  90  12 
116  27 110  40  81 119  64  75  43  56  41  56  98  85  61  52   0  26 112  67 
117 118 118  40   1  78  40  12  97  91 123  74 106  47  98  54 115   0  83 100 
115  24  85  21  12  99  16  87 105  16  21 114  85 106 120 102  83   4   0  38 
119  34  10  90  77  88  90  70 102  39   5 106  57  32  54  30  45  70  55   0 
Reldue
 3300    1    8
 2293    7    5
 2831    7    4
 2721    6    6
 3550    8    6
 2672    3    4
 3010    4    1
 2936    2    8
 2052    5    4
 2844    1    6
 1254    2    1
 2579    6    4
 1235    5    9
 2137    2    6
 2032    5    2
 2751    2    1
 3663    5    5
 2387    3    6
 2093    8    7
 1800    5    5
DDW
 2988  3612
 2065  2522
 2684  2979
 2458  2985
 3370  3731
 2507  2838
 2812  3208
 2788  3083
 1883  2220
 2602  3086
 1159  1350
 2403  2754
 1113  1358
 1933  2340
 1880  2184
 2566  2936
 3328  3998
 2266  2508
 1931  2256
 1660  1941
