20   5
MD
  2  3  5  4  4
PT
 61  58  83  91  70  99  67  21  31  59  73  42   3  26  49  66  24  99  13  53 
 48  69  18  77   3  10  69  53  28  75  33  89  14  12  44  94   5  23  85  66 
 46  71  88  31  70  23  79  62  93  69   6  74  27   8  67   8  46  11  53  61 
  6  77  90  71  21  20  16  87  70  72  82  63  84  21  11  49  72  19   6  55 
 17  81  51  55  53  42   3  50  33  58  91   9  55  46  18  38  40  96  53  83 
SSD
M0
  0  35  94  66  81  79  61 113  38  50  46  63  79 119  30  64  81   8  21 113 
 17   0 105  69  48  59  61  98  65 107  93  50  50  69  19  47  37 120  91  44 
  5  40   0 103  99  71  67  15  83  83  75  46  46  77  11  83  87 112  38   7 
108 103 110   0  60  40  61 100  16  95  88  89 111  55 101 100  55  70  61  49 
 79  97  19  23   0   5  70  96  44  61  16 108   1  44  15  25  14  41  26  13 
 26  88  17  85   1   0  46  68  79  51  41 123  29 120  79  47  24  98  57  12 
 26  43  51 109 110  14   0  82   6  69  70  73  46  87 107  16  23  73 123  61 
111   6  92  18  27 109  26   0  26  50  20  61 124  54 103  68  89  59 111  95 
 18  23  38  56 105  86  82  70   0 100  46  17   7 100   3  32  27  61  92  29 
 83  81  67  90  24  99   7   6  27   0  78  80  20  14  21 118  61  52  16   3 
 87  11  69   5  62  46 113  98  63 108   0  67 116  17 112  85 105  49  19  31 
 20   2  27  30 108  25  26  52  35  69  52   0  59 115  11   7  49  24  70 112 
 17   5 108  11  65 106  61   5  22 119  61  80   0 123  94  40 123   3  80  74 
  1  97 117  27  74  38  24  55  95  93  47  54  66   0  14 105  86  62  63  29 
  3  30  86 106  59   8 124  17  31 102  14  44 116  42   0  52 113  69 107   1 
 68  98 108 107 116  28  55 124  84  35 116 107 113   3  78   0 106 111 108  41 
 69 118 107  19 113  78  42   4  41   6  70  19  77 119   6  54   0  39  45  98 
 60  79  14  13  87 113 110 122  72  15  70   6   2  95  32  56  95   0  54  81 
 68  17  50 102  97  40  48  37  39  99  43   8  76  30  32  81  45  51   0 106 
 21  69  99  75 105   3  49  89  45  38   3  29 102 112 124  50  54  37 112   0 
M1
  0  35  94  66  81  79  61 113  38  50  46  63  79 119  30  64  81   8  21 113 
 17   0 105  69  48  59  61  98  65 107  93  50  50  69  19  47  37 120  91  44 
  5  40   0 103  99  71  67  15  83  83  75  46  46  77  11  83  87 112  38   7 
108 103 110   0  60  40  61 100  16  95  88  89 111  55 101 100  55  70  61  49 
 79  97  19  23   0   5  70  96  44  61  16 108   1  44  15  25  14  41  26  13 
 26  88  17  85   1   0  46  68  79  51  41 123  29 120  79  47  24  98  57  12 
 26  43  51 109 110  14   0  82   6  69  70  73  46  87 107  16  23  73 123  61 
111   6  92  18  27 109  26   0  26  50  20  61 124  54 103  68  89  59 111  95 
 18  23  38  56 105  86  82  70   0 100  46  17   7 100   3  32  27  61  92  29 
 83  81  67  90  24  99   7   6  27   0  78  80  20  14  21 118  61  52  16   3 
 87  11  69   5  62  46 113  98  63 108   0  67 116  17 112  85 105  49  19  31 
 20   2  27  30 108  25  26  52  35  69  52   0  59 115  11   7  49  24  70 112 
 17   5 108  11  65 106  61   5  22 119  61  80   0 123  94  40 123   3  80  74 
  1  97 117  27  74  38  24  55  95  93  47  54  66   0  14 105  86  62  63  29 
  3  30  86 106  59   8 124  17  31 102  14  44 116  42   0  52 113  69 107   1 
 68  98 108 107 116  28  55 124  84  35 116 107 113   3  78   0 106 111 108  41 
 69 118 107  19 113  78  42   4  41   6  70  19  77 119   6  54   0  39  45  98 
 60  79  14  13  87 113 110 122  72  15  70   6   2  95  32  56  95   0  54  81 
 68  17  50 102  97  40  48  37  39  99  43   8  76  30  32  81  45  51   0 106 
 21  69  99  75 105   3  49  89  45  38   3  29 102 112 124  50  54  37 112   0 
M2
  0  35  94  66  81  79  61 113  38  50  46  63  79 119  30  64  81   8  21 113 
 17   0 105  69  48  59  61  98  65 107  93  50  50  69  19  47  37 120  91  44 
  5  40   0 103  99  71  67  15  83  83  75  46  46  77  11  83  87 112  38   7 
108 103 110   0  60  40  61 100  16  95  88  89 111  55 101 100  55  70  61  49 
 79  97  19  23   0   5  70  96  44  61  16 108   1  44  15  25  14  41  26  13 
 26  88  17  85   1   0  46  68  79  51  41 123  29 120  79  47  24  98  57  12 
 26  43  51 109 110  14   0  82   6  69  70  73  46  87 107  16  23  73 123  61 
111   6  92  18  27 109  26   0  26  50  20  61 124  54 103  68  89  59 111  95 
 18  23  38  56 105  86  82  70   0 100  46  17   7 100   3  32  27  61  92  29 
 83  81  67  90  24  99   7   6  27   0  78  80  20  14  21 118  61  52  16   3 
 87  11  69   5  62  46 113  98  63 108   0  67 116  17 112  85 105  49  19  31 
 20   2  27  30 108  25  26  52  35  69  52   0  59 115  11   7  49  24  70 112 
 17   5 108  11  65 106  61   5  22 119  61  80   0 123  94  40 123   3  80  74 
  1  97 117  27  74  38  24  55  95  93  47  54  66   0  14 105  86  62  63  29 
  3  30  86 106  59   8 124  17  31 102  14  44 116  42   0  52 113  69 107   1 
 68  98 108 107 116  28  55 124  84  35 116 107 113   3  78   0 106 111 108  41 
 69 118 107  19 113  78  42   4  41   6  70  19  77 119   6  54   0  39  45  98 
 60  79  14  13  87 113 110 122  72  15  70   6   2  95  32  56  95   0  54  81 
 68  17  50 102  97  40  48  37  39  99  43   8  76  30  32  81  45  51   0 106 
 21  69  99  75 105   3  49  89  45  38   3  29 102 112 124  50  54  37 112   0 
M3
  0  35  94  66  81  79  61 113  38  50  46  63  79 119  30  64  81   8  21 113 
 17   0 105  69  48  59  61  98  65 107  93  50  50  69  19  47  37 120  91  44 
  5  40   0 103  99  71  67  15  83  83  75  46  46  77  11  83  87 112  38   7 
108 103 110   0  60  40  61 100  16  95  88  89 111  55 101 100  55  70  61  49 
 79  97  19  23   0   5  70  96  44  61  16 108   1  44  15  25  14  41  26  13 
 26  88  17  85   1   0  46  68  79  51  41 123  29 120  79  47  24  98  57  12 
 26  43  51 109 110  14   0  82   6  69  70  73  46  87 107  16  23  73 123  61 
111   6  92  18  27 109  26   0  26  50  20  61 124  54 103  68  89  59 111  95 
 18  23  38  56 105  86  82  70   0 100  46  17   7 100   3  32  27  61  92  29 
 83  81  67  90  24  99   7   6  27   0  78  80  20  14  21 118  61  52  16   3 
 87  11  69   5  62  46 113  98  63 108   0  67 116  17 112  85 105  49  19  31 
 20   2  27  30 108  25  26  52  35  69  52   0  59 115  11   7  49  24  70 112 
 17   5 108  11  65 106  61   5  22 119  61  80   0 123  94  40 123   3  80  74 
  1  97 117  27  74  38  24  55  95  93  47  54  66   0  14 105  86  62  63  29 
  3  30  86 106  59   8 124  17  31 102  14  44 116  42   0  52 113  69 107   1 
 68  98 108 107 116  28  55 124  84  35 116 107 113   3  78   0 106 111 108  41 
 69 118 107  19 113  78  42   4  41   6  70  19  77 119   6  54   0  39  45  98 
 60  79  14  13  87 113 110 122  72  15  70   6   2  95  32  56  95   0  54  81 
 68  17  50 102  97  40  48  37  39  99  43   8  76  30  32  81  45  51   0 106 
 21  69  99  75 105   3  49  89  45  38   3  29 102 112 124  50  54  37 112   0 
M4
  0  35  94  66  81  79  61 113  38  50  46  63  79 119  30  64  81   8  21 113 
 17   0 105  69  48  59  61  98  65 107  93  50  50  69  19  47  37 120  91  44 
  5  40   0 103  99  71  67  15  83  83  75  46  46  77  11  83  87 112  38   7 
108 103 110   0  60  40  61 100  16  95  88  89 111  55 101 100  55  70  61  49 
 79  97  19  23   0   5  70  96  44  61  16 108   1  44  15  25  14  41  26  13 
 26  88  17  85   1   0  46  68  79  51  41 123  29 120  79  47  24  98  57  12 
 26  43  51 109 110  14   0  82   6  69  70  73  46  87 107  16  23  73 123  61 
111   6  92  18  27 109  26   0  26  50  20  61 124  54 103  68  89  59 111  95 
 18  23  38  56 105  86  82  70   0 100  46  17   7 100   3  32  27  61  92  29 
 83  81  67  90  24  99   7   6  27   0  78  80  20  14  21 118  61  52  16   3 
 87  11  69   5  62  46 113  98  63 108   0  67 116  17 112  85 105  49  19  31 
 20   2  27  30 108  25  26  52  35  69  52   0  59 115  11   7  49  24  70 112 
 17   5 108  11  65 106  61   5  22 119  61  80   0 123  94  40 123   3  80  74 
  1  97 117  27  74  38  24  55  95  93  47  54  66   0  14 105  86  62  63  29 
  3  30  86 106  59   8 124  17  31 102  14  44 116  42   0  52 113  69 107   1 
 68  98 108 107 116  28  55 124  84  35 116 107 113   3  78   0 106 111 108  41 
 69 118 107  19 113  78  42   4  41   6  70  19  77 119   6  54   0  39  45  98 
 60  79  14  13  87 113 110 122  72  15  70   6   2  95  32  56  95   0  54  81 
 68  17  50 102  97  40  48  37  39  99  43   8  76  30  32  81  45  51   0 106 
 21  69  99  75 105   3  49  89  45  38   3  29 102 112 124  50  54  37 112   0 
Reldue
  558    5    2
 2727    7    4
 1946    7    2
 1919    4    3
 1631    7    4
 1416    5    2
  783    6    2
 1958    8    7
  599    1    2
  946    8    9
 1937    9    9
 1717    1    8
 1787    4    2
 1804    7    4
  908    8    5
 1428    9    2
 1649    7    3
 2022    9    8
 1379    8    8
 2154    9    9
DDW
  514   601
 2584  2870
 1774  2117
 1787  2051
 1541  1722
 1344  1488
  743   824
 1825  2092
  540   658
  897   996
 1764  2109
 1549  1884
 1673  1901
 1649  1960
  834   983
 1290  1567
 1510  1788
 1873  2172
 1258  1499
 2041  2267
