20  10
MD
  5  2  4  2  4  5  2  5  5  3
PT
 60  69  33  39   9  18  70  98  77  36  49  18  91  36  53   9  68  52  19  41 
 45  86  19  74  90   7  93  71  15  90   1  33  90  94  50  29  82  26  33  33 
 87  56  37  43  35  65  79  36  52  22  62   2  56  39  95  74  54  73  61   2 
 24  23  64  28  41  45  53  71  81  48  49  63  90  43  63  65  97  51   3  53 
 99  97  66  43  78   9  34  11  97  43   1  94  45  13  62  50   4  40  69  74 
 13  59  38  40  76  68  72  58  49  98   7  28  85  85  77  87  57   6  55  30 
 98  13  90  85  82  99  81  95  25  44  51  37  73  81  49  59  50  96  41  70 
 99  25  66  10  56  30  33  97  96  55  13  60   7  10  70  67  22  78  45  47 
 30  31  96  27  99  32  34  93  12  73  77  76   9  79  25  76  93  65  13  91 
 38  77  47  16   9  94  26  30  25  80  70  33  43  57  33  64  87  36  15  39 
SSD
M0
  0 122  63  48  57  61  46   1  43  18 108   1 105 115  50  71  86  58   4  51 
 68   0  77  22  29  72  85 111  27  19  61  31  92  59  96 101  39  65  48  65 
 56 106   0   3  35  32  88  97   2  29  85  84 119   5  73  19  45   4  39  72 
 56 118  68   0  26  62  59 116  40  10  59  79 104 123  66  95   5   3   3  45 
 58  37  59  57   0  76  94 100 113  39  22  25  31  84  14 118  91  60  21 118 
 75  31  16   6 117   0  30  82  54  39  44  76  71 123  86  15  37  55   1  83 
  3   1 123  69  97  54   0  81  89  96  66   3  25  87  29  91  21  14  41  37 
 59 101  19  79 120  31  14   0  68  97  42  64  42  89  60  48  93  46  70  54 
 95  74 124  92  71  49  32  13   0  44 114 116  44  64  72   2  48  66  92  13 
114  81 109  10  60 108  61  22  62   0  31  86  25  86  84  79 106  74  65  33 
  3  38 104  22  57 107 122  53  24  61   0 104 108  81  86  93  18  57  60  91 
106  16 118 122 100  22  38  60  51  60 113   0  53 123 112  36   1  59  72  46 
 87  25  67  11  11  53  64  31  85  93 124  30   0  59  96 118  86  89 122  78 
  6  42  13  26  22 113 113  51 124  95  10  99  52   0  56  40 122 116  62  15 
 37  23  71  68  91 101  81  16  63  36   9  99 111  58   0  40  43  36  96  93 
 75  41 123 108  44  38 123  18 100   2  82  31  73 100  49   0  66   8 107  28 
 85  78  40  65  36   7  21  47  99  33  41 111 110  29  95  53   0  81  73  81 
 92  21  25 118  18  26  64  99   1  81  45  93  85   9 106   4   7   0  35  35 
 84 124  19  18  28 105  74  59  45  11  53  40  59  31  19  55  92 100   0  36 
 54  28  47 113  74  81  56  53 123  10  78  61   3  43 105  46  50  81  16   0 
M1
  0 122  63  48  57  61  46   1  43  18 108   1 105 115  50  71  86  58   4  51 
 68   0  77  22  29  72  85 111  27  19  61  31  92  59  96 101  39  65  48  65 
 56 106   0   3  35  32  88  97   2  29  85  84 119   5  73  19  45   4  39  72 
 56 118  68   0  26  62  59 116  40  10  59  79 104 123  66  95   5   3   3  45 
 58  37  59  57   0  76  94 100 113  39  22  25  31  84  14 118  91  60  21 118 
 75  31  16   6 117   0  30  82  54  39  44  76  71 123  86  15  37  55   1  83 
  3   1 123  69  97  54   0  81  89  96  66   3  25  87  29  91  21  14  41  37 
 59 101  19  79 120  31  14   0  68  97  42  64  42  89  60  48  93  46  70  54 
 95  74 124  92  71  49  32  13   0  44 114 116  44  64  72   2  48  66  92  13 
114  81 109  10  60 108  61  22  62   0  31  86  25  86  84  79 106  74  65  33 
  3  38 104  22  57 107 122  53  24  61   0 104 108  81  86  93  18  57  60  91 
106  16 118 122 100  22  38  60  51  60 113   0  53 123 112  36   1  59  72  46 
 87  25  67  11  11  53  64  31  85  93 124  30   0  59  96 118  86  89 122  78 
  6  42  13  26  22 113 113  51 124  95  10  99  52   0  56  40 122 116  62  15 
 37  23  71  68  91 101  81  16  63  36   9  99 111  58   0  40  43  36  96  93 
 75  41 123 108  44  38 123  18 100   2  82  31  73 100  49   0  66   8 107  28 
 85  78  40  65  36   7  21  47  99  33  41 111 110  29  95  53   0  81  73  81 
 92  21  25 118  18  26  64  99   1  81  45  93  85   9 106   4   7   0  35  35 
 84 124  19  18  28 105  74  59  45  11  53  40  59  31  19  55  92 100   0  36 
 54  28  47 113  74  81  56  53 123  10  78  61   3  43 105  46  50  81  16   0 
M2
  0 122  63  48  57  61  46   1  43  18 108   1 105 115  50  71  86  58   4  51 
 68   0  77  22  29  72  85 111  27  19  61  31  92  59  96 101  39  65  48  65 
 56 106   0   3  35  32  88  97   2  29  85  84 119   5  73  19  45   4  39  72 
 56 118  68   0  26  62  59 116  40  10  59  79 104 123  66  95   5   3   3  45 
 58  37  59  57   0  76  94 100 113  39  22  25  31  84  14 118  91  60  21 118 
 75  31  16   6 117   0  30  82  54  39  44  76  71 123  86  15  37  55   1  83 
  3   1 123  69  97  54   0  81  89  96  66   3  25  87  29  91  21  14  41  37 
 59 101  19  79 120  31  14   0  68  97  42  64  42  89  60  48  93  46  70  54 
 95  74 124  92  71  49  32  13   0  44 114 116  44  64  72   2  48  66  92  13 
114  81 109  10  60 108  61  22  62   0  31  86  25  86  84  79 106  74  65  33 
  3  38 104  22  57 107 122  53  24  61   0 104 108  81  86  93  18  57  60  91 
106  16 118 122 100  22  38  60  51  60 113   0  53 123 112  36   1  59  72  46 
 87  25  67  11  11  53  64  31  85  93 124  30   0  59  96 118  86  89 122  78 
  6  42  13  26  22 113 113  51 124  95  10  99  52   0  56  40 122 116  62  15 
 37  23  71  68  91 101  81  16  63  36   9  99 111  58   0  40  43  36  96  93 
 75  41 123 108  44  38 123  18 100   2  82  31  73 100  49   0  66   8 107  28 
 85  78  40  65  36   7  21  47  99  33  41 111 110  29  95  53   0  81  73  81 
 92  21  25 118  18  26  64  99   1  81  45  93  85   9 106   4   7   0  35  35 
 84 124  19  18  28 105  74  59  45  11  53  40  59  31  19  55  92 100   0  36 
 54  28  47 113  74  81  56  53 123  10  78  61   3  43 105  46  50  81  16   0 
M3
  0 122  63  48  57  61  46   1  43  18 108   1 105 115  50  71  86  58   4  51 
 68   0  77  22  29  72  85 111  27  19  61  31  92  59  96 101  39  65  48  65 
 56 106   0   3  35  32  88  97   2  29  85  84 119   5  73  19  45   4  39  72 
 56 118  68   0  26  62  59 116  40  10  59  79 104 123  66  95   5   3   3  45 
 58  37  59  57   0  76  94 100 113  39  22  25  31  84  14 118  91  60  21 118 
 75  31  16   6 117   0  30  82  54  39  44  76  71 123  86  15  37  55   1  83 
  3   1 123  69  97  54   0  81  89  96  66   3  25  87  29  91  21  14  41  37 
 59 101  19  79 120  31  14   0  68  97  42  64  42  89  60  48  93  46  70  54 
 95  74 124  92  71  49  32  13   0  44 114 116  44  64  72   2  48  66  92  13 
114  81 109  10  60 108  61  22  62   0  31  86  25  86  84  79 106  74  65  33 
  3  38 104  22  57 107 122  53  24  61   0 104 108  81  86  93  18  57  60  91 
106  16 118 122 100  22  38  60  51  60 113   0  53 123 112  36   1  59  72  46 
 87  25  67  11  11  53  64  31  85  93 124  30   0  59  96 118  86  89 122  78 
  6  42  13  26  22 113 113  51 124  95  10  99  52   0  56  40 122 116  62  15 
 37  23  71  68  91 101  81  16  63  36   9  99 111  58   0  40  43  36  96  93 
 75  41 123 108  44  38 123  18 100   2  82  31  73 100  49   0  66   8 107  28 
 85  78  40  65  36   7  21  47  99  33  41 111 110  29  95  53   0  81  73  81 
 92  21  25 118  18  26  64  99   1  81  45  93  85   9 106   4   7   0  35  35 
 84 124  19  18  28 105  74  59  45  11  53  40  59  31  19  55  92 100   0  36 
 54  28  47 113  74  81  56  53 123  10  78  61   3  43 105  46  50  81  16   0 
M4
  0 122  63  48  57  61  46   1  43  18 108   1 105 115  50  71  86  58   4  51 
 68   0  77  22  29  72  85 111  27  19  61  31  92  59  96 101  39  65  48  65 
 56 106   0   3  35  32  88  97   2  29  85  84 119   5  73  19  45   4  39  72 
 56 118  68   0  26  62  59 116  40  10  59  79 104 123  66  95   5   3   3  45 
 58  37  59  57   0  76  94 100 113  39  22  25  31  84  14 118  91  60  21 118 
 75  31  16   6 117   0  30  82  54  39  44  76  71 123  86  15  37  55   1  83 
  3   1 123  69  97  54   0  81  89  96  66   3  25  87  29  91  21  14  41  37 
 59 101  19  79 120  31  14   0  68  97  42  64  42  89  60  48  93  46  70  54 
 95  74 124  92  71  49  32  13   0  44 114 116  44  64  72   2  48  66  92  13 
114  81 109  10  60 108  61  22  62   0  31  86  25  86  84  79 106  74  65  33 
  3  38 104  22  57 107 122  53  24  61   0 104 108  81  86  93  18  57  60  91 
106  16 118 122 100  22  38  60  51  60 113   0  53 123 112  36   1  59  72  46 
 87  25  67  11  11  53  64  31  85  93 124  30   0  59  96 118  86  89 122  78 
  6  42  13  26  22 113 113  51 124  95  10  99  52   0  56  40 122 116  62  15 
 37  23  71  68  91 101  81  16  63  36   9  99 111  58   0  40  43  36  96  93 
 75  41 123 108  44  38 123  18 100   2  82  31  73 100  49   0  66   8 107  28 
 85  78  40  65  36   7  21  47  99  33  41 111 110  29  95  53   0  81  73  81 
 92  21  25 118  18  26  64  99   1  81  45  93  85   9 106   4   7   0  35  35 
 84 124  19  18  28 105  74  59  45  11  53  40  59  31  19  55  92 100   0  36 
 54  28  47 113  74  81  56  53 123  10  78  61   3  43 105  46  50  81  16   0 
M5
  0 122  63  48  57  61  46   1  43  18 108   1 105 115  50  71  86  58   4  51 
 68   0  77  22  29  72  85 111  27  19  61  31  92  59  96 101  39  65  48  65 
 56 106   0   3  35  32  88  97   2  29  85  84 119   5  73  19  45   4  39  72 
 56 118  68   0  26  62  59 116  40  10  59  79 104 123  66  95   5   3   3  45 
 58  37  59  57   0  76  94 100 113  39  22  25  31  84  14 118  91  60  21 118 
 75  31  16   6 117   0  30  82  54  39  44  76  71 123  86  15  37  55   1  83 
  3   1 123  69  97  54   0  81  89  96  66   3  25  87  29  91  21  14  41  37 
 59 101  19  79 120  31  14   0  68  97  42  64  42  89  60  48  93  46  70  54 
 95  74 124  92  71  49  32  13   0  44 114 116  44  64  72   2  48  66  92  13 
114  81 109  10  60 108  61  22  62   0  31  86  25  86  84  79 106  74  65  33 
  3  38 104  22  57 107 122  53  24  61   0 104 108  81  86  93  18  57  60  91 
106  16 118 122 100  22  38  60  51  60 113   0  53 123 112  36   1  59  72  46 
 87  25  67  11  11  53  64  31  85  93 124  30   0  59  96 118  86  89 122  78 
  6  42  13  26  22 113 113  51 124  95  10  99  52   0  56  40 122 116  62  15 
 37  23  71  68  91 101  81  16  63  36   9  99 111  58   0  40  43  36  96  93 
 75  41 123 108  44  38 123  18 100   2  82  31  73 100  49   0  66   8 107  28 
 85  78  40  65  36   7  21  47  99  33  41 111 110  29  95  53   0  81  73  81 
 92  21  25 118  18  26  64  99   1  81  45  93  85   9 106   4   7   0  35  35 
 84 124  19  18  28 105  74  59  45  11  53  40  59  31  19  55  92 100   0  36 
 54  28  47 113  74  81  56  53 123  10  78  61   3  43 105  46  50  81  16   0 
M6
  0 122  63  48  57  61  46   1  43  18 108   1 105 115  50  71  86  58   4  51 
 68   0  77  22  29  72  85 111  27  19  61  31  92  59  96 101  39  65  48  65 
 56 106   0   3  35  32  88  97   2  29  85  84 119   5  73  19  45   4  39  72 
 56 118  68   0  26  62  59 116  40  10  59  79 104 123  66  95   5   3   3  45 
 58  37  59  57   0  76  94 100 113  39  22  25  31  84  14 118  91  60  21 118 
 75  31  16   6 117   0  30  82  54  39  44  76  71 123  86  15  37  55   1  83 
  3   1 123  69  97  54   0  81  89  96  66   3  25  87  29  91  21  14  41  37 
 59 101  19  79 120  31  14   0  68  97  42  64  42  89  60  48  93  46  70  54 
 95  74 124  92  71  49  32  13   0  44 114 116  44  64  72   2  48  66  92  13 
114  81 109  10  60 108  61  22  62   0  31  86  25  86  84  79 106  74  65  33 
  3  38 104  22  57 107 122  53  24  61   0 104 108  81  86  93  18  57  60  91 
106  16 118 122 100  22  38  60  51  60 113   0  53 123 112  36   1  59  72  46 
 87  25  67  11  11  53  64  31  85  93 124  30   0  59  96 118  86  89 122  78 
  6  42  13  26  22 113 113  51 124  95  10  99  52   0  56  40 122 116  62  15 
 37  23  71  68  91 101  81  16  63  36   9  99 111  58   0  40  43  36  96  93 
 75  41 123 108  44  38 123  18 100   2  82  31  73 100  49   0  66   8 107  28 
 85  78  40  65  36   7  21  47  99  33  41 111 110  29  95  53   0  81  73  81 
 92  21  25 118  18  26  64  99   1  81  45  93  85   9 106   4   7   0  35  35 
 84 124  19  18  28 105  74  59  45  11  53  40  59  31  19  55  92 100   0  36 
 54  28  47 113  74  81  56  53 123  10  78  61   3  43 105  46  50  81  16   0 
M7
  0 122  63  48  57  61  46   1  43  18 108   1 105 115  50  71  86  58   4  51 
 68   0  77  22  29  72  85 111  27  19  61  31  92  59  96 101  39  65  48  65 
 56 106   0   3  35  32  88  97   2  29  85  84 119   5  73  19  45   4  39  72 
 56 118  68   0  26  62  59 116  40  10  59  79 104 123  66  95   5   3   3  45 
 58  37  59  57   0  76  94 100 113  39  22  25  31  84  14 118  91  60  21 118 
 75  31  16   6 117   0  30  82  54  39  44  76  71 123  86  15  37  55   1  83 
  3   1 123  69  97  54   0  81  89  96  66   3  25  87  29  91  21  14  41  37 
 59 101  19  79 120  31  14   0  68  97  42  64  42  89  60  48  93  46  70  54 
 95  74 124  92  71  49  32  13   0  44 114 116  44  64  72   2  48  66  92  13 
114  81 109  10  60 108  61  22  62   0  31  86  25  86  84  79 106  74  65  33 
  3  38 104  22  57 107 122  53  24  61   0 104 108  81  86  93  18  57  60  91 
106  16 118 122 100  22  38  60  51  60 113   0  53 123 112  36   1  59  72  46 
 87  25  67  11  11  53  64  31  85  93 124  30   0  59  96 118  86  89 122  78 
  6  42  13  26  22 113 113  51 124  95  10  99  52   0  56  40 122 116  62  15 
 37  23  71  68  91 101  81  16  63  36   9  99 111  58   0  40  43  36  96  93 
 75  41 123 108  44  38 123  18 100   2  82  31  73 100  49   0  66   8 107  28 
 85  78  40  65  36   7  21  47  99  33  41 111 110  29  95  53   0  81  73  81 
 92  21  25 118  18  26  64  99   1  81  45  93  85   9 106   4   7   0  35  35 
 84 124  19  18  28 105  74  59  45  11  53  40  59  31  19  55  92 100   0  36 
 54  28  47 113  74  81  56  53 123  10  78  61   3  43 105  46  50  81  16   0 
M8
  0 122  63  48  57  61  46   1  43  18 108   1 105 115  50  71  86  58   4  51 
 68   0  77  22  29  72  85 111  27  19  61  31  92  59  96 101  39  65  48  65 
 56 106   0   3  35  32  88  97   2  29  85  84 119   5  73  19  45   4  39  72 
 56 118  68   0  26  62  59 116  40  10  59  79 104 123  66  95   5   3   3  45 
 58  37  59  57   0  76  94 100 113  39  22  25  31  84  14 118  91  60  21 118 
 75  31  16   6 117   0  30  82  54  39  44  76  71 123  86  15  37  55   1  83 
  3   1 123  69  97  54   0  81  89  96  66   3  25  87  29  91  21  14  41  37 
 59 101  19  79 120  31  14   0  68  97  42  64  42  89  60  48  93  46  70  54 
 95  74 124  92  71  49  32  13   0  44 114 116  44  64  72   2  48  66  92  13 
114  81 109  10  60 108  61  22  62   0  31  86  25  86  84  79 106  74  65  33 
  3  38 104  22  57 107 122  53  24  61   0 104 108  81  86  93  18  57  60  91 
106  16 118 122 100  22  38  60  51  60 113   0  53 123 112  36   1  59  72  46 
 87  25  67  11  11  53  64  31  85  93 124  30   0  59  96 118  86  89 122  78 
  6  42  13  26  22 113 113  51 124  95  10  99  52   0  56  40 122 116  62  15 
 37  23  71  68  91 101  81  16  63  36   9  99 111  58   0  40  43  36  96  93 
 75  41 123 108  44  38 123  18 100   2  82  31  73 100  49   0  66   8 107  28 
 85  78  40  65  36   7  21  47  99  33  41 111 110  29  95  53   0  81  73  81 
 92  21  25 118  18  26  64  99   1  81  45  93  85   9 106   4   7   0  35  35 
 84 124  19  18  28 105  74  59  45  11  53  40  59  31  19  55  92 100   0  36 
 54  28  47 113  74  81  56  53 123  10  78  61   3  43 105  46  50  81  16   0 
M9
  0 122  63  48  57  61  46   1  43  18 108   1 105 115  50  71  86  58   4  51 
 68   0  77  22  29  72  85 111  27  19  61  31  92  59  96 101  39  65  48  65 
 56 106   0   3  35  32  88  97   2  29  85  84 119   5  73  19  45   4  39  72 
 56 118  68   0  26  62  59 116  40  10  59  79 104 123  66  95   5   3   3  45 
 58  37  59  57   0  76  94 100 113  39  22  25  31  84  14 118  91  60  21 118 
 75  31  16   6 117   0  30  82  54  39  44  76  71 123  86  15  37  55   1  83 
  3   1 123  69  97  54   0  81  89  96  66   3  25  87  29  91  21  14  41  37 
 59 101  19  79 120  31  14   0  68  97  42  64  42  89  60  48  93  46  70  54 
 95  74 124  92  71  49  32  13   0  44 114 116  44  64  72   2  48  66  92  13 
114  81 109  10  60 108  61  22  62   0  31  86  25  86  84  79 106  74  65  33 
  3  38 104  22  57 107 122  53  24  61   0 104 108  81  86  93  18  57  60  91 
106  16 118 122 100  22  38  60  51  60 113   0  53 123 112  36   1  59  72  46 
 87  25  67  11  11  53  64  31  85  93 124  30   0  59  96 118  86  89 122  78 
  6  42  13  26  22 113 113  51 124  95  10  99  52   0  56  40 122 116  62  15 
 37  23  71  68  91 101  81  16  63  36   9  99 111  58   0  40  43  36  96  93 
 75  41 123 108  44  38 123  18 100   2  82  31  73 100  49   0  66   8 107  28 
 85  78  40  65  36   7  21  47  99  33  41 111 110  29  95  53   0  81  73  81 
 92  21  25 118  18  26  64  99   1  81  45  93  85   9 106   4   7   0  35  35 
 84 124  19  18  28 105  74  59  45  11  53  40  59  31  19  55  92 100   0  36 
 54  28  47 113  74  81  56  53 123  10  78  61   3  43 105  46  50  81  16   0 
Reldue
 4417    8    2
 4393    4    5
 4236    4    9
 1787    6    3
 1645    1    7
 2390    9    5
 2591    2    2
 5114    1    6
 4377    4    5
 2249    7    4
 1442    7    1
 1752    3    3
 4630    3    5
 2541    9    1
 3772    2    5
 1437    3    8
 2157    6    4
 2431    7    5
 1909    2    6
 1944    7    3
DDW
 4050  4784
 4126  4660
 3907  4565
 1611  1963
 1535  1754
 2195  2586
 2367  2815
 4766  5463
 3941  4813
 2123  2375
 1344  1541
 1603  1901
 4277  4982
 2317  2764
 3438  4106
 1303  1572
 2035  2278
 2258  2603
 1775  2043
 1777  2111
