50   8
MD
  3  2  2  2  2  4  4  2
PT
 74  91  17  84  88  93  26  78  93   5  94  27  22  99  54  36  33  48  18  50  21  81  63   8  49  56  94  16  82  40  23  57  30  23  48  79  90  33  77  93  57  73  99  27  75  22  92   8  40  58 
 68  83  93  38  62  78  28  62  90  91  84  32  57  63  32  36  57  30  17  48  60  63   7  95  78  80   4  46  44  29  81  43  83  49  40  70  14  68  53  74  81  98  44  51  92  55  94  69  13  76 
 39  87  48  21  23  82  92  40  10   6  36   9  77  91  19   4  88  45  96  85  26  42  37  82  46  20  70   7  43  80   7  68  86   4  68  47  77  16  66  52  85  82  88  60  39  78   3  73  24  77 
 89  14  51  89  73  89  68   9  82  59  54  39  44  29  69  95  22  95  59  14  87  39  53  59  60  41  18  67  62  28  88  66  46  25  19  31  64  70  30  72  58  70  30  37  24  44  65  55  84  35 
 57  77  70  52  58  74  72  23   3  26   7   5  47  95  76  40  59  80  31  13  37  86  34  48  34  40  69  65  81  19  62  42  43  83  21  44   4  92  56  88  54   3  57   8  38  48   2   3  57  46 
 19  90   6  78  16  70  63   3   6  68  39  99  90  35  80  73  51  14  67   3  94  83  97  91  29  50  42  56  91  58  28  68  58  18  54  90  26  13  37  62  78  83  18  18  16   6  62  94  51  65 
 44  10  23  54  51  50  71  82  48  54  55  78  22  55  14  14  37  19  39  57  58  99  67  17  97  51  58  86   8  74  90  20  84  62  97  18   1  95  59  70  16  22   1  92  90  56  90  81  14  85 
 52  70   5  29  25  71  90  55  97  40  96  19  48  72  76  44  22  26  61  24  59  99  46  12  36  25  25  19  18  99  92  95  98  39  48  70  33  30  38  58  90  36  55  96  65  21  73  74  89  16 
SSD
M0
  0   1   7  65   1  71  47  97  56  11  18  72 106  83  14  50  17  96 115  44 102 101  78 109  43 105  16 123  72  19  41  67  95  35  89  47  98   9 106  13  70  22  43  12 111  18  22  24 121  26 
 95   0 115  32  99  62  96 122  25  13  12  26  65  97  46  29 107 120  20  74  85  80 106  38 111  62  34   7  50  59 108 111  96  70  54 105  87 110 123  52  84 108 115 100 113  31  69   1   9  28 
 10 109   0  61 110  98 116  42  21  99  27  29   9 115 110  21 124  50 118   6  37  53  65  12  74  37  38  11 117  29 108  26 119  72  55  35  13  34  35  56 108  47  93  62  26 103 119 107  27 112 
 77   2  60   0  21 106  74  75  78 124   2  43 112  40 122  30 116  43  81 101  13  27  29 104  51  92  15  14  16   9  95   1  67  76  59  55  23  84  42  82  44   7  96   5  22  75  59 109 119 106 
 29  41 124  57   0  64 101  55 103  66  54  13  93 112 106  87   1  22  94  53  56  30  94  80  32  55  66  57  63  88  67  77 115  87   5  28  56 122 124  19 121  94  66   9  88  86 108   3  21 118 
114  30  36  71 121   0  40  21  78  53  12  67 110  84  34   2  28  46  46 121  63 112   8  28  34 103  28 113  39 103   8  48  14 119  51  11 116   3  73  84  93  57  39  11  28  98 107  14  31  47 
123  75   5  55  55  25   0  87 116  96 109  69  66   6  36  90 100  96 118  50  22  73  62  80  82 119   7  33  28  94 111  50   6  96  77 107  22   4  38  76  19  35  98 107  55  25 122  21   1  54 
120 111  91  58  49  78  78   0  21 112  57  27  23  22 111  96 112  60  59 123  98  83 100  23  51  35  39 104 124 100  44  87  32 121  87  40  29 117 113  55  51  37 111  44  73  11 117  83  71  34 
 32 124  69  77 108  81  83  70   0  25  90  75  79  72  46  79  71  52  40  42 102   2  72  28  52  72  73  20  60  13  51  82   6 120  73 116  78   4  60  58  25  92  68  14  56  41  92   6   2 101 
117  59  19  10  95  81  75 114  59   0   8  77  67   3  66 100  59  92  30  93 106  78  28 101 123  73   8  18  19  60 112  19  44  27  78  53 105  41  43 110  87  60  19  76 102   6  80  97  13  38 
 17 117 108  90 105 100  76  18  86 116   0   2  10  25  97  27  44  38  49  40  17   8  91  67  47  53  81  48 110  48  48  71  10  58  78  71  61  38   8  48  72   1   2  28  11  66  57  37 112  72 
100  30  10  12  12  48  94 112 120  30  89   0  77  74  96  68  26 123  90 120  28  84  55   4 114  34  50  23 101  10 113  41  26 116  29  25  87  83  77  56  74  90  28  78 110 117  93  61  48 107 
106  64  27  99  59  90  44  80  46  22   5   8   0 120   8  98   8  70  67 124  78  81 106  71  35  37 121  26  33  57  35  88 121  20  10  89  82  70 114 117  94  24  34  56  80  31  91 105  54  70 
121  22  51   1  84 102 112  95 120  95 123  62  75   0  28  69  52  10  46  90  72 118  92  94  98  16 113  64 110 110   6 103  27  68  30  72  72 118 102  70  15  73  85  24  77  42  96  98  65  27 
 79  43  76  80  55  44  12 111  26  95  15  20 114 108   0  41  94  80  41  25  12 124 124  17  14  51  23  33  71 106  51  50  93  61 111  73  91  40 119  80 109  72 103 117  19   6 107  96  86  80 
 29  97  67   7  60  47  75  53   6 122  42  65  80  77   9   0  12 117  66  24 118   5  56  83 103 108 102  30  45  56  50  29  99  38  26  38  25  45  39 108 119  49 115  83  17  46  72  95  64 106 
121  10 102  84 124 118  10 113  65   4  20  11  91  97  63   6   0  47   4 105  62  52 100 123  62  63  97  78  57  47  79  62 100 106  18  28  96  51   6  75 103  79  63  51  72  54  56  91  94  41 
 71  84  85  65  16  27  82   4  79  96 114  11  74  92  48  47 105   0  97   5  95  82  43 100  83  22 107  58  79  19 103  59 123   3 109  11  63  33  35 113  83 105  13   2  16  50 106  31  46  54 
110  14 118 119  36 109  82  99  90 112  93  56  55  63  64 120  98  65   0  13  72  35  99  71  69  62  29  31  27  70  75  79  96  72  44  18  60 108  15  87  77 100  63  47 105  82 103  12  50  27 
 80 111 119  37  93  59  72  58  61   7  95  49  75  21  66  35  41 110  64   0 100  46 110  11  87  85  84  79  26  45  83  77  25 116 122  24  78  65  77  18  67 122 113  34   9  11  10  13  30  64 
101  86  75 114 100  61  91 121  74   7  26  95  38 108  81  96 105  58  73  65   0 103   6  38  41  41  99  34  22  87 123  78 122  23  82  54  25  40 119 121  79 113  97  26  23   5  57  64 112  17 
  2 104  75  19  25  71  34   9  61  35   9  85  31 107  89  38 104  86  31  15  88   0  62  83  62 107  24  89  98 114  71  49  45  66  17  72 101 104 109 108  62  48  76  43  61  79  11  22  77  25 
 14  49 115  81  15  46  57  38  27  35  95  31  86  28 122 116  65   2  82  99 112 107   0  44  86  15  62   1  25   3 102  92  71 119  81   9  92  53  57   1  16  52 106  33  81 100  20  51  46  83 
 17  28  54  47  54  81  58  32  71  43  91  62  61  88  86  34  52   6   2  71  94   1 124   0  50   8  67  64  47 124  88 112 109 107  24  15 116  51  54  21  70  17  11  39  81  92  77  15  33  50 
 21  75  86  35  80  14  23  36  25   1  88  55  63 100  84  65  39  99  28  98   2  16  19 124   0  98 106   5  84  19  31  90  82  93  89  44  31  73  52  33  42  61  35  15  98  33 115  44  32  32 
 28  99 118  97 104  84 114   4  71  64  26 121  58 106  26 123  39  28  81  46 111  83  90  12  64   0 108  89  59   4 106  16  87   1 103  88  97  33  80  91  50  78  44  92  62 117  51  62  78  20 
122  27  16   3 112  49  40   5  93   5  35  52 107  70 121 104  73  34  27   6  81 118  22  70 107  74   0  64  51 106  84  96 104  90 103  48  87  34  35  38  62  52  59  17  24  82  80  67 102  67 
104 112  48 105  77 119  48 118  86  81  82  72  14  26  26 104   4 106  45  30  38  46  91  85 124  70 101   0  37 101  51  33 113  54  98  28   8 111  52 100   5  10  13  68  45 122  15  31  86  43 
 48 111  96 110  91  66  54  92  66  81  87  39  40  31 109  43  55  76  30  99   3  43  63 115 110  50   1  29   0   9  16  68 110  20  36 118 117  99 105  89  36  87  28 105 112 105  71  28  80  50 
 99  57  57  74  90  44  65  37  82 123  14  41  50  43  81  28  43  73  72  27  42  43 100  63  39  74  78  17 117   0  67  92  86  42  48 107  99  60   5  74  10  13  70  83  78   1  42   7 104 124 
 86  52   7  89  22 105  38  13 109   6  48  16  10  24  10  73  44  86 110  88 108   3  22 102  25  54  69  30 121   7   0  82  36  76  96  67  28  99   3 110  71  44  67  80 122  94  81  85  22  25 
 81  11  29  63  91  74  46  31  43  15  76   9   3  80  58 106 104  27  66 124  16   4  50  37  22  36  96 102  36  95  59   0   8   5  79  18 108  36 123  71 122  18   3  15  43  39  76  16  90  62 
 88 113   8  69  18  21  75   8  53 124  14  67  97  38  17 113  99  27  95  25  90  24   7  44 105  54 106  37  80 122   6  60   0  76 101  82   6  99  51  22  10  61  13 106  65  85  23 104  45  12 
 53  30  81  14  42  94  19  18  38  13 114  53  36  63  56  97  30  66  35 118  70  91   8  31  24 101 110  15  26 112  36  81 104   0 118  29  52   9  76  42 113  43  47  25 108  70  33  18 115  25 
 39  83  27 104  80  43  38  28  49  84  53  91 104 102 124  80  88  61   2   3  21  20  15 104 118  40  22  51 121  29  57  50  25  98   0 116  90  22  91  54  45  16  95 116  99  16  87 119  74  66 
 49 121  67  51  46 121  91  86  71  34  35  43  73  74  74  76  20  80  52 112  10  25  37  65  47  56  70 116  71   1  38  36 121  60 101   0  98 106  41  13  83 115  75 102 123   3  86  43 114  90 
 60  70  93  62  34  55  78  91  87 120  74  45  66  83  78 122  83  14 118  72  48  19  93  20  45  34  86 118 119  16  20 106  12  21 118   5   0  36  27 112 118 103  10   1 104  50  48  84  10  88 
 48  38  43 120   3 101  58  70 110 108  23  16  42  11  63  93  66  81   7 112 113 120  85  10   7 102  44  79 101 120  44  51   5  72  33  60 110   0 116  57   1  85  11  54  75 100  63  58  99  11 
106  23  90  99  83   5  46  22  72  27  61  33  59  73  91  93  18  63  18  27  96  11  43  49  77  20  97  68  60 118 113  60  32  72  68  67  99  21   0  75 112  74  38  55  80 103  55  97  72  95 
122  98  26  10  95 123  77  79   1  71  47  61  32  24  66  70  93  38  78  14  54  59 123  22  73  26 122   9 112  73  78   9  75  93  33  21 104  45  74   0 105   1  50  65  92  54   1   6  71  54 
 50 119  44  17  63  88   4  26 105  98  89  18 110 120  78  87 124  23  75  67   1 113  62  75  78  66 110 124  40  36  13   5  86  85  21   4  37 109  77  11   0  67 100  75 113   4 124  18  35  97 
  4  10  58  55 111 112  83  43  17  34 101  99  89  86  65  99  18  56 115  90  11 106 114  48  88  74  93   6  61  16  39  69  51 122 121  91  62  13  34  42 104   0  19  31  89  37  62  56  47 105 
120 108  46  22  55  45  91  11  97  99 112 114  30   7  59  24  12  77 106  38 122 110   4 115  59   3  45  89  10  93  33 120 108 101  41  18  64 111  32 100  58  44   0  92  15  33  86  23 101   6 
 69  79  47  27  12 101 119 107 101 111 101  28  44  32  74  73  76  36  14 113  61   4  23  49  87 100  49  40  20  22 120  57 116  52  65   1  53  86   9  27  72  34  25   0   6 116 114  32  91 121 
 47  52  73  33  34 124  37  61 102  70  35  84  85  56 102  86  70   5  56 109  34  96  53   9  15  97 120  48  97  66  62  93  87  68 106 113  79  78  41 102  10  75  91   1   0 115  76  77  33  45 
 33   1 122  48  15  48  88 123 115  53  15  89  19 110 118 109  81  24  34  40  55 113  12 118  56  17  14  15  46  12   3 111   5  35  68  58 108  91 100  85  54  93  16  77  16   0  70  54  70  10 
118  38  51  60  56  13   9 109  98  29  48 100 123  11 121  50   7  43   4  95  34  16  57  26  21 116  19  92  46   8  31  85  32  41  95  89  91 106 109  44  62   1  46 105  93  16   0  71  46  35 
114 100  73 110  16  95  83 107 108  96  10   7 113   1  36 103   4  56  70  93  27  16  63 120  10 110  33  35  73  81  18 110 114  90  97  69  79  24  72 114  46  97  39  65  56  44  72   0  17 101 
124 118  76  52  25   1  62  74  52  40  94  25 102  93 113 123  88  39 118  57  92  53 101  34 110  34  68  74  29  58  91  13  80 106  44  40 123  50   1  25 104 121  55  57  62  46  26   4   0  42 
108  98 117  75  56  44 114  12 104 104   6 113  72  99  25  59   2  12 122  57  92  31  44 108  74  64  72 122  87 106 105 106  42  26  40 108  41  12  11  81 110  38  34  13  21  99 118  66  69   0 
M1
  0   1   7  65   1  71  47  97  56  11  18  72 106  83  14  50  17  96 115  44 102 101  78 109  43 105  16 123  72  19  41  67  95  35  89  47  98   9 106  13  70  22  43  12 111  18  22  24 121  26 
 95   0 115  32  99  62  96 122  25  13  12  26  65  97  46  29 107 120  20  74  85  80 106  38 111  62  34   7  50  59 108 111  96  70  54 105  87 110 123  52  84 108 115 100 113  31  69   1   9  28 
 10 109   0  61 110  98 116  42  21  99  27  29   9 115 110  21 124  50 118   6  37  53  65  12  74  37  38  11 117  29 108  26 119  72  55  35  13  34  35  56 108  47  93  62  26 103 119 107  27 112 
 77   2  60   0  21 106  74  75  78 124   2  43 112  40 122  30 116  43  81 101  13  27  29 104  51  92  15  14  16   9  95   1  67  76  59  55  23  84  42  82  44   7  96   5  22  75  59 109 119 106 
 29  41 124  57   0  64 101  55 103  66  54  13  93 112 106  87   1  22  94  53  56  30  94  80  32  55  66  57  63  88  67  77 115  87   5  28  56 122 124  19 121  94  66   9  88  86 108   3  21 118 
114  30  36  71 121   0  40  21  78  53  12  67 110  84  34   2  28  46  46 121  63 112   8  28  34 103  28 113  39 103   8  48  14 119  51  11 116   3  73  84  93  57  39  11  28  98 107  14  31  47 
123  75   5  55  55  25   0  87 116  96 109  69  66   6  36  90 100  96 118  50  22  73  62  80  82 119   7  33  28  94 111  50   6  96  77 107  22   4  38  76  19  35  98 107  55  25 122  21   1  54 
120 111  91  58  49  78  78   0  21 112  57  27  23  22 111  96 112  60  59 123  98  83 100  23  51  35  39 104 124 100  44  87  32 121  87  40  29 117 113  55  51  37 111  44  73  11 117  83  71  34 
 32 124  69  77 108  81  83  70   0  25  90  75  79  72  46  79  71  52  40  42 102   2  72  28  52  72  73  20  60  13  51  82   6 120  73 116  78   4  60  58  25  92  68  14  56  41  92   6   2 101 
117  59  19  10  95  81  75 114  59   0   8  77  67   3  66 100  59  92  30  93 106  78  28 101 123  73   8  18  19  60 112  19  44  27  78  53 105  41  43 110  87  60  19  76 102   6  80  97  13  38 
 17 117 108  90 105 100  76  18  86 116   0   2  10  25  97  27  44  38  49  40  17   8  91  67  47  53  81  48 110  48  48  71  10  58  78  71  61  38   8  48  72   1   2  28  11  66  57  37 112  72 
100  30  10  12  12  48  94 112 120  30  89   0  77  74  96  68  26 123  90 120  28  84  55   4 114  34  50  23 101  10 113  41  26 116  29  25  87  83  77  56  74  90  28  78 110 117  93  61  48 107 
106  64  27  99  59  90  44  80  46  22   5   8   0 120   8  98   8  70  67 124  78  81 106  71  35  37 121  26  33  57  35  88 121  20  10  89  82  70 114 117  94  24  34  56  80  31  91 105  54  70 
121  22  51   1  84 102 112  95 120  95 123  62  75   0  28  69  52  10  46  90  72 118  92  94  98  16 113  64 110 110   6 103  27  68  30  72  72 118 102  70  15  73  85  24  77  42  96  98  65  27 
 79  43  76  80  55  44  12 111  26  95  15  20 114 108   0  41  94  80  41  25  12 124 124  17  14  51  23  33  71 106  51  50  93  61 111  73  91  40 119  80 109  72 103 117  19   6 107  96  86  80 
 29  97  67   7  60  47  75  53   6 122  42  65  80  77   9   0  12 117  66  24 118   5  56  83 103 108 102  30  45  56  50  29  99  38  26  38  25  45  39 108 119  49 115  83  17  46  72  95  64 106 
121  10 102  84 124 118  10 113  65   4  20  11  91  97  63   6   0  47   4 105  62  52 100 123  62  63  97  78  57  47  79  62 100 106  18  28  96  51   6  75 103  79  63  51  72  54  56  91  94  41 
 71  84  85  65  16  27  82   4  79  96 114  11  74  92  48  47 105   0  97   5  95  82  43 100  83  22 107  58  79  19 103  59 123   3 109  11  63  33  35 113  83 105  13   2  16  50 106  31  46  54 
110  14 118 119  36 109  82  99  90 112  93  56  55  63  64 120  98  65   0  13  72  35  99  71  69  62  29  31  27  70  75  79  96  72  44  18  60 108  15  87  77 100  63  47 105  82 103  12  50  27 
 80 111 119  37  93  59  72  58  61   7  95  49  75  21  66  35  41 110  64   0 100  46 110  11  87  85  84  79  26  45  83  77  25 116 122  24  78  65  77  18  67 122 113  34   9  11  10  13  30  64 
101  86  75 114 100  61  91 121  74   7  26  95  38 108  81  96 105  58  73  65   0 103   6  38  41  41  99  34  22  87 123  78 122  23  82  54  25  40 119 121  79 113  97  26  23   5  57  64 112  17 
  2 104  75  19  25  71  34   9  61  35   9  85  31 107  89  38 104  86  31  15  88   0  62  83  62 107  24  89  98 114  71  49  45  66  17  72 101 104 109 108  62  48  76  43  61  79  11  22  77  25 
 14  49 115  81  15  46  57  38  27  35  95  31  86  28 122 116  65   2  82  99 112 107   0  44  86  15  62   1  25   3 102  92  71 119  81   9  92  53  57   1  16  52 106  33  81 100  20  51  46  83 
 17  28  54  47  54  81  58  32  71  43  91  62  61  88  86  34  52   6   2  71  94   1 124   0  50   8  67  64  47 124  88 112 109 107  24  15 116  51  54  21  70  17  11  39  81  92  77  15  33  50 
 21  75  86  35  80  14  23  36  25   1  88  55  63 100  84  65  39  99  28  98   2  16  19 124   0  98 106   5  84  19  31  90  82  93  89  44  31  73  52  33  42  61  35  15  98  33 115  44  32  32 
 28  99 118  97 104  84 114   4  71  64  26 121  58 106  26 123  39  28  81  46 111  83  90  12  64   0 108  89  59   4 106  16  87   1 103  88  97  33  80  91  50  78  44  92  62 117  51  62  78  20 
122  27  16   3 112  49  40   5  93   5  35  52 107  70 121 104  73  34  27   6  81 118  22  70 107  74   0  64  51 106  84  96 104  90 103  48  87  34  35  38  62  52  59  17  24  82  80  67 102  67 
104 112  48 105  77 119  48 118  86  81  82  72  14  26  26 104   4 106  45  30  38  46  91  85 124  70 101   0  37 101  51  33 113  54  98  28   8 111  52 100   5  10  13  68  45 122  15  31  86  43 
 48 111  96 110  91  66  54  92  66  81  87  39  40  31 109  43  55  76  30  99   3  43  63 115 110  50   1  29   0   9  16  68 110  20  36 118 117  99 105  89  36  87  28 105 112 105  71  28  80  50 
 99  57  57  74  90  44  65  37  82 123  14  41  50  43  81  28  43  73  72  27  42  43 100  63  39  74  78  17 117   0  67  92  86  42  48 107  99  60   5  74  10  13  70  83  78   1  42   7 104 124 
 86  52   7  89  22 105  38  13 109   6  48  16  10  24  10  73  44  86 110  88 108   3  22 102  25  54  69  30 121   7   0  82  36  76  96  67  28  99   3 110  71  44  67  80 122  94  81  85  22  25 
 81  11  29  63  91  74  46  31  43  15  76   9   3  80  58 106 104  27  66 124  16   4  50  37  22  36  96 102  36  95  59   0   8   5  79  18 108  36 123  71 122  18   3  15  43  39  76  16  90  62 
 88 113   8  69  18  21  75   8  53 124  14  67  97  38  17 113  99  27  95  25  90  24   7  44 105  54 106  37  80 122   6  60   0  76 101  82   6  99  51  22  10  61  13 106  65  85  23 104  45  12 
 53  30  81  14  42  94  19  18  38  13 114  53  36  63  56  97  30  66  35 118  70  91   8  31  24 101 110  15  26 112  36  81 104   0 118  29  52   9  76  42 113  43  47  25 108  70  33  18 115  25 
 39  83  27 104  80  43  38  28  49  84  53  91 104 102 124  80  88  61   2   3  21  20  15 104 118  40  22  51 121  29  57  50  25  98   0 116  90  22  91  54  45  16  95 116  99  16  87 119  74  66 
 49 121  67  51  46 121  91  86  71  34  35  43  73  74  74  76  20  80  52 112  10  25  37  65  47  56  70 116  71   1  38  36 121  60 101   0  98 106  41  13  83 115  75 102 123   3  86  43 114  90 
 60  70  93  62  34  55  78  91  87 120  74  45  66  83  78 122  83  14 118  72  48  19  93  20  45  34  86 118 119  16  20 106  12  21 118   5   0  36  27 112 118 103  10   1 104  50  48  84  10  88 
 48  38  43 120   3 101  58  70 110 108  23  16  42  11  63  93  66  81   7 112 113 120  85  10   7 102  44  79 101 120  44  51   5  72  33  60 110   0 116  57   1  85  11  54  75 100  63  58  99  11 
106  23  90  99  83   5  46  22  72  27  61  33  59  73  91  93  18  63  18  27  96  11  43  49  77  20  97  68  60 118 113  60  32  72  68  67  99  21   0  75 112  74  38  55  80 103  55  97  72  95 
122  98  26  10  95 123  77  79   1  71  47  61  32  24  66  70  93  38  78  14  54  59 123  22  73  26 122   9 112  73  78   9  75  93  33  21 104  45  74   0 105   1  50  65  92  54   1   6  71  54 
 50 119  44  17  63  88   4  26 105  98  89  18 110 120  78  87 124  23  75  67   1 113  62  75  78  66 110 124  40  36  13   5  86  85  21   4  37 109  77  11   0  67 100  75 113   4 124  18  35  97 
  4  10  58  55 111 112  83  43  17  34 101  99  89  86  65  99  18  56 115  90  11 106 114  48  88  74  93   6  61  16  39  69  51 122 121  91  62  13  34  42 104   0  19  31  89  37  62  56  47 105 
120 108  46  22  55  45  91  11  97  99 112 114  30   7  59  24  12  77 106  38 122 110   4 115  59   3  45  89  10  93  33 120 108 101  41  18  64 111  32 100  58  44   0  92  15  33  86  23 101   6 
 69  79  47  27  12 101 119 107 101 111 101  28  44  32  74  73  76  36  14 113  61   4  23  49  87 100  49  40  20  22 120  57 116  52  65   1  53  86   9  27  72  34  25   0   6 116 114  32  91 121 
 47  52  73  33  34 124  37  61 102  70  35  84  85  56 102  86  70   5  56 109  34  96  53   9  15  97 120  48  97  66  62  93  87  68 106 113  79  78  41 102  10  75  91   1   0 115  76  77  33  45 
 33   1 122  48  15  48  88 123 115  53  15  89  19 110 118 109  81  24  34  40  55 113  12 118  56  17  14  15  46  12   3 111   5  35  68  58 108  91 100  85  54  93  16  77  16   0  70  54  70  10 
118  38  51  60  56  13   9 109  98  29  48 100 123  11 121  50   7  43   4  95  34  16  57  26  21 116  19  92  46   8  31  85  32  41  95  89  91 106 109  44  62   1  46 105  93  16   0  71  46  35 
114 100  73 110  16  95  83 107 108  96  10   7 113   1  36 103   4  56  70  93  27  16  63 120  10 110  33  35  73  81  18 110 114  90  97  69  79  24  72 114  46  97  39  65  56  44  72   0  17 101 
124 118  76  52  25   1  62  74  52  40  94  25 102  93 113 123  88  39 118  57  92  53 101  34 110  34  68  74  29  58  91  13  80 106  44  40 123  50   1  25 104 121  55  57  62  46  26   4   0  42 
108  98 117  75  56  44 114  12 104 104   6 113  72  99  25  59   2  12 122  57  92  31  44 108  74  64  72 122  87 106 105 106  42  26  40 108  41  12  11  81 110  38  34  13  21  99 118  66  69   0 
M2
  0   1   7  65   1  71  47  97  56  11  18  72 106  83  14  50  17  96 115  44 102 101  78 109  43 105  16 123  72  19  41  67  95  35  89  47  98   9 106  13  70  22  43  12 111  18  22  24 121  26 
 95   0 115  32  99  62  96 122  25  13  12  26  65  97  46  29 107 120  20  74  85  80 106  38 111  62  34   7  50  59 108 111  96  70  54 105  87 110 123  52  84 108 115 100 113  31  69   1   9  28 
 10 109   0  61 110  98 116  42  21  99  27  29   9 115 110  21 124  50 118   6  37  53  65  12  74  37  38  11 117  29 108  26 119  72  55  35  13  34  35  56 108  47  93  62  26 103 119 107  27 112 
 77   2  60   0  21 106  74  75  78 124   2  43 112  40 122  30 116  43  81 101  13  27  29 104  51  92  15  14  16   9  95   1  67  76  59  55  23  84  42  82  44   7  96   5  22  75  59 109 119 106 
 29  41 124  57   0  64 101  55 103  66  54  13  93 112 106  87   1  22  94  53  56  30  94  80  32  55  66  57  63  88  67  77 115  87   5  28  56 122 124  19 121  94  66   9  88  86 108   3  21 118 
114  30  36  71 121   0  40  21  78  53  12  67 110  84  34   2  28  46  46 121  63 112   8  28  34 103  28 113  39 103   8  48  14 119  51  11 116   3  73  84  93  57  39  11  28  98 107  14  31  47 
123  75   5  55  55  25   0  87 116  96 109  69  66   6  36  90 100  96 118  50  22  73  62  80  82 119   7  33  28  94 111  50   6  96  77 107  22   4  38  76  19  35  98 107  55  25 122  21   1  54 
120 111  91  58  49  78  78   0  21 112  57  27  23  22 111  96 112  60  59 123  98  83 100  23  51  35  39 104 124 100  44  87  32 121  87  40  29 117 113  55  51  37 111  44  73  11 117  83  71  34 
 32 124  69  77 108  81  83  70   0  25  90  75  79  72  46  79  71  52  40  42 102   2  72  28  52  72  73  20  60  13  51  82   6 120  73 116  78   4  60  58  25  92  68  14  56  41  92   6   2 101 
117  59  19  10  95  81  75 114  59   0   8  77  67   3  66 100  59  92  30  93 106  78  28 101 123  73   8  18  19  60 112  19  44  27  78  53 105  41  43 110  87  60  19  76 102   6  80  97  13  38 
 17 117 108  90 105 100  76  18  86 116   0   2  10  25  97  27  44  38  49  40  17   8  91  67  47  53  81  48 110  48  48  71  10  58  78  71  61  38   8  48  72   1   2  28  11  66  57  37 112  72 
100  30  10  12  12  48  94 112 120  30  89   0  77  74  96  68  26 123  90 120  28  84  55   4 114  34  50  23 101  10 113  41  26 116  29  25  87  83  77  56  74  90  28  78 110 117  93  61  48 107 
106  64  27  99  59  90  44  80  46  22   5   8   0 120   8  98   8  70  67 124  78  81 106  71  35  37 121  26  33  57  35  88 121  20  10  89  82  70 114 117  94  24  34  56  80  31  91 105  54  70 
121  22  51   1  84 102 112  95 120  95 123  62  75   0  28  69  52  10  46  90  72 118  92  94  98  16 113  64 110 110   6 103  27  68  30  72  72 118 102  70  15  73  85  24  77  42  96  98  65  27 
 79  43  76  80  55  44  12 111  26  95  15  20 114 108   0  41  94  80  41  25  12 124 124  17  14  51  23  33  71 106  51  50  93  61 111  73  91  40 119  80 109  72 103 117  19   6 107  96  86  80 
 29  97  67   7  60  47  75  53   6 122  42  65  80  77   9   0  12 117  66  24 118   5  56  83 103 108 102  30  45  56  50  29  99  38  26  38  25  45  39 108 119  49 115  83  17  46  72  95  64 106 
121  10 102  84 124 118  10 113  65   4  20  11  91  97  63   6   0  47   4 105  62  52 100 123  62  63  97  78  57  47  79  62 100 106  18  28  96  51   6  75 103  79  63  51  72  54  56  91  94  41 
 71  84  85  65  16  27  82   4  79  96 114  11  74  92  48  47 105   0  97   5  95  82  43 100  83  22 107  58  79  19 103  59 123   3 109  11  63  33  35 113  83 105  13   2  16  50 106  31  46  54 
110  14 118 119  36 109  82  99  90 112  93  56  55  63  64 120  98  65   0  13  72  35  99  71  69  62  29  31  27  70  75  79  96  72  44  18  60 108  15  87  77 100  63  47 105  82 103  12  50  27 
 80 111 119  37  93  59  72  58  61   7  95  49  75  21  66  35  41 110  64   0 100  46 110  11  87  85  84  79  26  45  83  77  25 116 122  24  78  65  77  18  67 122 113  34   9  11  10  13  30  64 
101  86  75 114 100  61  91 121  74   7  26  95  38 108  81  96 105  58  73  65   0 103   6  38  41  41  99  34  22  87 123  78 122  23  82  54  25  40 119 121  79 113  97  26  23   5  57  64 112  17 
  2 104  75  19  25  71  34   9  61  35   9  85  31 107  89  38 104  86  31  15  88   0  62  83  62 107  24  89  98 114  71  49  45  66  17  72 101 104 109 108  62  48  76  43  61  79  11  22  77  25 
 14  49 115  81  15  46  57  38  27  35  95  31  86  28 122 116  65   2  82  99 112 107   0  44  86  15  62   1  25   3 102  92  71 119  81   9  92  53  57   1  16  52 106  33  81 100  20  51  46  83 
 17  28  54  47  54  81  58  32  71  43  91  62  61  88  86  34  52   6   2  71  94   1 124   0  50   8  67  64  47 124  88 112 109 107  24  15 116  51  54  21  70  17  11  39  81  92  77  15  33  50 
 21  75  86  35  80  14  23  36  25   1  88  55  63 100  84  65  39  99  28  98   2  16  19 124   0  98 106   5  84  19  31  90  82  93  89  44  31  73  52  33  42  61  35  15  98  33 115  44  32  32 
 28  99 118  97 104  84 114   4  71  64  26 121  58 106  26 123  39  28  81  46 111  83  90  12  64   0 108  89  59   4 106  16  87   1 103  88  97  33  80  91  50  78  44  92  62 117  51  62  78  20 
122  27  16   3 112  49  40   5  93   5  35  52 107  70 121 104  73  34  27   6  81 118  22  70 107  74   0  64  51 106  84  96 104  90 103  48  87  34  35  38  62  52  59  17  24  82  80  67 102  67 
104 112  48 105  77 119  48 118  86  81  82  72  14  26  26 104   4 106  45  30  38  46  91  85 124  70 101   0  37 101  51  33 113  54  98  28   8 111  52 100   5  10  13  68  45 122  15  31  86  43 
 48 111  96 110  91  66  54  92  66  81  87  39  40  31 109  43  55  76  30  99   3  43  63 115 110  50   1  29   0   9  16  68 110  20  36 118 117  99 105  89  36  87  28 105 112 105  71  28  80  50 
 99  57  57  74  90  44  65  37  82 123  14  41  50  43  81  28  43  73  72  27  42  43 100  63  39  74  78  17 117   0  67  92  86  42  48 107  99  60   5  74  10  13  70  83  78   1  42   7 104 124 
 86  52   7  89  22 105  38  13 109   6  48  16  10  24  10  73  44  86 110  88 108   3  22 102  25  54  69  30 121   7   0  82  36  76  96  67  28  99   3 110  71  44  67  80 122  94  81  85  22  25 
 81  11  29  63  91  74  46  31  43  15  76   9   3  80  58 106 104  27  66 124  16   4  50  37  22  36  96 102  36  95  59   0   8   5  79  18 108  36 123  71 122  18   3  15  43  39  76  16  90  62 
 88 113   8  69  18  21  75   8  53 124  14  67  97  38  17 113  99  27  95  25  90  24   7  44 105  54 106  37  80 122   6  60   0  76 101  82   6  99  51  22  10  61  13 106  65  85  23 104  45  12 
 53  30  81  14  42  94  19  18  38  13 114  53  36  63  56  97  30  66  35 118  70  91   8  31  24 101 110  15  26 112  36  81 104   0 118  29  52   9  76  42 113  43  47  25 108  70  33  18 115  25 
 39  83  27 104  80  43  38  28  49  84  53  91 104 102 124  80  88  61   2   3  21  20  15 104 118  40  22  51 121  29  57  50  25  98   0 116  90  22  91  54  45  16  95 116  99  16  87 119  74  66 
 49 121  67  51  46 121  91  86  71  34  35  43  73  74  74  76  20  80  52 112  10  25  37  65  47  56  70 116  71   1  38  36 121  60 101   0  98 106  41  13  83 115  75 102 123   3  86  43 114  90 
 60  70  93  62  34  55  78  91  87 120  74  45  66  83  78 122  83  14 118  72  48  19  93  20  45  34  86 118 119  16  20 106  12  21 118   5   0  36  27 112 118 103  10   1 104  50  48  84  10  88 
 48  38  43 120   3 101  58  70 110 108  23  16  42  11  63  93  66  81   7 112 113 120  85  10   7 102  44  79 101 120  44  51   5  72  33  60 110   0 116  57   1  85  11  54  75 100  63  58  99  11 
106  23  90  99  83   5  46  22  72  27  61  33  59  73  91  93  18  63  18  27  96  11  43  49  77  20  97  68  60 118 113  60  32  72  68  67  99  21   0  75 112  74  38  55  80 103  55  97  72  95 
122  98  26  10  95 123  77  79   1  71  47  61  32  24  66  70  93  38  78  14  54  59 123  22  73  26 122   9 112  73  78   9  75  93  33  21 104  45  74   0 105   1  50  65  92  54   1   6  71  54 
 50 119  44  17  63  88   4  26 105  98  89  18 110 120  78  87 124  23  75  67   1 113  62  75  78  66 110 124  40  36  13   5  86  85  21   4  37 109  77  11   0  67 100  75 113   4 124  18  35  97 
  4  10  58  55 111 112  83  43  17  34 101  99  89  86  65  99  18  56 115  90  11 106 114  48  88  74  93   6  61  16  39  69  51 122 121  91  62  13  34  42 104   0  19  31  89  37  62  56  47 105 
120 108  46  22  55  45  91  11  97  99 112 114  30   7  59  24  12  77 106  38 122 110   4 115  59   3  45  89  10  93  33 120 108 101  41  18  64 111  32 100  58  44   0  92  15  33  86  23 101   6 
 69  79  47  27  12 101 119 107 101 111 101  28  44  32  74  73  76  36  14 113  61   4  23  49  87 100  49  40  20  22 120  57 116  52  65   1  53  86   9  27  72  34  25   0   6 116 114  32  91 121 
 47  52  73  33  34 124  37  61 102  70  35  84  85  56 102  86  70   5  56 109  34  96  53   9  15  97 120  48  97  66  62  93  87  68 106 113  79  78  41 102  10  75  91   1   0 115  76  77  33  45 
 33   1 122  48  15  48  88 123 115  53  15  89  19 110 118 109  81  24  34  40  55 113  12 118  56  17  14  15  46  12   3 111   5  35  68  58 108  91 100  85  54  93  16  77  16   0  70  54  70  10 
118  38  51  60  56  13   9 109  98  29  48 100 123  11 121  50   7  43   4  95  34  16  57  26  21 116  19  92  46   8  31  85  32  41  95  89  91 106 109  44  62   1  46 105  93  16   0  71  46  35 
114 100  73 110  16  95  83 107 108  96  10   7 113   1  36 103   4  56  70  93  27  16  63 120  10 110  33  35  73  81  18 110 114  90  97  69  79  24  72 114  46  97  39  65  56  44  72   0  17 101 
124 118  76  52  25   1  62  74  52  40  94  25 102  93 113 123  88  39 118  57  92  53 101  34 110  34  68  74  29  58  91  13  80 106  44  40 123  50   1  25 104 121  55  57  62  46  26   4   0  42 
108  98 117  75  56  44 114  12 104 104   6 113  72  99  25  59   2  12 122  57  92  31  44 108  74  64  72 122  87 106 105 106  42  26  40 108  41  12  11  81 110  38  34  13  21  99 118  66  69   0 
M3
  0   1   7  65   1  71  47  97  56  11  18  72 106  83  14  50  17  96 115  44 102 101  78 109  43 105  16 123  72  19  41  67  95  35  89  47  98   9 106  13  70  22  43  12 111  18  22  24 121  26 
 95   0 115  32  99  62  96 122  25  13  12  26  65  97  46  29 107 120  20  74  85  80 106  38 111  62  34   7  50  59 108 111  96  70  54 105  87 110 123  52  84 108 115 100 113  31  69   1   9  28 
 10 109   0  61 110  98 116  42  21  99  27  29   9 115 110  21 124  50 118   6  37  53  65  12  74  37  38  11 117  29 108  26 119  72  55  35  13  34  35  56 108  47  93  62  26 103 119 107  27 112 
 77   2  60   0  21 106  74  75  78 124   2  43 112  40 122  30 116  43  81 101  13  27  29 104  51  92  15  14  16   9  95   1  67  76  59  55  23  84  42  82  44   7  96   5  22  75  59 109 119 106 
 29  41 124  57   0  64 101  55 103  66  54  13  93 112 106  87   1  22  94  53  56  30  94  80  32  55  66  57  63  88  67  77 115  87   5  28  56 122 124  19 121  94  66   9  88  86 108   3  21 118 
114  30  36  71 121   0  40  21  78  53  12  67 110  84  34   2  28  46  46 121  63 112   8  28  34 103  28 113  39 103   8  48  14 119  51  11 116   3  73  84  93  57  39  11  28  98 107  14  31  47 
123  75   5  55  55  25   0  87 116  96 109  69  66   6  36  90 100  96 118  50  22  73  62  80  82 119   7  33  28  94 111  50   6  96  77 107  22   4  38  76  19  35  98 107  55  25 122  21   1  54 
120 111  91  58  49  78  78   0  21 112  57  27  23  22 111  96 112  60  59 123  98  83 100  23  51  35  39 104 124 100  44  87  32 121  87  40  29 117 113  55  51  37 111  44  73  11 117  83  71  34 
 32 124  69  77 108  81  83  70   0  25  90  75  79  72  46  79  71  52  40  42 102   2  72  28  52  72  73  20  60  13  51  82   6 120  73 116  78   4  60  58  25  92  68  14  56  41  92   6   2 101 
117  59  19  10  95  81  75 114  59   0   8  77  67   3  66 100  59  92  30  93 106  78  28 101 123  73   8  18  19  60 112  19  44  27  78  53 105  41  43 110  87  60  19  76 102   6  80  97  13  38 
 17 117 108  90 105 100  76  18  86 116   0   2  10  25  97  27  44  38  49  40  17   8  91  67  47  53  81  48 110  48  48  71  10  58  78  71  61  38   8  48  72   1   2  28  11  66  57  37 112  72 
100  30  10  12  12  48  94 112 120  30  89   0  77  74  96  68  26 123  90 120  28  84  55   4 114  34  50  23 101  10 113  41  26 116  29  25  87  83  77  56  74  90  28  78 110 117  93  61  48 107 
106  64  27  99  59  90  44  80  46  22   5   8   0 120   8  98   8  70  67 124  78  81 106  71  35  37 121  26  33  57  35  88 121  20  10  89  82  70 114 117  94  24  34  56  80  31  91 105  54  70 
121  22  51   1  84 102 112  95 120  95 123  62  75   0  28  69  52  10  46  90  72 118  92  94  98  16 113  64 110 110   6 103  27  68  30  72  72 118 102  70  15  73  85  24  77  42  96  98  65  27 
 79  43  76  80  55  44  12 111  26  95  15  20 114 108   0  41  94  80  41  25  12 124 124  17  14  51  23  33  71 106  51  50  93  61 111  73  91  40 119  80 109  72 103 117  19   6 107  96  86  80 
 29  97  67   7  60  47  75  53   6 122  42  65  80  77   9   0  12 117  66  24 118   5  56  83 103 108 102  30  45  56  50  29  99  38  26  38  25  45  39 108 119  49 115  83  17  46  72  95  64 106 
121  10 102  84 124 118  10 113  65   4  20  11  91  97  63   6   0  47   4 105  62  52 100 123  62  63  97  78  57  47  79  62 100 106  18  28  96  51   6  75 103  79  63  51  72  54  56  91  94  41 
 71  84  85  65  16  27  82   4  79  96 114  11  74  92  48  47 105   0  97   5  95  82  43 100  83  22 107  58  79  19 103  59 123   3 109  11  63  33  35 113  83 105  13   2  16  50 106  31  46  54 
110  14 118 119  36 109  82  99  90 112  93  56  55  63  64 120  98  65   0  13  72  35  99  71  69  62  29  31  27  70  75  79  96  72  44  18  60 108  15  87  77 100  63  47 105  82 103  12  50  27 
 80 111 119  37  93  59  72  58  61   7  95  49  75  21  66  35  41 110  64   0 100  46 110  11  87  85  84  79  26  45  83  77  25 116 122  24  78  65  77  18  67 122 113  34   9  11  10  13  30  64 
101  86  75 114 100  61  91 121  74   7  26  95  38 108  81  96 105  58  73  65   0 103   6  38  41  41  99  34  22  87 123  78 122  23  82  54  25  40 119 121  79 113  97  26  23   5  57  64 112  17 
  2 104  75  19  25  71  34   9  61  35   9  85  31 107  89  38 104  86  31  15  88   0  62  83  62 107  24  89  98 114  71  49  45  66  17  72 101 104 109 108  62  48  76  43  61  79  11  22  77  25 
 14  49 115  81  15  46  57  38  27  35  95  31  86  28 122 116  65   2  82  99 112 107   0  44  86  15  62   1  25   3 102  92  71 119  81   9  92  53  57   1  16  52 106  33  81 100  20  51  46  83 
 17  28  54  47  54  81  58  32  71  43  91  62  61  88  86  34  52   6   2  71  94   1 124   0  50   8  67  64  47 124  88 112 109 107  24  15 116  51  54  21  70  17  11  39  81  92  77  15  33  50 
 21  75  86  35  80  14  23  36  25   1  88  55  63 100  84  65  39  99  28  98   2  16  19 124   0  98 106   5  84  19  31  90  82  93  89  44  31  73  52  33  42  61  35  15  98  33 115  44  32  32 
 28  99 118  97 104  84 114   4  71  64  26 121  58 106  26 123  39  28  81  46 111  83  90  12  64   0 108  89  59   4 106  16  87   1 103  88  97  33  80  91  50  78  44  92  62 117  51  62  78  20 
122  27  16   3 112  49  40   5  93   5  35  52 107  70 121 104  73  34  27   6  81 118  22  70 107  74   0  64  51 106  84  96 104  90 103  48  87  34  35  38  62  52  59  17  24  82  80  67 102  67 
104 112  48 105  77 119  48 118  86  81  82  72  14  26  26 104   4 106  45  30  38  46  91  85 124  70 101   0  37 101  51  33 113  54  98  28   8 111  52 100   5  10  13  68  45 122  15  31  86  43 
 48 111  96 110  91  66  54  92  66  81  87  39  40  31 109  43  55  76  30  99   3  43  63 115 110  50   1  29   0   9  16  68 110  20  36 118 117  99 105  89  36  87  28 105 112 105  71  28  80  50 
 99  57  57  74  90  44  65  37  82 123  14  41  50  43  81  28  43  73  72  27  42  43 100  63  39  74  78  17 117   0  67  92  86  42  48 107  99  60   5  74  10  13  70  83  78   1  42   7 104 124 
 86  52   7  89  22 105  38  13 109   6  48  16  10  24  10  73  44  86 110  88 108   3  22 102  25  54  69  30 121   7   0  82  36  76  96  67  28  99   3 110  71  44  67  80 122  94  81  85  22  25 
 81  11  29  63  91  74  46  31  43  15  76   9   3  80  58 106 104  27  66 124  16   4  50  37  22  36  96 102  36  95  59   0   8   5  79  18 108  36 123  71 122  18   3  15  43  39  76  16  90  62 
 88 113   8  69  18  21  75   8  53 124  14  67  97  38  17 113  99  27  95  25  90  24   7  44 105  54 106  37  80 122   6  60   0  76 101  82   6  99  51  22  10  61  13 106  65  85  23 104  45  12 
 53  30  81  14  42  94  19  18  38  13 114  53  36  63  56  97  30  66  35 118  70  91   8  31  24 101 110  15  26 112  36  81 104   0 118  29  52   9  76  42 113  43  47  25 108  70  33  18 115  25 
 39  83  27 104  80  43  38  28  49  84  53  91 104 102 124  80  88  61   2   3  21  20  15 104 118  40  22  51 121  29  57  50  25  98   0 116  90  22  91  54  45  16  95 116  99  16  87 119  74  66 
 49 121  67  51  46 121  91  86  71  34  35  43  73  74  74  76  20  80  52 112  10  25  37  65  47  56  70 116  71   1  38  36 121  60 101   0  98 106  41  13  83 115  75 102 123   3  86  43 114  90 
 60  70  93  62  34  55  78  91  87 120  74  45  66  83  78 122  83  14 118  72  48  19  93  20  45  34  86 118 119  16  20 106  12  21 118   5   0  36  27 112 118 103  10   1 104  50  48  84  10  88 
 48  38  43 120   3 101  58  70 110 108  23  16  42  11  63  93  66  81   7 112 113 120  85  10   7 102  44  79 101 120  44  51   5  72  33  60 110   0 116  57   1  85  11  54  75 100  63  58  99  11 
106  23  90  99  83   5  46  22  72  27  61  33  59  73  91  93  18  63  18  27  96  11  43  49  77  20  97  68  60 118 113  60  32  72  68  67  99  21   0  75 112  74  38  55  80 103  55  97  72  95 
122  98  26  10  95 123  77  79   1  71  47  61  32  24  66  70  93  38  78  14  54  59 123  22  73  26 122   9 112  73  78   9  75  93  33  21 104  45  74   0 105   1  50  65  92  54   1   6  71  54 
 50 119  44  17  63  88   4  26 105  98  89  18 110 120  78  87 124  23  75  67   1 113  62  75  78  66 110 124  40  36  13   5  86  85  21   4  37 109  77  11   0  67 100  75 113   4 124  18  35  97 
  4  10  58  55 111 112  83  43  17  34 101  99  89  86  65  99  18  56 115  90  11 106 114  48  88  74  93   6  61  16  39  69  51 122 121  91  62  13  34  42 104   0  19  31  89  37  62  56  47 105 
120 108  46  22  55  45  91  11  97  99 112 114  30   7  59  24  12  77 106  38 122 110   4 115  59   3  45  89  10  93  33 120 108 101  41  18  64 111  32 100  58  44   0  92  15  33  86  23 101   6 
 69  79  47  27  12 101 119 107 101 111 101  28  44  32  74  73  76  36  14 113  61   4  23  49  87 100  49  40  20  22 120  57 116  52  65   1  53  86   9  27  72  34  25   0   6 116 114  32  91 121 
 47  52  73  33  34 124  37  61 102  70  35  84  85  56 102  86  70   5  56 109  34  96  53   9  15  97 120  48  97  66  62  93  87  68 106 113  79  78  41 102  10  75  91   1   0 115  76  77  33  45 
 33   1 122  48  15  48  88 123 115  53  15  89  19 110 118 109  81  24  34  40  55 113  12 118  56  17  14  15  46  12   3 111   5  35  68  58 108  91 100  85  54  93  16  77  16   0  70  54  70  10 
118  38  51  60  56  13   9 109  98  29  48 100 123  11 121  50   7  43   4  95  34  16  57  26  21 116  19  92  46   8  31  85  32  41  95  89  91 106 109  44  62   1  46 105  93  16   0  71  46  35 
114 100  73 110  16  95  83 107 108  96  10   7 113   1  36 103   4  56  70  93  27  16  63 120  10 110  33  35  73  81  18 110 114  90  97  69  79  24  72 114  46  97  39  65  56  44  72   0  17 101 
124 118  76  52  25   1  62  74  52  40  94  25 102  93 113 123  88  39 118  57  92  53 101  34 110  34  68  74  29  58  91  13  80 106  44  40 123  50   1  25 104 121  55  57  62  46  26   4   0  42 
108  98 117  75  56  44 114  12 104 104   6 113  72  99  25  59   2  12 122  57  92  31  44 108  74  64  72 122  87 106 105 106  42  26  40 108  41  12  11  81 110  38  34  13  21  99 118  66  69   0 
M4
  0   1   7  65   1  71  47  97  56  11  18  72 106  83  14  50  17  96 115  44 102 101  78 109  43 105  16 123  72  19  41  67  95  35  89  47  98   9 106  13  70  22  43  12 111  18  22  24 121  26 
 95   0 115  32  99  62  96 122  25  13  12  26  65  97  46  29 107 120  20  74  85  80 106  38 111  62  34   7  50  59 108 111  96  70  54 105  87 110 123  52  84 108 115 100 113  31  69   1   9  28 
 10 109   0  61 110  98 116  42  21  99  27  29   9 115 110  21 124  50 118   6  37  53  65  12  74  37  38  11 117  29 108  26 119  72  55  35  13  34  35  56 108  47  93  62  26 103 119 107  27 112 
 77   2  60   0  21 106  74  75  78 124   2  43 112  40 122  30 116  43  81 101  13  27  29 104  51  92  15  14  16   9  95   1  67  76  59  55  23  84  42  82  44   7  96   5  22  75  59 109 119 106 
 29  41 124  57   0  64 101  55 103  66  54  13  93 112 106  87   1  22  94  53  56  30  94  80  32  55  66  57  63  88  67  77 115  87   5  28  56 122 124  19 121  94  66   9  88  86 108   3  21 118 
114  30  36  71 121   0  40  21  78  53  12  67 110  84  34   2  28  46  46 121  63 112   8  28  34 103  28 113  39 103   8  48  14 119  51  11 116   3  73  84  93  57  39  11  28  98 107  14  31  47 
123  75   5  55  55  25   0  87 116  96 109  69  66   6  36  90 100  96 118  50  22  73  62  80  82 119   7  33  28  94 111  50   6  96  77 107  22   4  38  76  19  35  98 107  55  25 122  21   1  54 
120 111  91  58  49  78  78   0  21 112  57  27  23  22 111  96 112  60  59 123  98  83 100  23  51  35  39 104 124 100  44  87  32 121  87  40  29 117 113  55  51  37 111  44  73  11 117  83  71  34 
 32 124  69  77 108  81  83  70   0  25  90  75  79  72  46  79  71  52  40  42 102   2  72  28  52  72  73  20  60  13  51  82   6 120  73 116  78   4  60  58  25  92  68  14  56  41  92   6   2 101 
117  59  19  10  95  81  75 114  59   0   8  77  67   3  66 100  59  92  30  93 106  78  28 101 123  73   8  18  19  60 112  19  44  27  78  53 105  41  43 110  87  60  19  76 102   6  80  97  13  38 
 17 117 108  90 105 100  76  18  86 116   0   2  10  25  97  27  44  38  49  40  17   8  91  67  47  53  81  48 110  48  48  71  10  58  78  71  61  38   8  48  72   1   2  28  11  66  57  37 112  72 
100  30  10  12  12  48  94 112 120  30  89   0  77  74  96  68  26 123  90 120  28  84  55   4 114  34  50  23 101  10 113  41  26 116  29  25  87  83  77  56  74  90  28  78 110 117  93  61  48 107 
106  64  27  99  59  90  44  80  46  22   5   8   0 120   8  98   8  70  67 124  78  81 106  71  35  37 121  26  33  57  35  88 121  20  10  89  82  70 114 117  94  24  34  56  80  31  91 105  54  70 
121  22  51   1  84 102 112  95 120  95 123  62  75   0  28  69  52  10  46  90  72 118  92  94  98  16 113  64 110 110   6 103  27  68  30  72  72 118 102  70  15  73  85  24  77  42  96  98  65  27 
 79  43  76  80  55  44  12 111  26  95  15  20 114 108   0  41  94  80  41  25  12 124 124  17  14  51  23  33  71 106  51  50  93  61 111  73  91  40 119  80 109  72 103 117  19   6 107  96  86  80 
 29  97  67   7  60  47  75  53   6 122  42  65  80  77   9   0  12 117  66  24 118   5  56  83 103 108 102  30  45  56  50  29  99  38  26  38  25  45  39 108 119  49 115  83  17  46  72  95  64 106 
121  10 102  84 124 118  10 113  65   4  20  11  91  97  63   6   0  47   4 105  62  52 100 123  62  63  97  78  57  47  79  62 100 106  18  28  96  51   6  75 103  79  63  51  72  54  56  91  94  41 
 71  84  85  65  16  27  82   4  79  96 114  11  74  92  48  47 105   0  97   5  95  82  43 100  83  22 107  58  79  19 103  59 123   3 109  11  63  33  35 113  83 105  13   2  16  50 106  31  46  54 
110  14 118 119  36 109  82  99  90 112  93  56  55  63  64 120  98  65   0  13  72  35  99  71  69  62  29  31  27  70  75  79  96  72  44  18  60 108  15  87  77 100  63  47 105  82 103  12  50  27 
 80 111 119  37  93  59  72  58  61   7  95  49  75  21  66  35  41 110  64   0 100  46 110  11  87  85  84  79  26  45  83  77  25 116 122  24  78  65  77  18  67 122 113  34   9  11  10  13  30  64 
101  86  75 114 100  61  91 121  74   7  26  95  38 108  81  96 105  58  73  65   0 103   6  38  41  41  99  34  22  87 123  78 122  23  82  54  25  40 119 121  79 113  97  26  23   5  57  64 112  17 
  2 104  75  19  25  71  34   9  61  35   9  85  31 107  89  38 104  86  31  15  88   0  62  83  62 107  24  89  98 114  71  49  45  66  17  72 101 104 109 108  62  48  76  43  61  79  11  22  77  25 
 14  49 115  81  15  46  57  38  27  35  95  31  86  28 122 116  65   2  82  99 112 107   0  44  86  15  62   1  25   3 102  92  71 119  81   9  92  53  57   1  16  52 106  33  81 100  20  51  46  83 
 17  28  54  47  54  81  58  32  71  43  91  62  61  88  86  34  52   6   2  71  94   1 124   0  50   8  67  64  47 124  88 112 109 107  24  15 116  51  54  21  70  17  11  39  81  92  77  15  33  50 
 21  75  86  35  80  14  23  36  25   1  88  55  63 100  84  65  39  99  28  98   2  16  19 124   0  98 106   5  84  19  31  90  82  93  89  44  31  73  52  33  42  61  35  15  98  33 115  44  32  32 
 28  99 118  97 104  84 114   4  71  64  26 121  58 106  26 123  39  28  81  46 111  83  90  12  64   0 108  89  59   4 106  16  87   1 103  88  97  33  80  91  50  78  44  92  62 117  51  62  78  20 
122  27  16   3 112  49  40   5  93   5  35  52 107  70 121 104  73  34  27   6  81 118  22  70 107  74   0  64  51 106  84  96 104  90 103  48  87  34  35  38  62  52  59  17  24  82  80  67 102  67 
104 112  48 105  77 119  48 118  86  81  82  72  14  26  26 104   4 106  45  30  38  46  91  85 124  70 101   0  37 101  51  33 113  54  98  28   8 111  52 100   5  10  13  68  45 122  15  31  86  43 
 48 111  96 110  91  66  54  92  66  81  87  39  40  31 109  43  55  76  30  99   3  43  63 115 110  50   1  29   0   9  16  68 110  20  36 118 117  99 105  89  36  87  28 105 112 105  71  28  80  50 
 99  57  57  74  90  44  65  37  82 123  14  41  50  43  81  28  43  73  72  27  42  43 100  63  39  74  78  17 117   0  67  92  86  42  48 107  99  60   5  74  10  13  70  83  78   1  42   7 104 124 
 86  52   7  89  22 105  38  13 109   6  48  16  10  24  10  73  44  86 110  88 108   3  22 102  25  54  69  30 121   7   0  82  36  76  96  67  28  99   3 110  71  44  67  80 122  94  81  85  22  25 
 81  11  29  63  91  74  46  31  43  15  76   9   3  80  58 106 104  27  66 124  16   4  50  37  22  36  96 102  36  95  59   0   8   5  79  18 108  36 123  71 122  18   3  15  43  39  76  16  90  62 
 88 113   8  69  18  21  75   8  53 124  14  67  97  38  17 113  99  27  95  25  90  24   7  44 105  54 106  37  80 122   6  60   0  76 101  82   6  99  51  22  10  61  13 106  65  85  23 104  45  12 
 53  30  81  14  42  94  19  18  38  13 114  53  36  63  56  97  30  66  35 118  70  91   8  31  24 101 110  15  26 112  36  81 104   0 118  29  52   9  76  42 113  43  47  25 108  70  33  18 115  25 
 39  83  27 104  80  43  38  28  49  84  53  91 104 102 124  80  88  61   2   3  21  20  15 104 118  40  22  51 121  29  57  50  25  98   0 116  90  22  91  54  45  16  95 116  99  16  87 119  74  66 
 49 121  67  51  46 121  91  86  71  34  35  43  73  74  74  76  20  80  52 112  10  25  37  65  47  56  70 116  71   1  38  36 121  60 101   0  98 106  41  13  83 115  75 102 123   3  86  43 114  90 
 60  70  93  62  34  55  78  91  87 120  74  45  66  83  78 122  83  14 118  72  48  19  93  20  45  34  86 118 119  16  20 106  12  21 118   5   0  36  27 112 118 103  10   1 104  50  48  84  10  88 
 48  38  43 120   3 101  58  70 110 108  23  16  42  11  63  93  66  81   7 112 113 120  85  10   7 102  44  79 101 120  44  51   5  72  33  60 110   0 116  57   1  85  11  54  75 100  63  58  99  11 
106  23  90  99  83   5  46  22  72  27  61  33  59  73  91  93  18  63  18  27  96  11  43  49  77  20  97  68  60 118 113  60  32  72  68  67  99  21   0  75 112  74  38  55  80 103  55  97  72  95 
122  98  26  10  95 123  77  79   1  71  47  61  32  24  66  70  93  38  78  14  54  59 123  22  73  26 122   9 112  73  78   9  75  93  33  21 104  45  74   0 105   1  50  65  92  54   1   6  71  54 
 50 119  44  17  63  88   4  26 105  98  89  18 110 120  78  87 124  23  75  67   1 113  62  75  78  66 110 124  40  36  13   5  86  85  21   4  37 109  77  11   0  67 100  75 113   4 124  18  35  97 
  4  10  58  55 111 112  83  43  17  34 101  99  89  86  65  99  18  56 115  90  11 106 114  48  88  74  93   6  61  16  39  69  51 122 121  91  62  13  34  42 104   0  19  31  89  37  62  56  47 105 
120 108  46  22  55  45  91  11  97  99 112 114  30   7  59  24  12  77 106  38 122 110   4 115  59   3  45  89  10  93  33 120 108 101  41  18  64 111  32 100  58  44   0  92  15  33  86  23 101   6 
 69  79  47  27  12 101 119 107 101 111 101  28  44  32  74  73  76  36  14 113  61   4  23  49  87 100  49  40  20  22 120  57 116  52  65   1  53  86   9  27  72  34  25   0   6 116 114  32  91 121 
 47  52  73  33  34 124  37  61 102  70  35  84  85  56 102  86  70   5  56 109  34  96  53   9  15  97 120  48  97  66  62  93  87  68 106 113  79  78  41 102  10  75  91   1   0 115  76  77  33  45 
 33   1 122  48  15  48  88 123 115  53  15  89  19 110 118 109  81  24  34  40  55 113  12 118  56  17  14  15  46  12   3 111   5  35  68  58 108  91 100  85  54  93  16  77  16   0  70  54  70  10 
118  38  51  60  56  13   9 109  98  29  48 100 123  11 121  50   7  43   4  95  34  16  57  26  21 116  19  92  46   8  31  85  32  41  95  89  91 106 109  44  62   1  46 105  93  16   0  71  46  35 
114 100  73 110  16  95  83 107 108  96  10   7 113   1  36 103   4  56  70  93  27  16  63 120  10 110  33  35  73  81  18 110 114  90  97  69  79  24  72 114  46  97  39  65  56  44  72   0  17 101 
124 118  76  52  25   1  62  74  52  40  94  25 102  93 113 123  88  39 118  57  92  53 101  34 110  34  68  74  29  58  91  13  80 106  44  40 123  50   1  25 104 121  55  57  62  46  26   4   0  42 
108  98 117  75  56  44 114  12 104 104   6 113  72  99  25  59   2  12 122  57  92  31  44 108  74  64  72 122  87 106 105 106  42  26  40 108  41  12  11  81 110  38  34  13  21  99 118  66  69   0 
M5
  0   1   7  65   1  71  47  97  56  11  18  72 106  83  14  50  17  96 115  44 102 101  78 109  43 105  16 123  72  19  41  67  95  35  89  47  98   9 106  13  70  22  43  12 111  18  22  24 121  26 
 95   0 115  32  99  62  96 122  25  13  12  26  65  97  46  29 107 120  20  74  85  80 106  38 111  62  34   7  50  59 108 111  96  70  54 105  87 110 123  52  84 108 115 100 113  31  69   1   9  28 
 10 109   0  61 110  98 116  42  21  99  27  29   9 115 110  21 124  50 118   6  37  53  65  12  74  37  38  11 117  29 108  26 119  72  55  35  13  34  35  56 108  47  93  62  26 103 119 107  27 112 
 77   2  60   0  21 106  74  75  78 124   2  43 112  40 122  30 116  43  81 101  13  27  29 104  51  92  15  14  16   9  95   1  67  76  59  55  23  84  42  82  44   7  96   5  22  75  59 109 119 106 
 29  41 124  57   0  64 101  55 103  66  54  13  93 112 106  87   1  22  94  53  56  30  94  80  32  55  66  57  63  88  67  77 115  87   5  28  56 122 124  19 121  94  66   9  88  86 108   3  21 118 
114  30  36  71 121   0  40  21  78  53  12  67 110  84  34   2  28  46  46 121  63 112   8  28  34 103  28 113  39 103   8  48  14 119  51  11 116   3  73  84  93  57  39  11  28  98 107  14  31  47 
123  75   5  55  55  25   0  87 116  96 109  69  66   6  36  90 100  96 118  50  22  73  62  80  82 119   7  33  28  94 111  50   6  96  77 107  22   4  38  76  19  35  98 107  55  25 122  21   1  54 
120 111  91  58  49  78  78   0  21 112  57  27  23  22 111  96 112  60  59 123  98  83 100  23  51  35  39 104 124 100  44  87  32 121  87  40  29 117 113  55  51  37 111  44  73  11 117  83  71  34 
 32 124  69  77 108  81  83  70   0  25  90  75  79  72  46  79  71  52  40  42 102   2  72  28  52  72  73  20  60  13  51  82   6 120  73 116  78   4  60  58  25  92  68  14  56  41  92   6   2 101 
117  59  19  10  95  81  75 114  59   0   8  77  67   3  66 100  59  92  30  93 106  78  28 101 123  73   8  18  19  60 112  19  44  27  78  53 105  41  43 110  87  60  19  76 102   6  80  97  13  38 
 17 117 108  90 105 100  76  18  86 116   0   2  10  25  97  27  44  38  49  40  17   8  91  67  47  53  81  48 110  48  48  71  10  58  78  71  61  38   8  48  72   1   2  28  11  66  57  37 112  72 
100  30  10  12  12  48  94 112 120  30  89   0  77  74  96  68  26 123  90 120  28  84  55   4 114  34  50  23 101  10 113  41  26 116  29  25  87  83  77  56  74  90  28  78 110 117  93  61  48 107 
106  64  27  99  59  90  44  80  46  22   5   8   0 120   8  98   8  70  67 124  78  81 106  71  35  37 121  26  33  57  35  88 121  20  10  89  82  70 114 117  94  24  34  56  80  31  91 105  54  70 
121  22  51   1  84 102 112  95 120  95 123  62  75   0  28  69  52  10  46  90  72 118  92  94  98  16 113  64 110 110   6 103  27  68  30  72  72 118 102  70  15  73  85  24  77  42  96  98  65  27 
 79  43  76  80  55  44  12 111  26  95  15  20 114 108   0  41  94  80  41  25  12 124 124  17  14  51  23  33  71 106  51  50  93  61 111  73  91  40 119  80 109  72 103 117  19   6 107  96  86  80 
 29  97  67   7  60  47  75  53   6 122  42  65  80  77   9   0  12 117  66  24 118   5  56  83 103 108 102  30  45  56  50  29  99  38  26  38  25  45  39 108 119  49 115  83  17  46  72  95  64 106 
121  10 102  84 124 118  10 113  65   4  20  11  91  97  63   6   0  47   4 105  62  52 100 123  62  63  97  78  57  47  79  62 100 106  18  28  96  51   6  75 103  79  63  51  72  54  56  91  94  41 
 71  84  85  65  16  27  82   4  79  96 114  11  74  92  48  47 105   0  97   5  95  82  43 100  83  22 107  58  79  19 103  59 123   3 109  11  63  33  35 113  83 105  13   2  16  50 106  31  46  54 
110  14 118 119  36 109  82  99  90 112  93  56  55  63  64 120  98  65   0  13  72  35  99  71  69  62  29  31  27  70  75  79  96  72  44  18  60 108  15  87  77 100  63  47 105  82 103  12  50  27 
 80 111 119  37  93  59  72  58  61   7  95  49  75  21  66  35  41 110  64   0 100  46 110  11  87  85  84  79  26  45  83  77  25 116 122  24  78  65  77  18  67 122 113  34   9  11  10  13  30  64 
101  86  75 114 100  61  91 121  74   7  26  95  38 108  81  96 105  58  73  65   0 103   6  38  41  41  99  34  22  87 123  78 122  23  82  54  25  40 119 121  79 113  97  26  23   5  57  64 112  17 
  2 104  75  19  25  71  34   9  61  35   9  85  31 107  89  38 104  86  31  15  88   0  62  83  62 107  24  89  98 114  71  49  45  66  17  72 101 104 109 108  62  48  76  43  61  79  11  22  77  25 
 14  49 115  81  15  46  57  38  27  35  95  31  86  28 122 116  65   2  82  99 112 107   0  44  86  15  62   1  25   3 102  92  71 119  81   9  92  53  57   1  16  52 106  33  81 100  20  51  46  83 
 17  28  54  47  54  81  58  32  71  43  91  62  61  88  86  34  52   6   2  71  94   1 124   0  50   8  67  64  47 124  88 112 109 107  24  15 116  51  54  21  70  17  11  39  81  92  77  15  33  50 
 21  75  86  35  80  14  23  36  25   1  88  55  63 100  84  65  39  99  28  98   2  16  19 124   0  98 106   5  84  19  31  90  82  93  89  44  31  73  52  33  42  61  35  15  98  33 115  44  32  32 
 28  99 118  97 104  84 114   4  71  64  26 121  58 106  26 123  39  28  81  46 111  83  90  12  64   0 108  89  59   4 106  16  87   1 103  88  97  33  80  91  50  78  44  92  62 117  51  62  78  20 
122  27  16   3 112  49  40   5  93   5  35  52 107  70 121 104  73  34  27   6  81 118  22  70 107  74   0  64  51 106  84  96 104  90 103  48  87  34  35  38  62  52  59  17  24  82  80  67 102  67 
104 112  48 105  77 119  48 118  86  81  82  72  14  26  26 104   4 106  45  30  38  46  91  85 124  70 101   0  37 101  51  33 113  54  98  28   8 111  52 100   5  10  13  68  45 122  15  31  86  43 
 48 111  96 110  91  66  54  92  66  81  87  39  40  31 109  43  55  76  30  99   3  43  63 115 110  50   1  29   0   9  16  68 110  20  36 118 117  99 105  89  36  87  28 105 112 105  71  28  80  50 
 99  57  57  74  90  44  65  37  82 123  14  41  50  43  81  28  43  73  72  27  42  43 100  63  39  74  78  17 117   0  67  92  86  42  48 107  99  60   5  74  10  13  70  83  78   1  42   7 104 124 
 86  52   7  89  22 105  38  13 109   6  48  16  10  24  10  73  44  86 110  88 108   3  22 102  25  54  69  30 121   7   0  82  36  76  96  67  28  99   3 110  71  44  67  80 122  94  81  85  22  25 
 81  11  29  63  91  74  46  31  43  15  76   9   3  80  58 106 104  27  66 124  16   4  50  37  22  36  96 102  36  95  59   0   8   5  79  18 108  36 123  71 122  18   3  15  43  39  76  16  90  62 
 88 113   8  69  18  21  75   8  53 124  14  67  97  38  17 113  99  27  95  25  90  24   7  44 105  54 106  37  80 122   6  60   0  76 101  82   6  99  51  22  10  61  13 106  65  85  23 104  45  12 
 53  30  81  14  42  94  19  18  38  13 114  53  36  63  56  97  30  66  35 118  70  91   8  31  24 101 110  15  26 112  36  81 104   0 118  29  52   9  76  42 113  43  47  25 108  70  33  18 115  25 
 39  83  27 104  80  43  38  28  49  84  53  91 104 102 124  80  88  61   2   3  21  20  15 104 118  40  22  51 121  29  57  50  25  98   0 116  90  22  91  54  45  16  95 116  99  16  87 119  74  66 
 49 121  67  51  46 121  91  86  71  34  35  43  73  74  74  76  20  80  52 112  10  25  37  65  47  56  70 116  71   1  38  36 121  60 101   0  98 106  41  13  83 115  75 102 123   3  86  43 114  90 
 60  70  93  62  34  55  78  91  87 120  74  45  66  83  78 122  83  14 118  72  48  19  93  20  45  34  86 118 119  16  20 106  12  21 118   5   0  36  27 112 118 103  10   1 104  50  48  84  10  88 
 48  38  43 120   3 101  58  70 110 108  23  16  42  11  63  93  66  81   7 112 113 120  85  10   7 102  44  79 101 120  44  51   5  72  33  60 110   0 116  57   1  85  11  54  75 100  63  58  99  11 
106  23  90  99  83   5  46  22  72  27  61  33  59  73  91  93  18  63  18  27  96  11  43  49  77  20  97  68  60 118 113  60  32  72  68  67  99  21   0  75 112  74  38  55  80 103  55  97  72  95 
122  98  26  10  95 123  77  79   1  71  47  61  32  24  66  70  93  38  78  14  54  59 123  22  73  26 122   9 112  73  78   9  75  93  33  21 104  45  74   0 105   1  50  65  92  54   1   6  71  54 
 50 119  44  17  63  88   4  26 105  98  89  18 110 120  78  87 124  23  75  67   1 113  62  75  78  66 110 124  40  36  13   5  86  85  21   4  37 109  77  11   0  67 100  75 113   4 124  18  35  97 
  4  10  58  55 111 112  83  43  17  34 101  99  89  86  65  99  18  56 115  90  11 106 114  48  88  74  93   6  61  16  39  69  51 122 121  91  62  13  34  42 104   0  19  31  89  37  62  56  47 105 
120 108  46  22  55  45  91  11  97  99 112 114  30   7  59  24  12  77 106  38 122 110   4 115  59   3  45  89  10  93  33 120 108 101  41  18  64 111  32 100  58  44   0  92  15  33  86  23 101   6 
 69  79  47  27  12 101 119 107 101 111 101  28  44  32  74  73  76  36  14 113  61   4  23  49  87 100  49  40  20  22 120  57 116  52  65   1  53  86   9  27  72  34  25   0   6 116 114  32  91 121 
 47  52  73  33  34 124  37  61 102  70  35  84  85  56 102  86  70   5  56 109  34  96  53   9  15  97 120  48  97  66  62  93  87  68 106 113  79  78  41 102  10  75  91   1   0 115  76  77  33  45 
 33   1 122  48  15  48  88 123 115  53  15  89  19 110 118 109  81  24  34  40  55 113  12 118  56  17  14  15  46  12   3 111   5  35  68  58 108  91 100  85  54  93  16  77  16   0  70  54  70  10 
118  38  51  60  56  13   9 109  98  29  48 100 123  11 121  50   7  43   4  95  34  16  57  26  21 116  19  92  46   8  31  85  32  41  95  89  91 106 109  44  62   1  46 105  93  16   0  71  46  35 
114 100  73 110  16  95  83 107 108  96  10   7 113   1  36 103   4  56  70  93  27  16  63 120  10 110  33  35  73  81  18 110 114  90  97  69  79  24  72 114  46  97  39  65  56  44  72   0  17 101 
124 118  76  52  25   1  62  74  52  40  94  25 102  93 113 123  88  39 118  57  92  53 101  34 110  34  68  74  29  58  91  13  80 106  44  40 123  50   1  25 104 121  55  57  62  46  26   4   0  42 
108  98 117  75  56  44 114  12 104 104   6 113  72  99  25  59   2  12 122  57  92  31  44 108  74  64  72 122  87 106 105 106  42  26  40 108  41  12  11  81 110  38  34  13  21  99 118  66  69   0 
M6
  0   1   7  65   1  71  47  97  56  11  18  72 106  83  14  50  17  96 115  44 102 101  78 109  43 105  16 123  72  19  41  67  95  35  89  47  98   9 106  13  70  22  43  12 111  18  22  24 121  26 
 95   0 115  32  99  62  96 122  25  13  12  26  65  97  46  29 107 120  20  74  85  80 106  38 111  62  34   7  50  59 108 111  96  70  54 105  87 110 123  52  84 108 115 100 113  31  69   1   9  28 
 10 109   0  61 110  98 116  42  21  99  27  29   9 115 110  21 124  50 118   6  37  53  65  12  74  37  38  11 117  29 108  26 119  72  55  35  13  34  35  56 108  47  93  62  26 103 119 107  27 112 
 77   2  60   0  21 106  74  75  78 124   2  43 112  40 122  30 116  43  81 101  13  27  29 104  51  92  15  14  16   9  95   1  67  76  59  55  23  84  42  82  44   7  96   5  22  75  59 109 119 106 
 29  41 124  57   0  64 101  55 103  66  54  13  93 112 106  87   1  22  94  53  56  30  94  80  32  55  66  57  63  88  67  77 115  87   5  28  56 122 124  19 121  94  66   9  88  86 108   3  21 118 
114  30  36  71 121   0  40  21  78  53  12  67 110  84  34   2  28  46  46 121  63 112   8  28  34 103  28 113  39 103   8  48  14 119  51  11 116   3  73  84  93  57  39  11  28  98 107  14  31  47 
123  75   5  55  55  25   0  87 116  96 109  69  66   6  36  90 100  96 118  50  22  73  62  80  82 119   7  33  28  94 111  50   6  96  77 107  22   4  38  76  19  35  98 107  55  25 122  21   1  54 
120 111  91  58  49  78  78   0  21 112  57  27  23  22 111  96 112  60  59 123  98  83 100  23  51  35  39 104 124 100  44  87  32 121  87  40  29 117 113  55  51  37 111  44  73  11 117  83  71  34 
 32 124  69  77 108  81  83  70   0  25  90  75  79  72  46  79  71  52  40  42 102   2  72  28  52  72  73  20  60  13  51  82   6 120  73 116  78   4  60  58  25  92  68  14  56  41  92   6   2 101 
117  59  19  10  95  81  75 114  59   0   8  77  67   3  66 100  59  92  30  93 106  78  28 101 123  73   8  18  19  60 112  19  44  27  78  53 105  41  43 110  87  60  19  76 102   6  80  97  13  38 
 17 117 108  90 105 100  76  18  86 116   0   2  10  25  97  27  44  38  49  40  17   8  91  67  47  53  81  48 110  48  48  71  10  58  78  71  61  38   8  48  72   1   2  28  11  66  57  37 112  72 
100  30  10  12  12  48  94 112 120  30  89   0  77  74  96  68  26 123  90 120  28  84  55   4 114  34  50  23 101  10 113  41  26 116  29  25  87  83  77  56  74  90  28  78 110 117  93  61  48 107 
106  64  27  99  59  90  44  80  46  22   5   8   0 120   8  98   8  70  67 124  78  81 106  71  35  37 121  26  33  57  35  88 121  20  10  89  82  70 114 117  94  24  34  56  80  31  91 105  54  70 
121  22  51   1  84 102 112  95 120  95 123  62  75   0  28  69  52  10  46  90  72 118  92  94  98  16 113  64 110 110   6 103  27  68  30  72  72 118 102  70  15  73  85  24  77  42  96  98  65  27 
 79  43  76  80  55  44  12 111  26  95  15  20 114 108   0  41  94  80  41  25  12 124 124  17  14  51  23  33  71 106  51  50  93  61 111  73  91  40 119  80 109  72 103 117  19   6 107  96  86  80 
 29  97  67   7  60  47  75  53   6 122  42  65  80  77   9   0  12 117  66  24 118   5  56  83 103 108 102  30  45  56  50  29  99  38  26  38  25  45  39 108 119  49 115  83  17  46  72  95  64 106 
121  10 102  84 124 118  10 113  65   4  20  11  91  97  63   6   0  47   4 105  62  52 100 123  62  63  97  78  57  47  79  62 100 106  18  28  96  51   6  75 103  79  63  51  72  54  56  91  94  41 
 71  84  85  65  16  27  82   4  79  96 114  11  74  92  48  47 105   0  97   5  95  82  43 100  83  22 107  58  79  19 103  59 123   3 109  11  63  33  35 113  83 105  13   2  16  50 106  31  46  54 
110  14 118 119  36 109  82  99  90 112  93  56  55  63  64 120  98  65   0  13  72  35  99  71  69  62  29  31  27  70  75  79  96  72  44  18  60 108  15  87  77 100  63  47 105  82 103  12  50  27 
 80 111 119  37  93  59  72  58  61   7  95  49  75  21  66  35  41 110  64   0 100  46 110  11  87  85  84  79  26  45  83  77  25 116 122  24  78  65  77  18  67 122 113  34   9  11  10  13  30  64 
101  86  75 114 100  61  91 121  74   7  26  95  38 108  81  96 105  58  73  65   0 103   6  38  41  41  99  34  22  87 123  78 122  23  82  54  25  40 119 121  79 113  97  26  23   5  57  64 112  17 
  2 104  75  19  25  71  34   9  61  35   9  85  31 107  89  38 104  86  31  15  88   0  62  83  62 107  24  89  98 114  71  49  45  66  17  72 101 104 109 108  62  48  76  43  61  79  11  22  77  25 
 14  49 115  81  15  46  57  38  27  35  95  31  86  28 122 116  65   2  82  99 112 107   0  44  86  15  62   1  25   3 102  92  71 119  81   9  92  53  57   1  16  52 106  33  81 100  20  51  46  83 
 17  28  54  47  54  81  58  32  71  43  91  62  61  88  86  34  52   6   2  71  94   1 124   0  50   8  67  64  47 124  88 112 109 107  24  15 116  51  54  21  70  17  11  39  81  92  77  15  33  50 
 21  75  86  35  80  14  23  36  25   1  88  55  63 100  84  65  39  99  28  98   2  16  19 124   0  98 106   5  84  19  31  90  82  93  89  44  31  73  52  33  42  61  35  15  98  33 115  44  32  32 
 28  99 118  97 104  84 114   4  71  64  26 121  58 106  26 123  39  28  81  46 111  83  90  12  64   0 108  89  59   4 106  16  87   1 103  88  97  33  80  91  50  78  44  92  62 117  51  62  78  20 
122  27  16   3 112  49  40   5  93   5  35  52 107  70 121 104  73  34  27   6  81 118  22  70 107  74   0  64  51 106  84  96 104  90 103  48  87  34  35  38  62  52  59  17  24  82  80  67 102  67 
104 112  48 105  77 119  48 118  86  81  82  72  14  26  26 104   4 106  45  30  38  46  91  85 124  70 101   0  37 101  51  33 113  54  98  28   8 111  52 100   5  10  13  68  45 122  15  31  86  43 
 48 111  96 110  91  66  54  92  66  81  87  39  40  31 109  43  55  76  30  99   3  43  63 115 110  50   1  29   0   9  16  68 110  20  36 118 117  99 105  89  36  87  28 105 112 105  71  28  80  50 
 99  57  57  74  90  44  65  37  82 123  14  41  50  43  81  28  43  73  72  27  42  43 100  63  39  74  78  17 117   0  67  92  86  42  48 107  99  60   5  74  10  13  70  83  78   1  42   7 104 124 
 86  52   7  89  22 105  38  13 109   6  48  16  10  24  10  73  44  86 110  88 108   3  22 102  25  54  69  30 121   7   0  82  36  76  96  67  28  99   3 110  71  44  67  80 122  94  81  85  22  25 
 81  11  29  63  91  74  46  31  43  15  76   9   3  80  58 106 104  27  66 124  16   4  50  37  22  36  96 102  36  95  59   0   8   5  79  18 108  36 123  71 122  18   3  15  43  39  76  16  90  62 
 88 113   8  69  18  21  75   8  53 124  14  67  97  38  17 113  99  27  95  25  90  24   7  44 105  54 106  37  80 122   6  60   0  76 101  82   6  99  51  22  10  61  13 106  65  85  23 104  45  12 
 53  30  81  14  42  94  19  18  38  13 114  53  36  63  56  97  30  66  35 118  70  91   8  31  24 101 110  15  26 112  36  81 104   0 118  29  52   9  76  42 113  43  47  25 108  70  33  18 115  25 
 39  83  27 104  80  43  38  28  49  84  53  91 104 102 124  80  88  61   2   3  21  20  15 104 118  40  22  51 121  29  57  50  25  98   0 116  90  22  91  54  45  16  95 116  99  16  87 119  74  66 
 49 121  67  51  46 121  91  86  71  34  35  43  73  74  74  76  20  80  52 112  10  25  37  65  47  56  70 116  71   1  38  36 121  60 101   0  98 106  41  13  83 115  75 102 123   3  86  43 114  90 
 60  70  93  62  34  55  78  91  87 120  74  45  66  83  78 122  83  14 118  72  48  19  93  20  45  34  86 118 119  16  20 106  12  21 118   5   0  36  27 112 118 103  10   1 104  50  48  84  10  88 
 48  38  43 120   3 101  58  70 110 108  23  16  42  11  63  93  66  81   7 112 113 120  85  10   7 102  44  79 101 120  44  51   5  72  33  60 110   0 116  57   1  85  11  54  75 100  63  58  99  11 
106  23  90  99  83   5  46  22  72  27  61  33  59  73  91  93  18  63  18  27  96  11  43  49  77  20  97  68  60 118 113  60  32  72  68  67  99  21   0  75 112  74  38  55  80 103  55  97  72  95 
122  98  26  10  95 123  77  79   1  71  47  61  32  24  66  70  93  38  78  14  54  59 123  22  73  26 122   9 112  73  78   9  75  93  33  21 104  45  74   0 105   1  50  65  92  54   1   6  71  54 
 50 119  44  17  63  88   4  26 105  98  89  18 110 120  78  87 124  23  75  67   1 113  62  75  78  66 110 124  40  36  13   5  86  85  21   4  37 109  77  11   0  67 100  75 113   4 124  18  35  97 
  4  10  58  55 111 112  83  43  17  34 101  99  89  86  65  99  18  56 115  90  11 106 114  48  88  74  93   6  61  16  39  69  51 122 121  91  62  13  34  42 104   0  19  31  89  37  62  56  47 105 
120 108  46  22  55  45  91  11  97  99 112 114  30   7  59  24  12  77 106  38 122 110   4 115  59   3  45  89  10  93  33 120 108 101  41  18  64 111  32 100  58  44   0  92  15  33  86  23 101   6 
 69  79  47  27  12 101 119 107 101 111 101  28  44  32  74  73  76  36  14 113  61   4  23  49  87 100  49  40  20  22 120  57 116  52  65   1  53  86   9  27  72  34  25   0   6 116 114  32  91 121 
 47  52  73  33  34 124  37  61 102  70  35  84  85  56 102  86  70   5  56 109  34  96  53   9  15  97 120  48  97  66  62  93  87  68 106 113  79  78  41 102  10  75  91   1   0 115  76  77  33  45 
 33   1 122  48  15  48  88 123 115  53  15  89  19 110 118 109  81  24  34  40  55 113  12 118  56  17  14  15  46  12   3 111   5  35  68  58 108  91 100  85  54  93  16  77  16   0  70  54  70  10 
118  38  51  60  56  13   9 109  98  29  48 100 123  11 121  50   7  43   4  95  34  16  57  26  21 116  19  92  46   8  31  85  32  41  95  89  91 106 109  44  62   1  46 105  93  16   0  71  46  35 
114 100  73 110  16  95  83 107 108  96  10   7 113   1  36 103   4  56  70  93  27  16  63 120  10 110  33  35  73  81  18 110 114  90  97  69  79  24  72 114  46  97  39  65  56  44  72   0  17 101 
124 118  76  52  25   1  62  74  52  40  94  25 102  93 113 123  88  39 118  57  92  53 101  34 110  34  68  74  29  58  91  13  80 106  44  40 123  50   1  25 104 121  55  57  62  46  26   4   0  42 
108  98 117  75  56  44 114  12 104 104   6 113  72  99  25  59   2  12 122  57  92  31  44 108  74  64  72 122  87 106 105 106  42  26  40 108  41  12  11  81 110  38  34  13  21  99 118  66  69   0 
M7
  0   1   7  65   1  71  47  97  56  11  18  72 106  83  14  50  17  96 115  44 102 101  78 109  43 105  16 123  72  19  41  67  95  35  89  47  98   9 106  13  70  22  43  12 111  18  22  24 121  26 
 95   0 115  32  99  62  96 122  25  13  12  26  65  97  46  29 107 120  20  74  85  80 106  38 111  62  34   7  50  59 108 111  96  70  54 105  87 110 123  52  84 108 115 100 113  31  69   1   9  28 
 10 109   0  61 110  98 116  42  21  99  27  29   9 115 110  21 124  50 118   6  37  53  65  12  74  37  38  11 117  29 108  26 119  72  55  35  13  34  35  56 108  47  93  62  26 103 119 107  27 112 
 77   2  60   0  21 106  74  75  78 124   2  43 112  40 122  30 116  43  81 101  13  27  29 104  51  92  15  14  16   9  95   1  67  76  59  55  23  84  42  82  44   7  96   5  22  75  59 109 119 106 
 29  41 124  57   0  64 101  55 103  66  54  13  93 112 106  87   1  22  94  53  56  30  94  80  32  55  66  57  63  88  67  77 115  87   5  28  56 122 124  19 121  94  66   9  88  86 108   3  21 118 
114  30  36  71 121   0  40  21  78  53  12  67 110  84  34   2  28  46  46 121  63 112   8  28  34 103  28 113  39 103   8  48  14 119  51  11 116   3  73  84  93  57  39  11  28  98 107  14  31  47 
123  75   5  55  55  25   0  87 116  96 109  69  66   6  36  90 100  96 118  50  22  73  62  80  82 119   7  33  28  94 111  50   6  96  77 107  22   4  38  76  19  35  98 107  55  25 122  21   1  54 
120 111  91  58  49  78  78   0  21 112  57  27  23  22 111  96 112  60  59 123  98  83 100  23  51  35  39 104 124 100  44  87  32 121  87  40  29 117 113  55  51  37 111  44  73  11 117  83  71  34 
 32 124  69  77 108  81  83  70   0  25  90  75  79  72  46  79  71  52  40  42 102   2  72  28  52  72  73  20  60  13  51  82   6 120  73 116  78   4  60  58  25  92  68  14  56  41  92   6   2 101 
117  59  19  10  95  81  75 114  59   0   8  77  67   3  66 100  59  92  30  93 106  78  28 101 123  73   8  18  19  60 112  19  44  27  78  53 105  41  43 110  87  60  19  76 102   6  80  97  13  38 
 17 117 108  90 105 100  76  18  86 116   0   2  10  25  97  27  44  38  49  40  17   8  91  67  47  53  81  48 110  48  48  71  10  58  78  71  61  38   8  48  72   1   2  28  11  66  57  37 112  72 
100  30  10  12  12  48  94 112 120  30  89   0  77  74  96  68  26 123  90 120  28  84  55   4 114  34  50  23 101  10 113  41  26 116  29  25  87  83  77  56  74  90  28  78 110 117  93  61  48 107 
106  64  27  99  59  90  44  80  46  22   5   8   0 120   8  98   8  70  67 124  78  81 106  71  35  37 121  26  33  57  35  88 121  20  10  89  82  70 114 117  94  24  34  56  80  31  91 105  54  70 
121  22  51   1  84 102 112  95 120  95 123  62  75   0  28  69  52  10  46  90  72 118  92  94  98  16 113  64 110 110   6 103  27  68  30  72  72 118 102  70  15  73  85  24  77  42  96  98  65  27 
 79  43  76  80  55  44  12 111  26  95  15  20 114 108   0  41  94  80  41  25  12 124 124  17  14  51  23  33  71 106  51  50  93  61 111  73  91  40 119  80 109  72 103 117  19   6 107  96  86  80 
 29  97  67   7  60  47  75  53   6 122  42  65  80  77   9   0  12 117  66  24 118   5  56  83 103 108 102  30  45  56  50  29  99  38  26  38  25  45  39 108 119  49 115  83  17  46  72  95  64 106 
121  10 102  84 124 118  10 113  65   4  20  11  91  97  63   6   0  47   4 105  62  52 100 123  62  63  97  78  57  47  79  62 100 106  18  28  96  51   6  75 103  79  63  51  72  54  56  91  94  41 
 71  84  85  65  16  27  82   4  79  96 114  11  74  92  48  47 105   0  97   5  95  82  43 100  83  22 107  58  79  19 103  59 123   3 109  11  63  33  35 113  83 105  13   2  16  50 106  31  46  54 
110  14 118 119  36 109  82  99  90 112  93  56  55  63  64 120  98  65   0  13  72  35  99  71  69  62  29  31  27  70  75  79  96  72  44  18  60 108  15  87  77 100  63  47 105  82 103  12  50  27 
 80 111 119  37  93  59  72  58  61   7  95  49  75  21  66  35  41 110  64   0 100  46 110  11  87  85  84  79  26  45  83  77  25 116 122  24  78  65  77  18  67 122 113  34   9  11  10  13  30  64 
101  86  75 114 100  61  91 121  74   7  26  95  38 108  81  96 105  58  73  65   0 103   6  38  41  41  99  34  22  87 123  78 122  23  82  54  25  40 119 121  79 113  97  26  23   5  57  64 112  17 
  2 104  75  19  25  71  34   9  61  35   9  85  31 107  89  38 104  86  31  15  88   0  62  83  62 107  24  89  98 114  71  49  45  66  17  72 101 104 109 108  62  48  76  43  61  79  11  22  77  25 
 14  49 115  81  15  46  57  38  27  35  95  31  86  28 122 116  65   2  82  99 112 107   0  44  86  15  62   1  25   3 102  92  71 119  81   9  92  53  57   1  16  52 106  33  81 100  20  51  46  83 
 17  28  54  47  54  81  58  32  71  43  91  62  61  88  86  34  52   6   2  71  94   1 124   0  50   8  67  64  47 124  88 112 109 107  24  15 116  51  54  21  70  17  11  39  81  92  77  15  33  50 
 21  75  86  35  80  14  23  36  25   1  88  55  63 100  84  65  39  99  28  98   2  16  19 124   0  98 106   5  84  19  31  90  82  93  89  44  31  73  52  33  42  61  35  15  98  33 115  44  32  32 
 28  99 118  97 104  84 114   4  71  64  26 121  58 106  26 123  39  28  81  46 111  83  90  12  64   0 108  89  59   4 106  16  87   1 103  88  97  33  80  91  50  78  44  92  62 117  51  62  78  20 
122  27  16   3 112  49  40   5  93   5  35  52 107  70 121 104  73  34  27   6  81 118  22  70 107  74   0  64  51 106  84  96 104  90 103  48  87  34  35  38  62  52  59  17  24  82  80  67 102  67 
104 112  48 105  77 119  48 118  86  81  82  72  14  26  26 104   4 106  45  30  38  46  91  85 124  70 101   0  37 101  51  33 113  54  98  28   8 111  52 100   5  10  13  68  45 122  15  31  86  43 
 48 111  96 110  91  66  54  92  66  81  87  39  40  31 109  43  55  76  30  99   3  43  63 115 110  50   1  29   0   9  16  68 110  20  36 118 117  99 105  89  36  87  28 105 112 105  71  28  80  50 
 99  57  57  74  90  44  65  37  82 123  14  41  50  43  81  28  43  73  72  27  42  43 100  63  39  74  78  17 117   0  67  92  86  42  48 107  99  60   5  74  10  13  70  83  78   1  42   7 104 124 
 86  52   7  89  22 105  38  13 109   6  48  16  10  24  10  73  44  86 110  88 108   3  22 102  25  54  69  30 121   7   0  82  36  76  96  67  28  99   3 110  71  44  67  80 122  94  81  85  22  25 
 81  11  29  63  91  74  46  31  43  15  76   9   3  80  58 106 104  27  66 124  16   4  50  37  22  36  96 102  36  95  59   0   8   5  79  18 108  36 123  71 122  18   3  15  43  39  76  16  90  62 
 88 113   8  69  18  21  75   8  53 124  14  67  97  38  17 113  99  27  95  25  90  24   7  44 105  54 106  37  80 122   6  60   0  76 101  82   6  99  51  22  10  61  13 106  65  85  23 104  45  12 
 53  30  81  14  42  94  19  18  38  13 114  53  36  63  56  97  30  66  35 118  70  91   8  31  24 101 110  15  26 112  36  81 104   0 118  29  52   9  76  42 113  43  47  25 108  70  33  18 115  25 
 39  83  27 104  80  43  38  28  49  84  53  91 104 102 124  80  88  61   2   3  21  20  15 104 118  40  22  51 121  29  57  50  25  98   0 116  90  22  91  54  45  16  95 116  99  16  87 119  74  66 
 49 121  67  51  46 121  91  86  71  34  35  43  73  74  74  76  20  80  52 112  10  25  37  65  47  56  70 116  71   1  38  36 121  60 101   0  98 106  41  13  83 115  75 102 123   3  86  43 114  90 
 60  70  93  62  34  55  78  91  87 120  74  45  66  83  78 122  83  14 118  72  48  19  93  20  45  34  86 118 119  16  20 106  12  21 118   5   0  36  27 112 118 103  10   1 104  50  48  84  10  88 
 48  38  43 120   3 101  58  70 110 108  23  16  42  11  63  93  66  81   7 112 113 120  85  10   7 102  44  79 101 120  44  51   5  72  33  60 110   0 116  57   1  85  11  54  75 100  63  58  99  11 
106  23  90  99  83   5  46  22  72  27  61  33  59  73  91  93  18  63  18  27  96  11  43  49  77  20  97  68  60 118 113  60  32  72  68  67  99  21   0  75 112  74  38  55  80 103  55  97  72  95 
122  98  26  10  95 123  77  79   1  71  47  61  32  24  66  70  93  38  78  14  54  59 123  22  73  26 122   9 112  73  78   9  75  93  33  21 104  45  74   0 105   1  50  65  92  54   1   6  71  54 
 50 119  44  17  63  88   4  26 105  98  89  18 110 120  78  87 124  23  75  67   1 113  62  75  78  66 110 124  40  36  13   5  86  85  21   4  37 109  77  11   0  67 100  75 113   4 124  18  35  97 
  4  10  58  55 111 112  83  43  17  34 101  99  89  86  65  99  18  56 115  90  11 106 114  48  88  74  93   6  61  16  39  69  51 122 121  91  62  13  34  42 104   0  19  31  89  37  62  56  47 105 
120 108  46  22  55  45  91  11  97  99 112 114  30   7  59  24  12  77 106  38 122 110   4 115  59   3  45  89  10  93  33 120 108 101  41  18  64 111  32 100  58  44   0  92  15  33  86  23 101   6 
 69  79  47  27  12 101 119 107 101 111 101  28  44  32  74  73  76  36  14 113  61   4  23  49  87 100  49  40  20  22 120  57 116  52  65   1  53  86   9  27  72  34  25   0   6 116 114  32  91 121 
 47  52  73  33  34 124  37  61 102  70  35  84  85  56 102  86  70   5  56 109  34  96  53   9  15  97 120  48  97  66  62  93  87  68 106 113  79  78  41 102  10  75  91   1   0 115  76  77  33  45 
 33   1 122  48  15  48  88 123 115  53  15  89  19 110 118 109  81  24  34  40  55 113  12 118  56  17  14  15  46  12   3 111   5  35  68  58 108  91 100  85  54  93  16  77  16   0  70  54  70  10 
118  38  51  60  56  13   9 109  98  29  48 100 123  11 121  50   7  43   4  95  34  16  57  26  21 116  19  92  46   8  31  85  32  41  95  89  91 106 109  44  62   1  46 105  93  16   0  71  46  35 
114 100  73 110  16  95  83 107 108  96  10   7 113   1  36 103   4  56  70  93  27  16  63 120  10 110  33  35  73  81  18 110 114  90  97  69  79  24  72 114  46  97  39  65  56  44  72   0  17 101 
124 118  76  52  25   1  62  74  52  40  94  25 102  93 113 123  88  39 118  57  92  53 101  34 110  34  68  74  29  58  91  13  80 106  44  40 123  50   1  25 104 121  55  57  62  46  26   4   0  42 
108  98 117  75  56  44 114  12 104 104   6 113  72  99  25  59   2  12 122  57  92  31  44 108  74  64  72 122  87 106 105 106  42  26  40 108  41  12  11  81 110  38  34  13  21  99 118  66  69   0 
Reldue
  995    5    2
 2352    3    6
 2156    8    3
 1901    6    7
 2556    4    1
 2892    3    3
 4035    5    2
  936    2    6
 3368    8    5
 2718    9    6
 2710    7    8
 1480    8    8
 3111    8    4
 2714    4    4
 1608    3    8
 2249    5    7
 2249    9    3
 2734    1    1
 3168    7    1
  813    4    3
 2562    5    2
 2538    8    6
 1444    4    9
 3547    4    9
 2783    5    2
 1374    2    4
  989    7    2
 3301    7    2
 1510    9    8
 2293    8    6
 2237    8    5
 3107    4    2
 2777    7    4
  975    8    4
 2173    3    3
 3400    9    9
 1209    8    8
 2803    5    2
 3539    1    2
 1673    7    1
 2843    7    1
 1749    9    1
 2570    5    8
 1538    2    7
 2272    7    7
 1763    2    6
 1108    2    8
 1663    8    4
 2201    7    2
 3712    6    1
DDW
  904  1086
 2156  2548
 2032  2280
 1750  2052
 2331  2781
 2629  3155
 3671  4399
  881   991
 3138  3599
 2447  2990
 2459  2961
 1366  1594
 2848  3375
 2574  2855
 1498  1718
 2089  2409
 2039  2458
 2501  2967
 3000  3337
  735   891
 2365  2759
 2391  2686
 1330  1558
 3244  3849
 2559  3007
 1303  1445
  936  1042
 3128  3473
 1360  1659
 2162  2423
 2062  2412
 2939  3274
 2612  2943
  921  1030
 1963  2382
 3201  3600
 1108  1310
 2612  2994
 3207  3871
 1537  1809
 2614  3072
 1656  1842
 2389  2752
 1430  1647
 2062  2483
 1612  1914
 1035  1182
 1500  1826
 1992  2410
 3425  3998
