20  10
MD
  5  3  4  5  4  2  3  4  2  5
PT
 17  65  49  49  46  67  87  57  29  53  62  73  45  91  32  10  71  98  88  87 
 36  35  71  36  13  96  37  15  39  37  43  52  37  54  94  52   2   6  85  11 
 78  46  72  33   3  71  98  50  88  90  31  60  14  16  51  64   8   3   9  32 
 34  69  16  26  67  82  55  58  37  44  97   7  63  28  97  26   3  18  39  85 
 93  21  83  57  81  35  60  46  29  79  13  16  93   9  32  52   3  66  60  84 
 37  24  48  90  75  13  87  50  73  86  12  34  66  39  26  29  90  28  95  34 
 66  88  99  51  80  69  14  20   5  39  14  11  26  73  68  33  54  74  36  50 
 26  33  99  66  13  77  54  48  71  96  98  35  87  15  65  19  37  70  87  70 
  1  48  84  18  56  57   7  43  59  78  18  44  83  65  18  64  55  51  77  13 
 68  72  11  14  65  87  56  44  20  96  27  17  20  26  34  23  51  75  13  36 
SSD
M0
  0  28  89 107 105  30  16  16  22 118  17  11  24  48  53 116  26  98  23  84 
120   0 113 122 111  37  86  20 121 114 104  50  15  62  76   4  43  58   2  19 
 40 117   0  37  90   9  29 123   4  28  38 111  11  80  85  58 110  90  43  51 
 43  61 111   0 113  39 115  55  69  96  33  78  26  89  80  54  11   4 101  29 
111  85  60  46   0  93  86  65  93 119 101  17  13  70  44 121  64  18 118  65 
  4  15  65  89  17   0 113 122  55  89  10  59  83  13 107  34  23 107  55  39 
 26 124  28  58  68  29   0  89  70  23  20 101  31  19  68  26  89  90  70  76 
 50  22  63  77  34  75  21   0  36  82  93 109  63  56 110  80  71  36  38 119 
 28  98 105  40  32 122  98  29   0 116   7  26  37   3  24  94 118 117 117  47 
 52  63  71  48  99  55  36  28  72   0  93   4 113  70  43  23  19  39  64  54 
 70  46   2 110  51  33  49  91  78  47   0 118 101  75 124  88  70  55  85   1 
 56   1  27  26  17  15 101 111  32  40  85   0  30  80  64  67  83 103  17  93 
107  50 107  44  33 121 102  55  80  50  75  42   0  99  26   6  94  70   9 119 
  5  71  26  76  93 108 112 103  27  90 105  20  91   0  20  21  80  64  80  55 
 61   4  84  98  30 105  42  53  34  21  98  48  82  25   0  12  33  48  51  98 
 70  87   9  16  53  57  50  33  33 105 101  60  89 117  42   0  62  47 121  57 
109   8  68  72  77  98 115  29 112  27  38  41  92  44  17  73   0  55  56  81 
  7  98 121  93  35  73 121  53  76   6  55 109   8  29  38 120  43   0  97  93 
121 124   6  73  19  15  99  95  23  53  66  73 100  63  33  40  99  31   0  49 
 27  74 121  79  84  52   4   1  11  76  71  13  15  77  27   8  59  82 103   0 
M1
  0  28  89 107 105  30  16  16  22 118  17  11  24  48  53 116  26  98  23  84 
120   0 113 122 111  37  86  20 121 114 104  50  15  62  76   4  43  58   2  19 
 40 117   0  37  90   9  29 123   4  28  38 111  11  80  85  58 110  90  43  51 
 43  61 111   0 113  39 115  55  69  96  33  78  26  89  80  54  11   4 101  29 
111  85  60  46   0  93  86  65  93 119 101  17  13  70  44 121  64  18 118  65 
  4  15  65  89  17   0 113 122  55  89  10  59  83  13 107  34  23 107  55  39 
 26 124  28  58  68  29   0  89  70  23  20 101  31  19  68  26  89  90  70  76 
 50  22  63  77  34  75  21   0  36  82  93 109  63  56 110  80  71  36  38 119 
 28  98 105  40  32 122  98  29   0 116   7  26  37   3  24  94 118 117 117  47 
 52  63  71  48  99  55  36  28  72   0  93   4 113  70  43  23  19  39  64  54 
 70  46   2 110  51  33  49  91  78  47   0 118 101  75 124  88  70  55  85   1 
 56   1  27  26  17  15 101 111  32  40  85   0  30  80  64  67  83 103  17  93 
107  50 107  44  33 121 102  55  80  50  75  42   0  99  26   6  94  70   9 119 
  5  71  26  76  93 108 112 103  27  90 105  20  91   0  20  21  80  64  80  55 
 61   4  84  98  30 105  42  53  34  21  98  48  82  25   0  12  33  48  51  98 
 70  87   9  16  53  57  50  33  33 105 101  60  89 117  42   0  62  47 121  57 
109   8  68  72  77  98 115  29 112  27  38  41  92  44  17  73   0  55  56  81 
  7  98 121  93  35  73 121  53  76   6  55 109   8  29  38 120  43   0  97  93 
121 124   6  73  19  15  99  95  23  53  66  73 100  63  33  40  99  31   0  49 
 27  74 121  79  84  52   4   1  11  76  71  13  15  77  27   8  59  82 103   0 
M2
  0  28  89 107 105  30  16  16  22 118  17  11  24  48  53 116  26  98  23  84 
120   0 113 122 111  37  86  20 121 114 104  50  15  62  76   4  43  58   2  19 
 40 117   0  37  90   9  29 123   4  28  38 111  11  80  85  58 110  90  43  51 
 43  61 111   0 113  39 115  55  69  96  33  78  26  89  80  54  11   4 101  29 
111  85  60  46   0  93  86  65  93 119 101  17  13  70  44 121  64  18 118  65 
  4  15  65  89  17   0 113 122  55  89  10  59  83  13 107  34  23 107  55  39 
 26 124  28  58  68  29   0  89  70  23  20 101  31  19  68  26  89  90  70  76 
 50  22  63  77  34  75  21   0  36  82  93 109  63  56 110  80  71  36  38 119 
 28  98 105  40  32 122  98  29   0 116   7  26  37   3  24  94 118 117 117  47 
 52  63  71  48  99  55  36  28  72   0  93   4 113  70  43  23  19  39  64  54 
 70  46   2 110  51  33  49  91  78  47   0 118 101  75 124  88  70  55  85   1 
 56   1  27  26  17  15 101 111  32  40  85   0  30  80  64  67  83 103  17  93 
107  50 107  44  33 121 102  55  80  50  75  42   0  99  26   6  94  70   9 119 
  5  71  26  76  93 108 112 103  27  90 105  20  91   0  20  21  80  64  80  55 
 61   4  84  98  30 105  42  53  34  21  98  48  82  25   0  12  33  48  51  98 
 70  87   9  16  53  57  50  33  33 105 101  60  89 117  42   0  62  47 121  57 
109   8  68  72  77  98 115  29 112  27  38  41  92  44  17  73   0  55  56  81 
  7  98 121  93  35  73 121  53  76   6  55 109   8  29  38 120  43   0  97  93 
121 124   6  73  19  15  99  95  23  53  66  73 100  63  33  40  99  31   0  49 
 27  74 121  79  84  52   4   1  11  76  71  13  15  77  27   8  59  82 103   0 
M3
  0  28  89 107 105  30  16  16  22 118  17  11  24  48  53 116  26  98  23  84 
120   0 113 122 111  37  86  20 121 114 104  50  15  62  76   4  43  58   2  19 
 40 117   0  37  90   9  29 123   4  28  38 111  11  80  85  58 110  90  43  51 
 43  61 111   0 113  39 115  55  69  96  33  78  26  89  80  54  11   4 101  29 
111  85  60  46   0  93  86  65  93 119 101  17  13  70  44 121  64  18 118  65 
  4  15  65  89  17   0 113 122  55  89  10  59  83  13 107  34  23 107  55  39 
 26 124  28  58  68  29   0  89  70  23  20 101  31  19  68  26  89  90  70  76 
 50  22  63  77  34  75  21   0  36  82  93 109  63  56 110  80  71  36  38 119 
 28  98 105  40  32 122  98  29   0 116   7  26  37   3  24  94 118 117 117  47 
 52  63  71  48  99  55  36  28  72   0  93   4 113  70  43  23  19  39  64  54 
 70  46   2 110  51  33  49  91  78  47   0 118 101  75 124  88  70  55  85   1 
 56   1  27  26  17  15 101 111  32  40  85   0  30  80  64  67  83 103  17  93 
107  50 107  44  33 121 102  55  80  50  75  42   0  99  26   6  94  70   9 119 
  5  71  26  76  93 108 112 103  27  90 105  20  91   0  20  21  80  64  80  55 
 61   4  84  98  30 105  42  53  34  21  98  48  82  25   0  12  33  48  51  98 
 70  87   9  16  53  57  50  33  33 105 101  60  89 117  42   0  62  47 121  57 
109   8  68  72  77  98 115  29 112  27  38  41  92  44  17  73   0  55  56  81 
  7  98 121  93  35  73 121  53  76   6  55 109   8  29  38 120  43   0  97  93 
121 124   6  73  19  15  99  95  23  53  66  73 100  63  33  40  99  31   0  49 
 27  74 121  79  84  52   4   1  11  76  71  13  15  77  27   8  59  82 103   0 
M4
  0  28  89 107 105  30  16  16  22 118  17  11  24  48  53 116  26  98  23  84 
120   0 113 122 111  37  86  20 121 114 104  50  15  62  76   4  43  58   2  19 
 40 117   0  37  90   9  29 123   4  28  38 111  11  80  85  58 110  90  43  51 
 43  61 111   0 113  39 115  55  69  96  33  78  26  89  80  54  11   4 101  29 
111  85  60  46   0  93  86  65  93 119 101  17  13  70  44 121  64  18 118  65 
  4  15  65  89  17   0 113 122  55  89  10  59  83  13 107  34  23 107  55  39 
 26 124  28  58  68  29   0  89  70  23  20 101  31  19  68  26  89  90  70  76 
 50  22  63  77  34  75  21   0  36  82  93 109  63  56 110  80  71  36  38 119 
 28  98 105  40  32 122  98  29   0 116   7  26  37   3  24  94 118 117 117  47 
 52  63  71  48  99  55  36  28  72   0  93   4 113  70  43  23  19  39  64  54 
 70  46   2 110  51  33  49  91  78  47   0 118 101  75 124  88  70  55  85   1 
 56   1  27  26  17  15 101 111  32  40  85   0  30  80  64  67  83 103  17  93 
107  50 107  44  33 121 102  55  80  50  75  42   0  99  26   6  94  70   9 119 
  5  71  26  76  93 108 112 103  27  90 105  20  91   0  20  21  80  64  80  55 
 61   4  84  98  30 105  42  53  34  21  98  48  82  25   0  12  33  48  51  98 
 70  87   9  16  53  57  50  33  33 105 101  60  89 117  42   0  62  47 121  57 
109   8  68  72  77  98 115  29 112  27  38  41  92  44  17  73   0  55  56  81 
  7  98 121  93  35  73 121  53  76   6  55 109   8  29  38 120  43   0  97  93 
121 124   6  73  19  15  99  95  23  53  66  73 100  63  33  40  99  31   0  49 
 27  74 121  79  84  52   4   1  11  76  71  13  15  77  27   8  59  82 103   0 
M5
  0  28  89 107 105  30  16  16  22 118  17  11  24  48  53 116  26  98  23  84 
120   0 113 122 111  37  86  20 121 114 104  50  15  62  76   4  43  58   2  19 
 40 117   0  37  90   9  29 123   4  28  38 111  11  80  85  58 110  90  43  51 
 43  61 111   0 113  39 115  55  69  96  33  78  26  89  80  54  11   4 101  29 
111  85  60  46   0  93  86  65  93 119 101  17  13  70  44 121  64  18 118  65 
  4  15  65  89  17   0 113 122  55  89  10  59  83  13 107  34  23 107  55  39 
 26 124  28  58  68  29   0  89  70  23  20 101  31  19  68  26  89  90  70  76 
 50  22  63  77  34  75  21   0  36  82  93 109  63  56 110  80  71  36  38 119 
 28  98 105  40  32 122  98  29   0 116   7  26  37   3  24  94 118 117 117  47 
 52  63  71  48  99  55  36  28  72   0  93   4 113  70  43  23  19  39  64  54 
 70  46   2 110  51  33  49  91  78  47   0 118 101  75 124  88  70  55  85   1 
 56   1  27  26  17  15 101 111  32  40  85   0  30  80  64  67  83 103  17  93 
107  50 107  44  33 121 102  55  80  50  75  42   0  99  26   6  94  70   9 119 
  5  71  26  76  93 108 112 103  27  90 105  20  91   0  20  21  80  64  80  55 
 61   4  84  98  30 105  42  53  34  21  98  48  82  25   0  12  33  48  51  98 
 70  87   9  16  53  57  50  33  33 105 101  60  89 117  42   0  62  47 121  57 
109   8  68  72  77  98 115  29 112  27  38  41  92  44  17  73   0  55  56  81 
  7  98 121  93  35  73 121  53  76   6  55 109   8  29  38 120  43   0  97  93 
121 124   6  73  19  15  99  95  23  53  66  73 100  63  33  40  99  31   0  49 
 27  74 121  79  84  52   4   1  11  76  71  13  15  77  27   8  59  82 103   0 
M6
  0  28  89 107 105  30  16  16  22 118  17  11  24  48  53 116  26  98  23  84 
120   0 113 122 111  37  86  20 121 114 104  50  15  62  76   4  43  58   2  19 
 40 117   0  37  90   9  29 123   4  28  38 111  11  80  85  58 110  90  43  51 
 43  61 111   0 113  39 115  55  69  96  33  78  26  89  80  54  11   4 101  29 
111  85  60  46   0  93  86  65  93 119 101  17  13  70  44 121  64  18 118  65 
  4  15  65  89  17   0 113 122  55  89  10  59  83  13 107  34  23 107  55  39 
 26 124  28  58  68  29   0  89  70  23  20 101  31  19  68  26  89  90  70  76 
 50  22  63  77  34  75  21   0  36  82  93 109  63  56 110  80  71  36  38 119 
 28  98 105  40  32 122  98  29   0 116   7  26  37   3  24  94 118 117 117  47 
 52  63  71  48  99  55  36  28  72   0  93   4 113  70  43  23  19  39  64  54 
 70  46   2 110  51  33  49  91  78  47   0 118 101  75 124  88  70  55  85   1 
 56   1  27  26  17  15 101 111  32  40  85   0  30  80  64  67  83 103  17  93 
107  50 107  44  33 121 102  55  80  50  75  42   0  99  26   6  94  70   9 119 
  5  71  26  76  93 108 112 103  27  90 105  20  91   0  20  21  80  64  80  55 
 61   4  84  98  30 105  42  53  34  21  98  48  82  25   0  12  33  48  51  98 
 70  87   9  16  53  57  50  33  33 105 101  60  89 117  42   0  62  47 121  57 
109   8  68  72  77  98 115  29 112  27  38  41  92  44  17  73   0  55  56  81 
  7  98 121  93  35  73 121  53  76   6  55 109   8  29  38 120  43   0  97  93 
121 124   6  73  19  15  99  95  23  53  66  73 100  63  33  40  99  31   0  49 
 27  74 121  79  84  52   4   1  11  76  71  13  15  77  27   8  59  82 103   0 
M7
  0  28  89 107 105  30  16  16  22 118  17  11  24  48  53 116  26  98  23  84 
120   0 113 122 111  37  86  20 121 114 104  50  15  62  76   4  43  58   2  19 
 40 117   0  37  90   9  29 123   4  28  38 111  11  80  85  58 110  90  43  51 
 43  61 111   0 113  39 115  55  69  96  33  78  26  89  80  54  11   4 101  29 
111  85  60  46   0  93  86  65  93 119 101  17  13  70  44 121  64  18 118  65 
  4  15  65  89  17   0 113 122  55  89  10  59  83  13 107  34  23 107  55  39 
 26 124  28  58  68  29   0  89  70  23  20 101  31  19  68  26  89  90  70  76 
 50  22  63  77  34  75  21   0  36  82  93 109  63  56 110  80  71  36  38 119 
 28  98 105  40  32 122  98  29   0 116   7  26  37   3  24  94 118 117 117  47 
 52  63  71  48  99  55  36  28  72   0  93   4 113  70  43  23  19  39  64  54 
 70  46   2 110  51  33  49  91  78  47   0 118 101  75 124  88  70  55  85   1 
 56   1  27  26  17  15 101 111  32  40  85   0  30  80  64  67  83 103  17  93 
107  50 107  44  33 121 102  55  80  50  75  42   0  99  26   6  94  70   9 119 
  5  71  26  76  93 108 112 103  27  90 105  20  91   0  20  21  80  64  80  55 
 61   4  84  98  30 105  42  53  34  21  98  48  82  25   0  12  33  48  51  98 
 70  87   9  16  53  57  50  33  33 105 101  60  89 117  42   0  62  47 121  57 
109   8  68  72  77  98 115  29 112  27  38  41  92  44  17  73   0  55  56  81 
  7  98 121  93  35  73 121  53  76   6  55 109   8  29  38 120  43   0  97  93 
121 124   6  73  19  15  99  95  23  53  66  73 100  63  33  40  99  31   0  49 
 27  74 121  79  84  52   4   1  11  76  71  13  15  77  27   8  59  82 103   0 
M8
  0  28  89 107 105  30  16  16  22 118  17  11  24  48  53 116  26  98  23  84 
120   0 113 122 111  37  86  20 121 114 104  50  15  62  76   4  43  58   2  19 
 40 117   0  37  90   9  29 123   4  28  38 111  11  80  85  58 110  90  43  51 
 43  61 111   0 113  39 115  55  69  96  33  78  26  89  80  54  11   4 101  29 
111  85  60  46   0  93  86  65  93 119 101  17  13  70  44 121  64  18 118  65 
  4  15  65  89  17   0 113 122  55  89  10  59  83  13 107  34  23 107  55  39 
 26 124  28  58  68  29   0  89  70  23  20 101  31  19  68  26  89  90  70  76 
 50  22  63  77  34  75  21   0  36  82  93 109  63  56 110  80  71  36  38 119 
 28  98 105  40  32 122  98  29   0 116   7  26  37   3  24  94 118 117 117  47 
 52  63  71  48  99  55  36  28  72   0  93   4 113  70  43  23  19  39  64  54 
 70  46   2 110  51  33  49  91  78  47   0 118 101  75 124  88  70  55  85   1 
 56   1  27  26  17  15 101 111  32  40  85   0  30  80  64  67  83 103  17  93 
107  50 107  44  33 121 102  55  80  50  75  42   0  99  26   6  94  70   9 119 
  5  71  26  76  93 108 112 103  27  90 105  20  91   0  20  21  80  64  80  55 
 61   4  84  98  30 105  42  53  34  21  98  48  82  25   0  12  33  48  51  98 
 70  87   9  16  53  57  50  33  33 105 101  60  89 117  42   0  62  47 121  57 
109   8  68  72  77  98 115  29 112  27  38  41  92  44  17  73   0  55  56  81 
  7  98 121  93  35  73 121  53  76   6  55 109   8  29  38 120  43   0  97  93 
121 124   6  73  19  15  99  95  23  53  66  73 100  63  33  40  99  31   0  49 
 27  74 121  79  84  52   4   1  11  76  71  13  15  77  27   8  59  82 103   0 
M9
  0  28  89 107 105  30  16  16  22 118  17  11  24  48  53 116  26  98  23  84 
120   0 113 122 111  37  86  20 121 114 104  50  15  62  76   4  43  58   2  19 
 40 117   0  37  90   9  29 123   4  28  38 111  11  80  85  58 110  90  43  51 
 43  61 111   0 113  39 115  55  69  96  33  78  26  89  80  54  11   4 101  29 
111  85  60  46   0  93  86  65  93 119 101  17  13  70  44 121  64  18 118  65 
  4  15  65  89  17   0 113 122  55  89  10  59  83  13 107  34  23 107  55  39 
 26 124  28  58  68  29   0  89  70  23  20 101  31  19  68  26  89  90  70  76 
 50  22  63  77  34  75  21   0  36  82  93 109  63  56 110  80  71  36  38 119 
 28  98 105  40  32 122  98  29   0 116   7  26  37   3  24  94 118 117 117  47 
 52  63  71  48  99  55  36  28  72   0  93   4 113  70  43  23  19  39  64  54 
 70  46   2 110  51  33  49  91  78  47   0 118 101  75 124  88  70  55  85   1 
 56   1  27  26  17  15 101 111  32  40  85   0  30  80  64  67  83 103  17  93 
107  50 107  44  33 121 102  55  80  50  75  42   0  99  26   6  94  70   9 119 
  5  71  26  76  93 108 112 103  27  90 105  20  91   0  20  21  80  64  80  55 
 61   4  84  98  30 105  42  53  34  21  98  48  82  25   0  12  33  48  51  98 
 70  87   9  16  53  57  50  33  33 105 101  60  89 117  42   0  62  47 121  57 
109   8  68  72  77  98 115  29 112  27  38  41  92  44  17  73   0  55  56  81 
  7  98 121  93  35  73 121  53  76   6  55 109   8  29  38 120  43   0  97  93 
121 124   6  73  19  15  99  95  23  53  66  73 100  63  33  40  99  31   0  49 
 27  74 121  79  84  52   4   1  11  76  71  13  15  77  27   8  59  82 103   0 
Reldue
 4150    9    8
 2741    3    4
 4714    6    3
 2920    4    8
 2598    8    2
 4049    3    8
 2002    8    4
 2270    9    8
 4003    9    5
 4350    4    1
 1573    6    2
 2873    7    7
 1733    7    5
 1730    1    6
 4496    7    6
 3228    1    6
 3006    2    7
 3810    8    6
 3360    7    7
 4330    3    1
DDW
 3745  4556
 2598  2884
 4291  5136
 2636  3203
 2339  2856
 3716  4383
 1845  2160
 2104  2437
 3717  4289
 4060  4640
 1455  1692
 2684  3061
 1576  1890
 1569  1891
 4087  4904
 2939  3517
 2785  3227
 3583  4037
 3132  3588
 4077  4583
