20   8
MD
  3  4  2  3  2  2  5  2
PT
 10  45  44  95  60  96  33  55  92  52  37  76  12  26  76  49  37  59  14  60 
 53  71  24  63   4  28  10  95  95  23  93  50  24  40  88  62  10  10  12  45 
 94  68  16  61  96  80   7  32  81  95  49  44  98  42  46  45  56  66   4  42 
 28  33  61  53  19  82  84  10  66   4  65  20  12  24  63  77  24  76  96  93 
 39  15  89  60  39  48  43  98   7   5  44   2  36  78  90  74  66  59  99  19 
 71  30  89   1  13  58  28  34  37  82  76  76  14  41  23  13  38  61  46  57 
 77  82   3  17  80  98  14  45  90   4  43  74  60  36  68  18  84  12  45  49 
 79  60  14  49  13  96  58  71  20   5  65  34  25  17   8  85  31  22  27  18 
SSD
M0
  0  52  75  87  15 118 119  75   2  24  54  74  88 123  23   4  82   6  54  13 
 23   0 111  33  83  30 115  28  32  61  57  51  59  40 123  30  99  27 120  79 
 54  53   0 113  20  49  64  51  94 107  13  81  64 107  70  58  18  86 104 108 
123 124 101   0  14  30  92  73  99  35  62  96  52  32  56 101  78  54 110 104 
 53  87  67  32   0 114  30  39  57  84 100  13 120  47  53 114 120  63  90   4 
 44  12  15  30  33   0 108  93   7 109  64 110  88  94  30  56 101  13 102  26 
 51  69  24  14  86  75   0  43  81  30  75  11  88  41  35  34 104  77  70  81 
116 102  83   6  47  14  55   0 100  63 118  42  31 110 100 107  17 114  36  83 
 63  94  50  35 111 108  28 123   0 124  56 101 105  79 109  20  36 103  43  70 
 75  49 122  72  15   6   6  57  57   0  93  55  24  30  16  70  12 117  45  49 
 42  91 101  25  21  60  90  22  29  84   0 101 107  48   6  78 110  30  74  47 
124   9  87 121  55   8  96  46 121  17  25   0  53  30  16  67 100  11  26  59 
 51  26   9  50  67 102  19  10  28  36  46   3   0  58  72  76 123  96  93  15 
 28  13   1  15 118 110 124  19 104  79  16  63  82   0 117 119  16 113 116  71 
 63 123  32  84  87  34  46 100  86  68  73  66  28  34   0  65  32  59  16 113 
  4  59  46 120  30  68  44  62  19 105 111  31  66  53  51   0  68  80 112 109 
 46  47  88  19  14  40  89  55 109  28 111  94   4   9  41 102   0  63  87  96 
 89  49   4  51 114  37  52 104 103  65  45  74   6  63  52 120 115   0  15  81 
104  75  60 119   2 109  31  51  44  12  97  86  78  30 122  91   5  66   0  70 
 77  63 106  91  22  91  73 113  88   5  27  34  48  90 112 121 117  39  36   0 
M1
  0  52  75  87  15 118 119  75   2  24  54  74  88 123  23   4  82   6  54  13 
 23   0 111  33  83  30 115  28  32  61  57  51  59  40 123  30  99  27 120  79 
 54  53   0 113  20  49  64  51  94 107  13  81  64 107  70  58  18  86 104 108 
123 124 101   0  14  30  92  73  99  35  62  96  52  32  56 101  78  54 110 104 
 53  87  67  32   0 114  30  39  57  84 100  13 120  47  53 114 120  63  90   4 
 44  12  15  30  33   0 108  93   7 109  64 110  88  94  30  56 101  13 102  26 
 51  69  24  14  86  75   0  43  81  30  75  11  88  41  35  34 104  77  70  81 
116 102  83   6  47  14  55   0 100  63 118  42  31 110 100 107  17 114  36  83 
 63  94  50  35 111 108  28 123   0 124  56 101 105  79 109  20  36 103  43  70 
 75  49 122  72  15   6   6  57  57   0  93  55  24  30  16  70  12 117  45  49 
 42  91 101  25  21  60  90  22  29  84   0 101 107  48   6  78 110  30  74  47 
124   9  87 121  55   8  96  46 121  17  25   0  53  30  16  67 100  11  26  59 
 51  26   9  50  67 102  19  10  28  36  46   3   0  58  72  76 123  96  93  15 
 28  13   1  15 118 110 124  19 104  79  16  63  82   0 117 119  16 113 116  71 
 63 123  32  84  87  34  46 100  86  68  73  66  28  34   0  65  32  59  16 113 
  4  59  46 120  30  68  44  62  19 105 111  31  66  53  51   0  68  80 112 109 
 46  47  88  19  14  40  89  55 109  28 111  94   4   9  41 102   0  63  87  96 
 89  49   4  51 114  37  52 104 103  65  45  74   6  63  52 120 115   0  15  81 
104  75  60 119   2 109  31  51  44  12  97  86  78  30 122  91   5  66   0  70 
 77  63 106  91  22  91  73 113  88   5  27  34  48  90 112 121 117  39  36   0 
M2
  0  52  75  87  15 118 119  75   2  24  54  74  88 123  23   4  82   6  54  13 
 23   0 111  33  83  30 115  28  32  61  57  51  59  40 123  30  99  27 120  79 
 54  53   0 113  20  49  64  51  94 107  13  81  64 107  70  58  18  86 104 108 
123 124 101   0  14  30  92  73  99  35  62  96  52  32  56 101  78  54 110 104 
 53  87  67  32   0 114  30  39  57  84 100  13 120  47  53 114 120  63  90   4 
 44  12  15  30  33   0 108  93   7 109  64 110  88  94  30  56 101  13 102  26 
 51  69  24  14  86  75   0  43  81  30  75  11  88  41  35  34 104  77  70  81 
116 102  83   6  47  14  55   0 100  63 118  42  31 110 100 107  17 114  36  83 
 63  94  50  35 111 108  28 123   0 124  56 101 105  79 109  20  36 103  43  70 
 75  49 122  72  15   6   6  57  57   0  93  55  24  30  16  70  12 117  45  49 
 42  91 101  25  21  60  90  22  29  84   0 101 107  48   6  78 110  30  74  47 
124   9  87 121  55   8  96  46 121  17  25   0  53  30  16  67 100  11  26  59 
 51  26   9  50  67 102  19  10  28  36  46   3   0  58  72  76 123  96  93  15 
 28  13   1  15 118 110 124  19 104  79  16  63  82   0 117 119  16 113 116  71 
 63 123  32  84  87  34  46 100  86  68  73  66  28  34   0  65  32  59  16 113 
  4  59  46 120  30  68  44  62  19 105 111  31  66  53  51   0  68  80 112 109 
 46  47  88  19  14  40  89  55 109  28 111  94   4   9  41 102   0  63  87  96 
 89  49   4  51 114  37  52 104 103  65  45  74   6  63  52 120 115   0  15  81 
104  75  60 119   2 109  31  51  44  12  97  86  78  30 122  91   5  66   0  70 
 77  63 106  91  22  91  73 113  88   5  27  34  48  90 112 121 117  39  36   0 
M3
  0  52  75  87  15 118 119  75   2  24  54  74  88 123  23   4  82   6  54  13 
 23   0 111  33  83  30 115  28  32  61  57  51  59  40 123  30  99  27 120  79 
 54  53   0 113  20  49  64  51  94 107  13  81  64 107  70  58  18  86 104 108 
123 124 101   0  14  30  92  73  99  35  62  96  52  32  56 101  78  54 110 104 
 53  87  67  32   0 114  30  39  57  84 100  13 120  47  53 114 120  63  90   4 
 44  12  15  30  33   0 108  93   7 109  64 110  88  94  30  56 101  13 102  26 
 51  69  24  14  86  75   0  43  81  30  75  11  88  41  35  34 104  77  70  81 
116 102  83   6  47  14  55   0 100  63 118  42  31 110 100 107  17 114  36  83 
 63  94  50  35 111 108  28 123   0 124  56 101 105  79 109  20  36 103  43  70 
 75  49 122  72  15   6   6  57  57   0  93  55  24  30  16  70  12 117  45  49 
 42  91 101  25  21  60  90  22  29  84   0 101 107  48   6  78 110  30  74  47 
124   9  87 121  55   8  96  46 121  17  25   0  53  30  16  67 100  11  26  59 
 51  26   9  50  67 102  19  10  28  36  46   3   0  58  72  76 123  96  93  15 
 28  13   1  15 118 110 124  19 104  79  16  63  82   0 117 119  16 113 116  71 
 63 123  32  84  87  34  46 100  86  68  73  66  28  34   0  65  32  59  16 113 
  4  59  46 120  30  68  44  62  19 105 111  31  66  53  51   0  68  80 112 109 
 46  47  88  19  14  40  89  55 109  28 111  94   4   9  41 102   0  63  87  96 
 89  49   4  51 114  37  52 104 103  65  45  74   6  63  52 120 115   0  15  81 
104  75  60 119   2 109  31  51  44  12  97  86  78  30 122  91   5  66   0  70 
 77  63 106  91  22  91  73 113  88   5  27  34  48  90 112 121 117  39  36   0 
M4
  0  52  75  87  15 118 119  75   2  24  54  74  88 123  23   4  82   6  54  13 
 23   0 111  33  83  30 115  28  32  61  57  51  59  40 123  30  99  27 120  79 
 54  53   0 113  20  49  64  51  94 107  13  81  64 107  70  58  18  86 104 108 
123 124 101   0  14  30  92  73  99  35  62  96  52  32  56 101  78  54 110 104 
 53  87  67  32   0 114  30  39  57  84 100  13 120  47  53 114 120  63  90   4 
 44  12  15  30  33   0 108  93   7 109  64 110  88  94  30  56 101  13 102  26 
 51  69  24  14  86  75   0  43  81  30  75  11  88  41  35  34 104  77  70  81 
116 102  83   6  47  14  55   0 100  63 118  42  31 110 100 107  17 114  36  83 
 63  94  50  35 111 108  28 123   0 124  56 101 105  79 109  20  36 103  43  70 
 75  49 122  72  15   6   6  57  57   0  93  55  24  30  16  70  12 117  45  49 
 42  91 101  25  21  60  90  22  29  84   0 101 107  48   6  78 110  30  74  47 
124   9  87 121  55   8  96  46 121  17  25   0  53  30  16  67 100  11  26  59 
 51  26   9  50  67 102  19  10  28  36  46   3   0  58  72  76 123  96  93  15 
 28  13   1  15 118 110 124  19 104  79  16  63  82   0 117 119  16 113 116  71 
 63 123  32  84  87  34  46 100  86  68  73  66  28  34   0  65  32  59  16 113 
  4  59  46 120  30  68  44  62  19 105 111  31  66  53  51   0  68  80 112 109 
 46  47  88  19  14  40  89  55 109  28 111  94   4   9  41 102   0  63  87  96 
 89  49   4  51 114  37  52 104 103  65  45  74   6  63  52 120 115   0  15  81 
104  75  60 119   2 109  31  51  44  12  97  86  78  30 122  91   5  66   0  70 
 77  63 106  91  22  91  73 113  88   5  27  34  48  90 112 121 117  39  36   0 
M5
  0  52  75  87  15 118 119  75   2  24  54  74  88 123  23   4  82   6  54  13 
 23   0 111  33  83  30 115  28  32  61  57  51  59  40 123  30  99  27 120  79 
 54  53   0 113  20  49  64  51  94 107  13  81  64 107  70  58  18  86 104 108 
123 124 101   0  14  30  92  73  99  35  62  96  52  32  56 101  78  54 110 104 
 53  87  67  32   0 114  30  39  57  84 100  13 120  47  53 114 120  63  90   4 
 44  12  15  30  33   0 108  93   7 109  64 110  88  94  30  56 101  13 102  26 
 51  69  24  14  86  75   0  43  81  30  75  11  88  41  35  34 104  77  70  81 
116 102  83   6  47  14  55   0 100  63 118  42  31 110 100 107  17 114  36  83 
 63  94  50  35 111 108  28 123   0 124  56 101 105  79 109  20  36 103  43  70 
 75  49 122  72  15   6   6  57  57   0  93  55  24  30  16  70  12 117  45  49 
 42  91 101  25  21  60  90  22  29  84   0 101 107  48   6  78 110  30  74  47 
124   9  87 121  55   8  96  46 121  17  25   0  53  30  16  67 100  11  26  59 
 51  26   9  50  67 102  19  10  28  36  46   3   0  58  72  76 123  96  93  15 
 28  13   1  15 118 110 124  19 104  79  16  63  82   0 117 119  16 113 116  71 
 63 123  32  84  87  34  46 100  86  68  73  66  28  34   0  65  32  59  16 113 
  4  59  46 120  30  68  44  62  19 105 111  31  66  53  51   0  68  80 112 109 
 46  47  88  19  14  40  89  55 109  28 111  94   4   9  41 102   0  63  87  96 
 89  49   4  51 114  37  52 104 103  65  45  74   6  63  52 120 115   0  15  81 
104  75  60 119   2 109  31  51  44  12  97  86  78  30 122  91   5  66   0  70 
 77  63 106  91  22  91  73 113  88   5  27  34  48  90 112 121 117  39  36   0 
M6
  0  52  75  87  15 118 119  75   2  24  54  74  88 123  23   4  82   6  54  13 
 23   0 111  33  83  30 115  28  32  61  57  51  59  40 123  30  99  27 120  79 
 54  53   0 113  20  49  64  51  94 107  13  81  64 107  70  58  18  86 104 108 
123 124 101   0  14  30  92  73  99  35  62  96  52  32  56 101  78  54 110 104 
 53  87  67  32   0 114  30  39  57  84 100  13 120  47  53 114 120  63  90   4 
 44  12  15  30  33   0 108  93   7 109  64 110  88  94  30  56 101  13 102  26 
 51  69  24  14  86  75   0  43  81  30  75  11  88  41  35  34 104  77  70  81 
116 102  83   6  47  14  55   0 100  63 118  42  31 110 100 107  17 114  36  83 
 63  94  50  35 111 108  28 123   0 124  56 101 105  79 109  20  36 103  43  70 
 75  49 122  72  15   6   6  57  57   0  93  55  24  30  16  70  12 117  45  49 
 42  91 101  25  21  60  90  22  29  84   0 101 107  48   6  78 110  30  74  47 
124   9  87 121  55   8  96  46 121  17  25   0  53  30  16  67 100  11  26  59 
 51  26   9  50  67 102  19  10  28  36  46   3   0  58  72  76 123  96  93  15 
 28  13   1  15 118 110 124  19 104  79  16  63  82   0 117 119  16 113 116  71 
 63 123  32  84  87  34  46 100  86  68  73  66  28  34   0  65  32  59  16 113 
  4  59  46 120  30  68  44  62  19 105 111  31  66  53  51   0  68  80 112 109 
 46  47  88  19  14  40  89  55 109  28 111  94   4   9  41 102   0  63  87  96 
 89  49   4  51 114  37  52 104 103  65  45  74   6  63  52 120 115   0  15  81 
104  75  60 119   2 109  31  51  44  12  97  86  78  30 122  91   5  66   0  70 
 77  63 106  91  22  91  73 113  88   5  27  34  48  90 112 121 117  39  36   0 
M7
  0  52  75  87  15 118 119  75   2  24  54  74  88 123  23   4  82   6  54  13 
 23   0 111  33  83  30 115  28  32  61  57  51  59  40 123  30  99  27 120  79 
 54  53   0 113  20  49  64  51  94 107  13  81  64 107  70  58  18  86 104 108 
123 124 101   0  14  30  92  73  99  35  62  96  52  32  56 101  78  54 110 104 
 53  87  67  32   0 114  30  39  57  84 100  13 120  47  53 114 120  63  90   4 
 44  12  15  30  33   0 108  93   7 109  64 110  88  94  30  56 101  13 102  26 
 51  69  24  14  86  75   0  43  81  30  75  11  88  41  35  34 104  77  70  81 
116 102  83   6  47  14  55   0 100  63 118  42  31 110 100 107  17 114  36  83 
 63  94  50  35 111 108  28 123   0 124  56 101 105  79 109  20  36 103  43  70 
 75  49 122  72  15   6   6  57  57   0  93  55  24  30  16  70  12 117  45  49 
 42  91 101  25  21  60  90  22  29  84   0 101 107  48   6  78 110  30  74  47 
124   9  87 121  55   8  96  46 121  17  25   0  53  30  16  67 100  11  26  59 
 51  26   9  50  67 102  19  10  28  36  46   3   0  58  72  76 123  96  93  15 
 28  13   1  15 118 110 124  19 104  79  16  63  82   0 117 119  16 113 116  71 
 63 123  32  84  87  34  46 100  86  68  73  66  28  34   0  65  32  59  16 113 
  4  59  46 120  30  68  44  62  19 105 111  31  66  53  51   0  68  80 112 109 
 46  47  88  19  14  40  89  55 109  28 111  94   4   9  41 102   0  63  87  96 
 89  49   4  51 114  37  52 104 103  65  45  74   6  63  52 120 115   0  15  81 
104  75  60 119   2 109  31  51  44  12  97  86  78  30 122  91   5  66   0  70 
 77  63 106  91  22  91  73 113  88   5  27  34  48  90 112 121 117  39  36   0 
Reldue
 1305    7    2
 2660    1    4
 1041    9    1
 3120    6    3
 1381    6    7
 2720    7    5
  851    6    2
 2560    3    5
 3321    6    7
 2986    2    9
 3188    6    6
 2936    8    8
 1264    7    4
 1086    2    3
 3331    5    8
 2776    7    6
 3448    3    7
 1271    7    1
 2918    7    1
 1188    4    2
DDW
 1175  1434
 2413  2906
  949  1133
 2951  3290
 1274  1489
 2554  2886
  769   934
 2407  2713
 3073  3569
 2790  3182
 2941  3435
 2692  3180
 1183  1344
  991  1182
 3150  3512
 2587  2964
 3222  3674
 1151  1391
 2658  3179
 1116  1261
