50   5
MD
  5  4  2  2  5
PT
 49   9  61  65  92  16  19  78  42   9  20  29  82   5  70  33  26  41  98  73  27   5  45  44   4  68  89   8  48  60  43  45  17  27  48  83  77  92  10  53  52   2  32  14  54  84  41  31  18  44 
 17  57  20  57  82  37  50  60  18  75  69  48  64  53  26   1  88  41  99  84  73  57  47  73  92  29  69  97  22  98  67  65  67  85  61  27  46  23  86  66  77   7  22  41  11  47   6  60  47  75 
 64  57  50  88  69  69  76  90  15  42  69  14  87  37  90  65  89   7  44   1  93  54  74  67  81  41  55  64  90  46  92  98  64  56  92  53  33  46  87  36  90  84  21   3   4  53  49  61  60  38 
 24  14  63  60  39   6   5  84  62  57  80  18   7  97  34  36  20  15  53  33  58  62  25  16  96  67  94  33  18  90  12  48  70  63  47  45  56  23  85  60  82  32   4  92  77  43  49  50  20  15 
 52  62   7  20  86  93  14   5  57  18  46  28  10  80  36  92  82  53  13  73  84  59  65  65  21  10  60  54  16  64  63   7  87  95  47  74  94  96  84  88  83  73  60  61  36  86  91   1  30  26 
SSD
M0
  0  45  50 112  16  20 119  27   3  52  56  20  47 122  57  17   7  71  91  87 112  93  18   6  79   6  93  52 115  10   9  99  57  16  94  92  61 113  94  23  53  75 105 107  19  66 101  83 121 123 
107   0  90  95  74  42  11  85  89 123  71 121  82  54  98 109 100  56  39 104  53  36  76  21   9  68   4  83  17   9  75  98  74   6  25  78  50  49  96  27  98  69  60 114  40  49 102  64 117  37 
  5 101   0 115 118  70  69  96 112 114  94  49  36  63 105  49   3  93  95   3  18  36  76  57  70  16  69  52  70 113  54 123  57  86  77  29   8  27 106   8  40  78  89  65  66 122 108  37  15  11 
 81  95  82   0  37  64  93  37  68 109  30  95  28  87  27  54  65  46  28  92 119  90  70  79  33  21  23   2  97  76 115 124  12  16 103   9 108 123 104  69 107  82  12  99 122  58  57 113   7  23 
113  11 103  91   0  82  91  78  17 121  68  89  72  69  54   6  15  13  94  14  80  61  80  45  89  76  55 107  23 111  10  80  23   9  51 119   2   8   5   6  94 120  23 120  86  74  78  14  87  38 
 67  93  23   8  44   0 102 115  87  39  78  11  51  60  73 124 116  45  34  13  25  13  72 111  23 119  47 111 112  73  68  21  50  81 122  55 110  61 122 113  22  23  10  43  23  88   2  42  79  22 
111  66  30  25  95 101   0  88 122 119  90  45  26  84 112  54  22  57  60  93  70 106  55  65  10 111  10  73 123  84  55   8  81   7  80  13  77  29  12 124 103 110  34  77  14 119  68   5  67  49 
 58  81 115  93 110  14 116   0  59  20 119 106  18  87  70  99  40  61  17  28  68  88 102  31  23  40  47  43  80  26  32 109  52  60  17 114  67  95  86   5  23  18  47 121  56  73  72 124  97  74 
 32  81 118  75 102 101  12  78   0  26 122 105 118  93  67  83  46  13 101   8 122  62 119  55 105 113 111  57 114  76  68 118  18  15  66  68  63  81  79  76  63  20  78  80  17   8 122  96 118  56 
102  72   7  40 123  62   9  23  75   0  15  27  55  81  26  27  10  28  38   1  56 100  29   2 117  92 117  18 111 110  71  64 123 108  31  67 119  32  33  46   6  37  10 106  21 106  81 120  67  85 
 32  61  71  63  75  29  57  47  30 111   0 103  99  76  76  48 108   8 113  91  92  39   6  17 105  64  36  33  57  98 110  98  18  12  63  49  16  11 104   1 108  87  69  25  41  37  11 122  74 114 
 94  32 118   7  42  85  45  40  55  10  64   0  68  40  95  39   4   8   9  24  26  58  73  23  51  57  93  18  76   3  68  92  15 114  15 103 113  32  73 117  62  56  20  50  19  51  35  98  15  74 
 97  44  29  10 115  33  19  49  97  84  40 117   0 112  85 121 106  90  27  25  19  80   7  79 108  67  21  32  85  15 121  77  97  87  19  34  49 123  48  15  36 111   4  58  48  41  39  59  93  35 
 18  68  72  49  79  59  27  28  18  85  99 123  73   0  82  80  97  28  94  23   5  33  61  94   8  37  42  94  54  43  67  18  93  51  79  11  80  46  18  22 105  78  52  96  45 100  65 110  50  89 
120 112 114  99 123  94   9  29 124 115 104  77  19 100   0  49 122 107   8   9  89  43  38  48  24  61 113  13 102  73   3  88  70  25  31  67  54  39  10 107 102  51 117  18   1  12  60  58 108 100 
 82   7  55  20  83  36  99  55  48 107 112 116  47  64  43   0  72  67  12  65  86  63  87  20 110  68  27  43 107  83 102   8 115   3  61  76  16  13  85 116  72  64  17  62  75  66  65  36   5  96 
114  42  17  37 113  55  86   1  74  66  91  24  96 111  48  87   0  14  95  37  46 113 110  51   5   2  57  81  96  42  72  27  54  74  21 115  51  27  55   3  73  13  63 106  88  27   6 111  56  85 
 58   3 119 100 110 123   3   4  40  95  82  72  61  76  88 106 100   0 116  25  65   6  69  86 102  36  98  35  70  48  98  15  17 104  90  48  56  86  86   1  93  82  40  40  65  17  95  16  83  48 
 57  39  38  63  63  52  94 107  19  44  24  52 110  34  10 102  70  91   0 118  52  21  88  65  47  64  33  81   5 121  15  12 124  36  44  72  72 121  47 113  80  16  59 109 106  45   6  82   9  13 
 71  31  24 101  22  97   4  38  41  69 105  70  60  49  91  12  70 118 118   0  75  63  43   1   9  92 100 114  93  77  30  18  30  85  12  10 100 112  71   2  78  85 117  47  24  52   6  56  17  73 
 11   1  95  28  60  50  38 113  19  43  51  20 115   2  31  42  78  45  33 119   0  95  82  11 108  10  61  89  95 107  67  72  47  52  12 103   4  88 117  59 111  63  79  13  73  53  54  48  53  97 
 52  27   9  83  76  20  83 123  36  53 122  45  48  47  73 101  32  20  77  86 109   0 103  35  34  27  18  24 116  14 111 103  23  16  45  93  74  43  45  86  30 105 112  56  27  82  28   6  69  44 
 93  64  87 118  96 104  23 104  78 120  18  46 111  39  45  88 116  84  32  29  20  89   0  83  79  27  74  15   7  27  57  91  45  11  63 114  29  90  56  88  20  19  79  83  97  81   7  58 121 115 
 52  13  29  97 109  35  79   3  28  20   3  13  43  85  68 104  44  58  90  43  48  27  17   0   7  17  34 110  77  50  86  21   8  63  74  95  76  18   4  43  20  96  27   9  22  58 102 104  19 108 
  3 104 112  34  22  52  24  65  76  22  28  28  16  53  28  77  38 122  77  37  40  40  10  63   0  84  12 111 114  82 120  40  67  73  67  50  61  97  55  68   3   5  47  69  34  91  68  68 124  85 
 79   4 106   4  91  25  36  35  39  31 117  28  32 114  92  29 103 105  21  66  99   4  97  51 117   0  67  46   2  96  15  43 119  31  52  46   3  79  19  28  53   7  13  78  91  31  96  52  49 118 
 83  53  53 110  65  42  32  15   3  62 113  71  64  18  92  18  65  25  43   2 103  80 124  67 109  82   0  89  39  42  71  63  14  80  78  45  77  16  24 110  64  31  85  41 117  52  26   4 118 116 
 61  53  14  46  31  81  94  31  22  39  23  50  66  30  49  19   3  49  43  18 104  28  49  89  84  68  26   0 111  89 122  30  53  71 111  62  14 109 107  88  94  87  68 120  98  13 104  99 122  30 
 90  45   8  52   8  28 114 102  82  13 111  70 100  28  24  53   5  89 111  86   5 102  24 118  41  11  32 117   0  49  18  13  54  50  49   1  69   3 104   8 117  64 104 117  30  85 110  72  52  67 
 17  33  63  86  84  53 115  43   4  16  95 105   8 115 114  72  93  26  68  66  36  10  83  52  73  74  99 106 114   0  27  51 111  30   3 104  50  97 110  21  93  96  46  76  19  82 111  70 113  14 
 90 103  11  45  43 105 115 117   9  31  97   6  67  55  18  31  83  36 116  12  67  39  32  67  85  56  36  65  48 109   0  62  53 124  91  71 124 124  67 117  84  35 116  26  66  53 124  89 110  52 
  6 113  23  60   6 108  68  83  73  99  20  60  97  22  93  66  57  75 117  31  27  61  36  15  95  91   2  12  70  36 112   0  15  81  43  85 115  44  22  36  32 100  75  53  20  47   5  97  75  75 
 60  78 113 109  73 100   6  56  53  82   9  82  25 109  41  44 104  67   2  72  38  13  28  39  68  22  61  32  20  20  60  85   0  42  63 121  78  41  56  49  36  71  66 121  36  46 124  18  36  45 
 94  54 100  82  50  77  91   4  91  70  86  43  37  83  29  58  26  98  68 118   4  97 118  51  27  44 106  88  46  54  91  50   5   0  62  43  33  76 100  38  44  29  90  15  96 103   5  73  23  83 
 48  53  21 124  12 110  12  36  87  58  32  99  80  26  12  83  74  87   5  12  24  40  36 109  18  62   4  49  57  75   2  18  11  39   0   6  12 120  85 118  82  56  87  51  13 106  42 109  65 114 
 59  31  84 102 108   7   7  73  58 115  43 101  19 120  13 110  80  23  19 117  74 119  44  39  20 100  71 114  83   5   4  58  66  25  39   0  57   8  90 106  45  23  59  82 102  98  23  92 112  10 
 55  14 116  98 101  96  56  17  55  95  31 107  79  32  67  80  78  57 117  69 114  86 108 111 123  41   3   2  12  11 123  42  90  22 122  68   0  53  24  74 100  73 118 108  17   8 121  98  97  71 
113 106  31  19  22 110  63   7  15  42  32  12  21   9 120  69   6   2 114  10  78  74  79  61  10 115  58   1 119   3 109 102   7  10  16  75  23   0  54  74 117  23 107  31  28  65  40 115  64  79 
 30 101   7  96  71  71  45  36  80  97 108  28 101 123  59  63  81  90 113  73  66   1 122  43   1  81 105 113  76  58  56 109 119  85 105  42  40 115   0  61  91  47  12  84  96  93  11   6  87  73 
 83 123 106  68 100 110   1 111  70  91  84  65  61  91  44 107  16  98  47 118  34  78 120   1  38 103 101  96  42  15  39 113  65  70  19  35  20 107 101   0  34  58 113  34 108  29  30   4  65  97 
110   4  86  13  26  81  37  54  11  58  39  75 116  61  65 111  37  59 101  20  37 109  70  30  29  83  12  69  92 118  66  47  25  79 106  53  75  65  66  14   0  68  92  90  51  59  99  49  63 111 
113  32  53  43 109  13 115  49   2  10  88  63  57  97  35   3  11  67   1  58  34  67 117  40   9 107 105  43  70 124  54 112  12  16  75  21  89  24 105   5  58   0 122  45  60  73  85 101 112  13 
  3  28  11   9  63  29  16  33  97  78  17  75  24 120 103  76  80 118  78  29 115  57  70  78  23  49 109  88  47 112  40 117 104   3  39 113 109  90 113  93 113 122   0  20 120  59  83  48  29  91 
111 119 124  22  93  87  42  37  32  28  14  81 108  82 121  48  33  18  63   5 103  34 122   8  67  31  30   1 124  32  19 107 111  62  26   4  66  43   3  80 114  42  55   0   7  25  34  45  81   3 
 55  16  20  25  25  97  25 111  25  87  86  98  20 110  36   3 116 114  38 110  66 105  16   2  98  84  39  65  36  71  12 118 105  63  66  24  24 102  15  20  57  97  44   8   0  28  60  57  76  24 
 35 121  46  83  51  48 109  45  95  14  16  32  28  86   9  78  75  35 101  74  76  93  84  17  48  80  58   8  72 110 121  39  96 124  58   3 103  11  84 114  61  93 115  75 106   0  20 123 101  86 
124 110  97 112 110  61  20 122 108  51  89  26  41  44  45 103  17  58   8  59  30  41  19  50 118  33  71 108 118  55  35  95 102  85 102   2  12  99 121 101  69  56  63 111  83  38   0  39  30  93 
 91   6  31  48  91  63  55  32  86  93  45  65 116  56  61 117   3   9  28 111  72  43  89 115  26  23  37  22  73  37  81  85  78  99  50  16  83  33  54  19  12  70 118  52  49  99  67   0 119  30 
100   7  32  84 115  88 100 120 113 118 111  46   5  32  67  22 105  90 104  62  49  78 119  99  19  88  37   3   4  95  93 117  56  64  40  92  72  47  57  98  64 101  34  28  98  23 107  95   0 120 
113  43  26 123 100  11   8  37  85  89  19  28  30  25  10 105 116 104  11  69  57  74  81 119  40 117  31 115  27  73 101  30  90  65 118 123 113  79  80  64   5  90  62  11  70  31  14  63  46   0 
M1
  0  45  50 112  16  20 119  27   3  52  56  20  47 122  57  17   7  71  91  87 112  93  18   6  79   6  93  52 115  10   9  99  57  16  94  92  61 113  94  23  53  75 105 107  19  66 101  83 121 123 
107   0  90  95  74  42  11  85  89 123  71 121  82  54  98 109 100  56  39 104  53  36  76  21   9  68   4  83  17   9  75  98  74   6  25  78  50  49  96  27  98  69  60 114  40  49 102  64 117  37 
  5 101   0 115 118  70  69  96 112 114  94  49  36  63 105  49   3  93  95   3  18  36  76  57  70  16  69  52  70 113  54 123  57  86  77  29   8  27 106   8  40  78  89  65  66 122 108  37  15  11 
 81  95  82   0  37  64  93  37  68 109  30  95  28  87  27  54  65  46  28  92 119  90  70  79  33  21  23   2  97  76 115 124  12  16 103   9 108 123 104  69 107  82  12  99 122  58  57 113   7  23 
113  11 103  91   0  82  91  78  17 121  68  89  72  69  54   6  15  13  94  14  80  61  80  45  89  76  55 107  23 111  10  80  23   9  51 119   2   8   5   6  94 120  23 120  86  74  78  14  87  38 
 67  93  23   8  44   0 102 115  87  39  78  11  51  60  73 124 116  45  34  13  25  13  72 111  23 119  47 111 112  73  68  21  50  81 122  55 110  61 122 113  22  23  10  43  23  88   2  42  79  22 
111  66  30  25  95 101   0  88 122 119  90  45  26  84 112  54  22  57  60  93  70 106  55  65  10 111  10  73 123  84  55   8  81   7  80  13  77  29  12 124 103 110  34  77  14 119  68   5  67  49 
 58  81 115  93 110  14 116   0  59  20 119 106  18  87  70  99  40  61  17  28  68  88 102  31  23  40  47  43  80  26  32 109  52  60  17 114  67  95  86   5  23  18  47 121  56  73  72 124  97  74 
 32  81 118  75 102 101  12  78   0  26 122 105 118  93  67  83  46  13 101   8 122  62 119  55 105 113 111  57 114  76  68 118  18  15  66  68  63  81  79  76  63  20  78  80  17   8 122  96 118  56 
102  72   7  40 123  62   9  23  75   0  15  27  55  81  26  27  10  28  38   1  56 100  29   2 117  92 117  18 111 110  71  64 123 108  31  67 119  32  33  46   6  37  10 106  21 106  81 120  67  85 
 32  61  71  63  75  29  57  47  30 111   0 103  99  76  76  48 108   8 113  91  92  39   6  17 105  64  36  33  57  98 110  98  18  12  63  49  16  11 104   1 108  87  69  25  41  37  11 122  74 114 
 94  32 118   7  42  85  45  40  55  10  64   0  68  40  95  39   4   8   9  24  26  58  73  23  51  57  93  18  76   3  68  92  15 114  15 103 113  32  73 117  62  56  20  50  19  51  35  98  15  74 
 97  44  29  10 115  33  19  49  97  84  40 117   0 112  85 121 106  90  27  25  19  80   7  79 108  67  21  32  85  15 121  77  97  87  19  34  49 123  48  15  36 111   4  58  48  41  39  59  93  35 
 18  68  72  49  79  59  27  28  18  85  99 123  73   0  82  80  97  28  94  23   5  33  61  94   8  37  42  94  54  43  67  18  93  51  79  11  80  46  18  22 105  78  52  96  45 100  65 110  50  89 
120 112 114  99 123  94   9  29 124 115 104  77  19 100   0  49 122 107   8   9  89  43  38  48  24  61 113  13 102  73   3  88  70  25  31  67  54  39  10 107 102  51 117  18   1  12  60  58 108 100 
 82   7  55  20  83  36  99  55  48 107 112 116  47  64  43   0  72  67  12  65  86  63  87  20 110  68  27  43 107  83 102   8 115   3  61  76  16  13  85 116  72  64  17  62  75  66  65  36   5  96 
114  42  17  37 113  55  86   1  74  66  91  24  96 111  48  87   0  14  95  37  46 113 110  51   5   2  57  81  96  42  72  27  54  74  21 115  51  27  55   3  73  13  63 106  88  27   6 111  56  85 
 58   3 119 100 110 123   3   4  40  95  82  72  61  76  88 106 100   0 116  25  65   6  69  86 102  36  98  35  70  48  98  15  17 104  90  48  56  86  86   1  93  82  40  40  65  17  95  16  83  48 
 57  39  38  63  63  52  94 107  19  44  24  52 110  34  10 102  70  91   0 118  52  21  88  65  47  64  33  81   5 121  15  12 124  36  44  72  72 121  47 113  80  16  59 109 106  45   6  82   9  13 
 71  31  24 101  22  97   4  38  41  69 105  70  60  49  91  12  70 118 118   0  75  63  43   1   9  92 100 114  93  77  30  18  30  85  12  10 100 112  71   2  78  85 117  47  24  52   6  56  17  73 
 11   1  95  28  60  50  38 113  19  43  51  20 115   2  31  42  78  45  33 119   0  95  82  11 108  10  61  89  95 107  67  72  47  52  12 103   4  88 117  59 111  63  79  13  73  53  54  48  53  97 
 52  27   9  83  76  20  83 123  36  53 122  45  48  47  73 101  32  20  77  86 109   0 103  35  34  27  18  24 116  14 111 103  23  16  45  93  74  43  45  86  30 105 112  56  27  82  28   6  69  44 
 93  64  87 118  96 104  23 104  78 120  18  46 111  39  45  88 116  84  32  29  20  89   0  83  79  27  74  15   7  27  57  91  45  11  63 114  29  90  56  88  20  19  79  83  97  81   7  58 121 115 
 52  13  29  97 109  35  79   3  28  20   3  13  43  85  68 104  44  58  90  43  48  27  17   0   7  17  34 110  77  50  86  21   8  63  74  95  76  18   4  43  20  96  27   9  22  58 102 104  19 108 
  3 104 112  34  22  52  24  65  76  22  28  28  16  53  28  77  38 122  77  37  40  40  10  63   0  84  12 111 114  82 120  40  67  73  67  50  61  97  55  68   3   5  47  69  34  91  68  68 124  85 
 79   4 106   4  91  25  36  35  39  31 117  28  32 114  92  29 103 105  21  66  99   4  97  51 117   0  67  46   2  96  15  43 119  31  52  46   3  79  19  28  53   7  13  78  91  31  96  52  49 118 
 83  53  53 110  65  42  32  15   3  62 113  71  64  18  92  18  65  25  43   2 103  80 124  67 109  82   0  89  39  42  71  63  14  80  78  45  77  16  24 110  64  31  85  41 117  52  26   4 118 116 
 61  53  14  46  31  81  94  31  22  39  23  50  66  30  49  19   3  49  43  18 104  28  49  89  84  68  26   0 111  89 122  30  53  71 111  62  14 109 107  88  94  87  68 120  98  13 104  99 122  30 
 90  45   8  52   8  28 114 102  82  13 111  70 100  28  24  53   5  89 111  86   5 102  24 118  41  11  32 117   0  49  18  13  54  50  49   1  69   3 104   8 117  64 104 117  30  85 110  72  52  67 
 17  33  63  86  84  53 115  43   4  16  95 105   8 115 114  72  93  26  68  66  36  10  83  52  73  74  99 106 114   0  27  51 111  30   3 104  50  97 110  21  93  96  46  76  19  82 111  70 113  14 
 90 103  11  45  43 105 115 117   9  31  97   6  67  55  18  31  83  36 116  12  67  39  32  67  85  56  36  65  48 109   0  62  53 124  91  71 124 124  67 117  84  35 116  26  66  53 124  89 110  52 
  6 113  23  60   6 108  68  83  73  99  20  60  97  22  93  66  57  75 117  31  27  61  36  15  95  91   2  12  70  36 112   0  15  81  43  85 115  44  22  36  32 100  75  53  20  47   5  97  75  75 
 60  78 113 109  73 100   6  56  53  82   9  82  25 109  41  44 104  67   2  72  38  13  28  39  68  22  61  32  20  20  60  85   0  42  63 121  78  41  56  49  36  71  66 121  36  46 124  18  36  45 
 94  54 100  82  50  77  91   4  91  70  86  43  37  83  29  58  26  98  68 118   4  97 118  51  27  44 106  88  46  54  91  50   5   0  62  43  33  76 100  38  44  29  90  15  96 103   5  73  23  83 
 48  53  21 124  12 110  12  36  87  58  32  99  80  26  12  83  74  87   5  12  24  40  36 109  18  62   4  49  57  75   2  18  11  39   0   6  12 120  85 118  82  56  87  51  13 106  42 109  65 114 
 59  31  84 102 108   7   7  73  58 115  43 101  19 120  13 110  80  23  19 117  74 119  44  39  20 100  71 114  83   5   4  58  66  25  39   0  57   8  90 106  45  23  59  82 102  98  23  92 112  10 
 55  14 116  98 101  96  56  17  55  95  31 107  79  32  67  80  78  57 117  69 114  86 108 111 123  41   3   2  12  11 123  42  90  22 122  68   0  53  24  74 100  73 118 108  17   8 121  98  97  71 
113 106  31  19  22 110  63   7  15  42  32  12  21   9 120  69   6   2 114  10  78  74  79  61  10 115  58   1 119   3 109 102   7  10  16  75  23   0  54  74 117  23 107  31  28  65  40 115  64  79 
 30 101   7  96  71  71  45  36  80  97 108  28 101 123  59  63  81  90 113  73  66   1 122  43   1  81 105 113  76  58  56 109 119  85 105  42  40 115   0  61  91  47  12  84  96  93  11   6  87  73 
 83 123 106  68 100 110   1 111  70  91  84  65  61  91  44 107  16  98  47 118  34  78 120   1  38 103 101  96  42  15  39 113  65  70  19  35  20 107 101   0  34  58 113  34 108  29  30   4  65  97 
110   4  86  13  26  81  37  54  11  58  39  75 116  61  65 111  37  59 101  20  37 109  70  30  29  83  12  69  92 118  66  47  25  79 106  53  75  65  66  14   0  68  92  90  51  59  99  49  63 111 
113  32  53  43 109  13 115  49   2  10  88  63  57  97  35   3  11  67   1  58  34  67 117  40   9 107 105  43  70 124  54 112  12  16  75  21  89  24 105   5  58   0 122  45  60  73  85 101 112  13 
  3  28  11   9  63  29  16  33  97  78  17  75  24 120 103  76  80 118  78  29 115  57  70  78  23  49 109  88  47 112  40 117 104   3  39 113 109  90 113  93 113 122   0  20 120  59  83  48  29  91 
111 119 124  22  93  87  42  37  32  28  14  81 108  82 121  48  33  18  63   5 103  34 122   8  67  31  30   1 124  32  19 107 111  62  26   4  66  43   3  80 114  42  55   0   7  25  34  45  81   3 
 55  16  20  25  25  97  25 111  25  87  86  98  20 110  36   3 116 114  38 110  66 105  16   2  98  84  39  65  36  71  12 118 105  63  66  24  24 102  15  20  57  97  44   8   0  28  60  57  76  24 
 35 121  46  83  51  48 109  45  95  14  16  32  28  86   9  78  75  35 101  74  76  93  84  17  48  80  58   8  72 110 121  39  96 124  58   3 103  11  84 114  61  93 115  75 106   0  20 123 101  86 
124 110  97 112 110  61  20 122 108  51  89  26  41  44  45 103  17  58   8  59  30  41  19  50 118  33  71 108 118  55  35  95 102  85 102   2  12  99 121 101  69  56  63 111  83  38   0  39  30  93 
 91   6  31  48  91  63  55  32  86  93  45  65 116  56  61 117   3   9  28 111  72  43  89 115  26  23  37  22  73  37  81  85  78  99  50  16  83  33  54  19  12  70 118  52  49  99  67   0 119  30 
100   7  32  84 115  88 100 120 113 118 111  46   5  32  67  22 105  90 104  62  49  78 119  99  19  88  37   3   4  95  93 117  56  64  40  92  72  47  57  98  64 101  34  28  98  23 107  95   0 120 
113  43  26 123 100  11   8  37  85  89  19  28  30  25  10 105 116 104  11  69  57  74  81 119  40 117  31 115  27  73 101  30  90  65 118 123 113  79  80  64   5  90  62  11  70  31  14  63  46   0 
M2
  0  45  50 112  16  20 119  27   3  52  56  20  47 122  57  17   7  71  91  87 112  93  18   6  79   6  93  52 115  10   9  99  57  16  94  92  61 113  94  23  53  75 105 107  19  66 101  83 121 123 
107   0  90  95  74  42  11  85  89 123  71 121  82  54  98 109 100  56  39 104  53  36  76  21   9  68   4  83  17   9  75  98  74   6  25  78  50  49  96  27  98  69  60 114  40  49 102  64 117  37 
  5 101   0 115 118  70  69  96 112 114  94  49  36  63 105  49   3  93  95   3  18  36  76  57  70  16  69  52  70 113  54 123  57  86  77  29   8  27 106   8  40  78  89  65  66 122 108  37  15  11 
 81  95  82   0  37  64  93  37  68 109  30  95  28  87  27  54  65  46  28  92 119  90  70  79  33  21  23   2  97  76 115 124  12  16 103   9 108 123 104  69 107  82  12  99 122  58  57 113   7  23 
113  11 103  91   0  82  91  78  17 121  68  89  72  69  54   6  15  13  94  14  80  61  80  45  89  76  55 107  23 111  10  80  23   9  51 119   2   8   5   6  94 120  23 120  86  74  78  14  87  38 
 67  93  23   8  44   0 102 115  87  39  78  11  51  60  73 124 116  45  34  13  25  13  72 111  23 119  47 111 112  73  68  21  50  81 122  55 110  61 122 113  22  23  10  43  23  88   2  42  79  22 
111  66  30  25  95 101   0  88 122 119  90  45  26  84 112  54  22  57  60  93  70 106  55  65  10 111  10  73 123  84  55   8  81   7  80  13  77  29  12 124 103 110  34  77  14 119  68   5  67  49 
 58  81 115  93 110  14 116   0  59  20 119 106  18  87  70  99  40  61  17  28  68  88 102  31  23  40  47  43  80  26  32 109  52  60  17 114  67  95  86   5  23  18  47 121  56  73  72 124  97  74 
 32  81 118  75 102 101  12  78   0  26 122 105 118  93  67  83  46  13 101   8 122  62 119  55 105 113 111  57 114  76  68 118  18  15  66  68  63  81  79  76  63  20  78  80  17   8 122  96 118  56 
102  72   7  40 123  62   9  23  75   0  15  27  55  81  26  27  10  28  38   1  56 100  29   2 117  92 117  18 111 110  71  64 123 108  31  67 119  32  33  46   6  37  10 106  21 106  81 120  67  85 
 32  61  71  63  75  29  57  47  30 111   0 103  99  76  76  48 108   8 113  91  92  39   6  17 105  64  36  33  57  98 110  98  18  12  63  49  16  11 104   1 108  87  69  25  41  37  11 122  74 114 
 94  32 118   7  42  85  45  40  55  10  64   0  68  40  95  39   4   8   9  24  26  58  73  23  51  57  93  18  76   3  68  92  15 114  15 103 113  32  73 117  62  56  20  50  19  51  35  98  15  74 
 97  44  29  10 115  33  19  49  97  84  40 117   0 112  85 121 106  90  27  25  19  80   7  79 108  67  21  32  85  15 121  77  97  87  19  34  49 123  48  15  36 111   4  58  48  41  39  59  93  35 
 18  68  72  49  79  59  27  28  18  85  99 123  73   0  82  80  97  28  94  23   5  33  61  94   8  37  42  94  54  43  67  18  93  51  79  11  80  46  18  22 105  78  52  96  45 100  65 110  50  89 
120 112 114  99 123  94   9  29 124 115 104  77  19 100   0  49 122 107   8   9  89  43  38  48  24  61 113  13 102  73   3  88  70  25  31  67  54  39  10 107 102  51 117  18   1  12  60  58 108 100 
 82   7  55  20  83  36  99  55  48 107 112 116  47  64  43   0  72  67  12  65  86  63  87  20 110  68  27  43 107  83 102   8 115   3  61  76  16  13  85 116  72  64  17  62  75  66  65  36   5  96 
114  42  17  37 113  55  86   1  74  66  91  24  96 111  48  87   0  14  95  37  46 113 110  51   5   2  57  81  96  42  72  27  54  74  21 115  51  27  55   3  73  13  63 106  88  27   6 111  56  85 
 58   3 119 100 110 123   3   4  40  95  82  72  61  76  88 106 100   0 116  25  65   6  69  86 102  36  98  35  70  48  98  15  17 104  90  48  56  86  86   1  93  82  40  40  65  17  95  16  83  48 
 57  39  38  63  63  52  94 107  19  44  24  52 110  34  10 102  70  91   0 118  52  21  88  65  47  64  33  81   5 121  15  12 124  36  44  72  72 121  47 113  80  16  59 109 106  45   6  82   9  13 
 71  31  24 101  22  97   4  38  41  69 105  70  60  49  91  12  70 118 118   0  75  63  43   1   9  92 100 114  93  77  30  18  30  85  12  10 100 112  71   2  78  85 117  47  24  52   6  56  17  73 
 11   1  95  28  60  50  38 113  19  43  51  20 115   2  31  42  78  45  33 119   0  95  82  11 108  10  61  89  95 107  67  72  47  52  12 103   4  88 117  59 111  63  79  13  73  53  54  48  53  97 
 52  27   9  83  76  20  83 123  36  53 122  45  48  47  73 101  32  20  77  86 109   0 103  35  34  27  18  24 116  14 111 103  23  16  45  93  74  43  45  86  30 105 112  56  27  82  28   6  69  44 
 93  64  87 118  96 104  23 104  78 120  18  46 111  39  45  88 116  84  32  29  20  89   0  83  79  27  74  15   7  27  57  91  45  11  63 114  29  90  56  88  20  19  79  83  97  81   7  58 121 115 
 52  13  29  97 109  35  79   3  28  20   3  13  43  85  68 104  44  58  90  43  48  27  17   0   7  17  34 110  77  50  86  21   8  63  74  95  76  18   4  43  20  96  27   9  22  58 102 104  19 108 
  3 104 112  34  22  52  24  65  76  22  28  28  16  53  28  77  38 122  77  37  40  40  10  63   0  84  12 111 114  82 120  40  67  73  67  50  61  97  55  68   3   5  47  69  34  91  68  68 124  85 
 79   4 106   4  91  25  36  35  39  31 117  28  32 114  92  29 103 105  21  66  99   4  97  51 117   0  67  46   2  96  15  43 119  31  52  46   3  79  19  28  53   7  13  78  91  31  96  52  49 118 
 83  53  53 110  65  42  32  15   3  62 113  71  64  18  92  18  65  25  43   2 103  80 124  67 109  82   0  89  39  42  71  63  14  80  78  45  77  16  24 110  64  31  85  41 117  52  26   4 118 116 
 61  53  14  46  31  81  94  31  22  39  23  50  66  30  49  19   3  49  43  18 104  28  49  89  84  68  26   0 111  89 122  30  53  71 111  62  14 109 107  88  94  87  68 120  98  13 104  99 122  30 
 90  45   8  52   8  28 114 102  82  13 111  70 100  28  24  53   5  89 111  86   5 102  24 118  41  11  32 117   0  49  18  13  54  50  49   1  69   3 104   8 117  64 104 117  30  85 110  72  52  67 
 17  33  63  86  84  53 115  43   4  16  95 105   8 115 114  72  93  26  68  66  36  10  83  52  73  74  99 106 114   0  27  51 111  30   3 104  50  97 110  21  93  96  46  76  19  82 111  70 113  14 
 90 103  11  45  43 105 115 117   9  31  97   6  67  55  18  31  83  36 116  12  67  39  32  67  85  56  36  65  48 109   0  62  53 124  91  71 124 124  67 117  84  35 116  26  66  53 124  89 110  52 
  6 113  23  60   6 108  68  83  73  99  20  60  97  22  93  66  57  75 117  31  27  61  36  15  95  91   2  12  70  36 112   0  15  81  43  85 115  44  22  36  32 100  75  53  20  47   5  97  75  75 
 60  78 113 109  73 100   6  56  53  82   9  82  25 109  41  44 104  67   2  72  38  13  28  39  68  22  61  32  20  20  60  85   0  42  63 121  78  41  56  49  36  71  66 121  36  46 124  18  36  45 
 94  54 100  82  50  77  91   4  91  70  86  43  37  83  29  58  26  98  68 118   4  97 118  51  27  44 106  88  46  54  91  50   5   0  62  43  33  76 100  38  44  29  90  15  96 103   5  73  23  83 
 48  53  21 124  12 110  12  36  87  58  32  99  80  26  12  83  74  87   5  12  24  40  36 109  18  62   4  49  57  75   2  18  11  39   0   6  12 120  85 118  82  56  87  51  13 106  42 109  65 114 
 59  31  84 102 108   7   7  73  58 115  43 101  19 120  13 110  80  23  19 117  74 119  44  39  20 100  71 114  83   5   4  58  66  25  39   0  57   8  90 106  45  23  59  82 102  98  23  92 112  10 
 55  14 116  98 101  96  56  17  55  95  31 107  79  32  67  80  78  57 117  69 114  86 108 111 123  41   3   2  12  11 123  42  90  22 122  68   0  53  24  74 100  73 118 108  17   8 121  98  97  71 
113 106  31  19  22 110  63   7  15  42  32  12  21   9 120  69   6   2 114  10  78  74  79  61  10 115  58   1 119   3 109 102   7  10  16  75  23   0  54  74 117  23 107  31  28  65  40 115  64  79 
 30 101   7  96  71  71  45  36  80  97 108  28 101 123  59  63  81  90 113  73  66   1 122  43   1  81 105 113  76  58  56 109 119  85 105  42  40 115   0  61  91  47  12  84  96  93  11   6  87  73 
 83 123 106  68 100 110   1 111  70  91  84  65  61  91  44 107  16  98  47 118  34  78 120   1  38 103 101  96  42  15  39 113  65  70  19  35  20 107 101   0  34  58 113  34 108  29  30   4  65  97 
110   4  86  13  26  81  37  54  11  58  39  75 116  61  65 111  37  59 101  20  37 109  70  30  29  83  12  69  92 118  66  47  25  79 106  53  75  65  66  14   0  68  92  90  51  59  99  49  63 111 
113  32  53  43 109  13 115  49   2  10  88  63  57  97  35   3  11  67   1  58  34  67 117  40   9 107 105  43  70 124  54 112  12  16  75  21  89  24 105   5  58   0 122  45  60  73  85 101 112  13 
  3  28  11   9  63  29  16  33  97  78  17  75  24 120 103  76  80 118  78  29 115  57  70  78  23  49 109  88  47 112  40 117 104   3  39 113 109  90 113  93 113 122   0  20 120  59  83  48  29  91 
111 119 124  22  93  87  42  37  32  28  14  81 108  82 121  48  33  18  63   5 103  34 122   8  67  31  30   1 124  32  19 107 111  62  26   4  66  43   3  80 114  42  55   0   7  25  34  45  81   3 
 55  16  20  25  25  97  25 111  25  87  86  98  20 110  36   3 116 114  38 110  66 105  16   2  98  84  39  65  36  71  12 118 105  63  66  24  24 102  15  20  57  97  44   8   0  28  60  57  76  24 
 35 121  46  83  51  48 109  45  95  14  16  32  28  86   9  78  75  35 101  74  76  93  84  17  48  80  58   8  72 110 121  39  96 124  58   3 103  11  84 114  61  93 115  75 106   0  20 123 101  86 
124 110  97 112 110  61  20 122 108  51  89  26  41  44  45 103  17  58   8  59  30  41  19  50 118  33  71 108 118  55  35  95 102  85 102   2  12  99 121 101  69  56  63 111  83  38   0  39  30  93 
 91   6  31  48  91  63  55  32  86  93  45  65 116  56  61 117   3   9  28 111  72  43  89 115  26  23  37  22  73  37  81  85  78  99  50  16  83  33  54  19  12  70 118  52  49  99  67   0 119  30 
100   7  32  84 115  88 100 120 113 118 111  46   5  32  67  22 105  90 104  62  49  78 119  99  19  88  37   3   4  95  93 117  56  64  40  92  72  47  57  98  64 101  34  28  98  23 107  95   0 120 
113  43  26 123 100  11   8  37  85  89  19  28  30  25  10 105 116 104  11  69  57  74  81 119  40 117  31 115  27  73 101  30  90  65 118 123 113  79  80  64   5  90  62  11  70  31  14  63  46   0 
M3
  0  45  50 112  16  20 119  27   3  52  56  20  47 122  57  17   7  71  91  87 112  93  18   6  79   6  93  52 115  10   9  99  57  16  94  92  61 113  94  23  53  75 105 107  19  66 101  83 121 123 
107   0  90  95  74  42  11  85  89 123  71 121  82  54  98 109 100  56  39 104  53  36  76  21   9  68   4  83  17   9  75  98  74   6  25  78  50  49  96  27  98  69  60 114  40  49 102  64 117  37 
  5 101   0 115 118  70  69  96 112 114  94  49  36  63 105  49   3  93  95   3  18  36  76  57  70  16  69  52  70 113  54 123  57  86  77  29   8  27 106   8  40  78  89  65  66 122 108  37  15  11 
 81  95  82   0  37  64  93  37  68 109  30  95  28  87  27  54  65  46  28  92 119  90  70  79  33  21  23   2  97  76 115 124  12  16 103   9 108 123 104  69 107  82  12  99 122  58  57 113   7  23 
113  11 103  91   0  82  91  78  17 121  68  89  72  69  54   6  15  13  94  14  80  61  80  45  89  76  55 107  23 111  10  80  23   9  51 119   2   8   5   6  94 120  23 120  86  74  78  14  87  38 
 67  93  23   8  44   0 102 115  87  39  78  11  51  60  73 124 116  45  34  13  25  13  72 111  23 119  47 111 112  73  68  21  50  81 122  55 110  61 122 113  22  23  10  43  23  88   2  42  79  22 
111  66  30  25  95 101   0  88 122 119  90  45  26  84 112  54  22  57  60  93  70 106  55  65  10 111  10  73 123  84  55   8  81   7  80  13  77  29  12 124 103 110  34  77  14 119  68   5  67  49 
 58  81 115  93 110  14 116   0  59  20 119 106  18  87  70  99  40  61  17  28  68  88 102  31  23  40  47  43  80  26  32 109  52  60  17 114  67  95  86   5  23  18  47 121  56  73  72 124  97  74 
 32  81 118  75 102 101  12  78   0  26 122 105 118  93  67  83  46  13 101   8 122  62 119  55 105 113 111  57 114  76  68 118  18  15  66  68  63  81  79  76  63  20  78  80  17   8 122  96 118  56 
102  72   7  40 123  62   9  23  75   0  15  27  55  81  26  27  10  28  38   1  56 100  29   2 117  92 117  18 111 110  71  64 123 108  31  67 119  32  33  46   6  37  10 106  21 106  81 120  67  85 
 32  61  71  63  75  29  57  47  30 111   0 103  99  76  76  48 108   8 113  91  92  39   6  17 105  64  36  33  57  98 110  98  18  12  63  49  16  11 104   1 108  87  69  25  41  37  11 122  74 114 
 94  32 118   7  42  85  45  40  55  10  64   0  68  40  95  39   4   8   9  24  26  58  73  23  51  57  93  18  76   3  68  92  15 114  15 103 113  32  73 117  62  56  20  50  19  51  35  98  15  74 
 97  44  29  10 115  33  19  49  97  84  40 117   0 112  85 121 106  90  27  25  19  80   7  79 108  67  21  32  85  15 121  77  97  87  19  34  49 123  48  15  36 111   4  58  48  41  39  59  93  35 
 18  68  72  49  79  59  27  28  18  85  99 123  73   0  82  80  97  28  94  23   5  33  61  94   8  37  42  94  54  43  67  18  93  51  79  11  80  46  18  22 105  78  52  96  45 100  65 110  50  89 
120 112 114  99 123  94   9  29 124 115 104  77  19 100   0  49 122 107   8   9  89  43  38  48  24  61 113  13 102  73   3  88  70  25  31  67  54  39  10 107 102  51 117  18   1  12  60  58 108 100 
 82   7  55  20  83  36  99  55  48 107 112 116  47  64  43   0  72  67  12  65  86  63  87  20 110  68  27  43 107  83 102   8 115   3  61  76  16  13  85 116  72  64  17  62  75  66  65  36   5  96 
114  42  17  37 113  55  86   1  74  66  91  24  96 111  48  87   0  14  95  37  46 113 110  51   5   2  57  81  96  42  72  27  54  74  21 115  51  27  55   3  73  13  63 106  88  27   6 111  56  85 
 58   3 119 100 110 123   3   4  40  95  82  72  61  76  88 106 100   0 116  25  65   6  69  86 102  36  98  35  70  48  98  15  17 104  90  48  56  86  86   1  93  82  40  40  65  17  95  16  83  48 
 57  39  38  63  63  52  94 107  19  44  24  52 110  34  10 102  70  91   0 118  52  21  88  65  47  64  33  81   5 121  15  12 124  36  44  72  72 121  47 113  80  16  59 109 106  45   6  82   9  13 
 71  31  24 101  22  97   4  38  41  69 105  70  60  49  91  12  70 118 118   0  75  63  43   1   9  92 100 114  93  77  30  18  30  85  12  10 100 112  71   2  78  85 117  47  24  52   6  56  17  73 
 11   1  95  28  60  50  38 113  19  43  51  20 115   2  31  42  78  45  33 119   0  95  82  11 108  10  61  89  95 107  67  72  47  52  12 103   4  88 117  59 111  63  79  13  73  53  54  48  53  97 
 52  27   9  83  76  20  83 123  36  53 122  45  48  47  73 101  32  20  77  86 109   0 103  35  34  27  18  24 116  14 111 103  23  16  45  93  74  43  45  86  30 105 112  56  27  82  28   6  69  44 
 93  64  87 118  96 104  23 104  78 120  18  46 111  39  45  88 116  84  32  29  20  89   0  83  79  27  74  15   7  27  57  91  45  11  63 114  29  90  56  88  20  19  79  83  97  81   7  58 121 115 
 52  13  29  97 109  35  79   3  28  20   3  13  43  85  68 104  44  58  90  43  48  27  17   0   7  17  34 110  77  50  86  21   8  63  74  95  76  18   4  43  20  96  27   9  22  58 102 104  19 108 
  3 104 112  34  22  52  24  65  76  22  28  28  16  53  28  77  38 122  77  37  40  40  10  63   0  84  12 111 114  82 120  40  67  73  67  50  61  97  55  68   3   5  47  69  34  91  68  68 124  85 
 79   4 106   4  91  25  36  35  39  31 117  28  32 114  92  29 103 105  21  66  99   4  97  51 117   0  67  46   2  96  15  43 119  31  52  46   3  79  19  28  53   7  13  78  91  31  96  52  49 118 
 83  53  53 110  65  42  32  15   3  62 113  71  64  18  92  18  65  25  43   2 103  80 124  67 109  82   0  89  39  42  71  63  14  80  78  45  77  16  24 110  64  31  85  41 117  52  26   4 118 116 
 61  53  14  46  31  81  94  31  22  39  23  50  66  30  49  19   3  49  43  18 104  28  49  89  84  68  26   0 111  89 122  30  53  71 111  62  14 109 107  88  94  87  68 120  98  13 104  99 122  30 
 90  45   8  52   8  28 114 102  82  13 111  70 100  28  24  53   5  89 111  86   5 102  24 118  41  11  32 117   0  49  18  13  54  50  49   1  69   3 104   8 117  64 104 117  30  85 110  72  52  67 
 17  33  63  86  84  53 115  43   4  16  95 105   8 115 114  72  93  26  68  66  36  10  83  52  73  74  99 106 114   0  27  51 111  30   3 104  50  97 110  21  93  96  46  76  19  82 111  70 113  14 
 90 103  11  45  43 105 115 117   9  31  97   6  67  55  18  31  83  36 116  12  67  39  32  67  85  56  36  65  48 109   0  62  53 124  91  71 124 124  67 117  84  35 116  26  66  53 124  89 110  52 
  6 113  23  60   6 108  68  83  73  99  20  60  97  22  93  66  57  75 117  31  27  61  36  15  95  91   2  12  70  36 112   0  15  81  43  85 115  44  22  36  32 100  75  53  20  47   5  97  75  75 
 60  78 113 109  73 100   6  56  53  82   9  82  25 109  41  44 104  67   2  72  38  13  28  39  68  22  61  32  20  20  60  85   0  42  63 121  78  41  56  49  36  71  66 121  36  46 124  18  36  45 
 94  54 100  82  50  77  91   4  91  70  86  43  37  83  29  58  26  98  68 118   4  97 118  51  27  44 106  88  46  54  91  50   5   0  62  43  33  76 100  38  44  29  90  15  96 103   5  73  23  83 
 48  53  21 124  12 110  12  36  87  58  32  99  80  26  12  83  74  87   5  12  24  40  36 109  18  62   4  49  57  75   2  18  11  39   0   6  12 120  85 118  82  56  87  51  13 106  42 109  65 114 
 59  31  84 102 108   7   7  73  58 115  43 101  19 120  13 110  80  23  19 117  74 119  44  39  20 100  71 114  83   5   4  58  66  25  39   0  57   8  90 106  45  23  59  82 102  98  23  92 112  10 
 55  14 116  98 101  96  56  17  55  95  31 107  79  32  67  80  78  57 117  69 114  86 108 111 123  41   3   2  12  11 123  42  90  22 122  68   0  53  24  74 100  73 118 108  17   8 121  98  97  71 
113 106  31  19  22 110  63   7  15  42  32  12  21   9 120  69   6   2 114  10  78  74  79  61  10 115  58   1 119   3 109 102   7  10  16  75  23   0  54  74 117  23 107  31  28  65  40 115  64  79 
 30 101   7  96  71  71  45  36  80  97 108  28 101 123  59  63  81  90 113  73  66   1 122  43   1  81 105 113  76  58  56 109 119  85 105  42  40 115   0  61  91  47  12  84  96  93  11   6  87  73 
 83 123 106  68 100 110   1 111  70  91  84  65  61  91  44 107  16  98  47 118  34  78 120   1  38 103 101  96  42  15  39 113  65  70  19  35  20 107 101   0  34  58 113  34 108  29  30   4  65  97 
110   4  86  13  26  81  37  54  11  58  39  75 116  61  65 111  37  59 101  20  37 109  70  30  29  83  12  69  92 118  66  47  25  79 106  53  75  65  66  14   0  68  92  90  51  59  99  49  63 111 
113  32  53  43 109  13 115  49   2  10  88  63  57  97  35   3  11  67   1  58  34  67 117  40   9 107 105  43  70 124  54 112  12  16  75  21  89  24 105   5  58   0 122  45  60  73  85 101 112  13 
  3  28  11   9  63  29  16  33  97  78  17  75  24 120 103  76  80 118  78  29 115  57  70  78  23  49 109  88  47 112  40 117 104   3  39 113 109  90 113  93 113 122   0  20 120  59  83  48  29  91 
111 119 124  22  93  87  42  37  32  28  14  81 108  82 121  48  33  18  63   5 103  34 122   8  67  31  30   1 124  32  19 107 111  62  26   4  66  43   3  80 114  42  55   0   7  25  34  45  81   3 
 55  16  20  25  25  97  25 111  25  87  86  98  20 110  36   3 116 114  38 110  66 105  16   2  98  84  39  65  36  71  12 118 105  63  66  24  24 102  15  20  57  97  44   8   0  28  60  57  76  24 
 35 121  46  83  51  48 109  45  95  14  16  32  28  86   9  78  75  35 101  74  76  93  84  17  48  80  58   8  72 110 121  39  96 124  58   3 103  11  84 114  61  93 115  75 106   0  20 123 101  86 
124 110  97 112 110  61  20 122 108  51  89  26  41  44  45 103  17  58   8  59  30  41  19  50 118  33  71 108 118  55  35  95 102  85 102   2  12  99 121 101  69  56  63 111  83  38   0  39  30  93 
 91   6  31  48  91  63  55  32  86  93  45  65 116  56  61 117   3   9  28 111  72  43  89 115  26  23  37  22  73  37  81  85  78  99  50  16  83  33  54  19  12  70 118  52  49  99  67   0 119  30 
100   7  32  84 115  88 100 120 113 118 111  46   5  32  67  22 105  90 104  62  49  78 119  99  19  88  37   3   4  95  93 117  56  64  40  92  72  47  57  98  64 101  34  28  98  23 107  95   0 120 
113  43  26 123 100  11   8  37  85  89  19  28  30  25  10 105 116 104  11  69  57  74  81 119  40 117  31 115  27  73 101  30  90  65 118 123 113  79  80  64   5  90  62  11  70  31  14  63  46   0 
M4
  0  45  50 112  16  20 119  27   3  52  56  20  47 122  57  17   7  71  91  87 112  93  18   6  79   6  93  52 115  10   9  99  57  16  94  92  61 113  94  23  53  75 105 107  19  66 101  83 121 123 
107   0  90  95  74  42  11  85  89 123  71 121  82  54  98 109 100  56  39 104  53  36  76  21   9  68   4  83  17   9  75  98  74   6  25  78  50  49  96  27  98  69  60 114  40  49 102  64 117  37 
  5 101   0 115 118  70  69  96 112 114  94  49  36  63 105  49   3  93  95   3  18  36  76  57  70  16  69  52  70 113  54 123  57  86  77  29   8  27 106   8  40  78  89  65  66 122 108  37  15  11 
 81  95  82   0  37  64  93  37  68 109  30  95  28  87  27  54  65  46  28  92 119  90  70  79  33  21  23   2  97  76 115 124  12  16 103   9 108 123 104  69 107  82  12  99 122  58  57 113   7  23 
113  11 103  91   0  82  91  78  17 121  68  89  72  69  54   6  15  13  94  14  80  61  80  45  89  76  55 107  23 111  10  80  23   9  51 119   2   8   5   6  94 120  23 120  86  74  78  14  87  38 
 67  93  23   8  44   0 102 115  87  39  78  11  51  60  73 124 116  45  34  13  25  13  72 111  23 119  47 111 112  73  68  21  50  81 122  55 110  61 122 113  22  23  10  43  23  88   2  42  79  22 
111  66  30  25  95 101   0  88 122 119  90  45  26  84 112  54  22  57  60  93  70 106  55  65  10 111  10  73 123  84  55   8  81   7  80  13  77  29  12 124 103 110  34  77  14 119  68   5  67  49 
 58  81 115  93 110  14 116   0  59  20 119 106  18  87  70  99  40  61  17  28  68  88 102  31  23  40  47  43  80  26  32 109  52  60  17 114  67  95  86   5  23  18  47 121  56  73  72 124  97  74 
 32  81 118  75 102 101  12  78   0  26 122 105 118  93  67  83  46  13 101   8 122  62 119  55 105 113 111  57 114  76  68 118  18  15  66  68  63  81  79  76  63  20  78  80  17   8 122  96 118  56 
102  72   7  40 123  62   9  23  75   0  15  27  55  81  26  27  10  28  38   1  56 100  29   2 117  92 117  18 111 110  71  64 123 108  31  67 119  32  33  46   6  37  10 106  21 106  81 120  67  85 
 32  61  71  63  75  29  57  47  30 111   0 103  99  76  76  48 108   8 113  91  92  39   6  17 105  64  36  33  57  98 110  98  18  12  63  49  16  11 104   1 108  87  69  25  41  37  11 122  74 114 
 94  32 118   7  42  85  45  40  55  10  64   0  68  40  95  39   4   8   9  24  26  58  73  23  51  57  93  18  76   3  68  92  15 114  15 103 113  32  73 117  62  56  20  50  19  51  35  98  15  74 
 97  44  29  10 115  33  19  49  97  84  40 117   0 112  85 121 106  90  27  25  19  80   7  79 108  67  21  32  85  15 121  77  97  87  19  34  49 123  48  15  36 111   4  58  48  41  39  59  93  35 
 18  68  72  49  79  59  27  28  18  85  99 123  73   0  82  80  97  28  94  23   5  33  61  94   8  37  42  94  54  43  67  18  93  51  79  11  80  46  18  22 105  78  52  96  45 100  65 110  50  89 
120 112 114  99 123  94   9  29 124 115 104  77  19 100   0  49 122 107   8   9  89  43  38  48  24  61 113  13 102  73   3  88  70  25  31  67  54  39  10 107 102  51 117  18   1  12  60  58 108 100 
 82   7  55  20  83  36  99  55  48 107 112 116  47  64  43   0  72  67  12  65  86  63  87  20 110  68  27  43 107  83 102   8 115   3  61  76  16  13  85 116  72  64  17  62  75  66  65  36   5  96 
114  42  17  37 113  55  86   1  74  66  91  24  96 111  48  87   0  14  95  37  46 113 110  51   5   2  57  81  96  42  72  27  54  74  21 115  51  27  55   3  73  13  63 106  88  27   6 111  56  85 
 58   3 119 100 110 123   3   4  40  95  82  72  61  76  88 106 100   0 116  25  65   6  69  86 102  36  98  35  70  48  98  15  17 104  90  48  56  86  86   1  93  82  40  40  65  17  95  16  83  48 
 57  39  38  63  63  52  94 107  19  44  24  52 110  34  10 102  70  91   0 118  52  21  88  65  47  64  33  81   5 121  15  12 124  36  44  72  72 121  47 113  80  16  59 109 106  45   6  82   9  13 
 71  31  24 101  22  97   4  38  41  69 105  70  60  49  91  12  70 118 118   0  75  63  43   1   9  92 100 114  93  77  30  18  30  85  12  10 100 112  71   2  78  85 117  47  24  52   6  56  17  73 
 11   1  95  28  60  50  38 113  19  43  51  20 115   2  31  42  78  45  33 119   0  95  82  11 108  10  61  89  95 107  67  72  47  52  12 103   4  88 117  59 111  63  79  13  73  53  54  48  53  97 
 52  27   9  83  76  20  83 123  36  53 122  45  48  47  73 101  32  20  77  86 109   0 103  35  34  27  18  24 116  14 111 103  23  16  45  93  74  43  45  86  30 105 112  56  27  82  28   6  69  44 
 93  64  87 118  96 104  23 104  78 120  18  46 111  39  45  88 116  84  32  29  20  89   0  83  79  27  74  15   7  27  57  91  45  11  63 114  29  90  56  88  20  19  79  83  97  81   7  58 121 115 
 52  13  29  97 109  35  79   3  28  20   3  13  43  85  68 104  44  58  90  43  48  27  17   0   7  17  34 110  77  50  86  21   8  63  74  95  76  18   4  43  20  96  27   9  22  58 102 104  19 108 
  3 104 112  34  22  52  24  65  76  22  28  28  16  53  28  77  38 122  77  37  40  40  10  63   0  84  12 111 114  82 120  40  67  73  67  50  61  97  55  68   3   5  47  69  34  91  68  68 124  85 
 79   4 106   4  91  25  36  35  39  31 117  28  32 114  92  29 103 105  21  66  99   4  97  51 117   0  67  46   2  96  15  43 119  31  52  46   3  79  19  28  53   7  13  78  91  31  96  52  49 118 
 83  53  53 110  65  42  32  15   3  62 113  71  64  18  92  18  65  25  43   2 103  80 124  67 109  82   0  89  39  42  71  63  14  80  78  45  77  16  24 110  64  31  85  41 117  52  26   4 118 116 
 61  53  14  46  31  81  94  31  22  39  23  50  66  30  49  19   3  49  43  18 104  28  49  89  84  68  26   0 111  89 122  30  53  71 111  62  14 109 107  88  94  87  68 120  98  13 104  99 122  30 
 90  45   8  52   8  28 114 102  82  13 111  70 100  28  24  53   5  89 111  86   5 102  24 118  41  11  32 117   0  49  18  13  54  50  49   1  69   3 104   8 117  64 104 117  30  85 110  72  52  67 
 17  33  63  86  84  53 115  43   4  16  95 105   8 115 114  72  93  26  68  66  36  10  83  52  73  74  99 106 114   0  27  51 111  30   3 104  50  97 110  21  93  96  46  76  19  82 111  70 113  14 
 90 103  11  45  43 105 115 117   9  31  97   6  67  55  18  31  83  36 116  12  67  39  32  67  85  56  36  65  48 109   0  62  53 124  91  71 124 124  67 117  84  35 116  26  66  53 124  89 110  52 
  6 113  23  60   6 108  68  83  73  99  20  60  97  22  93  66  57  75 117  31  27  61  36  15  95  91   2  12  70  36 112   0  15  81  43  85 115  44  22  36  32 100  75  53  20  47   5  97  75  75 
 60  78 113 109  73 100   6  56  53  82   9  82  25 109  41  44 104  67   2  72  38  13  28  39  68  22  61  32  20  20  60  85   0  42  63 121  78  41  56  49  36  71  66 121  36  46 124  18  36  45 
 94  54 100  82  50  77  91   4  91  70  86  43  37  83  29  58  26  98  68 118   4  97 118  51  27  44 106  88  46  54  91  50   5   0  62  43  33  76 100  38  44  29  90  15  96 103   5  73  23  83 
 48  53  21 124  12 110  12  36  87  58  32  99  80  26  12  83  74  87   5  12  24  40  36 109  18  62   4  49  57  75   2  18  11  39   0   6  12 120  85 118  82  56  87  51  13 106  42 109  65 114 
 59  31  84 102 108   7   7  73  58 115  43 101  19 120  13 110  80  23  19 117  74 119  44  39  20 100  71 114  83   5   4  58  66  25  39   0  57   8  90 106  45  23  59  82 102  98  23  92 112  10 
 55  14 116  98 101  96  56  17  55  95  31 107  79  32  67  80  78  57 117  69 114  86 108 111 123  41   3   2  12  11 123  42  90  22 122  68   0  53  24  74 100  73 118 108  17   8 121  98  97  71 
113 106  31  19  22 110  63   7  15  42  32  12  21   9 120  69   6   2 114  10  78  74  79  61  10 115  58   1 119   3 109 102   7  10  16  75  23   0  54  74 117  23 107  31  28  65  40 115  64  79 
 30 101   7  96  71  71  45  36  80  97 108  28 101 123  59  63  81  90 113  73  66   1 122  43   1  81 105 113  76  58  56 109 119  85 105  42  40 115   0  61  91  47  12  84  96  93  11   6  87  73 
 83 123 106  68 100 110   1 111  70  91  84  65  61  91  44 107  16  98  47 118  34  78 120   1  38 103 101  96  42  15  39 113  65  70  19  35  20 107 101   0  34  58 113  34 108  29  30   4  65  97 
110   4  86  13  26  81  37  54  11  58  39  75 116  61  65 111  37  59 101  20  37 109  70  30  29  83  12  69  92 118  66  47  25  79 106  53  75  65  66  14   0  68  92  90  51  59  99  49  63 111 
113  32  53  43 109  13 115  49   2  10  88  63  57  97  35   3  11  67   1  58  34  67 117  40   9 107 105  43  70 124  54 112  12  16  75  21  89  24 105   5  58   0 122  45  60  73  85 101 112  13 
  3  28  11   9  63  29  16  33  97  78  17  75  24 120 103  76  80 118  78  29 115  57  70  78  23  49 109  88  47 112  40 117 104   3  39 113 109  90 113  93 113 122   0  20 120  59  83  48  29  91 
111 119 124  22  93  87  42  37  32  28  14  81 108  82 121  48  33  18  63   5 103  34 122   8  67  31  30   1 124  32  19 107 111  62  26   4  66  43   3  80 114  42  55   0   7  25  34  45  81   3 
 55  16  20  25  25  97  25 111  25  87  86  98  20 110  36   3 116 114  38 110  66 105  16   2  98  84  39  65  36  71  12 118 105  63  66  24  24 102  15  20  57  97  44   8   0  28  60  57  76  24 
 35 121  46  83  51  48 109  45  95  14  16  32  28  86   9  78  75  35 101  74  76  93  84  17  48  80  58   8  72 110 121  39  96 124  58   3 103  11  84 114  61  93 115  75 106   0  20 123 101  86 
124 110  97 112 110  61  20 122 108  51  89  26  41  44  45 103  17  58   8  59  30  41  19  50 118  33  71 108 118  55  35  95 102  85 102   2  12  99 121 101  69  56  63 111  83  38   0  39  30  93 
 91   6  31  48  91  63  55  32  86  93  45  65 116  56  61 117   3   9  28 111  72  43  89 115  26  23  37  22  73  37  81  85  78  99  50  16  83  33  54  19  12  70 118  52  49  99  67   0 119  30 
100   7  32  84 115  88 100 120 113 118 111  46   5  32  67  22 105  90 104  62  49  78 119  99  19  88  37   3   4  95  93 117  56  64  40  92  72  47  57  98  64 101  34  28  98  23 107  95   0 120 
113  43  26 123 100  11   8  37  85  89  19  28  30  25  10 105 116 104  11  69  57  74  81 119  40 117  31 115  27  73 101  30  90  65 118 123 113  79  80  64   5  90  62  11  70  31  14  63  46   0 
Reldue
 1372    9    4
 1035    4    4
 1442    7    2
 2346    6    6
 1390    9    5
 1255    4    6
 1668    1    3
 1301    6    2
 1355    9    7
  612    5    2
 1650    2    8
 1561    3    4
 1674    4    2
 1410    8    9
 1258    5    7
 1458    4    8
 1082    2    3
 1601    4    8
  653    5    8
 1234    7    9
 2107    2    7
 1359    7    5
 1672    7    5
 1272    4    2
 1802    5    1
  918    1    2
 1322    2    3
 1738    2    4
 1393    7    3
 2034    2    3
 1515    9    4
  893    2    7
 1912    6    5
 2339    3    2
 1439    7    3
 2285    9    4
  984    1    6
 1010    3    7
 1737    1    2
 1893    7    9
 1446    3    4
 1182    3    3
 1069    9    3
 1930    3    9
  991    8    7
 2103    5    7
 1735    6    7
 1052    3    8
 1384    1    5
 1125    8    7
DDW
 1282  1462
  937  1134
 1339  1544
 2197  2495
 1271  1510
 1132  1379
 1538  1798
 1223  1378
 1258  1451
  563   661
 1493  1807
 1443  1679
 1524  1825
 1305  1514
 1175  1341
 1380  1535
 1004  1159
 1476  1726
  608   697
 1142  1326
 1957  2256
 1252  1466
 1557  1787
 1173  1372
 1653  1951
  864   971
 1237  1408
 1588  1887
 1255  1530
 1844  2224
 1400  1629
  813   973
 1807  2018
 2204  2474
 1354  1523
 2164  2406
  887  1082
  954  1065
 1606  1867
 1780  2007
 1367  1525
 1109  1255
  989  1150
 1739  2120
  917  1066
 1961  2244
 1601  1868
  975  1130
 1302  1465
 1040  1209
