20   5
MD
  2  5  5  2  4
PT
 36  96   1  13  27  91  99  18   2  84  96   9   6  95  43  13   9  56  94  23 
 38  99  69  13  44  41  98   8  63  39   7  82  80  41  38  87  33  64  91  65 
  4  24  27  46  30  22  57  18  46  46  20  21  99  16  38  66  38  84  72   9 
 38  30  92  17  87   6  32   9  48   6  66  78   7  28  38  51  49  14  70  39 
 22  78  90  72  29  94  87  78  64  81  84  44  91  72  56  23  14  10  44  96 
SSD
M0
  0  85 121 123 114  60  73   6  89  33  25  40  70 101  11  63  19  66  53  15 
 12   0  24  63  21  29  82 120  56  71  16  80  74  91  45   1  76   4  52  22 
 34   2   0  97  26  59  77   4 124  61  51  66  29  86 122  70  76  12 119 110 
102  16  63   0  30 110  24  68  67  41 115  56 108   5  67  64  32  15  79  10 
 69  31  49  31   0  34  42  89  70  98  65  80  23  47  11  16  30  34 114  88 
 80  42  98  94  47   0  96  22  80 110  66  99  74 113  12   5  88 118  36  26 
108  54  69  84   3  42   0 124  24  72 121  64 103  35  82  77  49  92 101  77 
 82  11  40  25  46  28  15   0  52 108 112   3  91  93  29  44 119   2  30  85 
109 105  49  28  18  81  70  96   0  77  39  25  16 108   4  88 107 121  20  76 
 40  97  42  80  65  31 100  32 123   0  29  82   3  86  13  10   5  82  95 100 
  9  16  57 111  18 124  15   8  70  68   0  11  48  32  23 122 123  53  50  65 
 29  18  38 103  30 106  17  88  79 104 108   0  26  74  66  21  28  53  15 120 
  7 108 121  53  22  10  93   2 115  75  80 124   0  57  65  84  41  13 121 105 
119  87  10 105  97  35  79  31  90  76  11  16   6   0  61   1  52 103  18 103 
 34 113 121 118  56  85  64  47  92  13  92  38  76  48   0  33  63  52  80  97 
 43  35  78  81  79  64  47  72  98  55  84  13  11  28   1   0  17  30  33  12 
  5 117 119 100  50  46  19  94 116  98  39  55 110  36  25  43   0  45 117  82 
111  18  51 117  32 103  43  36 123  43  47  57  47  94  31  94  52   0 114   8 
 50  76  79   9 110 113  56  85 122  36  67  65  63  24 116  77  92  82   0 124 
 15   8   4  15  67  95  43  52  91  69  15  30   1  61  71 124 124  63   4   0 
M1
  0  85 121 123 114  60  73   6  89  33  25  40  70 101  11  63  19  66  53  15 
 12   0  24  63  21  29  82 120  56  71  16  80  74  91  45   1  76   4  52  22 
 34   2   0  97  26  59  77   4 124  61  51  66  29  86 122  70  76  12 119 110 
102  16  63   0  30 110  24  68  67  41 115  56 108   5  67  64  32  15  79  10 
 69  31  49  31   0  34  42  89  70  98  65  80  23  47  11  16  30  34 114  88 
 80  42  98  94  47   0  96  22  80 110  66  99  74 113  12   5  88 118  36  26 
108  54  69  84   3  42   0 124  24  72 121  64 103  35  82  77  49  92 101  77 
 82  11  40  25  46  28  15   0  52 108 112   3  91  93  29  44 119   2  30  85 
109 105  49  28  18  81  70  96   0  77  39  25  16 108   4  88 107 121  20  76 
 40  97  42  80  65  31 100  32 123   0  29  82   3  86  13  10   5  82  95 100 
  9  16  57 111  18 124  15   8  70  68   0  11  48  32  23 122 123  53  50  65 
 29  18  38 103  30 106  17  88  79 104 108   0  26  74  66  21  28  53  15 120 
  7 108 121  53  22  10  93   2 115  75  80 124   0  57  65  84  41  13 121 105 
119  87  10 105  97  35  79  31  90  76  11  16   6   0  61   1  52 103  18 103 
 34 113 121 118  56  85  64  47  92  13  92  38  76  48   0  33  63  52  80  97 
 43  35  78  81  79  64  47  72  98  55  84  13  11  28   1   0  17  30  33  12 
  5 117 119 100  50  46  19  94 116  98  39  55 110  36  25  43   0  45 117  82 
111  18  51 117  32 103  43  36 123  43  47  57  47  94  31  94  52   0 114   8 
 50  76  79   9 110 113  56  85 122  36  67  65  63  24 116  77  92  82   0 124 
 15   8   4  15  67  95  43  52  91  69  15  30   1  61  71 124 124  63   4   0 
M2
  0  85 121 123 114  60  73   6  89  33  25  40  70 101  11  63  19  66  53  15 
 12   0  24  63  21  29  82 120  56  71  16  80  74  91  45   1  76   4  52  22 
 34   2   0  97  26  59  77   4 124  61  51  66  29  86 122  70  76  12 119 110 
102  16  63   0  30 110  24  68  67  41 115  56 108   5  67  64  32  15  79  10 
 69  31  49  31   0  34  42  89  70  98  65  80  23  47  11  16  30  34 114  88 
 80  42  98  94  47   0  96  22  80 110  66  99  74 113  12   5  88 118  36  26 
108  54  69  84   3  42   0 124  24  72 121  64 103  35  82  77  49  92 101  77 
 82  11  40  25  46  28  15   0  52 108 112   3  91  93  29  44 119   2  30  85 
109 105  49  28  18  81  70  96   0  77  39  25  16 108   4  88 107 121  20  76 
 40  97  42  80  65  31 100  32 123   0  29  82   3  86  13  10   5  82  95 100 
  9  16  57 111  18 124  15   8  70  68   0  11  48  32  23 122 123  53  50  65 
 29  18  38 103  30 106  17  88  79 104 108   0  26  74  66  21  28  53  15 120 
  7 108 121  53  22  10  93   2 115  75  80 124   0  57  65  84  41  13 121 105 
119  87  10 105  97  35  79  31  90  76  11  16   6   0  61   1  52 103  18 103 
 34 113 121 118  56  85  64  47  92  13  92  38  76  48   0  33  63  52  80  97 
 43  35  78  81  79  64  47  72  98  55  84  13  11  28   1   0  17  30  33  12 
  5 117 119 100  50  46  19  94 116  98  39  55 110  36  25  43   0  45 117  82 
111  18  51 117  32 103  43  36 123  43  47  57  47  94  31  94  52   0 114   8 
 50  76  79   9 110 113  56  85 122  36  67  65  63  24 116  77  92  82   0 124 
 15   8   4  15  67  95  43  52  91  69  15  30   1  61  71 124 124  63   4   0 
M3
  0  85 121 123 114  60  73   6  89  33  25  40  70 101  11  63  19  66  53  15 
 12   0  24  63  21  29  82 120  56  71  16  80  74  91  45   1  76   4  52  22 
 34   2   0  97  26  59  77   4 124  61  51  66  29  86 122  70  76  12 119 110 
102  16  63   0  30 110  24  68  67  41 115  56 108   5  67  64  32  15  79  10 
 69  31  49  31   0  34  42  89  70  98  65  80  23  47  11  16  30  34 114  88 
 80  42  98  94  47   0  96  22  80 110  66  99  74 113  12   5  88 118  36  26 
108  54  69  84   3  42   0 124  24  72 121  64 103  35  82  77  49  92 101  77 
 82  11  40  25  46  28  15   0  52 108 112   3  91  93  29  44 119   2  30  85 
109 105  49  28  18  81  70  96   0  77  39  25  16 108   4  88 107 121  20  76 
 40  97  42  80  65  31 100  32 123   0  29  82   3  86  13  10   5  82  95 100 
  9  16  57 111  18 124  15   8  70  68   0  11  48  32  23 122 123  53  50  65 
 29  18  38 103  30 106  17  88  79 104 108   0  26  74  66  21  28  53  15 120 
  7 108 121  53  22  10  93   2 115  75  80 124   0  57  65  84  41  13 121 105 
119  87  10 105  97  35  79  31  90  76  11  16   6   0  61   1  52 103  18 103 
 34 113 121 118  56  85  64  47  92  13  92  38  76  48   0  33  63  52  80  97 
 43  35  78  81  79  64  47  72  98  55  84  13  11  28   1   0  17  30  33  12 
  5 117 119 100  50  46  19  94 116  98  39  55 110  36  25  43   0  45 117  82 
111  18  51 117  32 103  43  36 123  43  47  57  47  94  31  94  52   0 114   8 
 50  76  79   9 110 113  56  85 122  36  67  65  63  24 116  77  92  82   0 124 
 15   8   4  15  67  95  43  52  91  69  15  30   1  61  71 124 124  63   4   0 
M4
  0  85 121 123 114  60  73   6  89  33  25  40  70 101  11  63  19  66  53  15 
 12   0  24  63  21  29  82 120  56  71  16  80  74  91  45   1  76   4  52  22 
 34   2   0  97  26  59  77   4 124  61  51  66  29  86 122  70  76  12 119 110 
102  16  63   0  30 110  24  68  67  41 115  56 108   5  67  64  32  15  79  10 
 69  31  49  31   0  34  42  89  70  98  65  80  23  47  11  16  30  34 114  88 
 80  42  98  94  47   0  96  22  80 110  66  99  74 113  12   5  88 118  36  26 
108  54  69  84   3  42   0 124  24  72 121  64 103  35  82  77  49  92 101  77 
 82  11  40  25  46  28  15   0  52 108 112   3  91  93  29  44 119   2  30  85 
109 105  49  28  18  81  70  96   0  77  39  25  16 108   4  88 107 121  20  76 
 40  97  42  80  65  31 100  32 123   0  29  82   3  86  13  10   5  82  95 100 
  9  16  57 111  18 124  15   8  70  68   0  11  48  32  23 122 123  53  50  65 
 29  18  38 103  30 106  17  88  79 104 108   0  26  74  66  21  28  53  15 120 
  7 108 121  53  22  10  93   2 115  75  80 124   0  57  65  84  41  13 121 105 
119  87  10 105  97  35  79  31  90  76  11  16   6   0  61   1  52 103  18 103 
 34 113 121 118  56  85  64  47  92  13  92  38  76  48   0  33  63  52  80  97 
 43  35  78  81  79  64  47  72  98  55  84  13  11  28   1   0  17  30  33  12 
  5 117 119 100  50  46  19  94 116  98  39  55 110  36  25  43   0  45 117  82 
111  18  51 117  32 103  43  36 123  43  47  57  47  94  31  94  52   0 114   8 
 50  76  79   9 110 113  56  85 122  36  67  65  63  24 116  77  92  82   0 124 
 15   8   4  15  67  95  43  52  91  69  15  30   1  61  71 124 124  63   4   0 
Reldue
 1687    6    2
 1525    6    3
  876    4    4
 1873    4    9
 1122    6    3
 1840    5    2
 2247    4    3
  628    3    4
 1181    9    9
 1562    2    8
 2413    1    2
 1015    2    6
 1327    1    7
  570    2    2
 2009    7    7
 1840    7    1
  515    8    1
 1845    5    4
 1021    8    9
  666    4    8
DDW
 1591  1783
 1410  1639
  801   951
 1726  2021
 1064  1180
 1734  1945
 2026  2467
  567   688
 1092  1269
 1418  1706
 2228  2597
  956  1074
 1242  1412
  538   602
 1904  2115
 1728  1952
  464   566
 1752  1937
  957  1086
  604   729
