50   5
MD
  3  3  2  4  2
PT
 86  81   1  33  70  32  78  16  86  17  24  39  12  72  96  30  40  77  44  45  47  60   6  61  74  70  68  12  83  65  94  85  13  38  46  85  37  24  56  67  24  66  28  81  51  90  59  33  18  76 
 33  13  71  99  13  89  76  65  19   6  39  51  26  25  37  39  99  31  56  28  70  39  86  77  21  40  57  31  99  72  60  24  22  39  56  85  90  30  71  42  51  34  52   9  26  38  60  93  61  34 
 70  24  62  72  81  89  33   5  51  83  99  98  40  64  51  77  25  17   7  89   6  66  34  42  77  73  67  73  51  74  85  16  33  70  58  88   5  27  86  34  84  53  93   4   4  20   4  16  26  42 
 65  18  69  78  29  38  99  32  77  54  27  47  58   4  34  52  75  73  96  61  75  83  45  45  99  85  93  82  53  90  30  23  68  98  89  89  88  28  10  67  24  79  92  10  30  48  24  77  24  68 
  1   2  23  90  55  46  78  92  13  23  87  45  86  90  35  96  80  24  81  89  26  41  95  71  65  50  29  85  80  94  34  22  31   6  78  62  36   4  80   8  35   2  77  51  97  90  96  29  55   8 
SSD
M0
  0 111   4 106  65  27  22 124  84  53  17  55  66 111  52  74   3  98  88  43 104  42 119  75 124  17 105  87  22  28  98  19  24 119  67  18  67  11  74  39 112 119  70  12  85  76  30  72 104 124 
  5   0  71  93 104  53  14   9  29  65  57  58  56  24 100  23  23  99  94  41  24 118 116  78  39  88  29  89  84  23  60  41  12 101  94   8  13  22  73  44  26  59 119  60 121  31  11  80  26  94 
 73  91   0  28  46  46 112 107  62  58  88  85  37  30  35  35  10   6  97  25 116  89  59 115  58  95  95  26  14 122  92  62 110  56  18  19  96 110  28  74  79  71 104  64 101   6  62  44  47  67 
124  70   9   0 112  41 102 117  55 102  14  44  85  93 103  94  49  43  43  26  13  84  12  78   9  86 103  65  54  54  26 120  23  16  96 114  42   8  57  31  39  11  25  81  59  13  42  25  66  93 
 57 117 122 104   0   5  87  52  41  54  36   3  67  46  84  88  75   3  25  63  33  79  17  88  37  81  48 101  19 112  40  72  90  28  70 110  67  93  13  93  43 114 119  56  19   7  10  90  77  16 
 59  93  61  60  21   0  45  39  75  56   6  63  31  20  22 111  78  74  54  81  85  32  75 115  81  52  34  54   2  44  37  19  20  17  82  80 117  63  34  18 117  94  83  65  36  43  48  70   9  60 
 68   3 108  71  11 109   0  60 101  18 117  61   6 112   7  69 123  86 122   3  67  32   9  99  85  41   9  36 102   3  38  47 124  42  22  21  76 123  77  90  28  75  28   4  72  55  64  21   3 107 
 57 102  41  83  71   7  70   0  32   6  77  53  23  57  40  19 113 107  42  46  43  50  89  72  81  84  80  46  81  13  26  13  28 111 121 108 122 103   2 122  96  73  19  20  47  88  33  19  48   2 
 54 105  80   7  37  95  74   4   0  77  51 111  68  61  57 105  46  67  66  59  98  21  39  85  32  32  47  44  71  14 114  26  11  66  20 102  38 104  40 113  88  11  21  48  17  13  96  69  11  94 
 77   8  58  30  30  22  94  57  30   0 114  64 112 107  10  96 114  91  15  50  78 109  46  94   4  63  93   4  57  93  66  12  33  20  26 110 115  96 118  26  70 109  20  19  39  97 119  52  59  33 
 93  87  22  22  41 118  91  96  98  80   0  96  18  39  10  90  28   8  35  64  23  10  76 100  59   4 113  33  27  97  65   5  77  19  56  18  32  17 108  91 108  51  78 102 123  10  55  27  75  24 
 54 101  55  21  93 104  26  41 112   9 106   0  69  10  83  77  85  57 122  35  32  75  15  51  58  99 100 118  44 114  20 107  94  24  46  63  18  54 118  51   3 122 112  47  86  45   7  28 120  68 
  4  96  68  34  74 106  72 124   8   3  40  80   0  98  98  69  83  39 118 107  34  91 117  30  53  30  87 109  73 120  11  91  40 103 101 104  95  16 100  80   7   4  46  72  76  17   3  32  33  13 
 48  37 105  64  87   5  12  90  30  22  37  76  88   0  71 109  77  46  19  98 103 110  60  24  72 117  99 108  54 102 114  28  90  13  92   8 110  22 111 117  95  10  84  66  76  43 104 119  63 106 
 83  52  86  77  19  26   4  62  20 101  46 116 113  77   0  67  44  85 119  98  13  52 114   1 106 121  33   6  43  75  22  38 118  91  13  55  15  23  63 115 116  64  12  84  28  60  97  96  12  73 
 89  35 122 109 111  64 100  62  26  32 120  61  66   7 104   0  41 119  73  42  43  75 121   7 104 111  26  90  69  38  94  11  34  41  66  37 119 101  39  11 110 108 110  42  32  30  79  67  81   8 
 59   2  52  73  17 124  32  88  56  40  87 118  66  15 101  60   0  34  86  92 119  85 103  17  15  65  60  69   6   7   6  95 120  47  95  18  91  51  29  33 115  96 119  13  13  61   5  10  50  64 
112  50 108   4  29  93  64   6  80  76 118  75  23  33 110  95  48   0  61 111  79   9 116  28  33  88  94  13  82   3  16  63 106 105  14  51  28  95  39 123  17  66  94  78   3 106 100  49 116  55 
 40 120   6  69  91  82   8  67 111 108 100 114 116  48  83 119  51  26   0 118 101 105 108  83  36  49  85  71  87  99  26 124  79 121  71  82  25  47  53  51   4   6  76 117   4  69  31  21  35 109 
 10  76 122  44  57  21  96  40 114  92 120  97  86 123  88  40   2  31  13   0  62 113 113   4  11  20  12  31  82  75   6  83   7  33   6  19  88 103  27  16  34  41  20 104  80  78 117 107  12  68 
 84  88  32  68  86  88  50  80  56  85  83 105  66 103 109  68   2  57  75  63   0 123 119  21 108  73  11  24  21 110 109  94   5  81 101  67  73  13  89  59  81  69  80  49  74  48  56   9  13  70 
 57  71  83  78  75 115 105  50  17  46  94  94  68  81  79  13  13  26 111 123   7   0  40 117  81  28  59  72  86  30   9  84  95  33  66  77  50 124  28 106 103  31  42 109  47  22 106  66  64 106 
 51  75 108  92 112 105  19  41  14  58 113  96 121  49 110  80  78  79  12  43  42  42   0  17  33  35 121   6 107  56  11 105 103   8  25  38 124  88 107  29  89  45  13  98  69   7  53  84  16  63 
 13  34  85  70  88 123  40 106  13  57   5  31  44 104  52 106 102  30  68   2  88  92  37   0  35 114  37  18  37  35  72   8  57  38  32  65  61  58  22  17   5 113  46  74 114 116  39  85  69   6 
 75  38  78  22 122  86 108  60  93 112  42 121  53  10  75  69 113  43  34  21  25   6  76  11   0  65 114 124  48 106  64  31  89  78  49  44  86  47 103   6  27 112  31 100 105  53 109  24  80 102 
 51 112  19  30  72  41  81  64  42  45  25  26  83  96  93  41  11  46  23  73  50  37   6  86  92   0   3  48  40  88  32  85   6 112  88  47  60  21  69  15  21  75  43 118 108  86  13  16  20   9 
 60  13  42  31  66  12  62  93  25  62  33  89  39  33  84  67  70  47 105  51  21 118  41 107  85  97   0 121  60   7  29 105  21  22  56  53  42 113  55  34 119  51 112 103  82  41  75  48  51  38 
 88  19   6  43  92  95  68  90  75  57 101  62  22  89 107  72  45  18  15 100  43   4  22  71  72  76  15   0  30  73  47  96  47   2  63  57 107   9  10  11 103  29  29  96  19  85  48  96  91  94 
 34  70  22  86  48 101   2   8  36  21  15 114  39 108   5  50  65  87  44  43  10  17  63  30  17  22 110  93   0   7  31  58 117 108  39  22  96  76  58  43  99   3  52  54  24 104 101   9   9  67 
 80  44 118 105 124  10  85  79  89 123  91  85   5 106  29  24 118  65  60  31  27  41  76 103  27 114  67  62  26   0 101  18  57 120   6 118 101 123 122  99  34  74  78  96 121 115  82 101  33  17 
114  27 117   9  34  44  49  47  49  10   4  30  92  61  97  24  63 112  69  67  54  35  78 122  22  46 106  14  75  73   0  27  46 116  23  89  91 124 118  99  73  13 118  35  88  60  52  96  63  39 
 62   1  58  11  91  55   2  10 121  24  89 104  88  64  39  64 109 111  15  60  82  65  84  81  30  55 113  45  94  76 121   0  95   3  45 121   9  48  15  98  46  66   1  80  50  24  73  40  74 114 
117  16  12  65  29  69  24   3  59  81  23  38  72  64  82  55  88   6  71 109  73 107   6  57 117 102  13  64 100   2  11  74   0  11  81  88  81  23  26 105  40  13  39  47  88 110   9  86  51   7 
 93  66  97  62 117   1 114   6 121 106  51  77  79  61  86  78  74   3  71 119  99  41   4  38  51 111  47  26  16  92  14 117  46   0 116 123 121  96  13  76  26  13 123  59  77  33 105  24  64  53 
 50  60  88  42  40  57  54  54  84   9  60  59 101 118  38  18 114   3  60  45  11 107  82  51  51  51  57  96   4   4  52  21  12  24   0  27  20  83  88 108  78 118  86 106  93  53  74  18 115 115 
 90  62   4  67 120  86 105  15  49  99  50  10  45  63  42  29  19 106 106  61  69  73  13  41  99  29  15   7  50  36  21 108  59  84  44   0  61  66  73  43  78  41 104   1  11  43  42  69  74  54 
 60  45  90  18  99  59 106 111  25  61   7  18  74 118  32  94  27 110  54 118  27  97 106 110  94  64  11   9  23  78  18   3 102  29  22  40   0  89  78  45  56  23  56 106  40  72  73  79  32  30 
123  48  80 120   9  81  61  48  87  56  31  76  18  55  80  77 103  11 104   2  39  66  94  96   1 118 116  36 113  98  48  73  29  82  35  32  29   0  52  82  51  95  39  89   4  81   5  84  41  49 
 27  43  85  69  29  64  48  86 112  44  66  88  72 112  37 120  77  83  46 115 114  33 103  11  75  51  54  20  87  26  35  60 124  53  64  63 119  92   0 102  87  11 104  90  10  45  14  16  91 119 
  3   3 119 118 113  32 101  65  83 106  49  64  80  78  17  77  43  94  43  24  82  68  30  90  71  71 106  45   8 123  51  48  82  45  40  55  22 102 119   0  80  23  31  45 124  89  70  81  72  64 
 15   7  50  57  41  41  35 118  13  19  92  72 111  64  99 117 117  35  60  56 105  64  66  28  96  85  84   2  67 111  26  54  54  16   1  37  38  32 105  54   0  37  75  31  97  87  59  98  10   4 
 10  21  67  38  54   6  82  99  74  81  98  66  28  89 100 104  27  61  23  90  28  37  70  36  80  82  16  35  76  66  63 115  66  75 100  39  91  77  20  87  51   0  59  13  76  29 111   5  98  73 
 20 120   1  68  95  38 109   9 106 115   4  72 103  73  18  11   5 121  66 101  60  16 112  18  36 119  16  75  13  82  92  26  72 123  26  87 123 120  34  45  28  58   0  82  48  21   1  78  62 115 
 32  90  18  29  87  26  44  12  87 110 122 110 124  70  16 124  85  57  44  38 124  84 124  64  37  50  38  38 124  20 107  68  43 109 112  15 112 107   9  35 119  53  70   0  25  97  55 111  35  40 
 41 114 111  29  98  80 101  81  78  95  43  50  97  69 118  22  18  69  59  35  51  92 117  90  38  63   1  15  76 107  13  34  81  23  29 109 111 104  88  93  31  89   1  13   0  28  59  13   2  96 
 24  51  57  45  23  57 116  13  15  82  43 108  58  50  11  98  62  78  69 117 123  57  77  38  85  19  10  74  36  50 112  12  79  93  67  14  73  89  17 100  39  44  41  92 122   0  91 104 104  73 
 33  60   7 100   7  17  72  91  64  83  25 102  75  14   9  61 104 113  56 103  70  56  17  68  61  85  56 109 121  32  66 122   2 104  78  77 105  84   3  43  22 115  22  68   5  83   0  26  62  80 
 98 118  28  73  24 124 124  20  17  60  26  62  19  51  82   6  23 102  38  66  19  83  31  79  11  63 123  36  60  76  89  77 106  69  20 111   4  35  32   5  37  12  59   8  76  86  49   0  10  64 
 21  23  27 101  66  46  56  29  48  18  34  26  62 110 111  62   3 103  38 118  84  59  58  75  19  50  23  72  13  52 122  14  87  21 121  68 112  13  16  74 106  97  47  20  22 104  97   1   0  72 
113  29 112  94  30 100  22  60  17  77 109 124  89  92  89  95  16 116  89 121  60  82  83  39  28  84  47  95  71  63 121  57  77  98 100  80 121  80  72 116  23  15  69  89  11  19 107  89  98   0 
M1
  0 111   4 106  65  27  22 124  84  53  17  55  66 111  52  74   3  98  88  43 104  42 119  75 124  17 105  87  22  28  98  19  24 119  67  18  67  11  74  39 112 119  70  12  85  76  30  72 104 124 
  5   0  71  93 104  53  14   9  29  65  57  58  56  24 100  23  23  99  94  41  24 118 116  78  39  88  29  89  84  23  60  41  12 101  94   8  13  22  73  44  26  59 119  60 121  31  11  80  26  94 
 73  91   0  28  46  46 112 107  62  58  88  85  37  30  35  35  10   6  97  25 116  89  59 115  58  95  95  26  14 122  92  62 110  56  18  19  96 110  28  74  79  71 104  64 101   6  62  44  47  67 
124  70   9   0 112  41 102 117  55 102  14  44  85  93 103  94  49  43  43  26  13  84  12  78   9  86 103  65  54  54  26 120  23  16  96 114  42   8  57  31  39  11  25  81  59  13  42  25  66  93 
 57 117 122 104   0   5  87  52  41  54  36   3  67  46  84  88  75   3  25  63  33  79  17  88  37  81  48 101  19 112  40  72  90  28  70 110  67  93  13  93  43 114 119  56  19   7  10  90  77  16 
 59  93  61  60  21   0  45  39  75  56   6  63  31  20  22 111  78  74  54  81  85  32  75 115  81  52  34  54   2  44  37  19  20  17  82  80 117  63  34  18 117  94  83  65  36  43  48  70   9  60 
 68   3 108  71  11 109   0  60 101  18 117  61   6 112   7  69 123  86 122   3  67  32   9  99  85  41   9  36 102   3  38  47 124  42  22  21  76 123  77  90  28  75  28   4  72  55  64  21   3 107 
 57 102  41  83  71   7  70   0  32   6  77  53  23  57  40  19 113 107  42  46  43  50  89  72  81  84  80  46  81  13  26  13  28 111 121 108 122 103   2 122  96  73  19  20  47  88  33  19  48   2 
 54 105  80   7  37  95  74   4   0  77  51 111  68  61  57 105  46  67  66  59  98  21  39  85  32  32  47  44  71  14 114  26  11  66  20 102  38 104  40 113  88  11  21  48  17  13  96  69  11  94 
 77   8  58  30  30  22  94  57  30   0 114  64 112 107  10  96 114  91  15  50  78 109  46  94   4  63  93   4  57  93  66  12  33  20  26 110 115  96 118  26  70 109  20  19  39  97 119  52  59  33 
 93  87  22  22  41 118  91  96  98  80   0  96  18  39  10  90  28   8  35  64  23  10  76 100  59   4 113  33  27  97  65   5  77  19  56  18  32  17 108  91 108  51  78 102 123  10  55  27  75  24 
 54 101  55  21  93 104  26  41 112   9 106   0  69  10  83  77  85  57 122  35  32  75  15  51  58  99 100 118  44 114  20 107  94  24  46  63  18  54 118  51   3 122 112  47  86  45   7  28 120  68 
  4  96  68  34  74 106  72 124   8   3  40  80   0  98  98  69  83  39 118 107  34  91 117  30  53  30  87 109  73 120  11  91  40 103 101 104  95  16 100  80   7   4  46  72  76  17   3  32  33  13 
 48  37 105  64  87   5  12  90  30  22  37  76  88   0  71 109  77  46  19  98 103 110  60  24  72 117  99 108  54 102 114  28  90  13  92   8 110  22 111 117  95  10  84  66  76  43 104 119  63 106 
 83  52  86  77  19  26   4  62  20 101  46 116 113  77   0  67  44  85 119  98  13  52 114   1 106 121  33   6  43  75  22  38 118  91  13  55  15  23  63 115 116  64  12  84  28  60  97  96  12  73 
 89  35 122 109 111  64 100  62  26  32 120  61  66   7 104   0  41 119  73  42  43  75 121   7 104 111  26  90  69  38  94  11  34  41  66  37 119 101  39  11 110 108 110  42  32  30  79  67  81   8 
 59   2  52  73  17 124  32  88  56  40  87 118  66  15 101  60   0  34  86  92 119  85 103  17  15  65  60  69   6   7   6  95 120  47  95  18  91  51  29  33 115  96 119  13  13  61   5  10  50  64 
112  50 108   4  29  93  64   6  80  76 118  75  23  33 110  95  48   0  61 111  79   9 116  28  33  88  94  13  82   3  16  63 106 105  14  51  28  95  39 123  17  66  94  78   3 106 100  49 116  55 
 40 120   6  69  91  82   8  67 111 108 100 114 116  48  83 119  51  26   0 118 101 105 108  83  36  49  85  71  87  99  26 124  79 121  71  82  25  47  53  51   4   6  76 117   4  69  31  21  35 109 
 10  76 122  44  57  21  96  40 114  92 120  97  86 123  88  40   2  31  13   0  62 113 113   4  11  20  12  31  82  75   6  83   7  33   6  19  88 103  27  16  34  41  20 104  80  78 117 107  12  68 
 84  88  32  68  86  88  50  80  56  85  83 105  66 103 109  68   2  57  75  63   0 123 119  21 108  73  11  24  21 110 109  94   5  81 101  67  73  13  89  59  81  69  80  49  74  48  56   9  13  70 
 57  71  83  78  75 115 105  50  17  46  94  94  68  81  79  13  13  26 111 123   7   0  40 117  81  28  59  72  86  30   9  84  95  33  66  77  50 124  28 106 103  31  42 109  47  22 106  66  64 106 
 51  75 108  92 112 105  19  41  14  58 113  96 121  49 110  80  78  79  12  43  42  42   0  17  33  35 121   6 107  56  11 105 103   8  25  38 124  88 107  29  89  45  13  98  69   7  53  84  16  63 
 13  34  85  70  88 123  40 106  13  57   5  31  44 104  52 106 102  30  68   2  88  92  37   0  35 114  37  18  37  35  72   8  57  38  32  65  61  58  22  17   5 113  46  74 114 116  39  85  69   6 
 75  38  78  22 122  86 108  60  93 112  42 121  53  10  75  69 113  43  34  21  25   6  76  11   0  65 114 124  48 106  64  31  89  78  49  44  86  47 103   6  27 112  31 100 105  53 109  24  80 102 
 51 112  19  30  72  41  81  64  42  45  25  26  83  96  93  41  11  46  23  73  50  37   6  86  92   0   3  48  40  88  32  85   6 112  88  47  60  21  69  15  21  75  43 118 108  86  13  16  20   9 
 60  13  42  31  66  12  62  93  25  62  33  89  39  33  84  67  70  47 105  51  21 118  41 107  85  97   0 121  60   7  29 105  21  22  56  53  42 113  55  34 119  51 112 103  82  41  75  48  51  38 
 88  19   6  43  92  95  68  90  75  57 101  62  22  89 107  72  45  18  15 100  43   4  22  71  72  76  15   0  30  73  47  96  47   2  63  57 107   9  10  11 103  29  29  96  19  85  48  96  91  94 
 34  70  22  86  48 101   2   8  36  21  15 114  39 108   5  50  65  87  44  43  10  17  63  30  17  22 110  93   0   7  31  58 117 108  39  22  96  76  58  43  99   3  52  54  24 104 101   9   9  67 
 80  44 118 105 124  10  85  79  89 123  91  85   5 106  29  24 118  65  60  31  27  41  76 103  27 114  67  62  26   0 101  18  57 120   6 118 101 123 122  99  34  74  78  96 121 115  82 101  33  17 
114  27 117   9  34  44  49  47  49  10   4  30  92  61  97  24  63 112  69  67  54  35  78 122  22  46 106  14  75  73   0  27  46 116  23  89  91 124 118  99  73  13 118  35  88  60  52  96  63  39 
 62   1  58  11  91  55   2  10 121  24  89 104  88  64  39  64 109 111  15  60  82  65  84  81  30  55 113  45  94  76 121   0  95   3  45 121   9  48  15  98  46  66   1  80  50  24  73  40  74 114 
117  16  12  65  29  69  24   3  59  81  23  38  72  64  82  55  88   6  71 109  73 107   6  57 117 102  13  64 100   2  11  74   0  11  81  88  81  23  26 105  40  13  39  47  88 110   9  86  51   7 
 93  66  97  62 117   1 114   6 121 106  51  77  79  61  86  78  74   3  71 119  99  41   4  38  51 111  47  26  16  92  14 117  46   0 116 123 121  96  13  76  26  13 123  59  77  33 105  24  64  53 
 50  60  88  42  40  57  54  54  84   9  60  59 101 118  38  18 114   3  60  45  11 107  82  51  51  51  57  96   4   4  52  21  12  24   0  27  20  83  88 108  78 118  86 106  93  53  74  18 115 115 
 90  62   4  67 120  86 105  15  49  99  50  10  45  63  42  29  19 106 106  61  69  73  13  41  99  29  15   7  50  36  21 108  59  84  44   0  61  66  73  43  78  41 104   1  11  43  42  69  74  54 
 60  45  90  18  99  59 106 111  25  61   7  18  74 118  32  94  27 110  54 118  27  97 106 110  94  64  11   9  23  78  18   3 102  29  22  40   0  89  78  45  56  23  56 106  40  72  73  79  32  30 
123  48  80 120   9  81  61  48  87  56  31  76  18  55  80  77 103  11 104   2  39  66  94  96   1 118 116  36 113  98  48  73  29  82  35  32  29   0  52  82  51  95  39  89   4  81   5  84  41  49 
 27  43  85  69  29  64  48  86 112  44  66  88  72 112  37 120  77  83  46 115 114  33 103  11  75  51  54  20  87  26  35  60 124  53  64  63 119  92   0 102  87  11 104  90  10  45  14  16  91 119 
  3   3 119 118 113  32 101  65  83 106  49  64  80  78  17  77  43  94  43  24  82  68  30  90  71  71 106  45   8 123  51  48  82  45  40  55  22 102 119   0  80  23  31  45 124  89  70  81  72  64 
 15   7  50  57  41  41  35 118  13  19  92  72 111  64  99 117 117  35  60  56 105  64  66  28  96  85  84   2  67 111  26  54  54  16   1  37  38  32 105  54   0  37  75  31  97  87  59  98  10   4 
 10  21  67  38  54   6  82  99  74  81  98  66  28  89 100 104  27  61  23  90  28  37  70  36  80  82  16  35  76  66  63 115  66  75 100  39  91  77  20  87  51   0  59  13  76  29 111   5  98  73 
 20 120   1  68  95  38 109   9 106 115   4  72 103  73  18  11   5 121  66 101  60  16 112  18  36 119  16  75  13  82  92  26  72 123  26  87 123 120  34  45  28  58   0  82  48  21   1  78  62 115 
 32  90  18  29  87  26  44  12  87 110 122 110 124  70  16 124  85  57  44  38 124  84 124  64  37  50  38  38 124  20 107  68  43 109 112  15 112 107   9  35 119  53  70   0  25  97  55 111  35  40 
 41 114 111  29  98  80 101  81  78  95  43  50  97  69 118  22  18  69  59  35  51  92 117  90  38  63   1  15  76 107  13  34  81  23  29 109 111 104  88  93  31  89   1  13   0  28  59  13   2  96 
 24  51  57  45  23  57 116  13  15  82  43 108  58  50  11  98  62  78  69 117 123  57  77  38  85  19  10  74  36  50 112  12  79  93  67  14  73  89  17 100  39  44  41  92 122   0  91 104 104  73 
 33  60   7 100   7  17  72  91  64  83  25 102  75  14   9  61 104 113  56 103  70  56  17  68  61  85  56 109 121  32  66 122   2 104  78  77 105  84   3  43  22 115  22  68   5  83   0  26  62  80 
 98 118  28  73  24 124 124  20  17  60  26  62  19  51  82   6  23 102  38  66  19  83  31  79  11  63 123  36  60  76  89  77 106  69  20 111   4  35  32   5  37  12  59   8  76  86  49   0  10  64 
 21  23  27 101  66  46  56  29  48  18  34  26  62 110 111  62   3 103  38 118  84  59  58  75  19  50  23  72  13  52 122  14  87  21 121  68 112  13  16  74 106  97  47  20  22 104  97   1   0  72 
113  29 112  94  30 100  22  60  17  77 109 124  89  92  89  95  16 116  89 121  60  82  83  39  28  84  47  95  71  63 121  57  77  98 100  80 121  80  72 116  23  15  69  89  11  19 107  89  98   0 
M2
  0 111   4 106  65  27  22 124  84  53  17  55  66 111  52  74   3  98  88  43 104  42 119  75 124  17 105  87  22  28  98  19  24 119  67  18  67  11  74  39 112 119  70  12  85  76  30  72 104 124 
  5   0  71  93 104  53  14   9  29  65  57  58  56  24 100  23  23  99  94  41  24 118 116  78  39  88  29  89  84  23  60  41  12 101  94   8  13  22  73  44  26  59 119  60 121  31  11  80  26  94 
 73  91   0  28  46  46 112 107  62  58  88  85  37  30  35  35  10   6  97  25 116  89  59 115  58  95  95  26  14 122  92  62 110  56  18  19  96 110  28  74  79  71 104  64 101   6  62  44  47  67 
124  70   9   0 112  41 102 117  55 102  14  44  85  93 103  94  49  43  43  26  13  84  12  78   9  86 103  65  54  54  26 120  23  16  96 114  42   8  57  31  39  11  25  81  59  13  42  25  66  93 
 57 117 122 104   0   5  87  52  41  54  36   3  67  46  84  88  75   3  25  63  33  79  17  88  37  81  48 101  19 112  40  72  90  28  70 110  67  93  13  93  43 114 119  56  19   7  10  90  77  16 
 59  93  61  60  21   0  45  39  75  56   6  63  31  20  22 111  78  74  54  81  85  32  75 115  81  52  34  54   2  44  37  19  20  17  82  80 117  63  34  18 117  94  83  65  36  43  48  70   9  60 
 68   3 108  71  11 109   0  60 101  18 117  61   6 112   7  69 123  86 122   3  67  32   9  99  85  41   9  36 102   3  38  47 124  42  22  21  76 123  77  90  28  75  28   4  72  55  64  21   3 107 
 57 102  41  83  71   7  70   0  32   6  77  53  23  57  40  19 113 107  42  46  43  50  89  72  81  84  80  46  81  13  26  13  28 111 121 108 122 103   2 122  96  73  19  20  47  88  33  19  48   2 
 54 105  80   7  37  95  74   4   0  77  51 111  68  61  57 105  46  67  66  59  98  21  39  85  32  32  47  44  71  14 114  26  11  66  20 102  38 104  40 113  88  11  21  48  17  13  96  69  11  94 
 77   8  58  30  30  22  94  57  30   0 114  64 112 107  10  96 114  91  15  50  78 109  46  94   4  63  93   4  57  93  66  12  33  20  26 110 115  96 118  26  70 109  20  19  39  97 119  52  59  33 
 93  87  22  22  41 118  91  96  98  80   0  96  18  39  10  90  28   8  35  64  23  10  76 100  59   4 113  33  27  97  65   5  77  19  56  18  32  17 108  91 108  51  78 102 123  10  55  27  75  24 
 54 101  55  21  93 104  26  41 112   9 106   0  69  10  83  77  85  57 122  35  32  75  15  51  58  99 100 118  44 114  20 107  94  24  46  63  18  54 118  51   3 122 112  47  86  45   7  28 120  68 
  4  96  68  34  74 106  72 124   8   3  40  80   0  98  98  69  83  39 118 107  34  91 117  30  53  30  87 109  73 120  11  91  40 103 101 104  95  16 100  80   7   4  46  72  76  17   3  32  33  13 
 48  37 105  64  87   5  12  90  30  22  37  76  88   0  71 109  77  46  19  98 103 110  60  24  72 117  99 108  54 102 114  28  90  13  92   8 110  22 111 117  95  10  84  66  76  43 104 119  63 106 
 83  52  86  77  19  26   4  62  20 101  46 116 113  77   0  67  44  85 119  98  13  52 114   1 106 121  33   6  43  75  22  38 118  91  13  55  15  23  63 115 116  64  12  84  28  60  97  96  12  73 
 89  35 122 109 111  64 100  62  26  32 120  61  66   7 104   0  41 119  73  42  43  75 121   7 104 111  26  90  69  38  94  11  34  41  66  37 119 101  39  11 110 108 110  42  32  30  79  67  81   8 
 59   2  52  73  17 124  32  88  56  40  87 118  66  15 101  60   0  34  86  92 119  85 103  17  15  65  60  69   6   7   6  95 120  47  95  18  91  51  29  33 115  96 119  13  13  61   5  10  50  64 
112  50 108   4  29  93  64   6  80  76 118  75  23  33 110  95  48   0  61 111  79   9 116  28  33  88  94  13  82   3  16  63 106 105  14  51  28  95  39 123  17  66  94  78   3 106 100  49 116  55 
 40 120   6  69  91  82   8  67 111 108 100 114 116  48  83 119  51  26   0 118 101 105 108  83  36  49  85  71  87  99  26 124  79 121  71  82  25  47  53  51   4   6  76 117   4  69  31  21  35 109 
 10  76 122  44  57  21  96  40 114  92 120  97  86 123  88  40   2  31  13   0  62 113 113   4  11  20  12  31  82  75   6  83   7  33   6  19  88 103  27  16  34  41  20 104  80  78 117 107  12  68 
 84  88  32  68  86  88  50  80  56  85  83 105  66 103 109  68   2  57  75  63   0 123 119  21 108  73  11  24  21 110 109  94   5  81 101  67  73  13  89  59  81  69  80  49  74  48  56   9  13  70 
 57  71  83  78  75 115 105  50  17  46  94  94  68  81  79  13  13  26 111 123   7   0  40 117  81  28  59  72  86  30   9  84  95  33  66  77  50 124  28 106 103  31  42 109  47  22 106  66  64 106 
 51  75 108  92 112 105  19  41  14  58 113  96 121  49 110  80  78  79  12  43  42  42   0  17  33  35 121   6 107  56  11 105 103   8  25  38 124  88 107  29  89  45  13  98  69   7  53  84  16  63 
 13  34  85  70  88 123  40 106  13  57   5  31  44 104  52 106 102  30  68   2  88  92  37   0  35 114  37  18  37  35  72   8  57  38  32  65  61  58  22  17   5 113  46  74 114 116  39  85  69   6 
 75  38  78  22 122  86 108  60  93 112  42 121  53  10  75  69 113  43  34  21  25   6  76  11   0  65 114 124  48 106  64  31  89  78  49  44  86  47 103   6  27 112  31 100 105  53 109  24  80 102 
 51 112  19  30  72  41  81  64  42  45  25  26  83  96  93  41  11  46  23  73  50  37   6  86  92   0   3  48  40  88  32  85   6 112  88  47  60  21  69  15  21  75  43 118 108  86  13  16  20   9 
 60  13  42  31  66  12  62  93  25  62  33  89  39  33  84  67  70  47 105  51  21 118  41 107  85  97   0 121  60   7  29 105  21  22  56  53  42 113  55  34 119  51 112 103  82  41  75  48  51  38 
 88  19   6  43  92  95  68  90  75  57 101  62  22  89 107  72  45  18  15 100  43   4  22  71  72  76  15   0  30  73  47  96  47   2  63  57 107   9  10  11 103  29  29  96  19  85  48  96  91  94 
 34  70  22  86  48 101   2   8  36  21  15 114  39 108   5  50  65  87  44  43  10  17  63  30  17  22 110  93   0   7  31  58 117 108  39  22  96  76  58  43  99   3  52  54  24 104 101   9   9  67 
 80  44 118 105 124  10  85  79  89 123  91  85   5 106  29  24 118  65  60  31  27  41  76 103  27 114  67  62  26   0 101  18  57 120   6 118 101 123 122  99  34  74  78  96 121 115  82 101  33  17 
114  27 117   9  34  44  49  47  49  10   4  30  92  61  97  24  63 112  69  67  54  35  78 122  22  46 106  14  75  73   0  27  46 116  23  89  91 124 118  99  73  13 118  35  88  60  52  96  63  39 
 62   1  58  11  91  55   2  10 121  24  89 104  88  64  39  64 109 111  15  60  82  65  84  81  30  55 113  45  94  76 121   0  95   3  45 121   9  48  15  98  46  66   1  80  50  24  73  40  74 114 
117  16  12  65  29  69  24   3  59  81  23  38  72  64  82  55  88   6  71 109  73 107   6  57 117 102  13  64 100   2  11  74   0  11  81  88  81  23  26 105  40  13  39  47  88 110   9  86  51   7 
 93  66  97  62 117   1 114   6 121 106  51  77  79  61  86  78  74   3  71 119  99  41   4  38  51 111  47  26  16  92  14 117  46   0 116 123 121  96  13  76  26  13 123  59  77  33 105  24  64  53 
 50  60  88  42  40  57  54  54  84   9  60  59 101 118  38  18 114   3  60  45  11 107  82  51  51  51  57  96   4   4  52  21  12  24   0  27  20  83  88 108  78 118  86 106  93  53  74  18 115 115 
 90  62   4  67 120  86 105  15  49  99  50  10  45  63  42  29  19 106 106  61  69  73  13  41  99  29  15   7  50  36  21 108  59  84  44   0  61  66  73  43  78  41 104   1  11  43  42  69  74  54 
 60  45  90  18  99  59 106 111  25  61   7  18  74 118  32  94  27 110  54 118  27  97 106 110  94  64  11   9  23  78  18   3 102  29  22  40   0  89  78  45  56  23  56 106  40  72  73  79  32  30 
123  48  80 120   9  81  61  48  87  56  31  76  18  55  80  77 103  11 104   2  39  66  94  96   1 118 116  36 113  98  48  73  29  82  35  32  29   0  52  82  51  95  39  89   4  81   5  84  41  49 
 27  43  85  69  29  64  48  86 112  44  66  88  72 112  37 120  77  83  46 115 114  33 103  11  75  51  54  20  87  26  35  60 124  53  64  63 119  92   0 102  87  11 104  90  10  45  14  16  91 119 
  3   3 119 118 113  32 101  65  83 106  49  64  80  78  17  77  43  94  43  24  82  68  30  90  71  71 106  45   8 123  51  48  82  45  40  55  22 102 119   0  80  23  31  45 124  89  70  81  72  64 
 15   7  50  57  41  41  35 118  13  19  92  72 111  64  99 117 117  35  60  56 105  64  66  28  96  85  84   2  67 111  26  54  54  16   1  37  38  32 105  54   0  37  75  31  97  87  59  98  10   4 
 10  21  67  38  54   6  82  99  74  81  98  66  28  89 100 104  27  61  23  90  28  37  70  36  80  82  16  35  76  66  63 115  66  75 100  39  91  77  20  87  51   0  59  13  76  29 111   5  98  73 
 20 120   1  68  95  38 109   9 106 115   4  72 103  73  18  11   5 121  66 101  60  16 112  18  36 119  16  75  13  82  92  26  72 123  26  87 123 120  34  45  28  58   0  82  48  21   1  78  62 115 
 32  90  18  29  87  26  44  12  87 110 122 110 124  70  16 124  85  57  44  38 124  84 124  64  37  50  38  38 124  20 107  68  43 109 112  15 112 107   9  35 119  53  70   0  25  97  55 111  35  40 
 41 114 111  29  98  80 101  81  78  95  43  50  97  69 118  22  18  69  59  35  51  92 117  90  38  63   1  15  76 107  13  34  81  23  29 109 111 104  88  93  31  89   1  13   0  28  59  13   2  96 
 24  51  57  45  23  57 116  13  15  82  43 108  58  50  11  98  62  78  69 117 123  57  77  38  85  19  10  74  36  50 112  12  79  93  67  14  73  89  17 100  39  44  41  92 122   0  91 104 104  73 
 33  60   7 100   7  17  72  91  64  83  25 102  75  14   9  61 104 113  56 103  70  56  17  68  61  85  56 109 121  32  66 122   2 104  78  77 105  84   3  43  22 115  22  68   5  83   0  26  62  80 
 98 118  28  73  24 124 124  20  17  60  26  62  19  51  82   6  23 102  38  66  19  83  31  79  11  63 123  36  60  76  89  77 106  69  20 111   4  35  32   5  37  12  59   8  76  86  49   0  10  64 
 21  23  27 101  66  46  56  29  48  18  34  26  62 110 111  62   3 103  38 118  84  59  58  75  19  50  23  72  13  52 122  14  87  21 121  68 112  13  16  74 106  97  47  20  22 104  97   1   0  72 
113  29 112  94  30 100  22  60  17  77 109 124  89  92  89  95  16 116  89 121  60  82  83  39  28  84  47  95  71  63 121  57  77  98 100  80 121  80  72 116  23  15  69  89  11  19 107  89  98   0 
M3
  0 111   4 106  65  27  22 124  84  53  17  55  66 111  52  74   3  98  88  43 104  42 119  75 124  17 105  87  22  28  98  19  24 119  67  18  67  11  74  39 112 119  70  12  85  76  30  72 104 124 
  5   0  71  93 104  53  14   9  29  65  57  58  56  24 100  23  23  99  94  41  24 118 116  78  39  88  29  89  84  23  60  41  12 101  94   8  13  22  73  44  26  59 119  60 121  31  11  80  26  94 
 73  91   0  28  46  46 112 107  62  58  88  85  37  30  35  35  10   6  97  25 116  89  59 115  58  95  95  26  14 122  92  62 110  56  18  19  96 110  28  74  79  71 104  64 101   6  62  44  47  67 
124  70   9   0 112  41 102 117  55 102  14  44  85  93 103  94  49  43  43  26  13  84  12  78   9  86 103  65  54  54  26 120  23  16  96 114  42   8  57  31  39  11  25  81  59  13  42  25  66  93 
 57 117 122 104   0   5  87  52  41  54  36   3  67  46  84  88  75   3  25  63  33  79  17  88  37  81  48 101  19 112  40  72  90  28  70 110  67  93  13  93  43 114 119  56  19   7  10  90  77  16 
 59  93  61  60  21   0  45  39  75  56   6  63  31  20  22 111  78  74  54  81  85  32  75 115  81  52  34  54   2  44  37  19  20  17  82  80 117  63  34  18 117  94  83  65  36  43  48  70   9  60 
 68   3 108  71  11 109   0  60 101  18 117  61   6 112   7  69 123  86 122   3  67  32   9  99  85  41   9  36 102   3  38  47 124  42  22  21  76 123  77  90  28  75  28   4  72  55  64  21   3 107 
 57 102  41  83  71   7  70   0  32   6  77  53  23  57  40  19 113 107  42  46  43  50  89  72  81  84  80  46  81  13  26  13  28 111 121 108 122 103   2 122  96  73  19  20  47  88  33  19  48   2 
 54 105  80   7  37  95  74   4   0  77  51 111  68  61  57 105  46  67  66  59  98  21  39  85  32  32  47  44  71  14 114  26  11  66  20 102  38 104  40 113  88  11  21  48  17  13  96  69  11  94 
 77   8  58  30  30  22  94  57  30   0 114  64 112 107  10  96 114  91  15  50  78 109  46  94   4  63  93   4  57  93  66  12  33  20  26 110 115  96 118  26  70 109  20  19  39  97 119  52  59  33 
 93  87  22  22  41 118  91  96  98  80   0  96  18  39  10  90  28   8  35  64  23  10  76 100  59   4 113  33  27  97  65   5  77  19  56  18  32  17 108  91 108  51  78 102 123  10  55  27  75  24 
 54 101  55  21  93 104  26  41 112   9 106   0  69  10  83  77  85  57 122  35  32  75  15  51  58  99 100 118  44 114  20 107  94  24  46  63  18  54 118  51   3 122 112  47  86  45   7  28 120  68 
  4  96  68  34  74 106  72 124   8   3  40  80   0  98  98  69  83  39 118 107  34  91 117  30  53  30  87 109  73 120  11  91  40 103 101 104  95  16 100  80   7   4  46  72  76  17   3  32  33  13 
 48  37 105  64  87   5  12  90  30  22  37  76  88   0  71 109  77  46  19  98 103 110  60  24  72 117  99 108  54 102 114  28  90  13  92   8 110  22 111 117  95  10  84  66  76  43 104 119  63 106 
 83  52  86  77  19  26   4  62  20 101  46 116 113  77   0  67  44  85 119  98  13  52 114   1 106 121  33   6  43  75  22  38 118  91  13  55  15  23  63 115 116  64  12  84  28  60  97  96  12  73 
 89  35 122 109 111  64 100  62  26  32 120  61  66   7 104   0  41 119  73  42  43  75 121   7 104 111  26  90  69  38  94  11  34  41  66  37 119 101  39  11 110 108 110  42  32  30  79  67  81   8 
 59   2  52  73  17 124  32  88  56  40  87 118  66  15 101  60   0  34  86  92 119  85 103  17  15  65  60  69   6   7   6  95 120  47  95  18  91  51  29  33 115  96 119  13  13  61   5  10  50  64 
112  50 108   4  29  93  64   6  80  76 118  75  23  33 110  95  48   0  61 111  79   9 116  28  33  88  94  13  82   3  16  63 106 105  14  51  28  95  39 123  17  66  94  78   3 106 100  49 116  55 
 40 120   6  69  91  82   8  67 111 108 100 114 116  48  83 119  51  26   0 118 101 105 108  83  36  49  85  71  87  99  26 124  79 121  71  82  25  47  53  51   4   6  76 117   4  69  31  21  35 109 
 10  76 122  44  57  21  96  40 114  92 120  97  86 123  88  40   2  31  13   0  62 113 113   4  11  20  12  31  82  75   6  83   7  33   6  19  88 103  27  16  34  41  20 104  80  78 117 107  12  68 
 84  88  32  68  86  88  50  80  56  85  83 105  66 103 109  68   2  57  75  63   0 123 119  21 108  73  11  24  21 110 109  94   5  81 101  67  73  13  89  59  81  69  80  49  74  48  56   9  13  70 
 57  71  83  78  75 115 105  50  17  46  94  94  68  81  79  13  13  26 111 123   7   0  40 117  81  28  59  72  86  30   9  84  95  33  66  77  50 124  28 106 103  31  42 109  47  22 106  66  64 106 
 51  75 108  92 112 105  19  41  14  58 113  96 121  49 110  80  78  79  12  43  42  42   0  17  33  35 121   6 107  56  11 105 103   8  25  38 124  88 107  29  89  45  13  98  69   7  53  84  16  63 
 13  34  85  70  88 123  40 106  13  57   5  31  44 104  52 106 102  30  68   2  88  92  37   0  35 114  37  18  37  35  72   8  57  38  32  65  61  58  22  17   5 113  46  74 114 116  39  85  69   6 
 75  38  78  22 122  86 108  60  93 112  42 121  53  10  75  69 113  43  34  21  25   6  76  11   0  65 114 124  48 106  64  31  89  78  49  44  86  47 103   6  27 112  31 100 105  53 109  24  80 102 
 51 112  19  30  72  41  81  64  42  45  25  26  83  96  93  41  11  46  23  73  50  37   6  86  92   0   3  48  40  88  32  85   6 112  88  47  60  21  69  15  21  75  43 118 108  86  13  16  20   9 
 60  13  42  31  66  12  62  93  25  62  33  89  39  33  84  67  70  47 105  51  21 118  41 107  85  97   0 121  60   7  29 105  21  22  56  53  42 113  55  34 119  51 112 103  82  41  75  48  51  38 
 88  19   6  43  92  95  68  90  75  57 101  62  22  89 107  72  45  18  15 100  43   4  22  71  72  76  15   0  30  73  47  96  47   2  63  57 107   9  10  11 103  29  29  96  19  85  48  96  91  94 
 34  70  22  86  48 101   2   8  36  21  15 114  39 108   5  50  65  87  44  43  10  17  63  30  17  22 110  93   0   7  31  58 117 108  39  22  96  76  58  43  99   3  52  54  24 104 101   9   9  67 
 80  44 118 105 124  10  85  79  89 123  91  85   5 106  29  24 118  65  60  31  27  41  76 103  27 114  67  62  26   0 101  18  57 120   6 118 101 123 122  99  34  74  78  96 121 115  82 101  33  17 
114  27 117   9  34  44  49  47  49  10   4  30  92  61  97  24  63 112  69  67  54  35  78 122  22  46 106  14  75  73   0  27  46 116  23  89  91 124 118  99  73  13 118  35  88  60  52  96  63  39 
 62   1  58  11  91  55   2  10 121  24  89 104  88  64  39  64 109 111  15  60  82  65  84  81  30  55 113  45  94  76 121   0  95   3  45 121   9  48  15  98  46  66   1  80  50  24  73  40  74 114 
117  16  12  65  29  69  24   3  59  81  23  38  72  64  82  55  88   6  71 109  73 107   6  57 117 102  13  64 100   2  11  74   0  11  81  88  81  23  26 105  40  13  39  47  88 110   9  86  51   7 
 93  66  97  62 117   1 114   6 121 106  51  77  79  61  86  78  74   3  71 119  99  41   4  38  51 111  47  26  16  92  14 117  46   0 116 123 121  96  13  76  26  13 123  59  77  33 105  24  64  53 
 50  60  88  42  40  57  54  54  84   9  60  59 101 118  38  18 114   3  60  45  11 107  82  51  51  51  57  96   4   4  52  21  12  24   0  27  20  83  88 108  78 118  86 106  93  53  74  18 115 115 
 90  62   4  67 120  86 105  15  49  99  50  10  45  63  42  29  19 106 106  61  69  73  13  41  99  29  15   7  50  36  21 108  59  84  44   0  61  66  73  43  78  41 104   1  11  43  42  69  74  54 
 60  45  90  18  99  59 106 111  25  61   7  18  74 118  32  94  27 110  54 118  27  97 106 110  94  64  11   9  23  78  18   3 102  29  22  40   0  89  78  45  56  23  56 106  40  72  73  79  32  30 
123  48  80 120   9  81  61  48  87  56  31  76  18  55  80  77 103  11 104   2  39  66  94  96   1 118 116  36 113  98  48  73  29  82  35  32  29   0  52  82  51  95  39  89   4  81   5  84  41  49 
 27  43  85  69  29  64  48  86 112  44  66  88  72 112  37 120  77  83  46 115 114  33 103  11  75  51  54  20  87  26  35  60 124  53  64  63 119  92   0 102  87  11 104  90  10  45  14  16  91 119 
  3   3 119 118 113  32 101  65  83 106  49  64  80  78  17  77  43  94  43  24  82  68  30  90  71  71 106  45   8 123  51  48  82  45  40  55  22 102 119   0  80  23  31  45 124  89  70  81  72  64 
 15   7  50  57  41  41  35 118  13  19  92  72 111  64  99 117 117  35  60  56 105  64  66  28  96  85  84   2  67 111  26  54  54  16   1  37  38  32 105  54   0  37  75  31  97  87  59  98  10   4 
 10  21  67  38  54   6  82  99  74  81  98  66  28  89 100 104  27  61  23  90  28  37  70  36  80  82  16  35  76  66  63 115  66  75 100  39  91  77  20  87  51   0  59  13  76  29 111   5  98  73 
 20 120   1  68  95  38 109   9 106 115   4  72 103  73  18  11   5 121  66 101  60  16 112  18  36 119  16  75  13  82  92  26  72 123  26  87 123 120  34  45  28  58   0  82  48  21   1  78  62 115 
 32  90  18  29  87  26  44  12  87 110 122 110 124  70  16 124  85  57  44  38 124  84 124  64  37  50  38  38 124  20 107  68  43 109 112  15 112 107   9  35 119  53  70   0  25  97  55 111  35  40 
 41 114 111  29  98  80 101  81  78  95  43  50  97  69 118  22  18  69  59  35  51  92 117  90  38  63   1  15  76 107  13  34  81  23  29 109 111 104  88  93  31  89   1  13   0  28  59  13   2  96 
 24  51  57  45  23  57 116  13  15  82  43 108  58  50  11  98  62  78  69 117 123  57  77  38  85  19  10  74  36  50 112  12  79  93  67  14  73  89  17 100  39  44  41  92 122   0  91 104 104  73 
 33  60   7 100   7  17  72  91  64  83  25 102  75  14   9  61 104 113  56 103  70  56  17  68  61  85  56 109 121  32  66 122   2 104  78  77 105  84   3  43  22 115  22  68   5  83   0  26  62  80 
 98 118  28  73  24 124 124  20  17  60  26  62  19  51  82   6  23 102  38  66  19  83  31  79  11  63 123  36  60  76  89  77 106  69  20 111   4  35  32   5  37  12  59   8  76  86  49   0  10  64 
 21  23  27 101  66  46  56  29  48  18  34  26  62 110 111  62   3 103  38 118  84  59  58  75  19  50  23  72  13  52 122  14  87  21 121  68 112  13  16  74 106  97  47  20  22 104  97   1   0  72 
113  29 112  94  30 100  22  60  17  77 109 124  89  92  89  95  16 116  89 121  60  82  83  39  28  84  47  95  71  63 121  57  77  98 100  80 121  80  72 116  23  15  69  89  11  19 107  89  98   0 
M4
  0 111   4 106  65  27  22 124  84  53  17  55  66 111  52  74   3  98  88  43 104  42 119  75 124  17 105  87  22  28  98  19  24 119  67  18  67  11  74  39 112 119  70  12  85  76  30  72 104 124 
  5   0  71  93 104  53  14   9  29  65  57  58  56  24 100  23  23  99  94  41  24 118 116  78  39  88  29  89  84  23  60  41  12 101  94   8  13  22  73  44  26  59 119  60 121  31  11  80  26  94 
 73  91   0  28  46  46 112 107  62  58  88  85  37  30  35  35  10   6  97  25 116  89  59 115  58  95  95  26  14 122  92  62 110  56  18  19  96 110  28  74  79  71 104  64 101   6  62  44  47  67 
124  70   9   0 112  41 102 117  55 102  14  44  85  93 103  94  49  43  43  26  13  84  12  78   9  86 103  65  54  54  26 120  23  16  96 114  42   8  57  31  39  11  25  81  59  13  42  25  66  93 
 57 117 122 104   0   5  87  52  41  54  36   3  67  46  84  88  75   3  25  63  33  79  17  88  37  81  48 101  19 112  40  72  90  28  70 110  67  93  13  93  43 114 119  56  19   7  10  90  77  16 
 59  93  61  60  21   0  45  39  75  56   6  63  31  20  22 111  78  74  54  81  85  32  75 115  81  52  34  54   2  44  37  19  20  17  82  80 117  63  34  18 117  94  83  65  36  43  48  70   9  60 
 68   3 108  71  11 109   0  60 101  18 117  61   6 112   7  69 123  86 122   3  67  32   9  99  85  41   9  36 102   3  38  47 124  42  22  21  76 123  77  90  28  75  28   4  72  55  64  21   3 107 
 57 102  41  83  71   7  70   0  32   6  77  53  23  57  40  19 113 107  42  46  43  50  89  72  81  84  80  46  81  13  26  13  28 111 121 108 122 103   2 122  96  73  19  20  47  88  33  19  48   2 
 54 105  80   7  37  95  74   4   0  77  51 111  68  61  57 105  46  67  66  59  98  21  39  85  32  32  47  44  71  14 114  26  11  66  20 102  38 104  40 113  88  11  21  48  17  13  96  69  11  94 
 77   8  58  30  30  22  94  57  30   0 114  64 112 107  10  96 114  91  15  50  78 109  46  94   4  63  93   4  57  93  66  12  33  20  26 110 115  96 118  26  70 109  20  19  39  97 119  52  59  33 
 93  87  22  22  41 118  91  96  98  80   0  96  18  39  10  90  28   8  35  64  23  10  76 100  59   4 113  33  27  97  65   5  77  19  56  18  32  17 108  91 108  51  78 102 123  10  55  27  75  24 
 54 101  55  21  93 104  26  41 112   9 106   0  69  10  83  77  85  57 122  35  32  75  15  51  58  99 100 118  44 114  20 107  94  24  46  63  18  54 118  51   3 122 112  47  86  45   7  28 120  68 
  4  96  68  34  74 106  72 124   8   3  40  80   0  98  98  69  83  39 118 107  34  91 117  30  53  30  87 109  73 120  11  91  40 103 101 104  95  16 100  80   7   4  46  72  76  17   3  32  33  13 
 48  37 105  64  87   5  12  90  30  22  37  76  88   0  71 109  77  46  19  98 103 110  60  24  72 117  99 108  54 102 114  28  90  13  92   8 110  22 111 117  95  10  84  66  76  43 104 119  63 106 
 83  52  86  77  19  26   4  62  20 101  46 116 113  77   0  67  44  85 119  98  13  52 114   1 106 121  33   6  43  75  22  38 118  91  13  55  15  23  63 115 116  64  12  84  28  60  97  96  12  73 
 89  35 122 109 111  64 100  62  26  32 120  61  66   7 104   0  41 119  73  42  43  75 121   7 104 111  26  90  69  38  94  11  34  41  66  37 119 101  39  11 110 108 110  42  32  30  79  67  81   8 
 59   2  52  73  17 124  32  88  56  40  87 118  66  15 101  60   0  34  86  92 119  85 103  17  15  65  60  69   6   7   6  95 120  47  95  18  91  51  29  33 115  96 119  13  13  61   5  10  50  64 
112  50 108   4  29  93  64   6  80  76 118  75  23  33 110  95  48   0  61 111  79   9 116  28  33  88  94  13  82   3  16  63 106 105  14  51  28  95  39 123  17  66  94  78   3 106 100  49 116  55 
 40 120   6  69  91  82   8  67 111 108 100 114 116  48  83 119  51  26   0 118 101 105 108  83  36  49  85  71  87  99  26 124  79 121  71  82  25  47  53  51   4   6  76 117   4  69  31  21  35 109 
 10  76 122  44  57  21  96  40 114  92 120  97  86 123  88  40   2  31  13   0  62 113 113   4  11  20  12  31  82  75   6  83   7  33   6  19  88 103  27  16  34  41  20 104  80  78 117 107  12  68 
 84  88  32  68  86  88  50  80  56  85  83 105  66 103 109  68   2  57  75  63   0 123 119  21 108  73  11  24  21 110 109  94   5  81 101  67  73  13  89  59  81  69  80  49  74  48  56   9  13  70 
 57  71  83  78  75 115 105  50  17  46  94  94  68  81  79  13  13  26 111 123   7   0  40 117  81  28  59  72  86  30   9  84  95  33  66  77  50 124  28 106 103  31  42 109  47  22 106  66  64 106 
 51  75 108  92 112 105  19  41  14  58 113  96 121  49 110  80  78  79  12  43  42  42   0  17  33  35 121   6 107  56  11 105 103   8  25  38 124  88 107  29  89  45  13  98  69   7  53  84  16  63 
 13  34  85  70  88 123  40 106  13  57   5  31  44 104  52 106 102  30  68   2  88  92  37   0  35 114  37  18  37  35  72   8  57  38  32  65  61  58  22  17   5 113  46  74 114 116  39  85  69   6 
 75  38  78  22 122  86 108  60  93 112  42 121  53  10  75  69 113  43  34  21  25   6  76  11   0  65 114 124  48 106  64  31  89  78  49  44  86  47 103   6  27 112  31 100 105  53 109  24  80 102 
 51 112  19  30  72  41  81  64  42  45  25  26  83  96  93  41  11  46  23  73  50  37   6  86  92   0   3  48  40  88  32  85   6 112  88  47  60  21  69  15  21  75  43 118 108  86  13  16  20   9 
 60  13  42  31  66  12  62  93  25  62  33  89  39  33  84  67  70  47 105  51  21 118  41 107  85  97   0 121  60   7  29 105  21  22  56  53  42 113  55  34 119  51 112 103  82  41  75  48  51  38 
 88  19   6  43  92  95  68  90  75  57 101  62  22  89 107  72  45  18  15 100  43   4  22  71  72  76  15   0  30  73  47  96  47   2  63  57 107   9  10  11 103  29  29  96  19  85  48  96  91  94 
 34  70  22  86  48 101   2   8  36  21  15 114  39 108   5  50  65  87  44  43  10  17  63  30  17  22 110  93   0   7  31  58 117 108  39  22  96  76  58  43  99   3  52  54  24 104 101   9   9  67 
 80  44 118 105 124  10  85  79  89 123  91  85   5 106  29  24 118  65  60  31  27  41  76 103  27 114  67  62  26   0 101  18  57 120   6 118 101 123 122  99  34  74  78  96 121 115  82 101  33  17 
114  27 117   9  34  44  49  47  49  10   4  30  92  61  97  24  63 112  69  67  54  35  78 122  22  46 106  14  75  73   0  27  46 116  23  89  91 124 118  99  73  13 118  35  88  60  52  96  63  39 
 62   1  58  11  91  55   2  10 121  24  89 104  88  64  39  64 109 111  15  60  82  65  84  81  30  55 113  45  94  76 121   0  95   3  45 121   9  48  15  98  46  66   1  80  50  24  73  40  74 114 
117  16  12  65  29  69  24   3  59  81  23  38  72  64  82  55  88   6  71 109  73 107   6  57 117 102  13  64 100   2  11  74   0  11  81  88  81  23  26 105  40  13  39  47  88 110   9  86  51   7 
 93  66  97  62 117   1 114   6 121 106  51  77  79  61  86  78  74   3  71 119  99  41   4  38  51 111  47  26  16  92  14 117  46   0 116 123 121  96  13  76  26  13 123  59  77  33 105  24  64  53 
 50  60  88  42  40  57  54  54  84   9  60  59 101 118  38  18 114   3  60  45  11 107  82  51  51  51  57  96   4   4  52  21  12  24   0  27  20  83  88 108  78 118  86 106  93  53  74  18 115 115 
 90  62   4  67 120  86 105  15  49  99  50  10  45  63  42  29  19 106 106  61  69  73  13  41  99  29  15   7  50  36  21 108  59  84  44   0  61  66  73  43  78  41 104   1  11  43  42  69  74  54 
 60  45  90  18  99  59 106 111  25  61   7  18  74 118  32  94  27 110  54 118  27  97 106 110  94  64  11   9  23  78  18   3 102  29  22  40   0  89  78  45  56  23  56 106  40  72  73  79  32  30 
123  48  80 120   9  81  61  48  87  56  31  76  18  55  80  77 103  11 104   2  39  66  94  96   1 118 116  36 113  98  48  73  29  82  35  32  29   0  52  82  51  95  39  89   4  81   5  84  41  49 
 27  43  85  69  29  64  48  86 112  44  66  88  72 112  37 120  77  83  46 115 114  33 103  11  75  51  54  20  87  26  35  60 124  53  64  63 119  92   0 102  87  11 104  90  10  45  14  16  91 119 
  3   3 119 118 113  32 101  65  83 106  49  64  80  78  17  77  43  94  43  24  82  68  30  90  71  71 106  45   8 123  51  48  82  45  40  55  22 102 119   0  80  23  31  45 124  89  70  81  72  64 
 15   7  50  57  41  41  35 118  13  19  92  72 111  64  99 117 117  35  60  56 105  64  66  28  96  85  84   2  67 111  26  54  54  16   1  37  38  32 105  54   0  37  75  31  97  87  59  98  10   4 
 10  21  67  38  54   6  82  99  74  81  98  66  28  89 100 104  27  61  23  90  28  37  70  36  80  82  16  35  76  66  63 115  66  75 100  39  91  77  20  87  51   0  59  13  76  29 111   5  98  73 
 20 120   1  68  95  38 109   9 106 115   4  72 103  73  18  11   5 121  66 101  60  16 112  18  36 119  16  75  13  82  92  26  72 123  26  87 123 120  34  45  28  58   0  82  48  21   1  78  62 115 
 32  90  18  29  87  26  44  12  87 110 122 110 124  70  16 124  85  57  44  38 124  84 124  64  37  50  38  38 124  20 107  68  43 109 112  15 112 107   9  35 119  53  70   0  25  97  55 111  35  40 
 41 114 111  29  98  80 101  81  78  95  43  50  97  69 118  22  18  69  59  35  51  92 117  90  38  63   1  15  76 107  13  34  81  23  29 109 111 104  88  93  31  89   1  13   0  28  59  13   2  96 
 24  51  57  45  23  57 116  13  15  82  43 108  58  50  11  98  62  78  69 117 123  57  77  38  85  19  10  74  36  50 112  12  79  93  67  14  73  89  17 100  39  44  41  92 122   0  91 104 104  73 
 33  60   7 100   7  17  72  91  64  83  25 102  75  14   9  61 104 113  56 103  70  56  17  68  61  85  56 109 121  32  66 122   2 104  78  77 105  84   3  43  22 115  22  68   5  83   0  26  62  80 
 98 118  28  73  24 124 124  20  17  60  26  62  19  51  82   6  23 102  38  66  19  83  31  79  11  63 123  36  60  76  89  77 106  69  20 111   4  35  32   5  37  12  59   8  76  86  49   0  10  64 
 21  23  27 101  66  46  56  29  48  18  34  26  62 110 111  62   3 103  38 118  84  59  58  75  19  50  23  72  13  52 122  14  87  21 121  68 112  13  16  74 106  97  47  20  22 104  97   1   0  72 
113  29 112  94  30 100  22  60  17  77 109 124  89  92  89  95  16 116  89 121  60  82  83  39  28  84  47  95  71  63 121  57  77  98 100  80 121  80  72 116  23  15  69  89  11  19 107  89  98   0 
Reldue
  671    4    8
 1528    7    7
 2051    6    8
 1109    3    8
 1113    8    8
 1466    5    3
 1058    4    6
  625    8    3
 1515    1    1
  923    6    1
 1609    8    3
 1808    3    8
 2130    5    6
 1518    5    4
  996    5    2
 1330    6    8
 2379    3    9
 1565    3    9
  787    2    9
 1069    7    7
  950    1    9
 1760    7    2
 1037    9    6
  670    5    3
 2024    7    2
 2289    2    3
 1008    9    6
 1641    5    8
 2032    3    2
 1134    5    3
 1983    1    9
 1862    4    9
 1800    8    1
 1167    5    5
  838    2    6
 1148    7    3
  632    3    4
 1529    3    4
 1152    7    4
  749    5    3
  893    6    1
 1696    2    4
 1923    8    2
 1912    2    8
 1566    5    1
 2238    9    6
 1770    4    4
  980    2    2
  858    3    7
  673    7    1
DDW
  624   718
 1448  1609
 1852  2251
 1030  1188
 1030  1197
 1345  1588
  957  1159
  570   680
 1368  1663
  875   970
 1468  1750
 1677  1939
 2017  2242
 1382  1654
  942  1050
 1220  1441
 2250  2508
 1469  1660
  736   838
  973  1165
  890  1010
 1624  1897
  953  1122
  613   728
 1896  2152
 2109  2469
  939  1078
 1486  1797
 1898  2165
 1029  1239
 1797  2168
 1746  1977
 1686  1913
 1063  1271
  779   896
 1050  1245
  592   672
 1402  1656
 1074  1229
  700   799
  828   958
 1606  1786
 1773  2074
 1759  2065
 1449  1682
 2105  2371
 1618  1922
  887  1072
  776   940
  625   721
