50   5
MD
  3  5  4  2  2
PT
 38  97  61  36  78  10  67  99  46  35  26  24  63  48  45  35  97  15  51  45  82  46  70  66  79  94  15  36  31  92  11  56  95  62  17  66  81  94   3  58  35  79  52   6  46  45  76  99   1  38 
 99  98  91  60  46  79  21  25  10  76  85  87  72  78  63  40  24  36  97  11  36   9  93  73  41  43  52  26  58  97  79  33  51  41  91  24  91  92  59  75  28  15  75  33  45  75  94  48  97  71 
 50  84  17  26   8  75  94  27  10  67  97  46  67  38  90  87  76  40  11  73  30  47  82  73  63  98  21  85  71  81  76  84  32  17  90  95  41  26  11  14  62   2  69  19  58  94  68  20  89  46 
 97  56  86  40  43  17  47  12  47  68  74  87  43  81  17  50  43  68  24  35  87  84  61  66  73  38  40  48  47  70   5  12  56  93  25  63   2  45   8  68  33  24  27  14  85  69  64  51  32   2 
 78  36  60  19  14  31  81  37  91  79  73  40  39  15  57  24  78  50  38   9  91  60  41  20  71  53  30  26   4   5  12  97  44  24  96  47  96  92  12  47  83  45  15  80  60  32  92  97  23  81 
SSD
M0
  0 107 123  79  38   5 119  62  40  83  99 117  58  89  26  89  10  47 113 110   8  84  93  56 120 110  39  68  10  37  16   4 117  37  43  39 117  24  60  19  22  97 108 112  44  42  15  13  58  26 
 44   0 103  28  98  65  53  16  84  69 117  66  68  13  77  64 120  36  66 108  79  98  98 105 107  75 122  36  78  58 115  44  47  97  42   2  39 121  57  10 122  85  34 112  83  12  93  89 124   2 
 46  32   0  32 118  73 108  68  25 102  84 115  15 118  80  38  70  36 124   5  75  26 106  65  36  57  71  44  15 111   8  56  52  86  33  23   7  61  22  42   3  97  30  65 109  66   3 108 112 120 
 30 100  54   0  18  52  36  14 102  58  85 108  18 108  28  78  10   3  19  41   9  70  55 103  49  77  97  62 123  23  26 102 113  61   7  14  13  75  66  21  28  55  54 114 118  95  28  62  61  41 
124  65  40  64   0 118  50  65  15 114 108  12  23  15  21 101  51  85 124  17  29  46 108 102  98  16  79   6  94 118 113  54  67  27 120  34  45  76  15 115  40  21 115 117  12  95  68 118 120  18 
 19  40  85  93  83   0  35  16  30 104 120  94  71  60  84 119  16  91  26 116   8 102  58  63  77   8 100  54  51  59  28  74  91 105 100  46  86 119  73 113 100  18  65  19  81  80  29 102  92 114 
 12 111  97  46  71  56   0  34   2  69 113  54  47  60  53  83  70  40  31  40  28  41  34  44  73  37  44  25  79  14 124  83  77  59  58  74 101  12 123  89  73  40  84  46  25  54 113  10   7  11 
 65  59 100  65  59   8  95   0 111  67   6  22   8  34 114  74  93  75  60  88  56  92  42  86 102  18  38  82  57 102  45  19  91  62  92 118  51  81 110  11  98  87  80  47  74   4  12  83 110  73 
 79  31   3 100 105  26  54  52   0 100  61   1  56  31  11  64 113   8 115  92  61 100 110  65 100   9 100  13  15 100  52   2  95 104  82  10  10 117 119   1  34  59  69  75  70  89 106   3 115 121 
 23 102 102  53  30  17   5  70  98   0 105  65  66  77  13   1 121 112  44  10  46  14  48  91  10  26 100  78 107  52  92  70  85  61 103  24  96  25  66  10  28  81 113  75  96  14  98  88  70  30 
 77  62  75  82  37 100  84  14  46  62   0 100 114   9  31  36 122  43  39  89  61   5  27  81   5   1   8 119  13  64  25  24  36 120 111 120  14 113  69  22  35  41  18 120  54  34  17  34  93   7 
 92  99  95  62  42 116  80 109  40  57  43   0 123  28 121 113 117  68  10  87  14  39  74  55  77 105 115  52  34  18   6  28 108 109  92  23  59  31  89  46  48 116  39  43  42 105 123 110  34  87 
 26  59  15  90  62  86  12  14 124  25 107  40   0  73 121  92 107  75  79  52  23 105 115  76  61  80  29  83  39 112  51  43  47  96   9  96  40  91  29  34  63  27  49  52  30  29  64  22  16  99 
  4  61 119  11   1  73  94  71  14 102  21  80 123   0  21  94  93  32  29  94  60  30 119  15  30   8  32  45  85 113 120  79  36  32  37   6  83 118   7 101 103 121  70 113   9  65  58 106 101  75 
 14  57  64  33  17   9  70  92  70  10  62  75 102  91   0  10  72  81  56 107  17  21 122  81 123  82  77   3  30 117  56 111   1 117  88  72  93 119   1  69  62 107  10 113  87 116  11  84  40 124 
 93  82  93  90  12  74  86  10  44  74 100  94  33  61  50   0 109  72  47  48 115  68  39  19  80   3  75  91  53  78  39  35  12   9  76  59  58  95  89  33  87  72  37  48  19 110  61  37  10 123 
 88   3  61  67  95  45  33  62  48  79  41  18  34  60 121  37   0 107 100  82  88   8  94  88 109 104  99 106 121  56  77  53  87  56  17  94 121  55  37  80  81   1  12  84  47  56 105  39  86  16 
 12  74  75  19  17 124 115  93  46  76  78 106  75  99  94  52 121   0 110 121  54   3  23  12  26  40  39 118  45 120  79 108  82  44  91  30 122  75 114 106  36  45  16  48  57 117  91  69  41  36 
  4   5   6  18  95  54  86  84  75  44  99  77  54  93  56  12  44  59   0   1  86  61  10   2  85  70  49  58 123 112  25  70   6 104  21  80  52  72   8  96  70  48 112  21  60  17  90  15  24  62 
 29  91 105 114  49 115  63 103   2 105  83  15  10  15  22  65  35 123  52   0  87  82  95  65  85 110  83  97   4  93  47  56  19   8  92 114  16  13  90  48  47 116   1   9  63  94  10 110  61  22 
 14   7  74  47  88  69  49  34 120  94  83  16  30 101  40  98 109  91  79 111   0  37   8  74   3  13 111 119  43  77  14  76  26   6  79 108  47 106   5  38  16  61  61  13  67  25  32  11  32  27 
 62   2  93 101 119 115 107  70  29   5  72   9  19  42  70   6 120  29 118  21   5   0 107  39  77  84  27  21  47  96  57 108  28  61  25  75 109  74 122 112  25  20  28  36  76 107  34  41 104 121 
109  93 117  66  15  75  81  43  55 105  23  83  66  30  55  47 107 121  58  58  53  19   0  83  47  38 107 117  22   9  98  17  63  53 124   2  27  35  86 111  44  48 118 103  37  10  28  61  43  88 
 72  34  47  59  82  45  41  87  84  65 100  67  81  41 112  52  43  29  95  50 100  63  44   0  93   7  93  31  95  19  14  12  59   7  70  74 103  60  35   4  53  50  27  97  35  10   3  96  61 116 
 78  64   9  21  50  49  39 123  97  85  38  92  84 101   6  79  62 122 102  63  76  56  54  50   0 111  24 104 107  88 100  54  11  75  41  77  51  41  84  68  67  49  97  84  98  53  94  79  77 104 
 66 110   8  51   6  10   2  38  56  12  73  23  89  52  39  14 118  98  56  19 100  30  48  82  17   0  88  73 112  23 108  49  65  69  57  64 108  52  87  23 101  70  54  93  10  24  68  85  37  96 
112  50  19  62  53 113  90   2  56  21 113 108  14 118  61   1  20  97 105  32 120 100  27 105  77  91   0  20  37  26  15  66  93  33  61  66  82  52  84  86  61  65  75  12 108  96 122  23  81  37 
115  55  90  89  68  17  28  39 100  33  14  98  51  90  93  73 102 114  90 104  97  21 112 117  33  88  16   0  91  51  74  81 114  92 109  72  39  72  64  88  29  84 106 101  87  99 113  62 122  77 
 48  73  31  23  32  80  14  77 118  98  76  47 111  63  48  41  47 113   2  45 104  38   1  18  68  79 106  95   0  61 107  39  51   6  91 108 112  73  88 110 116 117 105  65  27  70  38  37  74  44 
 12  71 123   9  71  44  70  91  73  74   1  33  20 101  96  94  28 114  84  45  19  65  57  68 104  19  87  35 114   0  70  24 113  83  10  66  31 108 122  65 110  50  78 114  14   6  17 112  17  14 
 19  98  76  19  51 115  25 106 110 100 100  79  90  53  10  69 102  75 107  33  16  89 100  84 116  10 122  14  95  45   0   2  95 100   2   2  97  29 121  59  82  93  59   9 105  16 110  14 101  53 
  4  45  59  81  73  78  82  32  27  78  12  65   4  62  85 100 124  69 117   4  87 123  74  10  15  63 115  45  15  55  77   0   2 118  99  39  47 122  64  64 100  77  98  50  70  55 119 117  23 122 
 57  12  51  53  73  95  78  52   4 112   9  10 119  79  42  31 104 110   2  41  13  82  10  85  88  11  13  86  88  70 113  31   0 122  43 120  58   2  64  93  75  99 118  78  81  82  82  88  94   5 
 16  24  21  23  52  67  94  68  26  96  17  29 111  81  14  60  69  40  41  75 104  32 118  83   5 113 112  46  86  12  71  15  77   0 100  69  83  45  40  98  50 117  77   6 109  70  46   4  83  12 
 32 101  84  57  44   7  87 108 104  97  68  91  84  76  63  15 123 103  45  99   8  11 110  92  60 100   4  35 119  66  79  44  76 114   0  60  92  43  28  29 113  29  62  37  30  72 114   2  20  45 
 81  59  92  33   4  47  92  92  96  87  36  55  83  42 111 121 112  48  12 101  94 101  78  98  83 119  65 113   9   3 103  99  73  92  88   0 124  42  54  55 123 108  33   5  21  33  29  78  53  95 
 18  67 112 123  30  39  49  28  25  79 121 116 122 107 115  26  64 108  62  87  34  15  28  56 102 118  41 100  11  55  18  58  39  50  11  31   0  61 124 103  13  36  15 109  79  29 121  21 104  80 
 65  37  43  72  89  40  96 103  40  88  16  25  79 116  87   4  24  48 117 122  56  12  79 100  59  82  16 100  35  27  30 103 105  89  72  93  58   0  49 100  50  70  54 102  98 119  27  13  90 107 
111  42 123  15   5  77 112  82 122  58  27  77  54 124  37  22  19  34  78 112  27  58  61 118  81  48  96  22   8  93  18  16  42  10   5 116 120   7   0   8  41  10  90  86  13  60 124  93  57  60 
121  57 122  67  38 105  55  91  84   7 116  99  45  52 104 116 124  79 118  40  70  57 111  56  70  47 114  79  99  62  71  15 116  56  94  63   3 115 122   0  57  36  64  64   2  89  74  14  27   3 
 92 113  49  17  92 108  26  41  78  40  98  17  99  44  46  47  96 104  81  93 102 106  44  87  14 121   1  41  80   9  13  74 107  75  33  45  18  87  80  85   0  19   9 115  10 100  80 124  91  17 
 56  90  12  34  63  36  10 103  31   8  89  23  35  68  62 117  19  56  23  75 123  38  27  23  85  33  36  80  65  20 105  59  57   5   2  60  64  33  21  47  35   0  18  73   6  91  14  34 120   8 
 90  34  62  91  91  97  11  49 104 119  34  44  72  96  75  47 118  72  96  99  80  79  23  51 102   4  93  27  97  27  43  63 123  32 104 123  71  66  97  14 112  42   0 124   8   2  87   4  37 119 
 40  57  21 121  71  27  20 104 119 118  12  16  84  11  85  34  27  89  98 122  92  55  17  66 113 107  27  25  92  22  35   1 112 118  26 116   1 109  25 109  12  94   8   0  75  42  29  34  55   7 
100  63 114   4  63   9  80  84  32  41  81  23  27  29  61  74 113  57 106  90   6  71  33  78  63  94  19  23 121  68  92  96  61 102   8  27  10 106  96  90   6 114  60  42   0 123  25  29  51  77 
123  19  10 106 101  22 102   5  88  16 114  22   5  83  28 124  46  32  38 118 103  23  84 116  79 120  23  51  70 104  40  64  17  56  24  59 108 109 100  69  62 121 119  73  99   0 108  88  59  57 
 18  32  65  48  98   2  55  25  48  49 121 124  60  26  51  21  54 105  20  64 114  98  41  98  51  24  13   1  20   3  86   9   5  84 115  76  51 116  80  38  59   5  66 115  27   2   0  62  43  40 
116  82  67  55  30   6  92  13  20  80  30 123 101  12  48  50 107  36  81  73  13 113  84  84  54  20  58 110  30  47  81  57   8  73  66 101  26  43  51  80  73  16  19  46  71  45 107   0  83  72 
 16  71  57  48 119  17 123  73  35  46  46 105  26  49  31  79  90  41 103  26 102 100  81  32  20  98  83  90  60  77  50  30  24 120  61  33  65  43  15  37   4  30  51  94  68  54  12 116   0  43 
 23 100  37  24  47 121 110  49  57  37 114  52  97 109 122  90  16  56  30  24 112  92   4  16 114 103  54  53  99  34 103  21   8  21  68  44 102  72  17   4  46  45  93 107  51  61  94  34  51   0 
M1
  0 107 123  79  38   5 119  62  40  83  99 117  58  89  26  89  10  47 113 110   8  84  93  56 120 110  39  68  10  37  16   4 117  37  43  39 117  24  60  19  22  97 108 112  44  42  15  13  58  26 
 44   0 103  28  98  65  53  16  84  69 117  66  68  13  77  64 120  36  66 108  79  98  98 105 107  75 122  36  78  58 115  44  47  97  42   2  39 121  57  10 122  85  34 112  83  12  93  89 124   2 
 46  32   0  32 118  73 108  68  25 102  84 115  15 118  80  38  70  36 124   5  75  26 106  65  36  57  71  44  15 111   8  56  52  86  33  23   7  61  22  42   3  97  30  65 109  66   3 108 112 120 
 30 100  54   0  18  52  36  14 102  58  85 108  18 108  28  78  10   3  19  41   9  70  55 103  49  77  97  62 123  23  26 102 113  61   7  14  13  75  66  21  28  55  54 114 118  95  28  62  61  41 
124  65  40  64   0 118  50  65  15 114 108  12  23  15  21 101  51  85 124  17  29  46 108 102  98  16  79   6  94 118 113  54  67  27 120  34  45  76  15 115  40  21 115 117  12  95  68 118 120  18 
 19  40  85  93  83   0  35  16  30 104 120  94  71  60  84 119  16  91  26 116   8 102  58  63  77   8 100  54  51  59  28  74  91 105 100  46  86 119  73 113 100  18  65  19  81  80  29 102  92 114 
 12 111  97  46  71  56   0  34   2  69 113  54  47  60  53  83  70  40  31  40  28  41  34  44  73  37  44  25  79  14 124  83  77  59  58  74 101  12 123  89  73  40  84  46  25  54 113  10   7  11 
 65  59 100  65  59   8  95   0 111  67   6  22   8  34 114  74  93  75  60  88  56  92  42  86 102  18  38  82  57 102  45  19  91  62  92 118  51  81 110  11  98  87  80  47  74   4  12  83 110  73 
 79  31   3 100 105  26  54  52   0 100  61   1  56  31  11  64 113   8 115  92  61 100 110  65 100   9 100  13  15 100  52   2  95 104  82  10  10 117 119   1  34  59  69  75  70  89 106   3 115 121 
 23 102 102  53  30  17   5  70  98   0 105  65  66  77  13   1 121 112  44  10  46  14  48  91  10  26 100  78 107  52  92  70  85  61 103  24  96  25  66  10  28  81 113  75  96  14  98  88  70  30 
 77  62  75  82  37 100  84  14  46  62   0 100 114   9  31  36 122  43  39  89  61   5  27  81   5   1   8 119  13  64  25  24  36 120 111 120  14 113  69  22  35  41  18 120  54  34  17  34  93   7 
 92  99  95  62  42 116  80 109  40  57  43   0 123  28 121 113 117  68  10  87  14  39  74  55  77 105 115  52  34  18   6  28 108 109  92  23  59  31  89  46  48 116  39  43  42 105 123 110  34  87 
 26  59  15  90  62  86  12  14 124  25 107  40   0  73 121  92 107  75  79  52  23 105 115  76  61  80  29  83  39 112  51  43  47  96   9  96  40  91  29  34  63  27  49  52  30  29  64  22  16  99 
  4  61 119  11   1  73  94  71  14 102  21  80 123   0  21  94  93  32  29  94  60  30 119  15  30   8  32  45  85 113 120  79  36  32  37   6  83 118   7 101 103 121  70 113   9  65  58 106 101  75 
 14  57  64  33  17   9  70  92  70  10  62  75 102  91   0  10  72  81  56 107  17  21 122  81 123  82  77   3  30 117  56 111   1 117  88  72  93 119   1  69  62 107  10 113  87 116  11  84  40 124 
 93  82  93  90  12  74  86  10  44  74 100  94  33  61  50   0 109  72  47  48 115  68  39  19  80   3  75  91  53  78  39  35  12   9  76  59  58  95  89  33  87  72  37  48  19 110  61  37  10 123 
 88   3  61  67  95  45  33  62  48  79  41  18  34  60 121  37   0 107 100  82  88   8  94  88 109 104  99 106 121  56  77  53  87  56  17  94 121  55  37  80  81   1  12  84  47  56 105  39  86  16 
 12  74  75  19  17 124 115  93  46  76  78 106  75  99  94  52 121   0 110 121  54   3  23  12  26  40  39 118  45 120  79 108  82  44  91  30 122  75 114 106  36  45  16  48  57 117  91  69  41  36 
  4   5   6  18  95  54  86  84  75  44  99  77  54  93  56  12  44  59   0   1  86  61  10   2  85  70  49  58 123 112  25  70   6 104  21  80  52  72   8  96  70  48 112  21  60  17  90  15  24  62 
 29  91 105 114  49 115  63 103   2 105  83  15  10  15  22  65  35 123  52   0  87  82  95  65  85 110  83  97   4  93  47  56  19   8  92 114  16  13  90  48  47 116   1   9  63  94  10 110  61  22 
 14   7  74  47  88  69  49  34 120  94  83  16  30 101  40  98 109  91  79 111   0  37   8  74   3  13 111 119  43  77  14  76  26   6  79 108  47 106   5  38  16  61  61  13  67  25  32  11  32  27 
 62   2  93 101 119 115 107  70  29   5  72   9  19  42  70   6 120  29 118  21   5   0 107  39  77  84  27  21  47  96  57 108  28  61  25  75 109  74 122 112  25  20  28  36  76 107  34  41 104 121 
109  93 117  66  15  75  81  43  55 105  23  83  66  30  55  47 107 121  58  58  53  19   0  83  47  38 107 117  22   9  98  17  63  53 124   2  27  35  86 111  44  48 118 103  37  10  28  61  43  88 
 72  34  47  59  82  45  41  87  84  65 100  67  81  41 112  52  43  29  95  50 100  63  44   0  93   7  93  31  95  19  14  12  59   7  70  74 103  60  35   4  53  50  27  97  35  10   3  96  61 116 
 78  64   9  21  50  49  39 123  97  85  38  92  84 101   6  79  62 122 102  63  76  56  54  50   0 111  24 104 107  88 100  54  11  75  41  77  51  41  84  68  67  49  97  84  98  53  94  79  77 104 
 66 110   8  51   6  10   2  38  56  12  73  23  89  52  39  14 118  98  56  19 100  30  48  82  17   0  88  73 112  23 108  49  65  69  57  64 108  52  87  23 101  70  54  93  10  24  68  85  37  96 
112  50  19  62  53 113  90   2  56  21 113 108  14 118  61   1  20  97 105  32 120 100  27 105  77  91   0  20  37  26  15  66  93  33  61  66  82  52  84  86  61  65  75  12 108  96 122  23  81  37 
115  55  90  89  68  17  28  39 100  33  14  98  51  90  93  73 102 114  90 104  97  21 112 117  33  88  16   0  91  51  74  81 114  92 109  72  39  72  64  88  29  84 106 101  87  99 113  62 122  77 
 48  73  31  23  32  80  14  77 118  98  76  47 111  63  48  41  47 113   2  45 104  38   1  18  68  79 106  95   0  61 107  39  51   6  91 108 112  73  88 110 116 117 105  65  27  70  38  37  74  44 
 12  71 123   9  71  44  70  91  73  74   1  33  20 101  96  94  28 114  84  45  19  65  57  68 104  19  87  35 114   0  70  24 113  83  10  66  31 108 122  65 110  50  78 114  14   6  17 112  17  14 
 19  98  76  19  51 115  25 106 110 100 100  79  90  53  10  69 102  75 107  33  16  89 100  84 116  10 122  14  95  45   0   2  95 100   2   2  97  29 121  59  82  93  59   9 105  16 110  14 101  53 
  4  45  59  81  73  78  82  32  27  78  12  65   4  62  85 100 124  69 117   4  87 123  74  10  15  63 115  45  15  55  77   0   2 118  99  39  47 122  64  64 100  77  98  50  70  55 119 117  23 122 
 57  12  51  53  73  95  78  52   4 112   9  10 119  79  42  31 104 110   2  41  13  82  10  85  88  11  13  86  88  70 113  31   0 122  43 120  58   2  64  93  75  99 118  78  81  82  82  88  94   5 
 16  24  21  23  52  67  94  68  26  96  17  29 111  81  14  60  69  40  41  75 104  32 118  83   5 113 112  46  86  12  71  15  77   0 100  69  83  45  40  98  50 117  77   6 109  70  46   4  83  12 
 32 101  84  57  44   7  87 108 104  97  68  91  84  76  63  15 123 103  45  99   8  11 110  92  60 100   4  35 119  66  79  44  76 114   0  60  92  43  28  29 113  29  62  37  30  72 114   2  20  45 
 81  59  92  33   4  47  92  92  96  87  36  55  83  42 111 121 112  48  12 101  94 101  78  98  83 119  65 113   9   3 103  99  73  92  88   0 124  42  54  55 123 108  33   5  21  33  29  78  53  95 
 18  67 112 123  30  39  49  28  25  79 121 116 122 107 115  26  64 108  62  87  34  15  28  56 102 118  41 100  11  55  18  58  39  50  11  31   0  61 124 103  13  36  15 109  79  29 121  21 104  80 
 65  37  43  72  89  40  96 103  40  88  16  25  79 116  87   4  24  48 117 122  56  12  79 100  59  82  16 100  35  27  30 103 105  89  72  93  58   0  49 100  50  70  54 102  98 119  27  13  90 107 
111  42 123  15   5  77 112  82 122  58  27  77  54 124  37  22  19  34  78 112  27  58  61 118  81  48  96  22   8  93  18  16  42  10   5 116 120   7   0   8  41  10  90  86  13  60 124  93  57  60 
121  57 122  67  38 105  55  91  84   7 116  99  45  52 104 116 124  79 118  40  70  57 111  56  70  47 114  79  99  62  71  15 116  56  94  63   3 115 122   0  57  36  64  64   2  89  74  14  27   3 
 92 113  49  17  92 108  26  41  78  40  98  17  99  44  46  47  96 104  81  93 102 106  44  87  14 121   1  41  80   9  13  74 107  75  33  45  18  87  80  85   0  19   9 115  10 100  80 124  91  17 
 56  90  12  34  63  36  10 103  31   8  89  23  35  68  62 117  19  56  23  75 123  38  27  23  85  33  36  80  65  20 105  59  57   5   2  60  64  33  21  47  35   0  18  73   6  91  14  34 120   8 
 90  34  62  91  91  97  11  49 104 119  34  44  72  96  75  47 118  72  96  99  80  79  23  51 102   4  93  27  97  27  43  63 123  32 104 123  71  66  97  14 112  42   0 124   8   2  87   4  37 119 
 40  57  21 121  71  27  20 104 119 118  12  16  84  11  85  34  27  89  98 122  92  55  17  66 113 107  27  25  92  22  35   1 112 118  26 116   1 109  25 109  12  94   8   0  75  42  29  34  55   7 
100  63 114   4  63   9  80  84  32  41  81  23  27  29  61  74 113  57 106  90   6  71  33  78  63  94  19  23 121  68  92  96  61 102   8  27  10 106  96  90   6 114  60  42   0 123  25  29  51  77 
123  19  10 106 101  22 102   5  88  16 114  22   5  83  28 124  46  32  38 118 103  23  84 116  79 120  23  51  70 104  40  64  17  56  24  59 108 109 100  69  62 121 119  73  99   0 108  88  59  57 
 18  32  65  48  98   2  55  25  48  49 121 124  60  26  51  21  54 105  20  64 114  98  41  98  51  24  13   1  20   3  86   9   5  84 115  76  51 116  80  38  59   5  66 115  27   2   0  62  43  40 
116  82  67  55  30   6  92  13  20  80  30 123 101  12  48  50 107  36  81  73  13 113  84  84  54  20  58 110  30  47  81  57   8  73  66 101  26  43  51  80  73  16  19  46  71  45 107   0  83  72 
 16  71  57  48 119  17 123  73  35  46  46 105  26  49  31  79  90  41 103  26 102 100  81  32  20  98  83  90  60  77  50  30  24 120  61  33  65  43  15  37   4  30  51  94  68  54  12 116   0  43 
 23 100  37  24  47 121 110  49  57  37 114  52  97 109 122  90  16  56  30  24 112  92   4  16 114 103  54  53  99  34 103  21   8  21  68  44 102  72  17   4  46  45  93 107  51  61  94  34  51   0 
M2
  0 107 123  79  38   5 119  62  40  83  99 117  58  89  26  89  10  47 113 110   8  84  93  56 120 110  39  68  10  37  16   4 117  37  43  39 117  24  60  19  22  97 108 112  44  42  15  13  58  26 
 44   0 103  28  98  65  53  16  84  69 117  66  68  13  77  64 120  36  66 108  79  98  98 105 107  75 122  36  78  58 115  44  47  97  42   2  39 121  57  10 122  85  34 112  83  12  93  89 124   2 
 46  32   0  32 118  73 108  68  25 102  84 115  15 118  80  38  70  36 124   5  75  26 106  65  36  57  71  44  15 111   8  56  52  86  33  23   7  61  22  42   3  97  30  65 109  66   3 108 112 120 
 30 100  54   0  18  52  36  14 102  58  85 108  18 108  28  78  10   3  19  41   9  70  55 103  49  77  97  62 123  23  26 102 113  61   7  14  13  75  66  21  28  55  54 114 118  95  28  62  61  41 
124  65  40  64   0 118  50  65  15 114 108  12  23  15  21 101  51  85 124  17  29  46 108 102  98  16  79   6  94 118 113  54  67  27 120  34  45  76  15 115  40  21 115 117  12  95  68 118 120  18 
 19  40  85  93  83   0  35  16  30 104 120  94  71  60  84 119  16  91  26 116   8 102  58  63  77   8 100  54  51  59  28  74  91 105 100  46  86 119  73 113 100  18  65  19  81  80  29 102  92 114 
 12 111  97  46  71  56   0  34   2  69 113  54  47  60  53  83  70  40  31  40  28  41  34  44  73  37  44  25  79  14 124  83  77  59  58  74 101  12 123  89  73  40  84  46  25  54 113  10   7  11 
 65  59 100  65  59   8  95   0 111  67   6  22   8  34 114  74  93  75  60  88  56  92  42  86 102  18  38  82  57 102  45  19  91  62  92 118  51  81 110  11  98  87  80  47  74   4  12  83 110  73 
 79  31   3 100 105  26  54  52   0 100  61   1  56  31  11  64 113   8 115  92  61 100 110  65 100   9 100  13  15 100  52   2  95 104  82  10  10 117 119   1  34  59  69  75  70  89 106   3 115 121 
 23 102 102  53  30  17   5  70  98   0 105  65  66  77  13   1 121 112  44  10  46  14  48  91  10  26 100  78 107  52  92  70  85  61 103  24  96  25  66  10  28  81 113  75  96  14  98  88  70  30 
 77  62  75  82  37 100  84  14  46  62   0 100 114   9  31  36 122  43  39  89  61   5  27  81   5   1   8 119  13  64  25  24  36 120 111 120  14 113  69  22  35  41  18 120  54  34  17  34  93   7 
 92  99  95  62  42 116  80 109  40  57  43   0 123  28 121 113 117  68  10  87  14  39  74  55  77 105 115  52  34  18   6  28 108 109  92  23  59  31  89  46  48 116  39  43  42 105 123 110  34  87 
 26  59  15  90  62  86  12  14 124  25 107  40   0  73 121  92 107  75  79  52  23 105 115  76  61  80  29  83  39 112  51  43  47  96   9  96  40  91  29  34  63  27  49  52  30  29  64  22  16  99 
  4  61 119  11   1  73  94  71  14 102  21  80 123   0  21  94  93  32  29  94  60  30 119  15  30   8  32  45  85 113 120  79  36  32  37   6  83 118   7 101 103 121  70 113   9  65  58 106 101  75 
 14  57  64  33  17   9  70  92  70  10  62  75 102  91   0  10  72  81  56 107  17  21 122  81 123  82  77   3  30 117  56 111   1 117  88  72  93 119   1  69  62 107  10 113  87 116  11  84  40 124 
 93  82  93  90  12  74  86  10  44  74 100  94  33  61  50   0 109  72  47  48 115  68  39  19  80   3  75  91  53  78  39  35  12   9  76  59  58  95  89  33  87  72  37  48  19 110  61  37  10 123 
 88   3  61  67  95  45  33  62  48  79  41  18  34  60 121  37   0 107 100  82  88   8  94  88 109 104  99 106 121  56  77  53  87  56  17  94 121  55  37  80  81   1  12  84  47  56 105  39  86  16 
 12  74  75  19  17 124 115  93  46  76  78 106  75  99  94  52 121   0 110 121  54   3  23  12  26  40  39 118  45 120  79 108  82  44  91  30 122  75 114 106  36  45  16  48  57 117  91  69  41  36 
  4   5   6  18  95  54  86  84  75  44  99  77  54  93  56  12  44  59   0   1  86  61  10   2  85  70  49  58 123 112  25  70   6 104  21  80  52  72   8  96  70  48 112  21  60  17  90  15  24  62 
 29  91 105 114  49 115  63 103   2 105  83  15  10  15  22  65  35 123  52   0  87  82  95  65  85 110  83  97   4  93  47  56  19   8  92 114  16  13  90  48  47 116   1   9  63  94  10 110  61  22 
 14   7  74  47  88  69  49  34 120  94  83  16  30 101  40  98 109  91  79 111   0  37   8  74   3  13 111 119  43  77  14  76  26   6  79 108  47 106   5  38  16  61  61  13  67  25  32  11  32  27 
 62   2  93 101 119 115 107  70  29   5  72   9  19  42  70   6 120  29 118  21   5   0 107  39  77  84  27  21  47  96  57 108  28  61  25  75 109  74 122 112  25  20  28  36  76 107  34  41 104 121 
109  93 117  66  15  75  81  43  55 105  23  83  66  30  55  47 107 121  58  58  53  19   0  83  47  38 107 117  22   9  98  17  63  53 124   2  27  35  86 111  44  48 118 103  37  10  28  61  43  88 
 72  34  47  59  82  45  41  87  84  65 100  67  81  41 112  52  43  29  95  50 100  63  44   0  93   7  93  31  95  19  14  12  59   7  70  74 103  60  35   4  53  50  27  97  35  10   3  96  61 116 
 78  64   9  21  50  49  39 123  97  85  38  92  84 101   6  79  62 122 102  63  76  56  54  50   0 111  24 104 107  88 100  54  11  75  41  77  51  41  84  68  67  49  97  84  98  53  94  79  77 104 
 66 110   8  51   6  10   2  38  56  12  73  23  89  52  39  14 118  98  56  19 100  30  48  82  17   0  88  73 112  23 108  49  65  69  57  64 108  52  87  23 101  70  54  93  10  24  68  85  37  96 
112  50  19  62  53 113  90   2  56  21 113 108  14 118  61   1  20  97 105  32 120 100  27 105  77  91   0  20  37  26  15  66  93  33  61  66  82  52  84  86  61  65  75  12 108  96 122  23  81  37 
115  55  90  89  68  17  28  39 100  33  14  98  51  90  93  73 102 114  90 104  97  21 112 117  33  88  16   0  91  51  74  81 114  92 109  72  39  72  64  88  29  84 106 101  87  99 113  62 122  77 
 48  73  31  23  32  80  14  77 118  98  76  47 111  63  48  41  47 113   2  45 104  38   1  18  68  79 106  95   0  61 107  39  51   6  91 108 112  73  88 110 116 117 105  65  27  70  38  37  74  44 
 12  71 123   9  71  44  70  91  73  74   1  33  20 101  96  94  28 114  84  45  19  65  57  68 104  19  87  35 114   0  70  24 113  83  10  66  31 108 122  65 110  50  78 114  14   6  17 112  17  14 
 19  98  76  19  51 115  25 106 110 100 100  79  90  53  10  69 102  75 107  33  16  89 100  84 116  10 122  14  95  45   0   2  95 100   2   2  97  29 121  59  82  93  59   9 105  16 110  14 101  53 
  4  45  59  81  73  78  82  32  27  78  12  65   4  62  85 100 124  69 117   4  87 123  74  10  15  63 115  45  15  55  77   0   2 118  99  39  47 122  64  64 100  77  98  50  70  55 119 117  23 122 
 57  12  51  53  73  95  78  52   4 112   9  10 119  79  42  31 104 110   2  41  13  82  10  85  88  11  13  86  88  70 113  31   0 122  43 120  58   2  64  93  75  99 118  78  81  82  82  88  94   5 
 16  24  21  23  52  67  94  68  26  96  17  29 111  81  14  60  69  40  41  75 104  32 118  83   5 113 112  46  86  12  71  15  77   0 100  69  83  45  40  98  50 117  77   6 109  70  46   4  83  12 
 32 101  84  57  44   7  87 108 104  97  68  91  84  76  63  15 123 103  45  99   8  11 110  92  60 100   4  35 119  66  79  44  76 114   0  60  92  43  28  29 113  29  62  37  30  72 114   2  20  45 
 81  59  92  33   4  47  92  92  96  87  36  55  83  42 111 121 112  48  12 101  94 101  78  98  83 119  65 113   9   3 103  99  73  92  88   0 124  42  54  55 123 108  33   5  21  33  29  78  53  95 
 18  67 112 123  30  39  49  28  25  79 121 116 122 107 115  26  64 108  62  87  34  15  28  56 102 118  41 100  11  55  18  58  39  50  11  31   0  61 124 103  13  36  15 109  79  29 121  21 104  80 
 65  37  43  72  89  40  96 103  40  88  16  25  79 116  87   4  24  48 117 122  56  12  79 100  59  82  16 100  35  27  30 103 105  89  72  93  58   0  49 100  50  70  54 102  98 119  27  13  90 107 
111  42 123  15   5  77 112  82 122  58  27  77  54 124  37  22  19  34  78 112  27  58  61 118  81  48  96  22   8  93  18  16  42  10   5 116 120   7   0   8  41  10  90  86  13  60 124  93  57  60 
121  57 122  67  38 105  55  91  84   7 116  99  45  52 104 116 124  79 118  40  70  57 111  56  70  47 114  79  99  62  71  15 116  56  94  63   3 115 122   0  57  36  64  64   2  89  74  14  27   3 
 92 113  49  17  92 108  26  41  78  40  98  17  99  44  46  47  96 104  81  93 102 106  44  87  14 121   1  41  80   9  13  74 107  75  33  45  18  87  80  85   0  19   9 115  10 100  80 124  91  17 
 56  90  12  34  63  36  10 103  31   8  89  23  35  68  62 117  19  56  23  75 123  38  27  23  85  33  36  80  65  20 105  59  57   5   2  60  64  33  21  47  35   0  18  73   6  91  14  34 120   8 
 90  34  62  91  91  97  11  49 104 119  34  44  72  96  75  47 118  72  96  99  80  79  23  51 102   4  93  27  97  27  43  63 123  32 104 123  71  66  97  14 112  42   0 124   8   2  87   4  37 119 
 40  57  21 121  71  27  20 104 119 118  12  16  84  11  85  34  27  89  98 122  92  55  17  66 113 107  27  25  92  22  35   1 112 118  26 116   1 109  25 109  12  94   8   0  75  42  29  34  55   7 
100  63 114   4  63   9  80  84  32  41  81  23  27  29  61  74 113  57 106  90   6  71  33  78  63  94  19  23 121  68  92  96  61 102   8  27  10 106  96  90   6 114  60  42   0 123  25  29  51  77 
123  19  10 106 101  22 102   5  88  16 114  22   5  83  28 124  46  32  38 118 103  23  84 116  79 120  23  51  70 104  40  64  17  56  24  59 108 109 100  69  62 121 119  73  99   0 108  88  59  57 
 18  32  65  48  98   2  55  25  48  49 121 124  60  26  51  21  54 105  20  64 114  98  41  98  51  24  13   1  20   3  86   9   5  84 115  76  51 116  80  38  59   5  66 115  27   2   0  62  43  40 
116  82  67  55  30   6  92  13  20  80  30 123 101  12  48  50 107  36  81  73  13 113  84  84  54  20  58 110  30  47  81  57   8  73  66 101  26  43  51  80  73  16  19  46  71  45 107   0  83  72 
 16  71  57  48 119  17 123  73  35  46  46 105  26  49  31  79  90  41 103  26 102 100  81  32  20  98  83  90  60  77  50  30  24 120  61  33  65  43  15  37   4  30  51  94  68  54  12 116   0  43 
 23 100  37  24  47 121 110  49  57  37 114  52  97 109 122  90  16  56  30  24 112  92   4  16 114 103  54  53  99  34 103  21   8  21  68  44 102  72  17   4  46  45  93 107  51  61  94  34  51   0 
M3
  0 107 123  79  38   5 119  62  40  83  99 117  58  89  26  89  10  47 113 110   8  84  93  56 120 110  39  68  10  37  16   4 117  37  43  39 117  24  60  19  22  97 108 112  44  42  15  13  58  26 
 44   0 103  28  98  65  53  16  84  69 117  66  68  13  77  64 120  36  66 108  79  98  98 105 107  75 122  36  78  58 115  44  47  97  42   2  39 121  57  10 122  85  34 112  83  12  93  89 124   2 
 46  32   0  32 118  73 108  68  25 102  84 115  15 118  80  38  70  36 124   5  75  26 106  65  36  57  71  44  15 111   8  56  52  86  33  23   7  61  22  42   3  97  30  65 109  66   3 108 112 120 
 30 100  54   0  18  52  36  14 102  58  85 108  18 108  28  78  10   3  19  41   9  70  55 103  49  77  97  62 123  23  26 102 113  61   7  14  13  75  66  21  28  55  54 114 118  95  28  62  61  41 
124  65  40  64   0 118  50  65  15 114 108  12  23  15  21 101  51  85 124  17  29  46 108 102  98  16  79   6  94 118 113  54  67  27 120  34  45  76  15 115  40  21 115 117  12  95  68 118 120  18 
 19  40  85  93  83   0  35  16  30 104 120  94  71  60  84 119  16  91  26 116   8 102  58  63  77   8 100  54  51  59  28  74  91 105 100  46  86 119  73 113 100  18  65  19  81  80  29 102  92 114 
 12 111  97  46  71  56   0  34   2  69 113  54  47  60  53  83  70  40  31  40  28  41  34  44  73  37  44  25  79  14 124  83  77  59  58  74 101  12 123  89  73  40  84  46  25  54 113  10   7  11 
 65  59 100  65  59   8  95   0 111  67   6  22   8  34 114  74  93  75  60  88  56  92  42  86 102  18  38  82  57 102  45  19  91  62  92 118  51  81 110  11  98  87  80  47  74   4  12  83 110  73 
 79  31   3 100 105  26  54  52   0 100  61   1  56  31  11  64 113   8 115  92  61 100 110  65 100   9 100  13  15 100  52   2  95 104  82  10  10 117 119   1  34  59  69  75  70  89 106   3 115 121 
 23 102 102  53  30  17   5  70  98   0 105  65  66  77  13   1 121 112  44  10  46  14  48  91  10  26 100  78 107  52  92  70  85  61 103  24  96  25  66  10  28  81 113  75  96  14  98  88  70  30 
 77  62  75  82  37 100  84  14  46  62   0 100 114   9  31  36 122  43  39  89  61   5  27  81   5   1   8 119  13  64  25  24  36 120 111 120  14 113  69  22  35  41  18 120  54  34  17  34  93   7 
 92  99  95  62  42 116  80 109  40  57  43   0 123  28 121 113 117  68  10  87  14  39  74  55  77 105 115  52  34  18   6  28 108 109  92  23  59  31  89  46  48 116  39  43  42 105 123 110  34  87 
 26  59  15  90  62  86  12  14 124  25 107  40   0  73 121  92 107  75  79  52  23 105 115  76  61  80  29  83  39 112  51  43  47  96   9  96  40  91  29  34  63  27  49  52  30  29  64  22  16  99 
  4  61 119  11   1  73  94  71  14 102  21  80 123   0  21  94  93  32  29  94  60  30 119  15  30   8  32  45  85 113 120  79  36  32  37   6  83 118   7 101 103 121  70 113   9  65  58 106 101  75 
 14  57  64  33  17   9  70  92  70  10  62  75 102  91   0  10  72  81  56 107  17  21 122  81 123  82  77   3  30 117  56 111   1 117  88  72  93 119   1  69  62 107  10 113  87 116  11  84  40 124 
 93  82  93  90  12  74  86  10  44  74 100  94  33  61  50   0 109  72  47  48 115  68  39  19  80   3  75  91  53  78  39  35  12   9  76  59  58  95  89  33  87  72  37  48  19 110  61  37  10 123 
 88   3  61  67  95  45  33  62  48  79  41  18  34  60 121  37   0 107 100  82  88   8  94  88 109 104  99 106 121  56  77  53  87  56  17  94 121  55  37  80  81   1  12  84  47  56 105  39  86  16 
 12  74  75  19  17 124 115  93  46  76  78 106  75  99  94  52 121   0 110 121  54   3  23  12  26  40  39 118  45 120  79 108  82  44  91  30 122  75 114 106  36  45  16  48  57 117  91  69  41  36 
  4   5   6  18  95  54  86  84  75  44  99  77  54  93  56  12  44  59   0   1  86  61  10   2  85  70  49  58 123 112  25  70   6 104  21  80  52  72   8  96  70  48 112  21  60  17  90  15  24  62 
 29  91 105 114  49 115  63 103   2 105  83  15  10  15  22  65  35 123  52   0  87  82  95  65  85 110  83  97   4  93  47  56  19   8  92 114  16  13  90  48  47 116   1   9  63  94  10 110  61  22 
 14   7  74  47  88  69  49  34 120  94  83  16  30 101  40  98 109  91  79 111   0  37   8  74   3  13 111 119  43  77  14  76  26   6  79 108  47 106   5  38  16  61  61  13  67  25  32  11  32  27 
 62   2  93 101 119 115 107  70  29   5  72   9  19  42  70   6 120  29 118  21   5   0 107  39  77  84  27  21  47  96  57 108  28  61  25  75 109  74 122 112  25  20  28  36  76 107  34  41 104 121 
109  93 117  66  15  75  81  43  55 105  23  83  66  30  55  47 107 121  58  58  53  19   0  83  47  38 107 117  22   9  98  17  63  53 124   2  27  35  86 111  44  48 118 103  37  10  28  61  43  88 
 72  34  47  59  82  45  41  87  84  65 100  67  81  41 112  52  43  29  95  50 100  63  44   0  93   7  93  31  95  19  14  12  59   7  70  74 103  60  35   4  53  50  27  97  35  10   3  96  61 116 
 78  64   9  21  50  49  39 123  97  85  38  92  84 101   6  79  62 122 102  63  76  56  54  50   0 111  24 104 107  88 100  54  11  75  41  77  51  41  84  68  67  49  97  84  98  53  94  79  77 104 
 66 110   8  51   6  10   2  38  56  12  73  23  89  52  39  14 118  98  56  19 100  30  48  82  17   0  88  73 112  23 108  49  65  69  57  64 108  52  87  23 101  70  54  93  10  24  68  85  37  96 
112  50  19  62  53 113  90   2  56  21 113 108  14 118  61   1  20  97 105  32 120 100  27 105  77  91   0  20  37  26  15  66  93  33  61  66  82  52  84  86  61  65  75  12 108  96 122  23  81  37 
115  55  90  89  68  17  28  39 100  33  14  98  51  90  93  73 102 114  90 104  97  21 112 117  33  88  16   0  91  51  74  81 114  92 109  72  39  72  64  88  29  84 106 101  87  99 113  62 122  77 
 48  73  31  23  32  80  14  77 118  98  76  47 111  63  48  41  47 113   2  45 104  38   1  18  68  79 106  95   0  61 107  39  51   6  91 108 112  73  88 110 116 117 105  65  27  70  38  37  74  44 
 12  71 123   9  71  44  70  91  73  74   1  33  20 101  96  94  28 114  84  45  19  65  57  68 104  19  87  35 114   0  70  24 113  83  10  66  31 108 122  65 110  50  78 114  14   6  17 112  17  14 
 19  98  76  19  51 115  25 106 110 100 100  79  90  53  10  69 102  75 107  33  16  89 100  84 116  10 122  14  95  45   0   2  95 100   2   2  97  29 121  59  82  93  59   9 105  16 110  14 101  53 
  4  45  59  81  73  78  82  32  27  78  12  65   4  62  85 100 124  69 117   4  87 123  74  10  15  63 115  45  15  55  77   0   2 118  99  39  47 122  64  64 100  77  98  50  70  55 119 117  23 122 
 57  12  51  53  73  95  78  52   4 112   9  10 119  79  42  31 104 110   2  41  13  82  10  85  88  11  13  86  88  70 113  31   0 122  43 120  58   2  64  93  75  99 118  78  81  82  82  88  94   5 
 16  24  21  23  52  67  94  68  26  96  17  29 111  81  14  60  69  40  41  75 104  32 118  83   5 113 112  46  86  12  71  15  77   0 100  69  83  45  40  98  50 117  77   6 109  70  46   4  83  12 
 32 101  84  57  44   7  87 108 104  97  68  91  84  76  63  15 123 103  45  99   8  11 110  92  60 100   4  35 119  66  79  44  76 114   0  60  92  43  28  29 113  29  62  37  30  72 114   2  20  45 
 81  59  92  33   4  47  92  92  96  87  36  55  83  42 111 121 112  48  12 101  94 101  78  98  83 119  65 113   9   3 103  99  73  92  88   0 124  42  54  55 123 108  33   5  21  33  29  78  53  95 
 18  67 112 123  30  39  49  28  25  79 121 116 122 107 115  26  64 108  62  87  34  15  28  56 102 118  41 100  11  55  18  58  39  50  11  31   0  61 124 103  13  36  15 109  79  29 121  21 104  80 
 65  37  43  72  89  40  96 103  40  88  16  25  79 116  87   4  24  48 117 122  56  12  79 100  59  82  16 100  35  27  30 103 105  89  72  93  58   0  49 100  50  70  54 102  98 119  27  13  90 107 
111  42 123  15   5  77 112  82 122  58  27  77  54 124  37  22  19  34  78 112  27  58  61 118  81  48  96  22   8  93  18  16  42  10   5 116 120   7   0   8  41  10  90  86  13  60 124  93  57  60 
121  57 122  67  38 105  55  91  84   7 116  99  45  52 104 116 124  79 118  40  70  57 111  56  70  47 114  79  99  62  71  15 116  56  94  63   3 115 122   0  57  36  64  64   2  89  74  14  27   3 
 92 113  49  17  92 108  26  41  78  40  98  17  99  44  46  47  96 104  81  93 102 106  44  87  14 121   1  41  80   9  13  74 107  75  33  45  18  87  80  85   0  19   9 115  10 100  80 124  91  17 
 56  90  12  34  63  36  10 103  31   8  89  23  35  68  62 117  19  56  23  75 123  38  27  23  85  33  36  80  65  20 105  59  57   5   2  60  64  33  21  47  35   0  18  73   6  91  14  34 120   8 
 90  34  62  91  91  97  11  49 104 119  34  44  72  96  75  47 118  72  96  99  80  79  23  51 102   4  93  27  97  27  43  63 123  32 104 123  71  66  97  14 112  42   0 124   8   2  87   4  37 119 
 40  57  21 121  71  27  20 104 119 118  12  16  84  11  85  34  27  89  98 122  92  55  17  66 113 107  27  25  92  22  35   1 112 118  26 116   1 109  25 109  12  94   8   0  75  42  29  34  55   7 
100  63 114   4  63   9  80  84  32  41  81  23  27  29  61  74 113  57 106  90   6  71  33  78  63  94  19  23 121  68  92  96  61 102   8  27  10 106  96  90   6 114  60  42   0 123  25  29  51  77 
123  19  10 106 101  22 102   5  88  16 114  22   5  83  28 124  46  32  38 118 103  23  84 116  79 120  23  51  70 104  40  64  17  56  24  59 108 109 100  69  62 121 119  73  99   0 108  88  59  57 
 18  32  65  48  98   2  55  25  48  49 121 124  60  26  51  21  54 105  20  64 114  98  41  98  51  24  13   1  20   3  86   9   5  84 115  76  51 116  80  38  59   5  66 115  27   2   0  62  43  40 
116  82  67  55  30   6  92  13  20  80  30 123 101  12  48  50 107  36  81  73  13 113  84  84  54  20  58 110  30  47  81  57   8  73  66 101  26  43  51  80  73  16  19  46  71  45 107   0  83  72 
 16  71  57  48 119  17 123  73  35  46  46 105  26  49  31  79  90  41 103  26 102 100  81  32  20  98  83  90  60  77  50  30  24 120  61  33  65  43  15  37   4  30  51  94  68  54  12 116   0  43 
 23 100  37  24  47 121 110  49  57  37 114  52  97 109 122  90  16  56  30  24 112  92   4  16 114 103  54  53  99  34 103  21   8  21  68  44 102  72  17   4  46  45  93 107  51  61  94  34  51   0 
M4
  0 107 123  79  38   5 119  62  40  83  99 117  58  89  26  89  10  47 113 110   8  84  93  56 120 110  39  68  10  37  16   4 117  37  43  39 117  24  60  19  22  97 108 112  44  42  15  13  58  26 
 44   0 103  28  98  65  53  16  84  69 117  66  68  13  77  64 120  36  66 108  79  98  98 105 107  75 122  36  78  58 115  44  47  97  42   2  39 121  57  10 122  85  34 112  83  12  93  89 124   2 
 46  32   0  32 118  73 108  68  25 102  84 115  15 118  80  38  70  36 124   5  75  26 106  65  36  57  71  44  15 111   8  56  52  86  33  23   7  61  22  42   3  97  30  65 109  66   3 108 112 120 
 30 100  54   0  18  52  36  14 102  58  85 108  18 108  28  78  10   3  19  41   9  70  55 103  49  77  97  62 123  23  26 102 113  61   7  14  13  75  66  21  28  55  54 114 118  95  28  62  61  41 
124  65  40  64   0 118  50  65  15 114 108  12  23  15  21 101  51  85 124  17  29  46 108 102  98  16  79   6  94 118 113  54  67  27 120  34  45  76  15 115  40  21 115 117  12  95  68 118 120  18 
 19  40  85  93  83   0  35  16  30 104 120  94  71  60  84 119  16  91  26 116   8 102  58  63  77   8 100  54  51  59  28  74  91 105 100  46  86 119  73 113 100  18  65  19  81  80  29 102  92 114 
 12 111  97  46  71  56   0  34   2  69 113  54  47  60  53  83  70  40  31  40  28  41  34  44  73  37  44  25  79  14 124  83  77  59  58  74 101  12 123  89  73  40  84  46  25  54 113  10   7  11 
 65  59 100  65  59   8  95   0 111  67   6  22   8  34 114  74  93  75  60  88  56  92  42  86 102  18  38  82  57 102  45  19  91  62  92 118  51  81 110  11  98  87  80  47  74   4  12  83 110  73 
 79  31   3 100 105  26  54  52   0 100  61   1  56  31  11  64 113   8 115  92  61 100 110  65 100   9 100  13  15 100  52   2  95 104  82  10  10 117 119   1  34  59  69  75  70  89 106   3 115 121 
 23 102 102  53  30  17   5  70  98   0 105  65  66  77  13   1 121 112  44  10  46  14  48  91  10  26 100  78 107  52  92  70  85  61 103  24  96  25  66  10  28  81 113  75  96  14  98  88  70  30 
 77  62  75  82  37 100  84  14  46  62   0 100 114   9  31  36 122  43  39  89  61   5  27  81   5   1   8 119  13  64  25  24  36 120 111 120  14 113  69  22  35  41  18 120  54  34  17  34  93   7 
 92  99  95  62  42 116  80 109  40  57  43   0 123  28 121 113 117  68  10  87  14  39  74  55  77 105 115  52  34  18   6  28 108 109  92  23  59  31  89  46  48 116  39  43  42 105 123 110  34  87 
 26  59  15  90  62  86  12  14 124  25 107  40   0  73 121  92 107  75  79  52  23 105 115  76  61  80  29  83  39 112  51  43  47  96   9  96  40  91  29  34  63  27  49  52  30  29  64  22  16  99 
  4  61 119  11   1  73  94  71  14 102  21  80 123   0  21  94  93  32  29  94  60  30 119  15  30   8  32  45  85 113 120  79  36  32  37   6  83 118   7 101 103 121  70 113   9  65  58 106 101  75 
 14  57  64  33  17   9  70  92  70  10  62  75 102  91   0  10  72  81  56 107  17  21 122  81 123  82  77   3  30 117  56 111   1 117  88  72  93 119   1  69  62 107  10 113  87 116  11  84  40 124 
 93  82  93  90  12  74  86  10  44  74 100  94  33  61  50   0 109  72  47  48 115  68  39  19  80   3  75  91  53  78  39  35  12   9  76  59  58  95  89  33  87  72  37  48  19 110  61  37  10 123 
 88   3  61  67  95  45  33  62  48  79  41  18  34  60 121  37   0 107 100  82  88   8  94  88 109 104  99 106 121  56  77  53  87  56  17  94 121  55  37  80  81   1  12  84  47  56 105  39  86  16 
 12  74  75  19  17 124 115  93  46  76  78 106  75  99  94  52 121   0 110 121  54   3  23  12  26  40  39 118  45 120  79 108  82  44  91  30 122  75 114 106  36  45  16  48  57 117  91  69  41  36 
  4   5   6  18  95  54  86  84  75  44  99  77  54  93  56  12  44  59   0   1  86  61  10   2  85  70  49  58 123 112  25  70   6 104  21  80  52  72   8  96  70  48 112  21  60  17  90  15  24  62 
 29  91 105 114  49 115  63 103   2 105  83  15  10  15  22  65  35 123  52   0  87  82  95  65  85 110  83  97   4  93  47  56  19   8  92 114  16  13  90  48  47 116   1   9  63  94  10 110  61  22 
 14   7  74  47  88  69  49  34 120  94  83  16  30 101  40  98 109  91  79 111   0  37   8  74   3  13 111 119  43  77  14  76  26   6  79 108  47 106   5  38  16  61  61  13  67  25  32  11  32  27 
 62   2  93 101 119 115 107  70  29   5  72   9  19  42  70   6 120  29 118  21   5   0 107  39  77  84  27  21  47  96  57 108  28  61  25  75 109  74 122 112  25  20  28  36  76 107  34  41 104 121 
109  93 117  66  15  75  81  43  55 105  23  83  66  30  55  47 107 121  58  58  53  19   0  83  47  38 107 117  22   9  98  17  63  53 124   2  27  35  86 111  44  48 118 103  37  10  28  61  43  88 
 72  34  47  59  82  45  41  87  84  65 100  67  81  41 112  52  43  29  95  50 100  63  44   0  93   7  93  31  95  19  14  12  59   7  70  74 103  60  35   4  53  50  27  97  35  10   3  96  61 116 
 78  64   9  21  50  49  39 123  97  85  38  92  84 101   6  79  62 122 102  63  76  56  54  50   0 111  24 104 107  88 100  54  11  75  41  77  51  41  84  68  67  49  97  84  98  53  94  79  77 104 
 66 110   8  51   6  10   2  38  56  12  73  23  89  52  39  14 118  98  56  19 100  30  48  82  17   0  88  73 112  23 108  49  65  69  57  64 108  52  87  23 101  70  54  93  10  24  68  85  37  96 
112  50  19  62  53 113  90   2  56  21 113 108  14 118  61   1  20  97 105  32 120 100  27 105  77  91   0  20  37  26  15  66  93  33  61  66  82  52  84  86  61  65  75  12 108  96 122  23  81  37 
115  55  90  89  68  17  28  39 100  33  14  98  51  90  93  73 102 114  90 104  97  21 112 117  33  88  16   0  91  51  74  81 114  92 109  72  39  72  64  88  29  84 106 101  87  99 113  62 122  77 
 48  73  31  23  32  80  14  77 118  98  76  47 111  63  48  41  47 113   2  45 104  38   1  18  68  79 106  95   0  61 107  39  51   6  91 108 112  73  88 110 116 117 105  65  27  70  38  37  74  44 
 12  71 123   9  71  44  70  91  73  74   1  33  20 101  96  94  28 114  84  45  19  65  57  68 104  19  87  35 114   0  70  24 113  83  10  66  31 108 122  65 110  50  78 114  14   6  17 112  17  14 
 19  98  76  19  51 115  25 106 110 100 100  79  90  53  10  69 102  75 107  33  16  89 100  84 116  10 122  14  95  45   0   2  95 100   2   2  97  29 121  59  82  93  59   9 105  16 110  14 101  53 
  4  45  59  81  73  78  82  32  27  78  12  65   4  62  85 100 124  69 117   4  87 123  74  10  15  63 115  45  15  55  77   0   2 118  99  39  47 122  64  64 100  77  98  50  70  55 119 117  23 122 
 57  12  51  53  73  95  78  52   4 112   9  10 119  79  42  31 104 110   2  41  13  82  10  85  88  11  13  86  88  70 113  31   0 122  43 120  58   2  64  93  75  99 118  78  81  82  82  88  94   5 
 16  24  21  23  52  67  94  68  26  96  17  29 111  81  14  60  69  40  41  75 104  32 118  83   5 113 112  46  86  12  71  15  77   0 100  69  83  45  40  98  50 117  77   6 109  70  46   4  83  12 
 32 101  84  57  44   7  87 108 104  97  68  91  84  76  63  15 123 103  45  99   8  11 110  92  60 100   4  35 119  66  79  44  76 114   0  60  92  43  28  29 113  29  62  37  30  72 114   2  20  45 
 81  59  92  33   4  47  92  92  96  87  36  55  83  42 111 121 112  48  12 101  94 101  78  98  83 119  65 113   9   3 103  99  73  92  88   0 124  42  54  55 123 108  33   5  21  33  29  78  53  95 
 18  67 112 123  30  39  49  28  25  79 121 116 122 107 115  26  64 108  62  87  34  15  28  56 102 118  41 100  11  55  18  58  39  50  11  31   0  61 124 103  13  36  15 109  79  29 121  21 104  80 
 65  37  43  72  89  40  96 103  40  88  16  25  79 116  87   4  24  48 117 122  56  12  79 100  59  82  16 100  35  27  30 103 105  89  72  93  58   0  49 100  50  70  54 102  98 119  27  13  90 107 
111  42 123  15   5  77 112  82 122  58  27  77  54 124  37  22  19  34  78 112  27  58  61 118  81  48  96  22   8  93  18  16  42  10   5 116 120   7   0   8  41  10  90  86  13  60 124  93  57  60 
121  57 122  67  38 105  55  91  84   7 116  99  45  52 104 116 124  79 118  40  70  57 111  56  70  47 114  79  99  62  71  15 116  56  94  63   3 115 122   0  57  36  64  64   2  89  74  14  27   3 
 92 113  49  17  92 108  26  41  78  40  98  17  99  44  46  47  96 104  81  93 102 106  44  87  14 121   1  41  80   9  13  74 107  75  33  45  18  87  80  85   0  19   9 115  10 100  80 124  91  17 
 56  90  12  34  63  36  10 103  31   8  89  23  35  68  62 117  19  56  23  75 123  38  27  23  85  33  36  80  65  20 105  59  57   5   2  60  64  33  21  47  35   0  18  73   6  91  14  34 120   8 
 90  34  62  91  91  97  11  49 104 119  34  44  72  96  75  47 118  72  96  99  80  79  23  51 102   4  93  27  97  27  43  63 123  32 104 123  71  66  97  14 112  42   0 124   8   2  87   4  37 119 
 40  57  21 121  71  27  20 104 119 118  12  16  84  11  85  34  27  89  98 122  92  55  17  66 113 107  27  25  92  22  35   1 112 118  26 116   1 109  25 109  12  94   8   0  75  42  29  34  55   7 
100  63 114   4  63   9  80  84  32  41  81  23  27  29  61  74 113  57 106  90   6  71  33  78  63  94  19  23 121  68  92  96  61 102   8  27  10 106  96  90   6 114  60  42   0 123  25  29  51  77 
123  19  10 106 101  22 102   5  88  16 114  22   5  83  28 124  46  32  38 118 103  23  84 116  79 120  23  51  70 104  40  64  17  56  24  59 108 109 100  69  62 121 119  73  99   0 108  88  59  57 
 18  32  65  48  98   2  55  25  48  49 121 124  60  26  51  21  54 105  20  64 114  98  41  98  51  24  13   1  20   3  86   9   5  84 115  76  51 116  80  38  59   5  66 115  27   2   0  62  43  40 
116  82  67  55  30   6  92  13  20  80  30 123 101  12  48  50 107  36  81  73  13 113  84  84  54  20  58 110  30  47  81  57   8  73  66 101  26  43  51  80  73  16  19  46  71  45 107   0  83  72 
 16  71  57  48 119  17 123  73  35  46  46 105  26  49  31  79  90  41 103  26 102 100  81  32  20  98  83  90  60  77  50  30  24 120  61  33  65  43  15  37   4  30  51  94  68  54  12 116   0  43 
 23 100  37  24  47 121 110  49  57  37 114  52  97 109 122  90  16  56  30  24 112  92   4  16 114 103  54  53  99  34 103  21   8  21  68  44 102  72  17   4  46  45  93 107  51  61  94  34  51   0 
Reldue
 2633    9    7
 2349    7    3
 2073    1    6
  722    2    3
 1691    5    1
 1989    6    9
 2080    9    2
 1664    6    6
  844    2    5
 2011    9    5
 1897    3    2
  639    9    9
  762    6    2
  792    7    3
 1503    9    4
 1002    3    7
 1781    7    8
 1822    4    9
  842    9    6
 1263    5    9
  833    9    9
 1428    8    8
 1403    1    9
 2375    7    6
  679    3    3
  776    8    6
  752    4    4
  826    1    7
 1450    5    9
 1069    7    5
  534    2    2
  851    6    4
  708    6    4
 1314    3    9
 1926    9    2
 1632    3    1
 2219    5    8
 1195    5    6
 1550    8    3
 1575    9    3
 2121    6    5
 1667    9    4
 1390    2    3
 1201    1    9
 1245    1    4
 1475    6    6
 2415    3    9
  876    5    4
 2217    2    1
 1827    2    1
DDW
 2405  2860
 2226  2471
 1943  2203
  663   782
 1548  1834
 1801  2177
 1970  2191
 1512  1815
  766   923
 1910  2113
 1743  2051
  580   698
  693   830
  726   859
 1366  1641
  932  1072
 1656  1906
 1640  2004
  780   904
 1178  1349
  778   889
 1354  1502
 1324  1481
 2238  2511
  635   722
  714   838
  686   817
  766   886
 1372  1528
 1012  1127
  482   587
  794   908
  656   760
 1238  1391
 1802  2049
 1509  1755
 2081  2356
 1098  1292
 1461  1639
 1423  1728
 1935  2308
 1538  1796
 1257  1523
 1126  1276
 1170  1320
 1388  1561
 2288  2541
  797   955
 2062  2372
 1687  1968
