20  10
MD
  5  2  4  4  3  3  2  4  5  3
PT
 55  96  74  28  47  30  31  90  79  69  50  73  54  60  70  98  40  57  90  66 
 65  46   3  69  45   9  25  58  30  22  39  16  27  73   8  55  87  89  46  87 
 90  12  84  28  93  10  91  57  66  88  54  41  14   3  42  92  32  76  11  65 
 83  34  11  46  22  31  31  87  10  75   5  24  10  75  42  18  46  65   7  96 
 76  22  63  27  48  32  47  55  92   6  97  80   2  32  19  15  46  43   2  83 
 51  18  91  99  92  24  48  52   5   3   9   9  75  87  52  66  30  74  68  24 
 54  20  81  47  21  87   3  30  80  12  43   4  99  90  79  12  12  93  25  40 
 98  72  59  66  13  99  74  69  40  93  15  78  26  18  20  24  62  84  32  74 
 48  63  13  25  44   3  91  13  21  47  62  46   6  96   2  27  99  29  63  70 
 54  59  99  97  88  51  39  94  29  21  67  86  58  19   9  77  88   9  77  86 
SSD
M0
  0  34   3 113 104 107  38 115  16  88  38   5  10  91  28  64  98  81  27 119 
102   0  77  61 105  31  48  24  72  15   6  18  69   6 120 122  84  69  46  96 
 62  47   0  76  66  14  93  65  59 113  76 106  39  14   5  78 115  97  13  59 
 79  85  45   0  14  94  18  53 103  60 111  37 124  90 121  13  21   9  14  11 
 79 112   4 109   0  20  63  80 117  33  56  32 114  51  53  82 100 107  77   5 
107  67  74  22  24   0   9  12  69 110  97  74   5  66 116  55  15  98  25  92 
 15   3  12  60 113   5   0  22  64  37  37  44  32  17 120 102 110 117  59  28 
 21  27  99  81  23   4 114   0   1 101  31  46  10  51  93  61 102  12  91  31 
 34  49 101  54 121  90  67  27   0  25  84 109  39 112  91  37  82  62  89  61 
111  90  73  93 101  35  69  28  39   0  42 119 116  38  62   5  24  39  36  13 
  2  97  45   6  51  48 102  21  42  23   0  29  85  45  86 111  20  83  57  37 
 15  48 115  85  86  38 106 105  41  16  95   0  75  94   7  60   9  84  52  28 
  8  79 121  47  66  14  67  50  52  60 102 105   0  40  22  72  75 105  58  90 
 98   7  23  63  25  31  68  88  51 105  84  41  89   0  67 117 114  34 122 114 
 14  63  79  23 102  86  19  30   7  77  60   9  43  88   0   4 108 105 124   3 
 92  81  39   8  64  59  48  47  36 105  34  85  37  25  53   0  67 107  46  80 
 66  67  40 104  44  51   2  26  17  65 113  54  41  48  34  45   0 107  45  95 
 67 120  10  21 118  85 106  51  26  87 110 120  60  96 110   5  63   0  87  59 
 55 121  24  56  13  11  11  91  15 124 100  24  93  26  47  38 121  41   0  65 
 12  79  51  46  38  45  41  22 124 107  63  71  54  14 112 103  60  54  75   0 
M1
  0  34   3 113 104 107  38 115  16  88  38   5  10  91  28  64  98  81  27 119 
102   0  77  61 105  31  48  24  72  15   6  18  69   6 120 122  84  69  46  96 
 62  47   0  76  66  14  93  65  59 113  76 106  39  14   5  78 115  97  13  59 
 79  85  45   0  14  94  18  53 103  60 111  37 124  90 121  13  21   9  14  11 
 79 112   4 109   0  20  63  80 117  33  56  32 114  51  53  82 100 107  77   5 
107  67  74  22  24   0   9  12  69 110  97  74   5  66 116  55  15  98  25  92 
 15   3  12  60 113   5   0  22  64  37  37  44  32  17 120 102 110 117  59  28 
 21  27  99  81  23   4 114   0   1 101  31  46  10  51  93  61 102  12  91  31 
 34  49 101  54 121  90  67  27   0  25  84 109  39 112  91  37  82  62  89  61 
111  90  73  93 101  35  69  28  39   0  42 119 116  38  62   5  24  39  36  13 
  2  97  45   6  51  48 102  21  42  23   0  29  85  45  86 111  20  83  57  37 
 15  48 115  85  86  38 106 105  41  16  95   0  75  94   7  60   9  84  52  28 
  8  79 121  47  66  14  67  50  52  60 102 105   0  40  22  72  75 105  58  90 
 98   7  23  63  25  31  68  88  51 105  84  41  89   0  67 117 114  34 122 114 
 14  63  79  23 102  86  19  30   7  77  60   9  43  88   0   4 108 105 124   3 
 92  81  39   8  64  59  48  47  36 105  34  85  37  25  53   0  67 107  46  80 
 66  67  40 104  44  51   2  26  17  65 113  54  41  48  34  45   0 107  45  95 
 67 120  10  21 118  85 106  51  26  87 110 120  60  96 110   5  63   0  87  59 
 55 121  24  56  13  11  11  91  15 124 100  24  93  26  47  38 121  41   0  65 
 12  79  51  46  38  45  41  22 124 107  63  71  54  14 112 103  60  54  75   0 
M2
  0  34   3 113 104 107  38 115  16  88  38   5  10  91  28  64  98  81  27 119 
102   0  77  61 105  31  48  24  72  15   6  18  69   6 120 122  84  69  46  96 
 62  47   0  76  66  14  93  65  59 113  76 106  39  14   5  78 115  97  13  59 
 79  85  45   0  14  94  18  53 103  60 111  37 124  90 121  13  21   9  14  11 
 79 112   4 109   0  20  63  80 117  33  56  32 114  51  53  82 100 107  77   5 
107  67  74  22  24   0   9  12  69 110  97  74   5  66 116  55  15  98  25  92 
 15   3  12  60 113   5   0  22  64  37  37  44  32  17 120 102 110 117  59  28 
 21  27  99  81  23   4 114   0   1 101  31  46  10  51  93  61 102  12  91  31 
 34  49 101  54 121  90  67  27   0  25  84 109  39 112  91  37  82  62  89  61 
111  90  73  93 101  35  69  28  39   0  42 119 116  38  62   5  24  39  36  13 
  2  97  45   6  51  48 102  21  42  23   0  29  85  45  86 111  20  83  57  37 
 15  48 115  85  86  38 106 105  41  16  95   0  75  94   7  60   9  84  52  28 
  8  79 121  47  66  14  67  50  52  60 102 105   0  40  22  72  75 105  58  90 
 98   7  23  63  25  31  68  88  51 105  84  41  89   0  67 117 114  34 122 114 
 14  63  79  23 102  86  19  30   7  77  60   9  43  88   0   4 108 105 124   3 
 92  81  39   8  64  59  48  47  36 105  34  85  37  25  53   0  67 107  46  80 
 66  67  40 104  44  51   2  26  17  65 113  54  41  48  34  45   0 107  45  95 
 67 120  10  21 118  85 106  51  26  87 110 120  60  96 110   5  63   0  87  59 
 55 121  24  56  13  11  11  91  15 124 100  24  93  26  47  38 121  41   0  65 
 12  79  51  46  38  45  41  22 124 107  63  71  54  14 112 103  60  54  75   0 
M3
  0  34   3 113 104 107  38 115  16  88  38   5  10  91  28  64  98  81  27 119 
102   0  77  61 105  31  48  24  72  15   6  18  69   6 120 122  84  69  46  96 
 62  47   0  76  66  14  93  65  59 113  76 106  39  14   5  78 115  97  13  59 
 79  85  45   0  14  94  18  53 103  60 111  37 124  90 121  13  21   9  14  11 
 79 112   4 109   0  20  63  80 117  33  56  32 114  51  53  82 100 107  77   5 
107  67  74  22  24   0   9  12  69 110  97  74   5  66 116  55  15  98  25  92 
 15   3  12  60 113   5   0  22  64  37  37  44  32  17 120 102 110 117  59  28 
 21  27  99  81  23   4 114   0   1 101  31  46  10  51  93  61 102  12  91  31 
 34  49 101  54 121  90  67  27   0  25  84 109  39 112  91  37  82  62  89  61 
111  90  73  93 101  35  69  28  39   0  42 119 116  38  62   5  24  39  36  13 
  2  97  45   6  51  48 102  21  42  23   0  29  85  45  86 111  20  83  57  37 
 15  48 115  85  86  38 106 105  41  16  95   0  75  94   7  60   9  84  52  28 
  8  79 121  47  66  14  67  50  52  60 102 105   0  40  22  72  75 105  58  90 
 98   7  23  63  25  31  68  88  51 105  84  41  89   0  67 117 114  34 122 114 
 14  63  79  23 102  86  19  30   7  77  60   9  43  88   0   4 108 105 124   3 
 92  81  39   8  64  59  48  47  36 105  34  85  37  25  53   0  67 107  46  80 
 66  67  40 104  44  51   2  26  17  65 113  54  41  48  34  45   0 107  45  95 
 67 120  10  21 118  85 106  51  26  87 110 120  60  96 110   5  63   0  87  59 
 55 121  24  56  13  11  11  91  15 124 100  24  93  26  47  38 121  41   0  65 
 12  79  51  46  38  45  41  22 124 107  63  71  54  14 112 103  60  54  75   0 
M4
  0  34   3 113 104 107  38 115  16  88  38   5  10  91  28  64  98  81  27 119 
102   0  77  61 105  31  48  24  72  15   6  18  69   6 120 122  84  69  46  96 
 62  47   0  76  66  14  93  65  59 113  76 106  39  14   5  78 115  97  13  59 
 79  85  45   0  14  94  18  53 103  60 111  37 124  90 121  13  21   9  14  11 
 79 112   4 109   0  20  63  80 117  33  56  32 114  51  53  82 100 107  77   5 
107  67  74  22  24   0   9  12  69 110  97  74   5  66 116  55  15  98  25  92 
 15   3  12  60 113   5   0  22  64  37  37  44  32  17 120 102 110 117  59  28 
 21  27  99  81  23   4 114   0   1 101  31  46  10  51  93  61 102  12  91  31 
 34  49 101  54 121  90  67  27   0  25  84 109  39 112  91  37  82  62  89  61 
111  90  73  93 101  35  69  28  39   0  42 119 116  38  62   5  24  39  36  13 
  2  97  45   6  51  48 102  21  42  23   0  29  85  45  86 111  20  83  57  37 
 15  48 115  85  86  38 106 105  41  16  95   0  75  94   7  60   9  84  52  28 
  8  79 121  47  66  14  67  50  52  60 102 105   0  40  22  72  75 105  58  90 
 98   7  23  63  25  31  68  88  51 105  84  41  89   0  67 117 114  34 122 114 
 14  63  79  23 102  86  19  30   7  77  60   9  43  88   0   4 108 105 124   3 
 92  81  39   8  64  59  48  47  36 105  34  85  37  25  53   0  67 107  46  80 
 66  67  40 104  44  51   2  26  17  65 113  54  41  48  34  45   0 107  45  95 
 67 120  10  21 118  85 106  51  26  87 110 120  60  96 110   5  63   0  87  59 
 55 121  24  56  13  11  11  91  15 124 100  24  93  26  47  38 121  41   0  65 
 12  79  51  46  38  45  41  22 124 107  63  71  54  14 112 103  60  54  75   0 
M5
  0  34   3 113 104 107  38 115  16  88  38   5  10  91  28  64  98  81  27 119 
102   0  77  61 105  31  48  24  72  15   6  18  69   6 120 122  84  69  46  96 
 62  47   0  76  66  14  93  65  59 113  76 106  39  14   5  78 115  97  13  59 
 79  85  45   0  14  94  18  53 103  60 111  37 124  90 121  13  21   9  14  11 
 79 112   4 109   0  20  63  80 117  33  56  32 114  51  53  82 100 107  77   5 
107  67  74  22  24   0   9  12  69 110  97  74   5  66 116  55  15  98  25  92 
 15   3  12  60 113   5   0  22  64  37  37  44  32  17 120 102 110 117  59  28 
 21  27  99  81  23   4 114   0   1 101  31  46  10  51  93  61 102  12  91  31 
 34  49 101  54 121  90  67  27   0  25  84 109  39 112  91  37  82  62  89  61 
111  90  73  93 101  35  69  28  39   0  42 119 116  38  62   5  24  39  36  13 
  2  97  45   6  51  48 102  21  42  23   0  29  85  45  86 111  20  83  57  37 
 15  48 115  85  86  38 106 105  41  16  95   0  75  94   7  60   9  84  52  28 
  8  79 121  47  66  14  67  50  52  60 102 105   0  40  22  72  75 105  58  90 
 98   7  23  63  25  31  68  88  51 105  84  41  89   0  67 117 114  34 122 114 
 14  63  79  23 102  86  19  30   7  77  60   9  43  88   0   4 108 105 124   3 
 92  81  39   8  64  59  48  47  36 105  34  85  37  25  53   0  67 107  46  80 
 66  67  40 104  44  51   2  26  17  65 113  54  41  48  34  45   0 107  45  95 
 67 120  10  21 118  85 106  51  26  87 110 120  60  96 110   5  63   0  87  59 
 55 121  24  56  13  11  11  91  15 124 100  24  93  26  47  38 121  41   0  65 
 12  79  51  46  38  45  41  22 124 107  63  71  54  14 112 103  60  54  75   0 
M6
  0  34   3 113 104 107  38 115  16  88  38   5  10  91  28  64  98  81  27 119 
102   0  77  61 105  31  48  24  72  15   6  18  69   6 120 122  84  69  46  96 
 62  47   0  76  66  14  93  65  59 113  76 106  39  14   5  78 115  97  13  59 
 79  85  45   0  14  94  18  53 103  60 111  37 124  90 121  13  21   9  14  11 
 79 112   4 109   0  20  63  80 117  33  56  32 114  51  53  82 100 107  77   5 
107  67  74  22  24   0   9  12  69 110  97  74   5  66 116  55  15  98  25  92 
 15   3  12  60 113   5   0  22  64  37  37  44  32  17 120 102 110 117  59  28 
 21  27  99  81  23   4 114   0   1 101  31  46  10  51  93  61 102  12  91  31 
 34  49 101  54 121  90  67  27   0  25  84 109  39 112  91  37  82  62  89  61 
111  90  73  93 101  35  69  28  39   0  42 119 116  38  62   5  24  39  36  13 
  2  97  45   6  51  48 102  21  42  23   0  29  85  45  86 111  20  83  57  37 
 15  48 115  85  86  38 106 105  41  16  95   0  75  94   7  60   9  84  52  28 
  8  79 121  47  66  14  67  50  52  60 102 105   0  40  22  72  75 105  58  90 
 98   7  23  63  25  31  68  88  51 105  84  41  89   0  67 117 114  34 122 114 
 14  63  79  23 102  86  19  30   7  77  60   9  43  88   0   4 108 105 124   3 
 92  81  39   8  64  59  48  47  36 105  34  85  37  25  53   0  67 107  46  80 
 66  67  40 104  44  51   2  26  17  65 113  54  41  48  34  45   0 107  45  95 
 67 120  10  21 118  85 106  51  26  87 110 120  60  96 110   5  63   0  87  59 
 55 121  24  56  13  11  11  91  15 124 100  24  93  26  47  38 121  41   0  65 
 12  79  51  46  38  45  41  22 124 107  63  71  54  14 112 103  60  54  75   0 
M7
  0  34   3 113 104 107  38 115  16  88  38   5  10  91  28  64  98  81  27 119 
102   0  77  61 105  31  48  24  72  15   6  18  69   6 120 122  84  69  46  96 
 62  47   0  76  66  14  93  65  59 113  76 106  39  14   5  78 115  97  13  59 
 79  85  45   0  14  94  18  53 103  60 111  37 124  90 121  13  21   9  14  11 
 79 112   4 109   0  20  63  80 117  33  56  32 114  51  53  82 100 107  77   5 
107  67  74  22  24   0   9  12  69 110  97  74   5  66 116  55  15  98  25  92 
 15   3  12  60 113   5   0  22  64  37  37  44  32  17 120 102 110 117  59  28 
 21  27  99  81  23   4 114   0   1 101  31  46  10  51  93  61 102  12  91  31 
 34  49 101  54 121  90  67  27   0  25  84 109  39 112  91  37  82  62  89  61 
111  90  73  93 101  35  69  28  39   0  42 119 116  38  62   5  24  39  36  13 
  2  97  45   6  51  48 102  21  42  23   0  29  85  45  86 111  20  83  57  37 
 15  48 115  85  86  38 106 105  41  16  95   0  75  94   7  60   9  84  52  28 
  8  79 121  47  66  14  67  50  52  60 102 105   0  40  22  72  75 105  58  90 
 98   7  23  63  25  31  68  88  51 105  84  41  89   0  67 117 114  34 122 114 
 14  63  79  23 102  86  19  30   7  77  60   9  43  88   0   4 108 105 124   3 
 92  81  39   8  64  59  48  47  36 105  34  85  37  25  53   0  67 107  46  80 
 66  67  40 104  44  51   2  26  17  65 113  54  41  48  34  45   0 107  45  95 
 67 120  10  21 118  85 106  51  26  87 110 120  60  96 110   5  63   0  87  59 
 55 121  24  56  13  11  11  91  15 124 100  24  93  26  47  38 121  41   0  65 
 12  79  51  46  38  45  41  22 124 107  63  71  54  14 112 103  60  54  75   0 
M8
  0  34   3 113 104 107  38 115  16  88  38   5  10  91  28  64  98  81  27 119 
102   0  77  61 105  31  48  24  72  15   6  18  69   6 120 122  84  69  46  96 
 62  47   0  76  66  14  93  65  59 113  76 106  39  14   5  78 115  97  13  59 
 79  85  45   0  14  94  18  53 103  60 111  37 124  90 121  13  21   9  14  11 
 79 112   4 109   0  20  63  80 117  33  56  32 114  51  53  82 100 107  77   5 
107  67  74  22  24   0   9  12  69 110  97  74   5  66 116  55  15  98  25  92 
 15   3  12  60 113   5   0  22  64  37  37  44  32  17 120 102 110 117  59  28 
 21  27  99  81  23   4 114   0   1 101  31  46  10  51  93  61 102  12  91  31 
 34  49 101  54 121  90  67  27   0  25  84 109  39 112  91  37  82  62  89  61 
111  90  73  93 101  35  69  28  39   0  42 119 116  38  62   5  24  39  36  13 
  2  97  45   6  51  48 102  21  42  23   0  29  85  45  86 111  20  83  57  37 
 15  48 115  85  86  38 106 105  41  16  95   0  75  94   7  60   9  84  52  28 
  8  79 121  47  66  14  67  50  52  60 102 105   0  40  22  72  75 105  58  90 
 98   7  23  63  25  31  68  88  51 105  84  41  89   0  67 117 114  34 122 114 
 14  63  79  23 102  86  19  30   7  77  60   9  43  88   0   4 108 105 124   3 
 92  81  39   8  64  59  48  47  36 105  34  85  37  25  53   0  67 107  46  80 
 66  67  40 104  44  51   2  26  17  65 113  54  41  48  34  45   0 107  45  95 
 67 120  10  21 118  85 106  51  26  87 110 120  60  96 110   5  63   0  87  59 
 55 121  24  56  13  11  11  91  15 124 100  24  93  26  47  38 121  41   0  65 
 12  79  51  46  38  45  41  22 124 107  63  71  54  14 112 103  60  54  75   0 
M9
  0  34   3 113 104 107  38 115  16  88  38   5  10  91  28  64  98  81  27 119 
102   0  77  61 105  31  48  24  72  15   6  18  69   6 120 122  84  69  46  96 
 62  47   0  76  66  14  93  65  59 113  76 106  39  14   5  78 115  97  13  59 
 79  85  45   0  14  94  18  53 103  60 111  37 124  90 121  13  21   9  14  11 
 79 112   4 109   0  20  63  80 117  33  56  32 114  51  53  82 100 107  77   5 
107  67  74  22  24   0   9  12  69 110  97  74   5  66 116  55  15  98  25  92 
 15   3  12  60 113   5   0  22  64  37  37  44  32  17 120 102 110 117  59  28 
 21  27  99  81  23   4 114   0   1 101  31  46  10  51  93  61 102  12  91  31 
 34  49 101  54 121  90  67  27   0  25  84 109  39 112  91  37  82  62  89  61 
111  90  73  93 101  35  69  28  39   0  42 119 116  38  62   5  24  39  36  13 
  2  97  45   6  51  48 102  21  42  23   0  29  85  45  86 111  20  83  57  37 
 15  48 115  85  86  38 106 105  41  16  95   0  75  94   7  60   9  84  52  28 
  8  79 121  47  66  14  67  50  52  60 102 105   0  40  22  72  75 105  58  90 
 98   7  23  63  25  31  68  88  51 105  84  41  89   0  67 117 114  34 122 114 
 14  63  79  23 102  86  19  30   7  77  60   9  43  88   0   4 108 105 124   3 
 92  81  39   8  64  59  48  47  36 105  34  85  37  25  53   0  67 107  46  80 
 66  67  40 104  44  51   2  26  17  65 113  54  41  48  34  45   0 107  45  95 
 67 120  10  21 118  85 106  51  26  87 110 120  60  96 110   5  63   0  87  59 
 55 121  24  56  13  11  11  91  15 124 100  24  93  26  47  38 121  41   0  65 
 12  79  51  46  38  45  41  22 124 107  63  71  54  14 112 103  60  54  75   0 
Reldue
 4119    8    5
 3557    1    9
 1703    6    1
 3696    9    7
 2580    9    5
 2369    4    9
 4089    4    6
 2549    4    8
 4284    3    1
 2872    2    9
 4011    8    4
 2565    6    1
 3785    9    5
 1442    2    3
 3247    1    7
 1182    6    4
 2605    9    2
 2235    3    1
 1232    1    1
 2071    5    1
DDW
 3740  4498
 3361  3753
 1615  1790
 3416  3976
 2349  2811
 2244  2494
 3698  4480
 2349  2748
 3966  4602
 2599  3144
 3677  4345
 2356  2774
 3563  4007
 1336  1548
 2950  3545
 1111  1253
 2405  2805
 2116  2354
 1110  1354
 1912  2230
