20   5
MD
  5  3  3  4  3
PT
 95  24  51  65  36  62   1  64  96  47  60   8   2   9  94  82  98   4   5  64 
 41  23  39  73  49  46  51  24  18  35  66  65  82  93  59  36  10  82  52  54 
 34  83  12  88  55  27  33   6  43  45  41   7   3  95  42  40  56  70  80  59 
 10  22  38  69  17  26  29  63  60  58  12   8   9  14  41  12  96  37  75  79 
 79  53  57  72  54  26  79  82  88  64  30  66  56   4  46  12  36  31   8   1 
SSD
M0
  0   3  99 111  69 103  92 106  48  61  95 115  15  60  13 106 113  27  24  50 
 34   0  17  11  37  47  68  37  35  54   8  29  70   8 112  19  90  34  19  66 
 40  30   0  44   2  92   6  81   6   3  22  70  30  71 104  70  80  78  24  78 
  9   4  26   0  21  72  96   2  31  28  19  99 118 122  28  17  92  30  10   9 
114 111  47  25   0  25  97  50  63 104  73  63  91  47  11  21  78  95  82  92 
 98  90   4  74  66   0  93  41  64  86  68  93  14  57  49 112  34 101  62  77 
 84 107 107  17  43  66   0  64   8  34  46 120   1  37  64 114  47  86 118  71 
 78 124 113  46  65  85  63   0  80  86  76 116  10  62 119   9  62  96  74 124 
112  38  17   7  94  17  38  38   0  71 119  10  11  70  70  84   6  38   4   1 
 17  24  64  92  19  14 118  52  27   0 103 105  16  59  72 111  42  24  55  45 
103  46  42   6  49  53  82  69  51  93   0  56  65  59  28   3  43  84  55  52 
 14  83  90  53  80  96  94  45  60  47  54   0  93 123 102  23 106  85  32 117 
107  60 121  40  21   2 122  24   2  70  75 103   0  24 113  36  29 101  31   9 
 31 113  88  99   5  18  29 123  19  69  96  86  67   0  34  19  23  62   3  69 
 20 103  55  79  99  23  21   9  92 120  97  10 107   2   0  50  47  74 118  87 
 10 120 118  75  93 123  84 117  74  21  83  25 103 122  99   0  46  74  99 118 
  7  81  21  62  19   4 108 110  59   3  94  50  51  48   8  70   0  59 113  50 
  9  44  57 121  46  63  16 118  63  12   1  82  37 108  85  60  99   0  53  36 
 40  37  38  87  72  12 117 120  69  48  78   2  85  32  36  67  51  43   0  50 
123  29  30   5  71  14  19  39   8  38 106  68 112  41  34  94  37  55  81   0 
M1
  0   3  99 111  69 103  92 106  48  61  95 115  15  60  13 106 113  27  24  50 
 34   0  17  11  37  47  68  37  35  54   8  29  70   8 112  19  90  34  19  66 
 40  30   0  44   2  92   6  81   6   3  22  70  30  71 104  70  80  78  24  78 
  9   4  26   0  21  72  96   2  31  28  19  99 118 122  28  17  92  30  10   9 
114 111  47  25   0  25  97  50  63 104  73  63  91  47  11  21  78  95  82  92 
 98  90   4  74  66   0  93  41  64  86  68  93  14  57  49 112  34 101  62  77 
 84 107 107  17  43  66   0  64   8  34  46 120   1  37  64 114  47  86 118  71 
 78 124 113  46  65  85  63   0  80  86  76 116  10  62 119   9  62  96  74 124 
112  38  17   7  94  17  38  38   0  71 119  10  11  70  70  84   6  38   4   1 
 17  24  64  92  19  14 118  52  27   0 103 105  16  59  72 111  42  24  55  45 
103  46  42   6  49  53  82  69  51  93   0  56  65  59  28   3  43  84  55  52 
 14  83  90  53  80  96  94  45  60  47  54   0  93 123 102  23 106  85  32 117 
107  60 121  40  21   2 122  24   2  70  75 103   0  24 113  36  29 101  31   9 
 31 113  88  99   5  18  29 123  19  69  96  86  67   0  34  19  23  62   3  69 
 20 103  55  79  99  23  21   9  92 120  97  10 107   2   0  50  47  74 118  87 
 10 120 118  75  93 123  84 117  74  21  83  25 103 122  99   0  46  74  99 118 
  7  81  21  62  19   4 108 110  59   3  94  50  51  48   8  70   0  59 113  50 
  9  44  57 121  46  63  16 118  63  12   1  82  37 108  85  60  99   0  53  36 
 40  37  38  87  72  12 117 120  69  48  78   2  85  32  36  67  51  43   0  50 
123  29  30   5  71  14  19  39   8  38 106  68 112  41  34  94  37  55  81   0 
M2
  0   3  99 111  69 103  92 106  48  61  95 115  15  60  13 106 113  27  24  50 
 34   0  17  11  37  47  68  37  35  54   8  29  70   8 112  19  90  34  19  66 
 40  30   0  44   2  92   6  81   6   3  22  70  30  71 104  70  80  78  24  78 
  9   4  26   0  21  72  96   2  31  28  19  99 118 122  28  17  92  30  10   9 
114 111  47  25   0  25  97  50  63 104  73  63  91  47  11  21  78  95  82  92 
 98  90   4  74  66   0  93  41  64  86  68  93  14  57  49 112  34 101  62  77 
 84 107 107  17  43  66   0  64   8  34  46 120   1  37  64 114  47  86 118  71 
 78 124 113  46  65  85  63   0  80  86  76 116  10  62 119   9  62  96  74 124 
112  38  17   7  94  17  38  38   0  71 119  10  11  70  70  84   6  38   4   1 
 17  24  64  92  19  14 118  52  27   0 103 105  16  59  72 111  42  24  55  45 
103  46  42   6  49  53  82  69  51  93   0  56  65  59  28   3  43  84  55  52 
 14  83  90  53  80  96  94  45  60  47  54   0  93 123 102  23 106  85  32 117 
107  60 121  40  21   2 122  24   2  70  75 103   0  24 113  36  29 101  31   9 
 31 113  88  99   5  18  29 123  19  69  96  86  67   0  34  19  23  62   3  69 
 20 103  55  79  99  23  21   9  92 120  97  10 107   2   0  50  47  74 118  87 
 10 120 118  75  93 123  84 117  74  21  83  25 103 122  99   0  46  74  99 118 
  7  81  21  62  19   4 108 110  59   3  94  50  51  48   8  70   0  59 113  50 
  9  44  57 121  46  63  16 118  63  12   1  82  37 108  85  60  99   0  53  36 
 40  37  38  87  72  12 117 120  69  48  78   2  85  32  36  67  51  43   0  50 
123  29  30   5  71  14  19  39   8  38 106  68 112  41  34  94  37  55  81   0 
M3
  0   3  99 111  69 103  92 106  48  61  95 115  15  60  13 106 113  27  24  50 
 34   0  17  11  37  47  68  37  35  54   8  29  70   8 112  19  90  34  19  66 
 40  30   0  44   2  92   6  81   6   3  22  70  30  71 104  70  80  78  24  78 
  9   4  26   0  21  72  96   2  31  28  19  99 118 122  28  17  92  30  10   9 
114 111  47  25   0  25  97  50  63 104  73  63  91  47  11  21  78  95  82  92 
 98  90   4  74  66   0  93  41  64  86  68  93  14  57  49 112  34 101  62  77 
 84 107 107  17  43  66   0  64   8  34  46 120   1  37  64 114  47  86 118  71 
 78 124 113  46  65  85  63   0  80  86  76 116  10  62 119   9  62  96  74 124 
112  38  17   7  94  17  38  38   0  71 119  10  11  70  70  84   6  38   4   1 
 17  24  64  92  19  14 118  52  27   0 103 105  16  59  72 111  42  24  55  45 
103  46  42   6  49  53  82  69  51  93   0  56  65  59  28   3  43  84  55  52 
 14  83  90  53  80  96  94  45  60  47  54   0  93 123 102  23 106  85  32 117 
107  60 121  40  21   2 122  24   2  70  75 103   0  24 113  36  29 101  31   9 
 31 113  88  99   5  18  29 123  19  69  96  86  67   0  34  19  23  62   3  69 
 20 103  55  79  99  23  21   9  92 120  97  10 107   2   0  50  47  74 118  87 
 10 120 118  75  93 123  84 117  74  21  83  25 103 122  99   0  46  74  99 118 
  7  81  21  62  19   4 108 110  59   3  94  50  51  48   8  70   0  59 113  50 
  9  44  57 121  46  63  16 118  63  12   1  82  37 108  85  60  99   0  53  36 
 40  37  38  87  72  12 117 120  69  48  78   2  85  32  36  67  51  43   0  50 
123  29  30   5  71  14  19  39   8  38 106  68 112  41  34  94  37  55  81   0 
M4
  0   3  99 111  69 103  92 106  48  61  95 115  15  60  13 106 113  27  24  50 
 34   0  17  11  37  47  68  37  35  54   8  29  70   8 112  19  90  34  19  66 
 40  30   0  44   2  92   6  81   6   3  22  70  30  71 104  70  80  78  24  78 
  9   4  26   0  21  72  96   2  31  28  19  99 118 122  28  17  92  30  10   9 
114 111  47  25   0  25  97  50  63 104  73  63  91  47  11  21  78  95  82  92 
 98  90   4  74  66   0  93  41  64  86  68  93  14  57  49 112  34 101  62  77 
 84 107 107  17  43  66   0  64   8  34  46 120   1  37  64 114  47  86 118  71 
 78 124 113  46  65  85  63   0  80  86  76 116  10  62 119   9  62  96  74 124 
112  38  17   7  94  17  38  38   0  71 119  10  11  70  70  84   6  38   4   1 
 17  24  64  92  19  14 118  52  27   0 103 105  16  59  72 111  42  24  55  45 
103  46  42   6  49  53  82  69  51  93   0  56  65  59  28   3  43  84  55  52 
 14  83  90  53  80  96  94  45  60  47  54   0  93 123 102  23 106  85  32 117 
107  60 121  40  21   2 122  24   2  70  75 103   0  24 113  36  29 101  31   9 
 31 113  88  99   5  18  29 123  19  69  96  86  67   0  34  19  23  62   3  69 
 20 103  55  79  99  23  21   9  92 120  97  10 107   2   0  50  47  74 118  87 
 10 120 118  75  93 123  84 117  74  21  83  25 103 122  99   0  46  74  99 118 
  7  81  21  62  19   4 108 110  59   3  94  50  51  48   8  70   0  59 113  50 
  9  44  57 121  46  63  16 118  63  12   1  82  37 108  85  60  99   0  53  36 
 40  37  38  87  72  12 117 120  69  48  78   2  85  32  36  67  51  43   0  50 
123  29  30   5  71  14  19  39   8  38 106  68 112  41  34  94  37  55  81   0 
Reldue
 2196    5    8
  959    3    9
  997    8    4
  990    8    7
  802    9    7
 1045    9    1
 1665    3    5
 1228    6    1
 1684    1    9
 1783    2    9
 1417    4    7
  891    9    9
  856    9    6
 1223    4    8
 1800    7    2
 1347    1    7
 1029    1    8
  710    8    8
 1690    5    4
 1753    6    8
DDW
 2072  2320
  875  1042
  903  1091
  906  1075
  757   848
  984  1107
 1560  1771
 1152  1304
 1574  1795
 1687  1879
 1280  1555
  831   950
  807   906
 1141  1304
 1687  1913
 1275  1419
  955  1102
  640   779
 1601  1778
 1624  1882
