20   8
MD
  2  5  2  2  5  3  2  5
PT
 78  93  16  52   2   2  50  26  57  56  90   9  14  28  94  80  46  69   2  68 
  2  64  53  20  70  23  85  34  82  53   6  61  29  66  72  45  60  71  65  93 
 70  72  81  96  57  98  57  54  12  25  42  21  44  59  20  78  35   4  92  88 
 70   1  68  61  97  85  34  26  71  32  68  36  25  93  25   8  96  15   9  61 
 57  20  79   7  94  34  37  43  19   5  29  55  57  84  62  26  67  10  25  51 
 74  51  46  33  81  86   4  23  82  90  38  92  99  97  83  17  18  24   3  42 
  4   1   6  79  49   4  52  66  12  24  14  59  44   7  98   1  34  93  66  31 
 21  26   8  14  56  57  86  58  60  14  66  31  48  16  96  85  14  90  65  22 
SSD
M0
  0  27  25  20  60 121   5  58  46  92 106  71  96  25  67 116  45   1  59  43 
 36   0 107  42  65  38  18 122  70 123 109 118  73  94  88  62   7  18   2  51 
  8   6   0   5  75 116 112  40  56  41  53  13  57 111  17  59 105 113  55  75 
 30  80  48   0  26 110  38  67  77 100  26  60  49 105  66  98 108  42  21  76 
110  43  62  93   0   9 117  11   2   9  69  68  61  71  89  40  62  98 114  91 
 32  37  77  13 118   0 101 114  85  60  51 106  36  86 102  57  28  89  97  34 
105  10   2  48  28  26   0  65 101  97  21  73  94   4 121  12  43  60  91   8 
  2  14  63  82 119  88  70   0  35 110 113  58  70  47  61  10  55  47  14  64 
 17  48  44  44  41  26  36 102   0  43  35  79  72  49  74  81  39  88   5  16 
106  73 121  47 106  47  22  50  41   0  48  27 117  82   7  97   3 104  37  57 
 69 114 121  35  21  95  96 111   5   5   0  73  94  52  27  64  91 124  37  65 
 70 104  17  40  39  15  19  88  65  27 121   0 112  58  15  53  45  76  70  85 
108  41  68  82  65 116  89  72  33  48  44  59   0  41  72  61  39  75  37 113 
  7 116  19  61  53  16  15   5  30  34 112 109 116   0 120  77 123   4  10 112 
 73  59  33   4   5  52  81  22 121  67 121  19   6  21   0  16  36   5  72  22 
 62  75  67  38 111  71 113  58 100  58  26  55  93  37  69   0  54 118  21  23 
 50  60  91 118 120  47  99  64 118  28  78  62  78  10 101 122   0  62  87  53 
 78  65  25   5 111  41  33  30  92 100  66 105 100  15   7  75  66   0   1  77 
  6 114  77  87 105   2  44 110  25  12  61   2  48  65  69  51   5  80   0   1 
  9  68  88  78 121  34  35  20  10  79  44   5   4  13  96  13 123 115  52   0 
M1
  0  27  25  20  60 121   5  58  46  92 106  71  96  25  67 116  45   1  59  43 
 36   0 107  42  65  38  18 122  70 123 109 118  73  94  88  62   7  18   2  51 
  8   6   0   5  75 116 112  40  56  41  53  13  57 111  17  59 105 113  55  75 
 30  80  48   0  26 110  38  67  77 100  26  60  49 105  66  98 108  42  21  76 
110  43  62  93   0   9 117  11   2   9  69  68  61  71  89  40  62  98 114  91 
 32  37  77  13 118   0 101 114  85  60  51 106  36  86 102  57  28  89  97  34 
105  10   2  48  28  26   0  65 101  97  21  73  94   4 121  12  43  60  91   8 
  2  14  63  82 119  88  70   0  35 110 113  58  70  47  61  10  55  47  14  64 
 17  48  44  44  41  26  36 102   0  43  35  79  72  49  74  81  39  88   5  16 
106  73 121  47 106  47  22  50  41   0  48  27 117  82   7  97   3 104  37  57 
 69 114 121  35  21  95  96 111   5   5   0  73  94  52  27  64  91 124  37  65 
 70 104  17  40  39  15  19  88  65  27 121   0 112  58  15  53  45  76  70  85 
108  41  68  82  65 116  89  72  33  48  44  59   0  41  72  61  39  75  37 113 
  7 116  19  61  53  16  15   5  30  34 112 109 116   0 120  77 123   4  10 112 
 73  59  33   4   5  52  81  22 121  67 121  19   6  21   0  16  36   5  72  22 
 62  75  67  38 111  71 113  58 100  58  26  55  93  37  69   0  54 118  21  23 
 50  60  91 118 120  47  99  64 118  28  78  62  78  10 101 122   0  62  87  53 
 78  65  25   5 111  41  33  30  92 100  66 105 100  15   7  75  66   0   1  77 
  6 114  77  87 105   2  44 110  25  12  61   2  48  65  69  51   5  80   0   1 
  9  68  88  78 121  34  35  20  10  79  44   5   4  13  96  13 123 115  52   0 
M2
  0  27  25  20  60 121   5  58  46  92 106  71  96  25  67 116  45   1  59  43 
 36   0 107  42  65  38  18 122  70 123 109 118  73  94  88  62   7  18   2  51 
  8   6   0   5  75 116 112  40  56  41  53  13  57 111  17  59 105 113  55  75 
 30  80  48   0  26 110  38  67  77 100  26  60  49 105  66  98 108  42  21  76 
110  43  62  93   0   9 117  11   2   9  69  68  61  71  89  40  62  98 114  91 
 32  37  77  13 118   0 101 114  85  60  51 106  36  86 102  57  28  89  97  34 
105  10   2  48  28  26   0  65 101  97  21  73  94   4 121  12  43  60  91   8 
  2  14  63  82 119  88  70   0  35 110 113  58  70  47  61  10  55  47  14  64 
 17  48  44  44  41  26  36 102   0  43  35  79  72  49  74  81  39  88   5  16 
106  73 121  47 106  47  22  50  41   0  48  27 117  82   7  97   3 104  37  57 
 69 114 121  35  21  95  96 111   5   5   0  73  94  52  27  64  91 124  37  65 
 70 104  17  40  39  15  19  88  65  27 121   0 112  58  15  53  45  76  70  85 
108  41  68  82  65 116  89  72  33  48  44  59   0  41  72  61  39  75  37 113 
  7 116  19  61  53  16  15   5  30  34 112 109 116   0 120  77 123   4  10 112 
 73  59  33   4   5  52  81  22 121  67 121  19   6  21   0  16  36   5  72  22 
 62  75  67  38 111  71 113  58 100  58  26  55  93  37  69   0  54 118  21  23 
 50  60  91 118 120  47  99  64 118  28  78  62  78  10 101 122   0  62  87  53 
 78  65  25   5 111  41  33  30  92 100  66 105 100  15   7  75  66   0   1  77 
  6 114  77  87 105   2  44 110  25  12  61   2  48  65  69  51   5  80   0   1 
  9  68  88  78 121  34  35  20  10  79  44   5   4  13  96  13 123 115  52   0 
M3
  0  27  25  20  60 121   5  58  46  92 106  71  96  25  67 116  45   1  59  43 
 36   0 107  42  65  38  18 122  70 123 109 118  73  94  88  62   7  18   2  51 
  8   6   0   5  75 116 112  40  56  41  53  13  57 111  17  59 105 113  55  75 
 30  80  48   0  26 110  38  67  77 100  26  60  49 105  66  98 108  42  21  76 
110  43  62  93   0   9 117  11   2   9  69  68  61  71  89  40  62  98 114  91 
 32  37  77  13 118   0 101 114  85  60  51 106  36  86 102  57  28  89  97  34 
105  10   2  48  28  26   0  65 101  97  21  73  94   4 121  12  43  60  91   8 
  2  14  63  82 119  88  70   0  35 110 113  58  70  47  61  10  55  47  14  64 
 17  48  44  44  41  26  36 102   0  43  35  79  72  49  74  81  39  88   5  16 
106  73 121  47 106  47  22  50  41   0  48  27 117  82   7  97   3 104  37  57 
 69 114 121  35  21  95  96 111   5   5   0  73  94  52  27  64  91 124  37  65 
 70 104  17  40  39  15  19  88  65  27 121   0 112  58  15  53  45  76  70  85 
108  41  68  82  65 116  89  72  33  48  44  59   0  41  72  61  39  75  37 113 
  7 116  19  61  53  16  15   5  30  34 112 109 116   0 120  77 123   4  10 112 
 73  59  33   4   5  52  81  22 121  67 121  19   6  21   0  16  36   5  72  22 
 62  75  67  38 111  71 113  58 100  58  26  55  93  37  69   0  54 118  21  23 
 50  60  91 118 120  47  99  64 118  28  78  62  78  10 101 122   0  62  87  53 
 78  65  25   5 111  41  33  30  92 100  66 105 100  15   7  75  66   0   1  77 
  6 114  77  87 105   2  44 110  25  12  61   2  48  65  69  51   5  80   0   1 
  9  68  88  78 121  34  35  20  10  79  44   5   4  13  96  13 123 115  52   0 
M4
  0  27  25  20  60 121   5  58  46  92 106  71  96  25  67 116  45   1  59  43 
 36   0 107  42  65  38  18 122  70 123 109 118  73  94  88  62   7  18   2  51 
  8   6   0   5  75 116 112  40  56  41  53  13  57 111  17  59 105 113  55  75 
 30  80  48   0  26 110  38  67  77 100  26  60  49 105  66  98 108  42  21  76 
110  43  62  93   0   9 117  11   2   9  69  68  61  71  89  40  62  98 114  91 
 32  37  77  13 118   0 101 114  85  60  51 106  36  86 102  57  28  89  97  34 
105  10   2  48  28  26   0  65 101  97  21  73  94   4 121  12  43  60  91   8 
  2  14  63  82 119  88  70   0  35 110 113  58  70  47  61  10  55  47  14  64 
 17  48  44  44  41  26  36 102   0  43  35  79  72  49  74  81  39  88   5  16 
106  73 121  47 106  47  22  50  41   0  48  27 117  82   7  97   3 104  37  57 
 69 114 121  35  21  95  96 111   5   5   0  73  94  52  27  64  91 124  37  65 
 70 104  17  40  39  15  19  88  65  27 121   0 112  58  15  53  45  76  70  85 
108  41  68  82  65 116  89  72  33  48  44  59   0  41  72  61  39  75  37 113 
  7 116  19  61  53  16  15   5  30  34 112 109 116   0 120  77 123   4  10 112 
 73  59  33   4   5  52  81  22 121  67 121  19   6  21   0  16  36   5  72  22 
 62  75  67  38 111  71 113  58 100  58  26  55  93  37  69   0  54 118  21  23 
 50  60  91 118 120  47  99  64 118  28  78  62  78  10 101 122   0  62  87  53 
 78  65  25   5 111  41  33  30  92 100  66 105 100  15   7  75  66   0   1  77 
  6 114  77  87 105   2  44 110  25  12  61   2  48  65  69  51   5  80   0   1 
  9  68  88  78 121  34  35  20  10  79  44   5   4  13  96  13 123 115  52   0 
M5
  0  27  25  20  60 121   5  58  46  92 106  71  96  25  67 116  45   1  59  43 
 36   0 107  42  65  38  18 122  70 123 109 118  73  94  88  62   7  18   2  51 
  8   6   0   5  75 116 112  40  56  41  53  13  57 111  17  59 105 113  55  75 
 30  80  48   0  26 110  38  67  77 100  26  60  49 105  66  98 108  42  21  76 
110  43  62  93   0   9 117  11   2   9  69  68  61  71  89  40  62  98 114  91 
 32  37  77  13 118   0 101 114  85  60  51 106  36  86 102  57  28  89  97  34 
105  10   2  48  28  26   0  65 101  97  21  73  94   4 121  12  43  60  91   8 
  2  14  63  82 119  88  70   0  35 110 113  58  70  47  61  10  55  47  14  64 
 17  48  44  44  41  26  36 102   0  43  35  79  72  49  74  81  39  88   5  16 
106  73 121  47 106  47  22  50  41   0  48  27 117  82   7  97   3 104  37  57 
 69 114 121  35  21  95  96 111   5   5   0  73  94  52  27  64  91 124  37  65 
 70 104  17  40  39  15  19  88  65  27 121   0 112  58  15  53  45  76  70  85 
108  41  68  82  65 116  89  72  33  48  44  59   0  41  72  61  39  75  37 113 
  7 116  19  61  53  16  15   5  30  34 112 109 116   0 120  77 123   4  10 112 
 73  59  33   4   5  52  81  22 121  67 121  19   6  21   0  16  36   5  72  22 
 62  75  67  38 111  71 113  58 100  58  26  55  93  37  69   0  54 118  21  23 
 50  60  91 118 120  47  99  64 118  28  78  62  78  10 101 122   0  62  87  53 
 78  65  25   5 111  41  33  30  92 100  66 105 100  15   7  75  66   0   1  77 
  6 114  77  87 105   2  44 110  25  12  61   2  48  65  69  51   5  80   0   1 
  9  68  88  78 121  34  35  20  10  79  44   5   4  13  96  13 123 115  52   0 
M6
  0  27  25  20  60 121   5  58  46  92 106  71  96  25  67 116  45   1  59  43 
 36   0 107  42  65  38  18 122  70 123 109 118  73  94  88  62   7  18   2  51 
  8   6   0   5  75 116 112  40  56  41  53  13  57 111  17  59 105 113  55  75 
 30  80  48   0  26 110  38  67  77 100  26  60  49 105  66  98 108  42  21  76 
110  43  62  93   0   9 117  11   2   9  69  68  61  71  89  40  62  98 114  91 
 32  37  77  13 118   0 101 114  85  60  51 106  36  86 102  57  28  89  97  34 
105  10   2  48  28  26   0  65 101  97  21  73  94   4 121  12  43  60  91   8 
  2  14  63  82 119  88  70   0  35 110 113  58  70  47  61  10  55  47  14  64 
 17  48  44  44  41  26  36 102   0  43  35  79  72  49  74  81  39  88   5  16 
106  73 121  47 106  47  22  50  41   0  48  27 117  82   7  97   3 104  37  57 
 69 114 121  35  21  95  96 111   5   5   0  73  94  52  27  64  91 124  37  65 
 70 104  17  40  39  15  19  88  65  27 121   0 112  58  15  53  45  76  70  85 
108  41  68  82  65 116  89  72  33  48  44  59   0  41  72  61  39  75  37 113 
  7 116  19  61  53  16  15   5  30  34 112 109 116   0 120  77 123   4  10 112 
 73  59  33   4   5  52  81  22 121  67 121  19   6  21   0  16  36   5  72  22 
 62  75  67  38 111  71 113  58 100  58  26  55  93  37  69   0  54 118  21  23 
 50  60  91 118 120  47  99  64 118  28  78  62  78  10 101 122   0  62  87  53 
 78  65  25   5 111  41  33  30  92 100  66 105 100  15   7  75  66   0   1  77 
  6 114  77  87 105   2  44 110  25  12  61   2  48  65  69  51   5  80   0   1 
  9  68  88  78 121  34  35  20  10  79  44   5   4  13  96  13 123 115  52   0 
M7
  0  27  25  20  60 121   5  58  46  92 106  71  96  25  67 116  45   1  59  43 
 36   0 107  42  65  38  18 122  70 123 109 118  73  94  88  62   7  18   2  51 
  8   6   0   5  75 116 112  40  56  41  53  13  57 111  17  59 105 113  55  75 
 30  80  48   0  26 110  38  67  77 100  26  60  49 105  66  98 108  42  21  76 
110  43  62  93   0   9 117  11   2   9  69  68  61  71  89  40  62  98 114  91 
 32  37  77  13 118   0 101 114  85  60  51 106  36  86 102  57  28  89  97  34 
105  10   2  48  28  26   0  65 101  97  21  73  94   4 121  12  43  60  91   8 
  2  14  63  82 119  88  70   0  35 110 113  58  70  47  61  10  55  47  14  64 
 17  48  44  44  41  26  36 102   0  43  35  79  72  49  74  81  39  88   5  16 
106  73 121  47 106  47  22  50  41   0  48  27 117  82   7  97   3 104  37  57 
 69 114 121  35  21  95  96 111   5   5   0  73  94  52  27  64  91 124  37  65 
 70 104  17  40  39  15  19  88  65  27 121   0 112  58  15  53  45  76  70  85 
108  41  68  82  65 116  89  72  33  48  44  59   0  41  72  61  39  75  37 113 
  7 116  19  61  53  16  15   5  30  34 112 109 116   0 120  77 123   4  10 112 
 73  59  33   4   5  52  81  22 121  67 121  19   6  21   0  16  36   5  72  22 
 62  75  67  38 111  71 113  58 100  58  26  55  93  37  69   0  54 118  21  23 
 50  60  91 118 120  47  99  64 118  28  78  62  78  10 101 122   0  62  87  53 
 78  65  25   5 111  41  33  30  92 100  66 105 100  15   7  75  66   0   1  77 
  6 114  77  87 105   2  44 110  25  12  61   2  48  65  69  51   5  80   0   1 
  9  68  88  78 121  34  35  20  10  79  44   5   4  13  96  13 123 115  52   0 
Reldue
 3366    8    8
 2846    7    9
  995    1    2
 2073    6    6
 1030    2    1
 1023    1    2
 2266    4    4
 2215    9    9
 2836    8    4
 3012    6    5
 2554    2    5
 1592    2    8
 1082    3    1
 2636    9    7
 2080    2    1
 1403    3    5
 2770    7    2
 2442    1    8
 2198    6    1
 1173    1    5
DDW
 3030  3702
 2612  3080
  927  1064
 1943  2202
  928  1133
  971  1074
 2152  2380
 2064  2366
 2686  2985
 2802  3223
 2386  2721
 1475  1709
  977  1187
 2493  2779
 1884  2276
 1295  1511
 2517  3023
 2243  2640
 2020  2375
 1113  1233
