20   5
MD
  5  2  2  4  4
PT
 33  44  50  50  62  13  81  51  32  18  45  22  38  31  32  47  21  54  22   3 
 67  43  61  92  13  40  41  23  28  45  84  98  39  46  16  63  62  56  31  51 
  5  47   4  29  59  80  29  12  36  93  93  87  25  99  85   2   9  81  19  70 
 91  36  58  32  44  89  77  70  75  81  92   4  33  96  58  38  19  18   8  19 
 48  44  33  21  94  20  10   9  21  64  68  45   3  26  17  86  13  12  94  84 
SSD
M0
  0  69  39  42  94  40   3  77  26  19   7  40  25   4 115  34  62 113  63   5 
107   0  96  62  33 121  91 106  65 101  55  59  25  41 103  47  84  62  23  87 
 16  59   0  43  80  58  90  73   6  81  42   9   9  41 116  57 103 108  47  25 
 13   9 107   0 104 112  71  19 112  85  84  31  18 112  40 111   2  36  52   3 
 31 112  53  18   0  80  41  37  54  52 118  45 118  12  53  91 121 119  25 123 
 41  75  31  74 111   0   9  63  55 123  29   6 106  96  68   8  16  55 124  95 
 26 103  82   9  80  81   0  93  65 107  40 119   4  45  74  19 109  10  29  54 
 32  84 108  74  53 111  42   0  32  13  96  65  14  84  85 112   9  36  61  40 
 28  65 117  58  53  69  78  93   0  34  79  39  12  71  31  96   7   4   8   2 
 61 113 115  67  60  19  57  35  49   0   5  86  87  14   1  33  37 122  14  25 
 16  74  42  58 110  43  52  64 106  49   0  78 107 118 124  70  20  82  10  30 
 19  90   3 121  60  80  55  36  12 106  43   0  89  73  66  43  97  49  60  27 
 21  61  79  40  33  56  10  78  90  14  70  92   0  72  63  88  48  52  39  56 
 99  19  76  16  56  60  38  76 110  15  53  57 114   0 110  47  25  79  37  73 
110  36  90  50 110  94  63  83  94  11  66 123  84  94   0   1  39  65  99  56 
 95  43  63 124 121  10  60  31  47  73  89  38 119  99  28   0  92  72   4 121 
 80  38   8  28  79  50  28   6  71  89 121  62 118 113  70  77   0 114  69  57 
 26  17 106  42 110  37  57 101 108 102 119  59  73 118  78  52  53   0  38  46 
110 115  58  50  44  18  68 109  10 120  45  23  61  28 120  15  34 107   0  17 
 75  19  56  14  47 114  75  64 106  14  95  66 104  80  58   4  38  11  55   0 
M1
  0  69  39  42  94  40   3  77  26  19   7  40  25   4 115  34  62 113  63   5 
107   0  96  62  33 121  91 106  65 101  55  59  25  41 103  47  84  62  23  87 
 16  59   0  43  80  58  90  73   6  81  42   9   9  41 116  57 103 108  47  25 
 13   9 107   0 104 112  71  19 112  85  84  31  18 112  40 111   2  36  52   3 
 31 112  53  18   0  80  41  37  54  52 118  45 118  12  53  91 121 119  25 123 
 41  75  31  74 111   0   9  63  55 123  29   6 106  96  68   8  16  55 124  95 
 26 103  82   9  80  81   0  93  65 107  40 119   4  45  74  19 109  10  29  54 
 32  84 108  74  53 111  42   0  32  13  96  65  14  84  85 112   9  36  61  40 
 28  65 117  58  53  69  78  93   0  34  79  39  12  71  31  96   7   4   8   2 
 61 113 115  67  60  19  57  35  49   0   5  86  87  14   1  33  37 122  14  25 
 16  74  42  58 110  43  52  64 106  49   0  78 107 118 124  70  20  82  10  30 
 19  90   3 121  60  80  55  36  12 106  43   0  89  73  66  43  97  49  60  27 
 21  61  79  40  33  56  10  78  90  14  70  92   0  72  63  88  48  52  39  56 
 99  19  76  16  56  60  38  76 110  15  53  57 114   0 110  47  25  79  37  73 
110  36  90  50 110  94  63  83  94  11  66 123  84  94   0   1  39  65  99  56 
 95  43  63 124 121  10  60  31  47  73  89  38 119  99  28   0  92  72   4 121 
 80  38   8  28  79  50  28   6  71  89 121  62 118 113  70  77   0 114  69  57 
 26  17 106  42 110  37  57 101 108 102 119  59  73 118  78  52  53   0  38  46 
110 115  58  50  44  18  68 109  10 120  45  23  61  28 120  15  34 107   0  17 
 75  19  56  14  47 114  75  64 106  14  95  66 104  80  58   4  38  11  55   0 
M2
  0  69  39  42  94  40   3  77  26  19   7  40  25   4 115  34  62 113  63   5 
107   0  96  62  33 121  91 106  65 101  55  59  25  41 103  47  84  62  23  87 
 16  59   0  43  80  58  90  73   6  81  42   9   9  41 116  57 103 108  47  25 
 13   9 107   0 104 112  71  19 112  85  84  31  18 112  40 111   2  36  52   3 
 31 112  53  18   0  80  41  37  54  52 118  45 118  12  53  91 121 119  25 123 
 41  75  31  74 111   0   9  63  55 123  29   6 106  96  68   8  16  55 124  95 
 26 103  82   9  80  81   0  93  65 107  40 119   4  45  74  19 109  10  29  54 
 32  84 108  74  53 111  42   0  32  13  96  65  14  84  85 112   9  36  61  40 
 28  65 117  58  53  69  78  93   0  34  79  39  12  71  31  96   7   4   8   2 
 61 113 115  67  60  19  57  35  49   0   5  86  87  14   1  33  37 122  14  25 
 16  74  42  58 110  43  52  64 106  49   0  78 107 118 124  70  20  82  10  30 
 19  90   3 121  60  80  55  36  12 106  43   0  89  73  66  43  97  49  60  27 
 21  61  79  40  33  56  10  78  90  14  70  92   0  72  63  88  48  52  39  56 
 99  19  76  16  56  60  38  76 110  15  53  57 114   0 110  47  25  79  37  73 
110  36  90  50 110  94  63  83  94  11  66 123  84  94   0   1  39  65  99  56 
 95  43  63 124 121  10  60  31  47  73  89  38 119  99  28   0  92  72   4 121 
 80  38   8  28  79  50  28   6  71  89 121  62 118 113  70  77   0 114  69  57 
 26  17 106  42 110  37  57 101 108 102 119  59  73 118  78  52  53   0  38  46 
110 115  58  50  44  18  68 109  10 120  45  23  61  28 120  15  34 107   0  17 
 75  19  56  14  47 114  75  64 106  14  95  66 104  80  58   4  38  11  55   0 
M3
  0  69  39  42  94  40   3  77  26  19   7  40  25   4 115  34  62 113  63   5 
107   0  96  62  33 121  91 106  65 101  55  59  25  41 103  47  84  62  23  87 
 16  59   0  43  80  58  90  73   6  81  42   9   9  41 116  57 103 108  47  25 
 13   9 107   0 104 112  71  19 112  85  84  31  18 112  40 111   2  36  52   3 
 31 112  53  18   0  80  41  37  54  52 118  45 118  12  53  91 121 119  25 123 
 41  75  31  74 111   0   9  63  55 123  29   6 106  96  68   8  16  55 124  95 
 26 103  82   9  80  81   0  93  65 107  40 119   4  45  74  19 109  10  29  54 
 32  84 108  74  53 111  42   0  32  13  96  65  14  84  85 112   9  36  61  40 
 28  65 117  58  53  69  78  93   0  34  79  39  12  71  31  96   7   4   8   2 
 61 113 115  67  60  19  57  35  49   0   5  86  87  14   1  33  37 122  14  25 
 16  74  42  58 110  43  52  64 106  49   0  78 107 118 124  70  20  82  10  30 
 19  90   3 121  60  80  55  36  12 106  43   0  89  73  66  43  97  49  60  27 
 21  61  79  40  33  56  10  78  90  14  70  92   0  72  63  88  48  52  39  56 
 99  19  76  16  56  60  38  76 110  15  53  57 114   0 110  47  25  79  37  73 
110  36  90  50 110  94  63  83  94  11  66 123  84  94   0   1  39  65  99  56 
 95  43  63 124 121  10  60  31  47  73  89  38 119  99  28   0  92  72   4 121 
 80  38   8  28  79  50  28   6  71  89 121  62 118 113  70  77   0 114  69  57 
 26  17 106  42 110  37  57 101 108 102 119  59  73 118  78  52  53   0  38  46 
110 115  58  50  44  18  68 109  10 120  45  23  61  28 120  15  34 107   0  17 
 75  19  56  14  47 114  75  64 106  14  95  66 104  80  58   4  38  11  55   0 
M4
  0  69  39  42  94  40   3  77  26  19   7  40  25   4 115  34  62 113  63   5 
107   0  96  62  33 121  91 106  65 101  55  59  25  41 103  47  84  62  23  87 
 16  59   0  43  80  58  90  73   6  81  42   9   9  41 116  57 103 108  47  25 
 13   9 107   0 104 112  71  19 112  85  84  31  18 112  40 111   2  36  52   3 
 31 112  53  18   0  80  41  37  54  52 118  45 118  12  53  91 121 119  25 123 
 41  75  31  74 111   0   9  63  55 123  29   6 106  96  68   8  16  55 124  95 
 26 103  82   9  80  81   0  93  65 107  40 119   4  45  74  19 109  10  29  54 
 32  84 108  74  53 111  42   0  32  13  96  65  14  84  85 112   9  36  61  40 
 28  65 117  58  53  69  78  93   0  34  79  39  12  71  31  96   7   4   8   2 
 61 113 115  67  60  19  57  35  49   0   5  86  87  14   1  33  37 122  14  25 
 16  74  42  58 110  43  52  64 106  49   0  78 107 118 124  70  20  82  10  30 
 19  90   3 121  60  80  55  36  12 106  43   0  89  73  66  43  97  49  60  27 
 21  61  79  40  33  56  10  78  90  14  70  92   0  72  63  88  48  52  39  56 
 99  19  76  16  56  60  38  76 110  15  53  57 114   0 110  47  25  79  37  73 
110  36  90  50 110  94  63  83  94  11  66 123  84  94   0   1  39  65  99  56 
 95  43  63 124 121  10  60  31  47  73  89  38 119  99  28   0  92  72   4 121 
 80  38   8  28  79  50  28   6  71  89 121  62 118 113  70  77   0 114  69  57 
 26  17 106  42 110  37  57 101 108 102 119  59  73 118  78  52  53   0  38  46 
110 115  58  50  44  18  68 109  10 120  45  23  61  28 120  15  34 107   0  17 
 75  19  56  14  47 114  75  64 106  14  95  66 104  80  58   4  38  11  55   0 
Reldue
 1079    1    5
 1417    7    4
 1779    7    4
 1847    5    6
  895    4    2
  653    8    7
  923    3    1
 1937    2    1
 1021    6    1
  722    6    5
 1705    2    7
  623    2    2
 1178    6    4
  843    7    7
  736    7    1
 1305    1    5
 1103    6    2
  592    7    9
 1358    5    2
 1848    4    9
DDW
 1005  1154
 1345  1489
 1613  1946
 1695  1999
  826   963
  605   702
  859   986
 1806  2068
  950  1092
  662   781
 1565  1845
  578   667
 1096  1260
  762   925
  670   802
 1192  1418
 1041  1165
  539   644
 1280  1435
 1733  1962
