20  10
MD
  3  2  3  2  5  5  3  3  2  3
PT
 13  71  12   6  70  93  32  70  56  51   4   1  68   3  48  52  63  94  24   2 
 10  28   3  33  82  91  44  23  58  38   1   6  31  46  91  68  35  10  92  68 
 16  93  13  81  65  13  43  55  85   9  42  62  98  38  68  44  59  13  62  52 
 36  17  43   6  73  93  77  30  16  68  59  13  21  65  22  54  64  62  33  64 
 46  59  49   5  52   9  28  84  10  64  70   5   6  76  93  71  54  18  51  66 
 79  33  56  93   3  75  38  85  68  14  71  42  11  33  60  93  43  67  74  28 
 55  95  11  52  60  76  64  11  23  95  12  33  59  61  93  62   4  42  46  62 
 65   6  64  72  94  69  17  90  42  25  37  59  11  61  33  37  84  28  17  87 
 13  90  70  29  45  28  53  22  30   2  95  26  88  19  87  93  89  96  61  64 
 23  97  52  41  86  73  67  61  53  70   5  93  67   1  28  61  33  66   7  69 
SSD
M0
  0   7   1   8   8   1   4   3   5   1   9   6   4   6   7   8   3   4   3   6 
  1   0   3   5   3   9   3   9   2   5   2   6   4   1   8   9   6   3   4   2 
  9   8   0   6   7   5   5   6   8   7   5   5   3   5   1   2   1   3   1   9 
  2   3   7   0   6   3   6   1   1   8   3   1   9   6   6   5   4   8   2   2 
  6   3   3   6   0   7   3   9   9   4   9   4   1   4   7   4   9   9   5   8 
  9   9   8   5   3   0   4   4   9   9   2   9   1   4   4   4   1   4   2   9 
  9   7   8   1   8   4   0   2   1   3   5   8   5   2   8   9   3   1   6   2 
  9   9   1   8   3   9   3   0   7   5   1   2   3   9   6   4   5   8   1   7 
  1   7   6   9   9   1   4   9   0   1   2   2   5   6   8   4   9   6   5   9 
  2   1   3   2   1   1   4   9   3   0   8   5   5   7   9   2   6   2   9   8 
  6   9   5   6   5   1   5   4   3   5   0   4   5   4   4   8   8   1   2   8 
  7   6   8   9   8   6   4   7   6   3   3   0   6   2   7   9   3   6   4   5 
  2   9   7   7   1   4   4   3   9   2   5   7   0   6   6   1   7   9   1   2 
  1   7   7   9   9   6   9   2   8   7   5   7   2   0   4   6   6   3   2   2 
  7   2   9   7   3   3   4   8   1   8   6   1   8   9   0   7   3   7   3   1 
  5   6   2   7   8   5   1   6   9   7   9   4   7   4   9   0   9   9   4   1 
  2   1   9   6   2   7   1   7   3   3   5   2   5   5   8   4   0   3   6   7 
  9   4   8   2   3   5   1   2   9   5   8   4   1   7   3   7   5   0   5   5 
  9   8   3   9   8   6   6   6   6   1   8   3   8   7   6   2   1   8   0   3 
  1   1   1   3   7   1   5   1   9   7   7   8   3   4   8   4   7   4   1   0 
M1
  0   7   1   8   8   1   4   3   5   1   9   6   4   6   7   8   3   4   3   6 
  1   0   3   5   3   9   3   9   2   5   2   6   4   1   8   9   6   3   4   2 
  9   8   0   6   7   5   5   6   8   7   5   5   3   5   1   2   1   3   1   9 
  2   3   7   0   6   3   6   1   1   8   3   1   9   6   6   5   4   8   2   2 
  6   3   3   6   0   7   3   9   9   4   9   4   1   4   7   4   9   9   5   8 
  9   9   8   5   3   0   4   4   9   9   2   9   1   4   4   4   1   4   2   9 
  9   7   8   1   8   4   0   2   1   3   5   8   5   2   8   9   3   1   6   2 
  9   9   1   8   3   9   3   0   7   5   1   2   3   9   6   4   5   8   1   7 
  1   7   6   9   9   1   4   9   0   1   2   2   5   6   8   4   9   6   5   9 
  2   1   3   2   1   1   4   9   3   0   8   5   5   7   9   2   6   2   9   8 
  6   9   5   6   5   1   5   4   3   5   0   4   5   4   4   8   8   1   2   8 
  7   6   8   9   8   6   4   7   6   3   3   0   6   2   7   9   3   6   4   5 
  2   9   7   7   1   4   4   3   9   2   5   7   0   6   6   1   7   9   1   2 
  1   7   7   9   9   6   9   2   8   7   5   7   2   0   4   6   6   3   2   2 
  7   2   9   7   3   3   4   8   1   8   6   1   8   9   0   7   3   7   3   1 
  5   6   2   7   8   5   1   6   9   7   9   4   7   4   9   0   9   9   4   1 
  2   1   9   6   2   7   1   7   3   3   5   2   5   5   8   4   0   3   6   7 
  9   4   8   2   3   5   1   2   9   5   8   4   1   7   3   7   5   0   5   5 
  9   8   3   9   8   6   6   6   6   1   8   3   8   7   6   2   1   8   0   3 
  1   1   1   3   7   1   5   1   9   7   7   8   3   4   8   4   7   4   1   0 
M2
  0   7   1   8   8   1   4   3   5   1   9   6   4   6   7   8   3   4   3   6 
  1   0   3   5   3   9   3   9   2   5   2   6   4   1   8   9   6   3   4   2 
  9   8   0   6   7   5   5   6   8   7   5   5   3   5   1   2   1   3   1   9 
  2   3   7   0   6   3   6   1   1   8   3   1   9   6   6   5   4   8   2   2 
  6   3   3   6   0   7   3   9   9   4   9   4   1   4   7   4   9   9   5   8 
  9   9   8   5   3   0   4   4   9   9   2   9   1   4   4   4   1   4   2   9 
  9   7   8   1   8   4   0   2   1   3   5   8   5   2   8   9   3   1   6   2 
  9   9   1   8   3   9   3   0   7   5   1   2   3   9   6   4   5   8   1   7 
  1   7   6   9   9   1   4   9   0   1   2   2   5   6   8   4   9   6   5   9 
  2   1   3   2   1   1   4   9   3   0   8   5   5   7   9   2   6   2   9   8 
  6   9   5   6   5   1   5   4   3   5   0   4   5   4   4   8   8   1   2   8 
  7   6   8   9   8   6   4   7   6   3   3   0   6   2   7   9   3   6   4   5 
  2   9   7   7   1   4   4   3   9   2   5   7   0   6   6   1   7   9   1   2 
  1   7   7   9   9   6   9   2   8   7   5   7   2   0   4   6   6   3   2   2 
  7   2   9   7   3   3   4   8   1   8   6   1   8   9   0   7   3   7   3   1 
  5   6   2   7   8   5   1   6   9   7   9   4   7   4   9   0   9   9   4   1 
  2   1   9   6   2   7   1   7   3   3   5   2   5   5   8   4   0   3   6   7 
  9   4   8   2   3   5   1   2   9   5   8   4   1   7   3   7   5   0   5   5 
  9   8   3   9   8   6   6   6   6   1   8   3   8   7   6   2   1   8   0   3 
  1   1   1   3   7   1   5   1   9   7   7   8   3   4   8   4   7   4   1   0 
M3
  0   7   1   8   8   1   4   3   5   1   9   6   4   6   7   8   3   4   3   6 
  1   0   3   5   3   9   3   9   2   5   2   6   4   1   8   9   6   3   4   2 
  9   8   0   6   7   5   5   6   8   7   5   5   3   5   1   2   1   3   1   9 
  2   3   7   0   6   3   6   1   1   8   3   1   9   6   6   5   4   8   2   2 
  6   3   3   6   0   7   3   9   9   4   9   4   1   4   7   4   9   9   5   8 
  9   9   8   5   3   0   4   4   9   9   2   9   1   4   4   4   1   4   2   9 
  9   7   8   1   8   4   0   2   1   3   5   8   5   2   8   9   3   1   6   2 
  9   9   1   8   3   9   3   0   7   5   1   2   3   9   6   4   5   8   1   7 
  1   7   6   9   9   1   4   9   0   1   2   2   5   6   8   4   9   6   5   9 
  2   1   3   2   1   1   4   9   3   0   8   5   5   7   9   2   6   2   9   8 
  6   9   5   6   5   1   5   4   3   5   0   4   5   4   4   8   8   1   2   8 
  7   6   8   9   8   6   4   7   6   3   3   0   6   2   7   9   3   6   4   5 
  2   9   7   7   1   4   4   3   9   2   5   7   0   6   6   1   7   9   1   2 
  1   7   7   9   9   6   9   2   8   7   5   7   2   0   4   6   6   3   2   2 
  7   2   9   7   3   3   4   8   1   8   6   1   8   9   0   7   3   7   3   1 
  5   6   2   7   8   5   1   6   9   7   9   4   7   4   9   0   9   9   4   1 
  2   1   9   6   2   7   1   7   3   3   5   2   5   5   8   4   0   3   6   7 
  9   4   8   2   3   5   1   2   9   5   8   4   1   7   3   7   5   0   5   5 
  9   8   3   9   8   6   6   6   6   1   8   3   8   7   6   2   1   8   0   3 
  1   1   1   3   7   1   5   1   9   7   7   8   3   4   8   4   7   4   1   0 
M4
  0   7   1   8   8   1   4   3   5   1   9   6   4   6   7   8   3   4   3   6 
  1   0   3   5   3   9   3   9   2   5   2   6   4   1   8   9   6   3   4   2 
  9   8   0   6   7   5   5   6   8   7   5   5   3   5   1   2   1   3   1   9 
  2   3   7   0   6   3   6   1   1   8   3   1   9   6   6   5   4   8   2   2 
  6   3   3   6   0   7   3   9   9   4   9   4   1   4   7   4   9   9   5   8 
  9   9   8   5   3   0   4   4   9   9   2   9   1   4   4   4   1   4   2   9 
  9   7   8   1   8   4   0   2   1   3   5   8   5   2   8   9   3   1   6   2 
  9   9   1   8   3   9   3   0   7   5   1   2   3   9   6   4   5   8   1   7 
  1   7   6   9   9   1   4   9   0   1   2   2   5   6   8   4   9   6   5   9 
  2   1   3   2   1   1   4   9   3   0   8   5   5   7   9   2   6   2   9   8 
  6   9   5   6   5   1   5   4   3   5   0   4   5   4   4   8   8   1   2   8 
  7   6   8   9   8   6   4   7   6   3   3   0   6   2   7   9   3   6   4   5 
  2   9   7   7   1   4   4   3   9   2   5   7   0   6   6   1   7   9   1   2 
  1   7   7   9   9   6   9   2   8   7   5   7   2   0   4   6   6   3   2   2 
  7   2   9   7   3   3   4   8   1   8   6   1   8   9   0   7   3   7   3   1 
  5   6   2   7   8   5   1   6   9   7   9   4   7   4   9   0   9   9   4   1 
  2   1   9   6   2   7   1   7   3   3   5   2   5   5   8   4   0   3   6   7 
  9   4   8   2   3   5   1   2   9   5   8   4   1   7   3   7   5   0   5   5 
  9   8   3   9   8   6   6   6   6   1   8   3   8   7   6   2   1   8   0   3 
  1   1   1   3   7   1   5   1   9   7   7   8   3   4   8   4   7   4   1   0 
M5
  0   7   1   8   8   1   4   3   5   1   9   6   4   6   7   8   3   4   3   6 
  1   0   3   5   3   9   3   9   2   5   2   6   4   1   8   9   6   3   4   2 
  9   8   0   6   7   5   5   6   8   7   5   5   3   5   1   2   1   3   1   9 
  2   3   7   0   6   3   6   1   1   8   3   1   9   6   6   5   4   8   2   2 
  6   3   3   6   0   7   3   9   9   4   9   4   1   4   7   4   9   9   5   8 
  9   9   8   5   3   0   4   4   9   9   2   9   1   4   4   4   1   4   2   9 
  9   7   8   1   8   4   0   2   1   3   5   8   5   2   8   9   3   1   6   2 
  9   9   1   8   3   9   3   0   7   5   1   2   3   9   6   4   5   8   1   7 
  1   7   6   9   9   1   4   9   0   1   2   2   5   6   8   4   9   6   5   9 
  2   1   3   2   1   1   4   9   3   0   8   5   5   7   9   2   6   2   9   8 
  6   9   5   6   5   1   5   4   3   5   0   4   5   4   4   8   8   1   2   8 
  7   6   8   9   8   6   4   7   6   3   3   0   6   2   7   9   3   6   4   5 
  2   9   7   7   1   4   4   3   9   2   5   7   0   6   6   1   7   9   1   2 
  1   7   7   9   9   6   9   2   8   7   5   7   2   0   4   6   6   3   2   2 
  7   2   9   7   3   3   4   8   1   8   6   1   8   9   0   7   3   7   3   1 
  5   6   2   7   8   5   1   6   9   7   9   4   7   4   9   0   9   9   4   1 
  2   1   9   6   2   7   1   7   3   3   5   2   5   5   8   4   0   3   6   7 
  9   4   8   2   3   5   1   2   9   5   8   4   1   7   3   7   5   0   5   5 
  9   8   3   9   8   6   6   6   6   1   8   3   8   7   6   2   1   8   0   3 
  1   1   1   3   7   1   5   1   9   7   7   8   3   4   8   4   7   4   1   0 
M6
  0   7   1   8   8   1   4   3   5   1   9   6   4   6   7   8   3   4   3   6 
  1   0   3   5   3   9   3   9   2   5   2   6   4   1   8   9   6   3   4   2 
  9   8   0   6   7   5   5   6   8   7   5   5   3   5   1   2   1   3   1   9 
  2   3   7   0   6   3   6   1   1   8   3   1   9   6   6   5   4   8   2   2 
  6   3   3   6   0   7   3   9   9   4   9   4   1   4   7   4   9   9   5   8 
  9   9   8   5   3   0   4   4   9   9   2   9   1   4   4   4   1   4   2   9 
  9   7   8   1   8   4   0   2   1   3   5   8   5   2   8   9   3   1   6   2 
  9   9   1   8   3   9   3   0   7   5   1   2   3   9   6   4   5   8   1   7 
  1   7   6   9   9   1   4   9   0   1   2   2   5   6   8   4   9   6   5   9 
  2   1   3   2   1   1   4   9   3   0   8   5   5   7   9   2   6   2   9   8 
  6   9   5   6   5   1   5   4   3   5   0   4   5   4   4   8   8   1   2   8 
  7   6   8   9   8   6   4   7   6   3   3   0   6   2   7   9   3   6   4   5 
  2   9   7   7   1   4   4   3   9   2   5   7   0   6   6   1   7   9   1   2 
  1   7   7   9   9   6   9   2   8   7   5   7   2   0   4   6   6   3   2   2 
  7   2   9   7   3   3   4   8   1   8   6   1   8   9   0   7   3   7   3   1 
  5   6   2   7   8   5   1   6   9   7   9   4   7   4   9   0   9   9   4   1 
  2   1   9   6   2   7   1   7   3   3   5   2   5   5   8   4   0   3   6   7 
  9   4   8   2   3   5   1   2   9   5   8   4   1   7   3   7   5   0   5   5 
  9   8   3   9   8   6   6   6   6   1   8   3   8   7   6   2   1   8   0   3 
  1   1   1   3   7   1   5   1   9   7   7   8   3   4   8   4   7   4   1   0 
M7
  0   7   1   8   8   1   4   3   5   1   9   6   4   6   7   8   3   4   3   6 
  1   0   3   5   3   9   3   9   2   5   2   6   4   1   8   9   6   3   4   2 
  9   8   0   6   7   5   5   6   8   7   5   5   3   5   1   2   1   3   1   9 
  2   3   7   0   6   3   6   1   1   8   3   1   9   6   6   5   4   8   2   2 
  6   3   3   6   0   7   3   9   9   4   9   4   1   4   7   4   9   9   5   8 
  9   9   8   5   3   0   4   4   9   9   2   9   1   4   4   4   1   4   2   9 
  9   7   8   1   8   4   0   2   1   3   5   8   5   2   8   9   3   1   6   2 
  9   9   1   8   3   9   3   0   7   5   1   2   3   9   6   4   5   8   1   7 
  1   7   6   9   9   1   4   9   0   1   2   2   5   6   8   4   9   6   5   9 
  2   1   3   2   1   1   4   9   3   0   8   5   5   7   9   2   6   2   9   8 
  6   9   5   6   5   1   5   4   3   5   0   4   5   4   4   8   8   1   2   8 
  7   6   8   9   8   6   4   7   6   3   3   0   6   2   7   9   3   6   4   5 
  2   9   7   7   1   4   4   3   9   2   5   7   0   6   6   1   7   9   1   2 
  1   7   7   9   9   6   9   2   8   7   5   7   2   0   4   6   6   3   2   2 
  7   2   9   7   3   3   4   8   1   8   6   1   8   9   0   7   3   7   3   1 
  5   6   2   7   8   5   1   6   9   7   9   4   7   4   9   0   9   9   4   1 
  2   1   9   6   2   7   1   7   3   3   5   2   5   5   8   4   0   3   6   7 
  9   4   8   2   3   5   1   2   9   5   8   4   1   7   3   7   5   0   5   5 
  9   8   3   9   8   6   6   6   6   1   8   3   8   7   6   2   1   8   0   3 
  1   1   1   3   7   1   5   1   9   7   7   8   3   4   8   4   7   4   1   0 
M8
  0   7   1   8   8   1   4   3   5   1   9   6   4   6   7   8   3   4   3   6 
  1   0   3   5   3   9   3   9   2   5   2   6   4   1   8   9   6   3   4   2 
  9   8   0   6   7   5   5   6   8   7   5   5   3   5   1   2   1   3   1   9 
  2   3   7   0   6   3   6   1   1   8   3   1   9   6   6   5   4   8   2   2 
  6   3   3   6   0   7   3   9   9   4   9   4   1   4   7   4   9   9   5   8 
  9   9   8   5   3   0   4   4   9   9   2   9   1   4   4   4   1   4   2   9 
  9   7   8   1   8   4   0   2   1   3   5   8   5   2   8   9   3   1   6   2 
  9   9   1   8   3   9   3   0   7   5   1   2   3   9   6   4   5   8   1   7 
  1   7   6   9   9   1   4   9   0   1   2   2   5   6   8   4   9   6   5   9 
  2   1   3   2   1   1   4   9   3   0   8   5   5   7   9   2   6   2   9   8 
  6   9   5   6   5   1   5   4   3   5   0   4   5   4   4   8   8   1   2   8 
  7   6   8   9   8   6   4   7   6   3   3   0   6   2   7   9   3   6   4   5 
  2   9   7   7   1   4   4   3   9   2   5   7   0   6   6   1   7   9   1   2 
  1   7   7   9   9   6   9   2   8   7   5   7   2   0   4   6   6   3   2   2 
  7   2   9   7   3   3   4   8   1   8   6   1   8   9   0   7   3   7   3   1 
  5   6   2   7   8   5   1   6   9   7   9   4   7   4   9   0   9   9   4   1 
  2   1   9   6   2   7   1   7   3   3   5   2   5   5   8   4   0   3   6   7 
  9   4   8   2   3   5   1   2   9   5   8   4   1   7   3   7   5   0   5   5 
  9   8   3   9   8   6   6   6   6   1   8   3   8   7   6   2   1   8   0   3 
  1   1   1   3   7   1   5   1   9   7   7   8   3   4   8   4   7   4   1   0 
M9
  0   7   1   8   8   1   4   3   5   1   9   6   4   6   7   8   3   4   3   6 
  1   0   3   5   3   9   3   9   2   5   2   6   4   1   8   9   6   3   4   2 
  9   8   0   6   7   5   5   6   8   7   5   5   3   5   1   2   1   3   1   9 
  2   3   7   0   6   3   6   1   1   8   3   1   9   6   6   5   4   8   2   2 
  6   3   3   6   0   7   3   9   9   4   9   4   1   4   7   4   9   9   5   8 
  9   9   8   5   3   0   4   4   9   9   2   9   1   4   4   4   1   4   2   9 
  9   7   8   1   8   4   0   2   1   3   5   8   5   2   8   9   3   1   6   2 
  9   9   1   8   3   9   3   0   7   5   1   2   3   9   6   4   5   8   1   7 
  1   7   6   9   9   1   4   9   0   1   2   2   5   6   8   4   9   6   5   9 
  2   1   3   2   1   1   4   9   3   0   8   5   5   7   9   2   6   2   9   8 
  6   9   5   6   5   1   5   4   3   5   0   4   5   4   4   8   8   1   2   8 
  7   6   8   9   8   6   4   7   6   3   3   0   6   2   7   9   3   6   4   5 
  2   9   7   7   1   4   4   3   9   2   5   7   0   6   6   1   7   9   1   2 
  1   7   7   9   9   6   9   2   8   7   5   7   2   0   4   6   6   3   2   2 
  7   2   9   7   3   3   4   8   1   8   6   1   8   9   0   7   3   7   3   1 
  5   6   2   7   8   5   1   6   9   7   9   4   7   4   9   0   9   9   4   1 
  2   1   9   6   2   7   1   7   3   3   5   2   5   5   8   4   0   3   6   7 
  9   4   8   2   3   5   1   2   9   5   8   4   1   7   3   7   5   0   5   5 
  9   8   3   9   8   6   6   6   6   1   8   3   8   7   6   2   1   8   0   3 
  1   1   1   3   7   1   5   1   9   7   7   8   3   4   8   4   7   4   1   0 
Reldue
 1386    7    2
 1543    6    1
  869    1    8
 1532    6    6
 2139    4    1
 1956    4    1
 1340    9    2
 1066    9    4
 1518    1    1
 1184    7    6
 1233    4    7
  828    2    9
  573    3    8
 1469    8    3
 2181    6    1
 2134    9    6
 2007    9    7
 1448    8    6
 1374    2    7
 1203    2    1
DDW
 1287  1484
 1450  1636
  809   929
 1446  1618
 1966  2312
 1782  2130
 1221  1459
 1003  1129
 1421  1614
 1110  1258
 1143  1324
  787   870
  521   626
 1331  1607
 2010  2353
 1977  2290
 1840  2174
 1364  1533
 1299  1448
 1137  1270
