20  10
MD
  4  2  5  2  3  4  5  2  3  3
PT
 19  99  13  36   5  25  80  13  73  20  95  30  25   3  11  57  11  27  82  20 
 91  18  13  43  13   4  17  46  43  17  70   3  72  54  25  99  50  63  59  65 
 52  76  51  23  16  60  56  12   8  89  62  18  20  90  69  97  38  30  35  24 
 54  44  81  27  47  59  27  47  64   1  86  43  62  21  55  73  31  91   1  62 
 52  25  99  76  42  46  27   4  98   7  31  97  98  84  50  63  80  55  58  40 
 19  26  96  99  55   4  19  27  52  84  43  10  70  59  97  43  66  28  27  70 
 45  25  80   7  85  13  39   9  29  46  17  75  29  84  64  26  32  85  63   4 
 56  37   9  74  79  73  52   9  46  16  98  69  89  38  59  92  40  31   5  48 
 89  74  76  74  78  91   1  97  38  15  50  13  50  97  68   9  92  56  71  28 
 20  19  85   9   9  30  45  91  32  78  96   8  38  14  85  49  11  71  21   3 
SSD
M0
  0   6   7   3   6   9   4   4   4   8   6   9   5   8   2   7   7   6   4   6 
  7   0   9   6   4   9   6   5   4   8   4   1   1   2   3   5   6   5   6   5 
  9   1   0   2   2   9   2   4   1   5   2   1   1   6   5   9   1   9   3   4 
  3   5   6   0   1   7   2   4   5   6   3   1   9   5   6   6   4   7   3   4 
  7   7   4   2   0   6   7   7   1   5   7   9   5   4   5   4   6   4   8   9 
  6   5   4   1   5   0   8   1   7   4   3   2   1   7   4   3   7   4   3   6 
  1   5   1   6   4   5   0   5   8   4   1   9   1   1   4   2   6   6   6   7 
  7   9   2   8   6   6   2   0   9   3   3   9   7   8   2   6   8   2   4   4 
  2   8   1   8   3   9   4   5   0   3   2   5   9   3   9   4   1   3   8   9 
  8   5   8   8   5   3   1   7   9   0   8   4   8   9   6   4   9   4   2   4 
  9   8   3   5   6   5   7   3   4   9   0   6   1   4   1   7   8   2   5   7 
  8   3   9   3   4   7   5   1   2   6   5   0   5   5   1   6   2   7   5   7 
  6   4   4   3   6   9   4   2   4   2   1   2   0   2   8   1   4   9   8   9 
  5   3   4   7   3   5   6   4   9   5   9   7   4   0   7   7   8   8   8   8 
  3   4   5   9   5   9   1   3   8   4   3   7   7   2   0   2   8   2   5   8 
  2   2   3   1   5   5   9   4   3   4   5   3   6   1   3   0   3   4   7   7 
  6   6   8   6   4   3   4   6   4   6   2   7   1   3   9   9   0   2   6   3 
  1   8   4   1   4   3   9   2   9   2   7   4   5   6   5   2   4   0   2   7 
  6   9   4   3   5   4   7   8   6   4   6   8   9   9   9   9   1   2   0   7 
  8   5   8   5   8   7   1   2   7   1   6   6   8   8   3   2   1   8   8   0 
M1
  0   6   7   3   6   9   4   4   4   8   6   9   5   8   2   7   7   6   4   6 
  7   0   9   6   4   9   6   5   4   8   4   1   1   2   3   5   6   5   6   5 
  9   1   0   2   2   9   2   4   1   5   2   1   1   6   5   9   1   9   3   4 
  3   5   6   0   1   7   2   4   5   6   3   1   9   5   6   6   4   7   3   4 
  7   7   4   2   0   6   7   7   1   5   7   9   5   4   5   4   6   4   8   9 
  6   5   4   1   5   0   8   1   7   4   3   2   1   7   4   3   7   4   3   6 
  1   5   1   6   4   5   0   5   8   4   1   9   1   1   4   2   6   6   6   7 
  7   9   2   8   6   6   2   0   9   3   3   9   7   8   2   6   8   2   4   4 
  2   8   1   8   3   9   4   5   0   3   2   5   9   3   9   4   1   3   8   9 
  8   5   8   8   5   3   1   7   9   0   8   4   8   9   6   4   9   4   2   4 
  9   8   3   5   6   5   7   3   4   9   0   6   1   4   1   7   8   2   5   7 
  8   3   9   3   4   7   5   1   2   6   5   0   5   5   1   6   2   7   5   7 
  6   4   4   3   6   9   4   2   4   2   1   2   0   2   8   1   4   9   8   9 
  5   3   4   7   3   5   6   4   9   5   9   7   4   0   7   7   8   8   8   8 
  3   4   5   9   5   9   1   3   8   4   3   7   7   2   0   2   8   2   5   8 
  2   2   3   1   5   5   9   4   3   4   5   3   6   1   3   0   3   4   7   7 
  6   6   8   6   4   3   4   6   4   6   2   7   1   3   9   9   0   2   6   3 
  1   8   4   1   4   3   9   2   9   2   7   4   5   6   5   2   4   0   2   7 
  6   9   4   3   5   4   7   8   6   4   6   8   9   9   9   9   1   2   0   7 
  8   5   8   5   8   7   1   2   7   1   6   6   8   8   3   2   1   8   8   0 
M2
  0   6   7   3   6   9   4   4   4   8   6   9   5   8   2   7   7   6   4   6 
  7   0   9   6   4   9   6   5   4   8   4   1   1   2   3   5   6   5   6   5 
  9   1   0   2   2   9   2   4   1   5   2   1   1   6   5   9   1   9   3   4 
  3   5   6   0   1   7   2   4   5   6   3   1   9   5   6   6   4   7   3   4 
  7   7   4   2   0   6   7   7   1   5   7   9   5   4   5   4   6   4   8   9 
  6   5   4   1   5   0   8   1   7   4   3   2   1   7   4   3   7   4   3   6 
  1   5   1   6   4   5   0   5   8   4   1   9   1   1   4   2   6   6   6   7 
  7   9   2   8   6   6   2   0   9   3   3   9   7   8   2   6   8   2   4   4 
  2   8   1   8   3   9   4   5   0   3   2   5   9   3   9   4   1   3   8   9 
  8   5   8   8   5   3   1   7   9   0   8   4   8   9   6   4   9   4   2   4 
  9   8   3   5   6   5   7   3   4   9   0   6   1   4   1   7   8   2   5   7 
  8   3   9   3   4   7   5   1   2   6   5   0   5   5   1   6   2   7   5   7 
  6   4   4   3   6   9   4   2   4   2   1   2   0   2   8   1   4   9   8   9 
  5   3   4   7   3   5   6   4   9   5   9   7   4   0   7   7   8   8   8   8 
  3   4   5   9   5   9   1   3   8   4   3   7   7   2   0   2   8   2   5   8 
  2   2   3   1   5   5   9   4   3   4   5   3   6   1   3   0   3   4   7   7 
  6   6   8   6   4   3   4   6   4   6   2   7   1   3   9   9   0   2   6   3 
  1   8   4   1   4   3   9   2   9   2   7   4   5   6   5   2   4   0   2   7 
  6   9   4   3   5   4   7   8   6   4   6   8   9   9   9   9   1   2   0   7 
  8   5   8   5   8   7   1   2   7   1   6   6   8   8   3   2   1   8   8   0 
M3
  0   6   7   3   6   9   4   4   4   8   6   9   5   8   2   7   7   6   4   6 
  7   0   9   6   4   9   6   5   4   8   4   1   1   2   3   5   6   5   6   5 
  9   1   0   2   2   9   2   4   1   5   2   1   1   6   5   9   1   9   3   4 
  3   5   6   0   1   7   2   4   5   6   3   1   9   5   6   6   4   7   3   4 
  7   7   4   2   0   6   7   7   1   5   7   9   5   4   5   4   6   4   8   9 
  6   5   4   1   5   0   8   1   7   4   3   2   1   7   4   3   7   4   3   6 
  1   5   1   6   4   5   0   5   8   4   1   9   1   1   4   2   6   6   6   7 
  7   9   2   8   6   6   2   0   9   3   3   9   7   8   2   6   8   2   4   4 
  2   8   1   8   3   9   4   5   0   3   2   5   9   3   9   4   1   3   8   9 
  8   5   8   8   5   3   1   7   9   0   8   4   8   9   6   4   9   4   2   4 
  9   8   3   5   6   5   7   3   4   9   0   6   1   4   1   7   8   2   5   7 
  8   3   9   3   4   7   5   1   2   6   5   0   5   5   1   6   2   7   5   7 
  6   4   4   3   6   9   4   2   4   2   1   2   0   2   8   1   4   9   8   9 
  5   3   4   7   3   5   6   4   9   5   9   7   4   0   7   7   8   8   8   8 
  3   4   5   9   5   9   1   3   8   4   3   7   7   2   0   2   8   2   5   8 
  2   2   3   1   5   5   9   4   3   4   5   3   6   1   3   0   3   4   7   7 
  6   6   8   6   4   3   4   6   4   6   2   7   1   3   9   9   0   2   6   3 
  1   8   4   1   4   3   9   2   9   2   7   4   5   6   5   2   4   0   2   7 
  6   9   4   3   5   4   7   8   6   4   6   8   9   9   9   9   1   2   0   7 
  8   5   8   5   8   7   1   2   7   1   6   6   8   8   3   2   1   8   8   0 
M4
  0   6   7   3   6   9   4   4   4   8   6   9   5   8   2   7   7   6   4   6 
  7   0   9   6   4   9   6   5   4   8   4   1   1   2   3   5   6   5   6   5 
  9   1   0   2   2   9   2   4   1   5   2   1   1   6   5   9   1   9   3   4 
  3   5   6   0   1   7   2   4   5   6   3   1   9   5   6   6   4   7   3   4 
  7   7   4   2   0   6   7   7   1   5   7   9   5   4   5   4   6   4   8   9 
  6   5   4   1   5   0   8   1   7   4   3   2   1   7   4   3   7   4   3   6 
  1   5   1   6   4   5   0   5   8   4   1   9   1   1   4   2   6   6   6   7 
  7   9   2   8   6   6   2   0   9   3   3   9   7   8   2   6   8   2   4   4 
  2   8   1   8   3   9   4   5   0   3   2   5   9   3   9   4   1   3   8   9 
  8   5   8   8   5   3   1   7   9   0   8   4   8   9   6   4   9   4   2   4 
  9   8   3   5   6   5   7   3   4   9   0   6   1   4   1   7   8   2   5   7 
  8   3   9   3   4   7   5   1   2   6   5   0   5   5   1   6   2   7   5   7 
  6   4   4   3   6   9   4   2   4   2   1   2   0   2   8   1   4   9   8   9 
  5   3   4   7   3   5   6   4   9   5   9   7   4   0   7   7   8   8   8   8 
  3   4   5   9   5   9   1   3   8   4   3   7   7   2   0   2   8   2   5   8 
  2   2   3   1   5   5   9   4   3   4   5   3   6   1   3   0   3   4   7   7 
  6   6   8   6   4   3   4   6   4   6   2   7   1   3   9   9   0   2   6   3 
  1   8   4   1   4   3   9   2   9   2   7   4   5   6   5   2   4   0   2   7 
  6   9   4   3   5   4   7   8   6   4   6   8   9   9   9   9   1   2   0   7 
  8   5   8   5   8   7   1   2   7   1   6   6   8   8   3   2   1   8   8   0 
M5
  0   6   7   3   6   9   4   4   4   8   6   9   5   8   2   7   7   6   4   6 
  7   0   9   6   4   9   6   5   4   8   4   1   1   2   3   5   6   5   6   5 
  9   1   0   2   2   9   2   4   1   5   2   1   1   6   5   9   1   9   3   4 
  3   5   6   0   1   7   2   4   5   6   3   1   9   5   6   6   4   7   3   4 
  7   7   4   2   0   6   7   7   1   5   7   9   5   4   5   4   6   4   8   9 
  6   5   4   1   5   0   8   1   7   4   3   2   1   7   4   3   7   4   3   6 
  1   5   1   6   4   5   0   5   8   4   1   9   1   1   4   2   6   6   6   7 
  7   9   2   8   6   6   2   0   9   3   3   9   7   8   2   6   8   2   4   4 
  2   8   1   8   3   9   4   5   0   3   2   5   9   3   9   4   1   3   8   9 
  8   5   8   8   5   3   1   7   9   0   8   4   8   9   6   4   9   4   2   4 
  9   8   3   5   6   5   7   3   4   9   0   6   1   4   1   7   8   2   5   7 
  8   3   9   3   4   7   5   1   2   6   5   0   5   5   1   6   2   7   5   7 
  6   4   4   3   6   9   4   2   4   2   1   2   0   2   8   1   4   9   8   9 
  5   3   4   7   3   5   6   4   9   5   9   7   4   0   7   7   8   8   8   8 
  3   4   5   9   5   9   1   3   8   4   3   7   7   2   0   2   8   2   5   8 
  2   2   3   1   5   5   9   4   3   4   5   3   6   1   3   0   3   4   7   7 
  6   6   8   6   4   3   4   6   4   6   2   7   1   3   9   9   0   2   6   3 
  1   8   4   1   4   3   9   2   9   2   7   4   5   6   5   2   4   0   2   7 
  6   9   4   3   5   4   7   8   6   4   6   8   9   9   9   9   1   2   0   7 
  8   5   8   5   8   7   1   2   7   1   6   6   8   8   3   2   1   8   8   0 
M6
  0   6   7   3   6   9   4   4   4   8   6   9   5   8   2   7   7   6   4   6 
  7   0   9   6   4   9   6   5   4   8   4   1   1   2   3   5   6   5   6   5 
  9   1   0   2   2   9   2   4   1   5   2   1   1   6   5   9   1   9   3   4 
  3   5   6   0   1   7   2   4   5   6   3   1   9   5   6   6   4   7   3   4 
  7   7   4   2   0   6   7   7   1   5   7   9   5   4   5   4   6   4   8   9 
  6   5   4   1   5   0   8   1   7   4   3   2   1   7   4   3   7   4   3   6 
  1   5   1   6   4   5   0   5   8   4   1   9   1   1   4   2   6   6   6   7 
  7   9   2   8   6   6   2   0   9   3   3   9   7   8   2   6   8   2   4   4 
  2   8   1   8   3   9   4   5   0   3   2   5   9   3   9   4   1   3   8   9 
  8   5   8   8   5   3   1   7   9   0   8   4   8   9   6   4   9   4   2   4 
  9   8   3   5   6   5   7   3   4   9   0   6   1   4   1   7   8   2   5   7 
  8   3   9   3   4   7   5   1   2   6   5   0   5   5   1   6   2   7   5   7 
  6   4   4   3   6   9   4   2   4   2   1   2   0   2   8   1   4   9   8   9 
  5   3   4   7   3   5   6   4   9   5   9   7   4   0   7   7   8   8   8   8 
  3   4   5   9   5   9   1   3   8   4   3   7   7   2   0   2   8   2   5   8 
  2   2   3   1   5   5   9   4   3   4   5   3   6   1   3   0   3   4   7   7 
  6   6   8   6   4   3   4   6   4   6   2   7   1   3   9   9   0   2   6   3 
  1   8   4   1   4   3   9   2   9   2   7   4   5   6   5   2   4   0   2   7 
  6   9   4   3   5   4   7   8   6   4   6   8   9   9   9   9   1   2   0   7 
  8   5   8   5   8   7   1   2   7   1   6   6   8   8   3   2   1   8   8   0 
M7
  0   6   7   3   6   9   4   4   4   8   6   9   5   8   2   7   7   6   4   6 
  7   0   9   6   4   9   6   5   4   8   4   1   1   2   3   5   6   5   6   5 
  9   1   0   2   2   9   2   4   1   5   2   1   1   6   5   9   1   9   3   4 
  3   5   6   0   1   7   2   4   5   6   3   1   9   5   6   6   4   7   3   4 
  7   7   4   2   0   6   7   7   1   5   7   9   5   4   5   4   6   4   8   9 
  6   5   4   1   5   0   8   1   7   4   3   2   1   7   4   3   7   4   3   6 
  1   5   1   6   4   5   0   5   8   4   1   9   1   1   4   2   6   6   6   7 
  7   9   2   8   6   6   2   0   9   3   3   9   7   8   2   6   8   2   4   4 
  2   8   1   8   3   9   4   5   0   3   2   5   9   3   9   4   1   3   8   9 
  8   5   8   8   5   3   1   7   9   0   8   4   8   9   6   4   9   4   2   4 
  9   8   3   5   6   5   7   3   4   9   0   6   1   4   1   7   8   2   5   7 
  8   3   9   3   4   7   5   1   2   6   5   0   5   5   1   6   2   7   5   7 
  6   4   4   3   6   9   4   2   4   2   1   2   0   2   8   1   4   9   8   9 
  5   3   4   7   3   5   6   4   9   5   9   7   4   0   7   7   8   8   8   8 
  3   4   5   9   5   9   1   3   8   4   3   7   7   2   0   2   8   2   5   8 
  2   2   3   1   5   5   9   4   3   4   5   3   6   1   3   0   3   4   7   7 
  6   6   8   6   4   3   4   6   4   6   2   7   1   3   9   9   0   2   6   3 
  1   8   4   1   4   3   9   2   9   2   7   4   5   6   5   2   4   0   2   7 
  6   9   4   3   5   4   7   8   6   4   6   8   9   9   9   9   1   2   0   7 
  8   5   8   5   8   7   1   2   7   1   6   6   8   8   3   2   1   8   8   0 
M8
  0   6   7   3   6   9   4   4   4   8   6   9   5   8   2   7   7   6   4   6 
  7   0   9   6   4   9   6   5   4   8   4   1   1   2   3   5   6   5   6   5 
  9   1   0   2   2   9   2   4   1   5   2   1   1   6   5   9   1   9   3   4 
  3   5   6   0   1   7   2   4   5   6   3   1   9   5   6   6   4   7   3   4 
  7   7   4   2   0   6   7   7   1   5   7   9   5   4   5   4   6   4   8   9 
  6   5   4   1   5   0   8   1   7   4   3   2   1   7   4   3   7   4   3   6 
  1   5   1   6   4   5   0   5   8   4   1   9   1   1   4   2   6   6   6   7 
  7   9   2   8   6   6   2   0   9   3   3   9   7   8   2   6   8   2   4   4 
  2   8   1   8   3   9   4   5   0   3   2   5   9   3   9   4   1   3   8   9 
  8   5   8   8   5   3   1   7   9   0   8   4   8   9   6   4   9   4   2   4 
  9   8   3   5   6   5   7   3   4   9   0   6   1   4   1   7   8   2   5   7 
  8   3   9   3   4   7   5   1   2   6   5   0   5   5   1   6   2   7   5   7 
  6   4   4   3   6   9   4   2   4   2   1   2   0   2   8   1   4   9   8   9 
  5   3   4   7   3   5   6   4   9   5   9   7   4   0   7   7   8   8   8   8 
  3   4   5   9   5   9   1   3   8   4   3   7   7   2   0   2   8   2   5   8 
  2   2   3   1   5   5   9   4   3   4   5   3   6   1   3   0   3   4   7   7 
  6   6   8   6   4   3   4   6   4   6   2   7   1   3   9   9   0   2   6   3 
  1   8   4   1   4   3   9   2   9   2   7   4   5   6   5   2   4   0   2   7 
  6   9   4   3   5   4   7   8   6   4   6   8   9   9   9   9   1   2   0   7 
  8   5   8   5   8   7   1   2   7   1   6   6   8   8   3   2   1   8   8   0 
M9
  0   6   7   3   6   9   4   4   4   8   6   9   5   8   2   7   7   6   4   6 
  7   0   9   6   4   9   6   5   4   8   4   1   1   2   3   5   6   5   6   5 
  9   1   0   2   2   9   2   4   1   5   2   1   1   6   5   9   1   9   3   4 
  3   5   6   0   1   7   2   4   5   6   3   1   9   5   6   6   4   7   3   4 
  7   7   4   2   0   6   7   7   1   5   7   9   5   4   5   4   6   4   8   9 
  6   5   4   1   5   0   8   1   7   4   3   2   1   7   4   3   7   4   3   6 
  1   5   1   6   4   5   0   5   8   4   1   9   1   1   4   2   6   6   6   7 
  7   9   2   8   6   6   2   0   9   3   3   9   7   8   2   6   8   2   4   4 
  2   8   1   8   3   9   4   5   0   3   2   5   9   3   9   4   1   3   8   9 
  8   5   8   8   5   3   1   7   9   0   8   4   8   9   6   4   9   4   2   4 
  9   8   3   5   6   5   7   3   4   9   0   6   1   4   1   7   8   2   5   7 
  8   3   9   3   4   7   5   1   2   6   5   0   5   5   1   6   2   7   5   7 
  6   4   4   3   6   9   4   2   4   2   1   2   0   2   8   1   4   9   8   9 
  5   3   4   7   3   5   6   4   9   5   9   7   4   0   7   7   8   8   8   8 
  3   4   5   9   5   9   1   3   8   4   3   7   7   2   0   2   8   2   5   8 
  2   2   3   1   5   5   9   4   3   4   5   3   6   1   3   0   3   4   7   7 
  6   6   8   6   4   3   4   6   4   6   2   7   1   3   9   9   0   2   6   3 
  1   8   4   1   4   3   9   2   9   2   7   4   5   6   5   2   4   0   2   7 
  6   9   4   3   5   4   7   8   6   4   6   8   9   9   9   9   1   2   0   7 
  8   5   8   5   8   7   1   2   7   1   6   6   8   8   3   2   1   8   8   0 
Reldue
 1087    5    5
  933    5    3
 1762    5    2
  869    9    1
  814    8    6
  632    3    4
  515    4    7
  724    9    8
 1459    1    6
 1225    8    5
  769    1    4
  695    9    2
 1954    5    9
 1891    2    1
 2465    5    8
 2033    1    5
 1078    5    8
  773    6    6
 1891    3    6
  675    6    3
DDW
  982  1192
  880   986
 1674  1850
  811   926
  758   869
  580   684
  471   560
  667   781
 1341  1577
 1162  1289
  712   826
  630   759
 1854  2053
 1731  2051
 2270  2661
 1903  2163
 1020  1137
  714   832
 1719  2062
  620   730
