50   8
MD
  5  5  4  3  3  3  3  2
PT
 91  25  88  18  83  65  43  13  40   2  80  66  47  92  51  12   5  57  92  21  71  48  53  51   9  57  30  19  51  61  34  92  42  72  43  33  78  93  51  84   2  62  30  72  94  78  48  34  33  85 
 88  46  77  36  93  36  90  98  16  48  69  41  29  44  85   5  93  68  90  47  91  44  25  10  44  46  39  41  60  54  43  66  18  69  73  12  15  88   1  86  89  28  89  16  41  23  46  84  86  70 
 17  82  53  75  98  19  93  31  73  62  65  13  31  11  98  60  38  73  10  77  15  39  87  12  82  55  25  99  20  68  60  66  79   4  98  16  24  27  53  53  60  63  88  41   7  29  72  64  17  58 
 24  97   4  45   5  95  21  54  46  69  39  39  14  47  49  78  59  20  22  64  86  14  74  96  92  17  98  71  58  81  95  42  64  23  75  64   7  87  31  76  63  82  34  21  59  32  33  23  24  81 
 91  55  92  14  13  52  69  74  61  23  62  22  31  40  42  41  81  74  63  33  82  50  66  69  70  76  24  51   9  49  71  53  45  55  15  99  40  47  25  97  90  79  38  81  90  39   4  69  26  73 
 86  17  14  96   2  21  75  20  73  51   3  84  31  51   9  71  44  43   5  83  61  28  89  67   8  72  68  82  92  84  42  13  73   3  19  48  19  66  97  35   6  19  11  58  10  91   1  22   5  43 
 48  69  87   2  99  71  64  41  88  93  98  99  43  53  77  57  40  64   8  43  67  67  83  13  99  25  53  41  27  44  54  98  34   4  29  80  92  34  49  34  97  82  62  50   4  55  88  84  55  91 
  8  12  58  76  45  48  99  26   3  14  36  61  19  57  46  27  41   8   9  38   2  43  26   9  21  58  23  74  80  77  66   1  33  86  91  77  77   9  43  95  56  98  80  84  55  13  84  33  87  14 
SSD
M0
  0   7   9   2   9   9   1   3   7   4   2   1   7   5   4   7   3   1   7   1   8   4   1   9   7   9   9   6   4   3   3   5   8   4   5   6   3   8   8   5   4   2   3   3   6   9   7   1   6   6 
  6   0   5   7   8   1   3   6   2   8   4   7   7   6   8   5   2   6   8   6   4   9   1   7   7   1   4   5   4   4   4   3   1   8   6   1   6   7   3   4   7   1   8   2   8   3   1   8   9   7 
  8   8   0   8   3   7   6   9   8   4   7   4   5   2   5   7   5   2   7   2   6   9   3   6   7   5   5   8   5   6   3   6   7   1   1   2   9   3   4   9   4   6   8   9   7   4   5   5   1   4 
  7   4   6   0   1   9   5   2   6   3   1   3   1   3   2   1   9   7   5   2   6   3   8   8   9   2   5   3   6   4   1   5   1   4   3   4   4   4   1   8   8   4   9   3   2   1   1   4   5   2 
  6   9   4   9   0   8   1   9   3   8   6   5   3   6   4   3   8   7   2   2   1   3   8   6   4   8   3   6   5   4   6   8   1   1   9   2   2   8   7   6   4   8   2   9   1   9   1   1   4   6 
  8   1   4   7   3   0   2   8   2   6   3   3   6   7   8   8   8   4   3   2   9   5   4   5   3   4   4   9   8   4   5   3   3   5   6   4   2   9   2   2   4   5   9   8   3   5   8   9   2   7 
  3   2   7   5   5   1   0   6   2   5   6   9   4   7   2   6   7   9   9   4   5   9   1   3   3   8   5   6   1   9   2   9   3   6   8   2   2   3   2   9   3   6   4   8   1   4   3   5   3   3 
  8   9   8   5   1   5   3   0   4   3   2   3   4   2   8   3   3   2   9   3   1   5   5   4   4   7   4   2   4   8   8   7   6   3   8   8   6   5   2   6   6   9   9   9   6   8   3   2   2   1 
  2   8   7   2   6   7   9   2   0   8   5   9   2   6   3   6   4   1   4   1   6   4   8   1   5   1   4   8   8   7   5   5   1   8   4   2   5   7   3   5   3   4   2   8   4   8   7   4   7   5 
  4   4   3   7   3   4   2   7   8   0   4   6   5   4   6   5   6   1   1   1   9   6   7   1   5   3   4   7   9   4   5   2   8   4   3   6   6   3   5   3   9   1   2   3   3   6   6   3   5   9 
  1   8   9   2   2   8   1   3   1   5   0   8   2   6   5   5   6   7   1   3   5   8   6   6   3   8   8   1   1   7   1   1   1   6   3   5   6   6   1   9   4   4   6   4   3   5   4   2   2   3 
  5   9   6   1   1   6   9   8   6   5   7   0   6   1   5   6   8   8   2   3   7   4   6   2   4   5   6   3   2   3   6   4   3   9   5   8   9   5   1   6   5   7   5   9   7   5   4   9   3   7 
  7   7   4   4   8   7   7   8   3   5   6   6   0   5   7   9   8   8   9   3   3   7   2   4   7   5   9   1   4   8   6   1   9   8   3   2   7   4   5   5   8   6   1   8   6   6   1   5   7   5 
  6   1   3   1   3   1   6   2   2   5   2   4   8   0   2   4   1   6   7   9   3   8   8   3   4   2   5   3   8   4   5   7   3   5   1   1   3   4   8   8   3   7   3   9   2   5   9   1   4   1 
  4   3   2   7   4   7   2   7   1   7   1   2   1   4   0   2   9   8   6   5   4   4   4   8   1   5   2   7   8   3   5   1   6   5   8   7   1   2   6   4   6   3   6   7   6   6   6   5   7   7 
  9   1   8   9   7   7   3   8   1   6   7   5   9   4   8   0   3   9   4   1   6   9   1   9   9   4   6   3   7   2   6   2   8   2   1   1   2   1   1   2   6   8   4   8   3   5   9   7   5   1 
  6   4   6   2   8   9   3   1   1   3   1   7   1   2   7   7   0   4   2   6   3   9   3   7   2   8   6   1   6   9   9   4   5   9   5   6   6   7   3   5   3   6   2   6   5   7   7   4   3   5 
  9   7   8   9   1   5   2   2   1   2   3   2   1   5   7   8   4   0   1   8   1   6   8   5   5   2   1   4   1   1   2   5   6   1   2   5   2   1   6   8   5   3   6   8   6   7   1   6   6   6 
  5   8   2   1   3   6   9   3   7   4   5   2   4   9   2   6   9   1   0   4   2   3   5   1   2   6   3   8   8   2   1   4   1   2   5   2   9   2   4   9   2   4   2   4   8   5   9   4   1   3 
  6   3   7   9   4   1   5   3   3   6   6   9   6   9   8   6   3   6   6   0   2   1   6   5   3   3   8   5   4   4   7   7   5   6   6   7   4   5   7   3   3   8   5   3   5   7   1   5   5   9 
  3   6   7   9   2   3   9   4   6   2   4   4   5   6   6   6   4   4   5   2   0   8   9   4   6   8   5   6   8   2   5   8   8   4   5   6   4   9   5   4   7   8   3   4   1   4   6   4   7   3 
  1   3   1   8   9   3   8   8   2   6   5   1   1   5   9   9   5   8   9   8   3   0   9   2   5   5   3   4   7   5   8   4   4   1   4   6   7   1   5   9   7   6   4   1   3   1   1   9   9   4 
  5   6   9   6   7   8   7   9   2   9   4   5   3   2   2   4   6   1   1   7   5   9   0   8   9   8   9   7   8   6   3   3   3   9   4   5   1   2   9   9   8   3   2   1   4   5   8   4   4   8 
  1   5   7   1   6   1   9   6   9   8   5   3   5   8   5   8   4   5   8   4   2   9   9   0   9   7   3   9   1   9   5   9   9   3   7   1   5   6   7   5   9   7   6   3   8   1   9   9   8   3 
  6   6   7   5   6   9   5   9   1   9   4   7   8   5   7   1   3   1   9   5   3   8   2   8   0   5   1   2   3   5   4   8   4   4   4   2   5   3   7   9   1   8   7   5   6   2   7   8   2   3 
  5   9   4   3   8   8   3   6   6   9   9   4   1   2   6   6   1   4   7   5   6   2   4   2   2   0   8   2   2   8   3   1   9   8   3   2   1   3   7   7   5   5   2   6   5   6   4   6   3   9 
  4   4   7   5   9   7   8   9   3   2   6   1   4   4   2   7   6   8   2   2   3   3   7   6   4   2   0   3   4   9   6   9   6   7   4   1   8   2   2   9   4   6   7   5   8   2   8   3   1   5 
  4   6   2   1   3   9   4   4   7   5   1   7   7   2   9   1   7   5   1   4   5   5   8   7   6   2   6   0   8   8   1   5   9   2   2   6   4   9   4   3   9   4   1   1   7   9   4   3   7   4 
  6   8   6   5   4   6   9   7   3   3   5   7   6   4   3   7   5   5   2   1   2   6   9   4   9   2   6   6   0   7   1   6   1   8   8   1   5   5   8   8   8   3   6   3   4   4   2   6   9   5 
  2   3   1   8   8   1   8   9   5   4   1   3   9   4   4   5   1   8   9   9   7   9   3   3   9   6   5   9   3   0   8   8   7   5   5   8   6   2   9   8   9   3   7   2   1   8   4   5   5   5 
  6   7   6   4   3   3   2   3   2   7   6   2   2   4   3   2   8   7   8   3   4   6   3   5   7   7   1   9   1   7   0   9   6   8   8   1   9   2   1   9   5   1   6   8   3   5   8   1   8   1 
  7   9   3   6   2   5   5   5   3   4   4   2   9   3   5   5   9   2   7   3   5   9   6   4   1   9   2   1   4   9   4   0   4   2   5   9   9   5   4   2   9   4   3   9   5   9   7   6   9   5 
  6   4   5   1   5   9   9   9   5   6   9   7   9   8   3   9   7   1   9   5   5   9   8   3   8   2   6   8   4   5   1   8   0   3   8   6   2   3   4   3   7   9   8   4   9   7   6   2   1   3 
  5   6   1   2   1   6   8   7   3   8   5   8   9   2   8   2   4   8   5   5   4   3   4   6   6   4   3   4   8   8   3   3   1   0   9   9   2   3   3   7   9   3   9   8   1   1   4   2   9   1 
  9   6   9   2   7   5   7   9   9   6   6   6   6   5   5   2   8   2   4   5   3   8   6   3   2   7   1   9   6   4   2   1   7   7   0   1   4   1   7   6   4   1   6   9   4   8   8   1   5   3 
  6   7   9   7   6   5   6   9   2   3   7   6   4   8   8   5   3   3   9   8   1   7   9   8   9   9   9   6   2   8   9   8   4   1   2   0   8   3   2   2   8   4   9   8   2   6   4   8   3   9 
  4   9   6   5   1   1   7   1   2   2   9   7   3   5   6   9   7   3   8   7   3   8   8   3   2   3   2   6   8   4   9   3   4   8   1   7   0   3   2   5   4   4   8   4   6   5   9   2   2   3 
  2   9   2   7   1   9   6   6   5   7   1   1   8   9   7   4   9   6   7   8   3   7   1   2   5   2   8   7   6   1   2   7   3   6   9   5   3   0   8   9   1   5   3   5   9   7   6   7   8   2 
  9   2   6   4   2   1   7   1   6   9   7   5   2   7   4   6   2   6   1   4   2   4   8   3   1   9   5   9   4   5   5   2   6   9   6   1   9   8   0   3   2   8   8   6   5   2   4   9   4   9 
  6   9   1   9   2   5   2   6   8   9   9   6   7   2   3   7   7   9   8   4   6   2   7   3   9   1   7   9   7   6   2   7   4   1   4   2   9   1   9   0   1   3   7   7   6   8   2   7   4   5 
  7   4   9   1   7   9   4   9   4   3   9   4   1   5   3   7   7   5   6   5   3   3   7   1   2   1   7   1   8   1   4   9   6   7   3   3   6   6   8   1   0   2   4   5   7   9   2   8   8   6 
  6   5   6   6   3   5   5   3   6   4   4   7   9   8   5   5   7   6   4   5   1   4   3   7   4   6   6   3   6   2   4   5   8   9   5   4   1   6   5   6   3   0   3   7   3   8   3   8   3   3 
  7   8   6   1   7   1   5   5   7   6   3   6   4   4   2   3   4   3   8   1   6   2   7   9   6   4   2   2   3   9   8   3   4   3   1   3   7   7   2   1   8   4   0   8   8   7   2   8   3   1 
  7   1   3   9   3   8   7   5   4   5   6   1   7   8   7   2   4   4   4   4   5   8   8   1   8   3   5   7   6   7   6   3   1   8   2   6   6   9   8   9   6   7   7   0   2   3   8   3   9   1 
  8   2   3   3   5   8   1   7   9   2   8   4   5   9   5   9   8   9   2   5   3   2   4   4   8   5   6   9   4   1   8   2   7   3   5   2   1   8   7   7   3   6   5   7   0   7   2   7   1   4 
  2   8   5   8   1   9   2   5   9   6   6   5   1   6   7   7   8   3   1   4   1   6   5   8   3   4   9   6   2   5   7   8   8   1   5   8   1   8   4   6   5   4   7   4   8   0   8   8   4   6 
  7   1   4   9   3   8   2   9   5   6   4   8   3   5   1   1   5   6   7   2   1   4   2   2   9   4   2   7   5   6   8   6   7   8   4   2   2   2   4   2   2   2   8   4   7   3   0   9   5   3 
  5   8   3   2   4   5   7   5   4   7   9   3   3   3   1   1   4   7   4   1   3   7   4   1   2   9   8   8   4   7   5   2   3   2   7   2   3   4   9   2   5   5   2   8   2   2   2   0   2   3 
  6   7   7   9   8   7   4   2   8   2   3   4   7   1   8   5   3   4   7   5   6   3   6   4   9   4   5   3   3   3   9   6   1   8   5   8   6   2   7   1   9   9   2   2   4   7   1   1   0   8 
  3   7   8   9   1   6   6   5   4   5   9   6   5   4   6   4   8   8   6   1   9   2   9   4   6   9   4   5   2   5   3   5   1   3   4   3   8   9   9   1   7   2   5   5   7   1   6   1   4   0 
M1
  0   7   9   2   9   9   1   3   7   4   2   1   7   5   4   7   3   1   7   1   8   4   1   9   7   9   9   6   4   3   3   5   8   4   5   6   3   8   8   5   4   2   3   3   6   9   7   1   6   6 
  6   0   5   7   8   1   3   6   2   8   4   7   7   6   8   5   2   6   8   6   4   9   1   7   7   1   4   5   4   4   4   3   1   8   6   1   6   7   3   4   7   1   8   2   8   3   1   8   9   7 
  8   8   0   8   3   7   6   9   8   4   7   4   5   2   5   7   5   2   7   2   6   9   3   6   7   5   5   8   5   6   3   6   7   1   1   2   9   3   4   9   4   6   8   9   7   4   5   5   1   4 
  7   4   6   0   1   9   5   2   6   3   1   3   1   3   2   1   9   7   5   2   6   3   8   8   9   2   5   3   6   4   1   5   1   4   3   4   4   4   1   8   8   4   9   3   2   1   1   4   5   2 
  6   9   4   9   0   8   1   9   3   8   6   5   3   6   4   3   8   7   2   2   1   3   8   6   4   8   3   6   5   4   6   8   1   1   9   2   2   8   7   6   4   8   2   9   1   9   1   1   4   6 
  8   1   4   7   3   0   2   8   2   6   3   3   6   7   8   8   8   4   3   2   9   5   4   5   3   4   4   9   8   4   5   3   3   5   6   4   2   9   2   2   4   5   9   8   3   5   8   9   2   7 
  3   2   7   5   5   1   0   6   2   5   6   9   4   7   2   6   7   9   9   4   5   9   1   3   3   8   5   6   1   9   2   9   3   6   8   2   2   3   2   9   3   6   4   8   1   4   3   5   3   3 
  8   9   8   5   1   5   3   0   4   3   2   3   4   2   8   3   3   2   9   3   1   5   5   4   4   7   4   2   4   8   8   7   6   3   8   8   6   5   2   6   6   9   9   9   6   8   3   2   2   1 
  2   8   7   2   6   7   9   2   0   8   5   9   2   6   3   6   4   1   4   1   6   4   8   1   5   1   4   8   8   7   5   5   1   8   4   2   5   7   3   5   3   4   2   8   4   8   7   4   7   5 
  4   4   3   7   3   4   2   7   8   0   4   6   5   4   6   5   6   1   1   1   9   6   7   1   5   3   4   7   9   4   5   2   8   4   3   6   6   3   5   3   9   1   2   3   3   6   6   3   5   9 
  1   8   9   2   2   8   1   3   1   5   0   8   2   6   5   5   6   7   1   3   5   8   6   6   3   8   8   1   1   7   1   1   1   6   3   5   6   6   1   9   4   4   6   4   3   5   4   2   2   3 
  5   9   6   1   1   6   9   8   6   5   7   0   6   1   5   6   8   8   2   3   7   4   6   2   4   5   6   3   2   3   6   4   3   9   5   8   9   5   1   6   5   7   5   9   7   5   4   9   3   7 
  7   7   4   4   8   7   7   8   3   5   6   6   0   5   7   9   8   8   9   3   3   7   2   4   7   5   9   1   4   8   6   1   9   8   3   2   7   4   5   5   8   6   1   8   6   6   1   5   7   5 
  6   1   3   1   3   1   6   2   2   5   2   4   8   0   2   4   1   6   7   9   3   8   8   3   4   2   5   3   8   4   5   7   3   5   1   1   3   4   8   8   3   7   3   9   2   5   9   1   4   1 
  4   3   2   7   4   7   2   7   1   7   1   2   1   4   0   2   9   8   6   5   4   4   4   8   1   5   2   7   8   3   5   1   6   5   8   7   1   2   6   4   6   3   6   7   6   6   6   5   7   7 
  9   1   8   9   7   7   3   8   1   6   7   5   9   4   8   0   3   9   4   1   6   9   1   9   9   4   6   3   7   2   6   2   8   2   1   1   2   1   1   2   6   8   4   8   3   5   9   7   5   1 
  6   4   6   2   8   9   3   1   1   3   1   7   1   2   7   7   0   4   2   6   3   9   3   7   2   8   6   1   6   9   9   4   5   9   5   6   6   7   3   5   3   6   2   6   5   7   7   4   3   5 
  9   7   8   9   1   5   2   2   1   2   3   2   1   5   7   8   4   0   1   8   1   6   8   5   5   2   1   4   1   1   2   5   6   1   2   5   2   1   6   8   5   3   6   8   6   7   1   6   6   6 
  5   8   2   1   3   6   9   3   7   4   5   2   4   9   2   6   9   1   0   4   2   3   5   1   2   6   3   8   8   2   1   4   1   2   5   2   9   2   4   9   2   4   2   4   8   5   9   4   1   3 
  6   3   7   9   4   1   5   3   3   6   6   9   6   9   8   6   3   6   6   0   2   1   6   5   3   3   8   5   4   4   7   7   5   6   6   7   4   5   7   3   3   8   5   3   5   7   1   5   5   9 
  3   6   7   9   2   3   9   4   6   2   4   4   5   6   6   6   4   4   5   2   0   8   9   4   6   8   5   6   8   2   5   8   8   4   5   6   4   9   5   4   7   8   3   4   1   4   6   4   7   3 
  1   3   1   8   9   3   8   8   2   6   5   1   1   5   9   9   5   8   9   8   3   0   9   2   5   5   3   4   7   5   8   4   4   1   4   6   7   1   5   9   7   6   4   1   3   1   1   9   9   4 
  5   6   9   6   7   8   7   9   2   9   4   5   3   2   2   4   6   1   1   7   5   9   0   8   9   8   9   7   8   6   3   3   3   9   4   5   1   2   9   9   8   3   2   1   4   5   8   4   4   8 
  1   5   7   1   6   1   9   6   9   8   5   3   5   8   5   8   4   5   8   4   2   9   9   0   9   7   3   9   1   9   5   9   9   3   7   1   5   6   7   5   9   7   6   3   8   1   9   9   8   3 
  6   6   7   5   6   9   5   9   1   9   4   7   8   5   7   1   3   1   9   5   3   8   2   8   0   5   1   2   3   5   4   8   4   4   4   2   5   3   7   9   1   8   7   5   6   2   7   8   2   3 
  5   9   4   3   8   8   3   6   6   9   9   4   1   2   6   6   1   4   7   5   6   2   4   2   2   0   8   2   2   8   3   1   9   8   3   2   1   3   7   7   5   5   2   6   5   6   4   6   3   9 
  4   4   7   5   9   7   8   9   3   2   6   1   4   4   2   7   6   8   2   2   3   3   7   6   4   2   0   3   4   9   6   9   6   7   4   1   8   2   2   9   4   6   7   5   8   2   8   3   1   5 
  4   6   2   1   3   9   4   4   7   5   1   7   7   2   9   1   7   5   1   4   5   5   8   7   6   2   6   0   8   8   1   5   9   2   2   6   4   9   4   3   9   4   1   1   7   9   4   3   7   4 
  6   8   6   5   4   6   9   7   3   3   5   7   6   4   3   7   5   5   2   1   2   6   9   4   9   2   6   6   0   7   1   6   1   8   8   1   5   5   8   8   8   3   6   3   4   4   2   6   9   5 
  2   3   1   8   8   1   8   9   5   4   1   3   9   4   4   5   1   8   9   9   7   9   3   3   9   6   5   9   3   0   8   8   7   5   5   8   6   2   9   8   9   3   7   2   1   8   4   5   5   5 
  6   7   6   4   3   3   2   3   2   7   6   2   2   4   3   2   8   7   8   3   4   6   3   5   7   7   1   9   1   7   0   9   6   8   8   1   9   2   1   9   5   1   6   8   3   5   8   1   8   1 
  7   9   3   6   2   5   5   5   3   4   4   2   9   3   5   5   9   2   7   3   5   9   6   4   1   9   2   1   4   9   4   0   4   2   5   9   9   5   4   2   9   4   3   9   5   9   7   6   9   5 
  6   4   5   1   5   9   9   9   5   6   9   7   9   8   3   9   7   1   9   5   5   9   8   3   8   2   6   8   4   5   1   8   0   3   8   6   2   3   4   3   7   9   8   4   9   7   6   2   1   3 
  5   6   1   2   1   6   8   7   3   8   5   8   9   2   8   2   4   8   5   5   4   3   4   6   6   4   3   4   8   8   3   3   1   0   9   9   2   3   3   7   9   3   9   8   1   1   4   2   9   1 
  9   6   9   2   7   5   7   9   9   6   6   6   6   5   5   2   8   2   4   5   3   8   6   3   2   7   1   9   6   4   2   1   7   7   0   1   4   1   7   6   4   1   6   9   4   8   8   1   5   3 
  6   7   9   7   6   5   6   9   2   3   7   6   4   8   8   5   3   3   9   8   1   7   9   8   9   9   9   6   2   8   9   8   4   1   2   0   8   3   2   2   8   4   9   8   2   6   4   8   3   9 
  4   9   6   5   1   1   7   1   2   2   9   7   3   5   6   9   7   3   8   7   3   8   8   3   2   3   2   6   8   4   9   3   4   8   1   7   0   3   2   5   4   4   8   4   6   5   9   2   2   3 
  2   9   2   7   1   9   6   6   5   7   1   1   8   9   7   4   9   6   7   8   3   7   1   2   5   2   8   7   6   1   2   7   3   6   9   5   3   0   8   9   1   5   3   5   9   7   6   7   8   2 
  9   2   6   4   2   1   7   1   6   9   7   5   2   7   4   6   2   6   1   4   2   4   8   3   1   9   5   9   4   5   5   2   6   9   6   1   9   8   0   3   2   8   8   6   5   2   4   9   4   9 
  6   9   1   9   2   5   2   6   8   9   9   6   7   2   3   7   7   9   8   4   6   2   7   3   9   1   7   9   7   6   2   7   4   1   4   2   9   1   9   0   1   3   7   7   6   8   2   7   4   5 
  7   4   9   1   7   9   4   9   4   3   9   4   1   5   3   7   7   5   6   5   3   3   7   1   2   1   7   1   8   1   4   9   6   7   3   3   6   6   8   1   0   2   4   5   7   9   2   8   8   6 
  6   5   6   6   3   5   5   3   6   4   4   7   9   8   5   5   7   6   4   5   1   4   3   7   4   6   6   3   6   2   4   5   8   9   5   4   1   6   5   6   3   0   3   7   3   8   3   8   3   3 
  7   8   6   1   7   1   5   5   7   6   3   6   4   4   2   3   4   3   8   1   6   2   7   9   6   4   2   2   3   9   8   3   4   3   1   3   7   7   2   1   8   4   0   8   8   7   2   8   3   1 
  7   1   3   9   3   8   7   5   4   5   6   1   7   8   7   2   4   4   4   4   5   8   8   1   8   3   5   7   6   7   6   3   1   8   2   6   6   9   8   9   6   7   7   0   2   3   8   3   9   1 
  8   2   3   3   5   8   1   7   9   2   8   4   5   9   5   9   8   9   2   5   3   2   4   4   8   5   6   9   4   1   8   2   7   3   5   2   1   8   7   7   3   6   5   7   0   7   2   7   1   4 
  2   8   5   8   1   9   2   5   9   6   6   5   1   6   7   7   8   3   1   4   1   6   5   8   3   4   9   6   2   5   7   8   8   1   5   8   1   8   4   6   5   4   7   4   8   0   8   8   4   6 
  7   1   4   9   3   8   2   9   5   6   4   8   3   5   1   1   5   6   7   2   1   4   2   2   9   4   2   7   5   6   8   6   7   8   4   2   2   2   4   2   2   2   8   4   7   3   0   9   5   3 
  5   8   3   2   4   5   7   5   4   7   9   3   3   3   1   1   4   7   4   1   3   7   4   1   2   9   8   8   4   7   5   2   3   2   7   2   3   4   9   2   5   5   2   8   2   2   2   0   2   3 
  6   7   7   9   8   7   4   2   8   2   3   4   7   1   8   5   3   4   7   5   6   3   6   4   9   4   5   3   3   3   9   6   1   8   5   8   6   2   7   1   9   9   2   2   4   7   1   1   0   8 
  3   7   8   9   1   6   6   5   4   5   9   6   5   4   6   4   8   8   6   1   9   2   9   4   6   9   4   5   2   5   3   5   1   3   4   3   8   9   9   1   7   2   5   5   7   1   6   1   4   0 
M2
  0   7   9   2   9   9   1   3   7   4   2   1   7   5   4   7   3   1   7   1   8   4   1   9   7   9   9   6   4   3   3   5   8   4   5   6   3   8   8   5   4   2   3   3   6   9   7   1   6   6 
  6   0   5   7   8   1   3   6   2   8   4   7   7   6   8   5   2   6   8   6   4   9   1   7   7   1   4   5   4   4   4   3   1   8   6   1   6   7   3   4   7   1   8   2   8   3   1   8   9   7 
  8   8   0   8   3   7   6   9   8   4   7   4   5   2   5   7   5   2   7   2   6   9   3   6   7   5   5   8   5   6   3   6   7   1   1   2   9   3   4   9   4   6   8   9   7   4   5   5   1   4 
  7   4   6   0   1   9   5   2   6   3   1   3   1   3   2   1   9   7   5   2   6   3   8   8   9   2   5   3   6   4   1   5   1   4   3   4   4   4   1   8   8   4   9   3   2   1   1   4   5   2 
  6   9   4   9   0   8   1   9   3   8   6   5   3   6   4   3   8   7   2   2   1   3   8   6   4   8   3   6   5   4   6   8   1   1   9   2   2   8   7   6   4   8   2   9   1   9   1   1   4   6 
  8   1   4   7   3   0   2   8   2   6   3   3   6   7   8   8   8   4   3   2   9   5   4   5   3   4   4   9   8   4   5   3   3   5   6   4   2   9   2   2   4   5   9   8   3   5   8   9   2   7 
  3   2   7   5   5   1   0   6   2   5   6   9   4   7   2   6   7   9   9   4   5   9   1   3   3   8   5   6   1   9   2   9   3   6   8   2   2   3   2   9   3   6   4   8   1   4   3   5   3   3 
  8   9   8   5   1   5   3   0   4   3   2   3   4   2   8   3   3   2   9   3   1   5   5   4   4   7   4   2   4   8   8   7   6   3   8   8   6   5   2   6   6   9   9   9   6   8   3   2   2   1 
  2   8   7   2   6   7   9   2   0   8   5   9   2   6   3   6   4   1   4   1   6   4   8   1   5   1   4   8   8   7   5   5   1   8   4   2   5   7   3   5   3   4   2   8   4   8   7   4   7   5 
  4   4   3   7   3   4   2   7   8   0   4   6   5   4   6   5   6   1   1   1   9   6   7   1   5   3   4   7   9   4   5   2   8   4   3   6   6   3   5   3   9   1   2   3   3   6   6   3   5   9 
  1   8   9   2   2   8   1   3   1   5   0   8   2   6   5   5   6   7   1   3   5   8   6   6   3   8   8   1   1   7   1   1   1   6   3   5   6   6   1   9   4   4   6   4   3   5   4   2   2   3 
  5   9   6   1   1   6   9   8   6   5   7   0   6   1   5   6   8   8   2   3   7   4   6   2   4   5   6   3   2   3   6   4   3   9   5   8   9   5   1   6   5   7   5   9   7   5   4   9   3   7 
  7   7   4   4   8   7   7   8   3   5   6   6   0   5   7   9   8   8   9   3   3   7   2   4   7   5   9   1   4   8   6   1   9   8   3   2   7   4   5   5   8   6   1   8   6   6   1   5   7   5 
  6   1   3   1   3   1   6   2   2   5   2   4   8   0   2   4   1   6   7   9   3   8   8   3   4   2   5   3   8   4   5   7   3   5   1   1   3   4   8   8   3   7   3   9   2   5   9   1   4   1 
  4   3   2   7   4   7   2   7   1   7   1   2   1   4   0   2   9   8   6   5   4   4   4   8   1   5   2   7   8   3   5   1   6   5   8   7   1   2   6   4   6   3   6   7   6   6   6   5   7   7 
  9   1   8   9   7   7   3   8   1   6   7   5   9   4   8   0   3   9   4   1   6   9   1   9   9   4   6   3   7   2   6   2   8   2   1   1   2   1   1   2   6   8   4   8   3   5   9   7   5   1 
  6   4   6   2   8   9   3   1   1   3   1   7   1   2   7   7   0   4   2   6   3   9   3   7   2   8   6   1   6   9   9   4   5   9   5   6   6   7   3   5   3   6   2   6   5   7   7   4   3   5 
  9   7   8   9   1   5   2   2   1   2   3   2   1   5   7   8   4   0   1   8   1   6   8   5   5   2   1   4   1   1   2   5   6   1   2   5   2   1   6   8   5   3   6   8   6   7   1   6   6   6 
  5   8   2   1   3   6   9   3   7   4   5   2   4   9   2   6   9   1   0   4   2   3   5   1   2   6   3   8   8   2   1   4   1   2   5   2   9   2   4   9   2   4   2   4   8   5   9   4   1   3 
  6   3   7   9   4   1   5   3   3   6   6   9   6   9   8   6   3   6   6   0   2   1   6   5   3   3   8   5   4   4   7   7   5   6   6   7   4   5   7   3   3   8   5   3   5   7   1   5   5   9 
  3   6   7   9   2   3   9   4   6   2   4   4   5   6   6   6   4   4   5   2   0   8   9   4   6   8   5   6   8   2   5   8   8   4   5   6   4   9   5   4   7   8   3   4   1   4   6   4   7   3 
  1   3   1   8   9   3   8   8   2   6   5   1   1   5   9   9   5   8   9   8   3   0   9   2   5   5   3   4   7   5   8   4   4   1   4   6   7   1   5   9   7   6   4   1   3   1   1   9   9   4 
  5   6   9   6   7   8   7   9   2   9   4   5   3   2   2   4   6   1   1   7   5   9   0   8   9   8   9   7   8   6   3   3   3   9   4   5   1   2   9   9   8   3   2   1   4   5   8   4   4   8 
  1   5   7   1   6   1   9   6   9   8   5   3   5   8   5   8   4   5   8   4   2   9   9   0   9   7   3   9   1   9   5   9   9   3   7   1   5   6   7   5   9   7   6   3   8   1   9   9   8   3 
  6   6   7   5   6   9   5   9   1   9   4   7   8   5   7   1   3   1   9   5   3   8   2   8   0   5   1   2   3   5   4   8   4   4   4   2   5   3   7   9   1   8   7   5   6   2   7   8   2   3 
  5   9   4   3   8   8   3   6   6   9   9   4   1   2   6   6   1   4   7   5   6   2   4   2   2   0   8   2   2   8   3   1   9   8   3   2   1   3   7   7   5   5   2   6   5   6   4   6   3   9 
  4   4   7   5   9   7   8   9   3   2   6   1   4   4   2   7   6   8   2   2   3   3   7   6   4   2   0   3   4   9   6   9   6   7   4   1   8   2   2   9   4   6   7   5   8   2   8   3   1   5 
  4   6   2   1   3   9   4   4   7   5   1   7   7   2   9   1   7   5   1   4   5   5   8   7   6   2   6   0   8   8   1   5   9   2   2   6   4   9   4   3   9   4   1   1   7   9   4   3   7   4 
  6   8   6   5   4   6   9   7   3   3   5   7   6   4   3   7   5   5   2   1   2   6   9   4   9   2   6   6   0   7   1   6   1   8   8   1   5   5   8   8   8   3   6   3   4   4   2   6   9   5 
  2   3   1   8   8   1   8   9   5   4   1   3   9   4   4   5   1   8   9   9   7   9   3   3   9   6   5   9   3   0   8   8   7   5   5   8   6   2   9   8   9   3   7   2   1   8   4   5   5   5 
  6   7   6   4   3   3   2   3   2   7   6   2   2   4   3   2   8   7   8   3   4   6   3   5   7   7   1   9   1   7   0   9   6   8   8   1   9   2   1   9   5   1   6   8   3   5   8   1   8   1 
  7   9   3   6   2   5   5   5   3   4   4   2   9   3   5   5   9   2   7   3   5   9   6   4   1   9   2   1   4   9   4   0   4   2   5   9   9   5   4   2   9   4   3   9   5   9   7   6   9   5 
  6   4   5   1   5   9   9   9   5   6   9   7   9   8   3   9   7   1   9   5   5   9   8   3   8   2   6   8   4   5   1   8   0   3   8   6   2   3   4   3   7   9   8   4   9   7   6   2   1   3 
  5   6   1   2   1   6   8   7   3   8   5   8   9   2   8   2   4   8   5   5   4   3   4   6   6   4   3   4   8   8   3   3   1   0   9   9   2   3   3   7   9   3   9   8   1   1   4   2   9   1 
  9   6   9   2   7   5   7   9   9   6   6   6   6   5   5   2   8   2   4   5   3   8   6   3   2   7   1   9   6   4   2   1   7   7   0   1   4   1   7   6   4   1   6   9   4   8   8   1   5   3 
  6   7   9   7   6   5   6   9   2   3   7   6   4   8   8   5   3   3   9   8   1   7   9   8   9   9   9   6   2   8   9   8   4   1   2   0   8   3   2   2   8   4   9   8   2   6   4   8   3   9 
  4   9   6   5   1   1   7   1   2   2   9   7   3   5   6   9   7   3   8   7   3   8   8   3   2   3   2   6   8   4   9   3   4   8   1   7   0   3   2   5   4   4   8   4   6   5   9   2   2   3 
  2   9   2   7   1   9   6   6   5   7   1   1   8   9   7   4   9   6   7   8   3   7   1   2   5   2   8   7   6   1   2   7   3   6   9   5   3   0   8   9   1   5   3   5   9   7   6   7   8   2 
  9   2   6   4   2   1   7   1   6   9   7   5   2   7   4   6   2   6   1   4   2   4   8   3   1   9   5   9   4   5   5   2   6   9   6   1   9   8   0   3   2   8   8   6   5   2   4   9   4   9 
  6   9   1   9   2   5   2   6   8   9   9   6   7   2   3   7   7   9   8   4   6   2   7   3   9   1   7   9   7   6   2   7   4   1   4   2   9   1   9   0   1   3   7   7   6   8   2   7   4   5 
  7   4   9   1   7   9   4   9   4   3   9   4   1   5   3   7   7   5   6   5   3   3   7   1   2   1   7   1   8   1   4   9   6   7   3   3   6   6   8   1   0   2   4   5   7   9   2   8   8   6 
  6   5   6   6   3   5   5   3   6   4   4   7   9   8   5   5   7   6   4   5   1   4   3   7   4   6   6   3   6   2   4   5   8   9   5   4   1   6   5   6   3   0   3   7   3   8   3   8   3   3 
  7   8   6   1   7   1   5   5   7   6   3   6   4   4   2   3   4   3   8   1   6   2   7   9   6   4   2   2   3   9   8   3   4   3   1   3   7   7   2   1   8   4   0   8   8   7   2   8   3   1 
  7   1   3   9   3   8   7   5   4   5   6   1   7   8   7   2   4   4   4   4   5   8   8   1   8   3   5   7   6   7   6   3   1   8   2   6   6   9   8   9   6   7   7   0   2   3   8   3   9   1 
  8   2   3   3   5   8   1   7   9   2   8   4   5   9   5   9   8   9   2   5   3   2   4   4   8   5   6   9   4   1   8   2   7   3   5   2   1   8   7   7   3   6   5   7   0   7   2   7   1   4 
  2   8   5   8   1   9   2   5   9   6   6   5   1   6   7   7   8   3   1   4   1   6   5   8   3   4   9   6   2   5   7   8   8   1   5   8   1   8   4   6   5   4   7   4   8   0   8   8   4   6 
  7   1   4   9   3   8   2   9   5   6   4   8   3   5   1   1   5   6   7   2   1   4   2   2   9   4   2   7   5   6   8   6   7   8   4   2   2   2   4   2   2   2   8   4   7   3   0   9   5   3 
  5   8   3   2   4   5   7   5   4   7   9   3   3   3   1   1   4   7   4   1   3   7   4   1   2   9   8   8   4   7   5   2   3   2   7   2   3   4   9   2   5   5   2   8   2   2   2   0   2   3 
  6   7   7   9   8   7   4   2   8   2   3   4   7   1   8   5   3   4   7   5   6   3   6   4   9   4   5   3   3   3   9   6   1   8   5   8   6   2   7   1   9   9   2   2   4   7   1   1   0   8 
  3   7   8   9   1   6   6   5   4   5   9   6   5   4   6   4   8   8   6   1   9   2   9   4   6   9   4   5   2   5   3   5   1   3   4   3   8   9   9   1   7   2   5   5   7   1   6   1   4   0 
M3
  0   7   9   2   9   9   1   3   7   4   2   1   7   5   4   7   3   1   7   1   8   4   1   9   7   9   9   6   4   3   3   5   8   4   5   6   3   8   8   5   4   2   3   3   6   9   7   1   6   6 
  6   0   5   7   8   1   3   6   2   8   4   7   7   6   8   5   2   6   8   6   4   9   1   7   7   1   4   5   4   4   4   3   1   8   6   1   6   7   3   4   7   1   8   2   8   3   1   8   9   7 
  8   8   0   8   3   7   6   9   8   4   7   4   5   2   5   7   5   2   7   2   6   9   3   6   7   5   5   8   5   6   3   6   7   1   1   2   9   3   4   9   4   6   8   9   7   4   5   5   1   4 
  7   4   6   0   1   9   5   2   6   3   1   3   1   3   2   1   9   7   5   2   6   3   8   8   9   2   5   3   6   4   1   5   1   4   3   4   4   4   1   8   8   4   9   3   2   1   1   4   5   2 
  6   9   4   9   0   8   1   9   3   8   6   5   3   6   4   3   8   7   2   2   1   3   8   6   4   8   3   6   5   4   6   8   1   1   9   2   2   8   7   6   4   8   2   9   1   9   1   1   4   6 
  8   1   4   7   3   0   2   8   2   6   3   3   6   7   8   8   8   4   3   2   9   5   4   5   3   4   4   9   8   4   5   3   3   5   6   4   2   9   2   2   4   5   9   8   3   5   8   9   2   7 
  3   2   7   5   5   1   0   6   2   5   6   9   4   7   2   6   7   9   9   4   5   9   1   3   3   8   5   6   1   9   2   9   3   6   8   2   2   3   2   9   3   6   4   8   1   4   3   5   3   3 
  8   9   8   5   1   5   3   0   4   3   2   3   4   2   8   3   3   2   9   3   1   5   5   4   4   7   4   2   4   8   8   7   6   3   8   8   6   5   2   6   6   9   9   9   6   8   3   2   2   1 
  2   8   7   2   6   7   9   2   0   8   5   9   2   6   3   6   4   1   4   1   6   4   8   1   5   1   4   8   8   7   5   5   1   8   4   2   5   7   3   5   3   4   2   8   4   8   7   4   7   5 
  4   4   3   7   3   4   2   7   8   0   4   6   5   4   6   5   6   1   1   1   9   6   7   1   5   3   4   7   9   4   5   2   8   4   3   6   6   3   5   3   9   1   2   3   3   6   6   3   5   9 
  1   8   9   2   2   8   1   3   1   5   0   8   2   6   5   5   6   7   1   3   5   8   6   6   3   8   8   1   1   7   1   1   1   6   3   5   6   6   1   9   4   4   6   4   3   5   4   2   2   3 
  5   9   6   1   1   6   9   8   6   5   7   0   6   1   5   6   8   8   2   3   7   4   6   2   4   5   6   3   2   3   6   4   3   9   5   8   9   5   1   6   5   7   5   9   7   5   4   9   3   7 
  7   7   4   4   8   7   7   8   3   5   6   6   0   5   7   9   8   8   9   3   3   7   2   4   7   5   9   1   4   8   6   1   9   8   3   2   7   4   5   5   8   6   1   8   6   6   1   5   7   5 
  6   1   3   1   3   1   6   2   2   5   2   4   8   0   2   4   1   6   7   9   3   8   8   3   4   2   5   3   8   4   5   7   3   5   1   1   3   4   8   8   3   7   3   9   2   5   9   1   4   1 
  4   3   2   7   4   7   2   7   1   7   1   2   1   4   0   2   9   8   6   5   4   4   4   8   1   5   2   7   8   3   5   1   6   5   8   7   1   2   6   4   6   3   6   7   6   6   6   5   7   7 
  9   1   8   9   7   7   3   8   1   6   7   5   9   4   8   0   3   9   4   1   6   9   1   9   9   4   6   3   7   2   6   2   8   2   1   1   2   1   1   2   6   8   4   8   3   5   9   7   5   1 
  6   4   6   2   8   9   3   1   1   3   1   7   1   2   7   7   0   4   2   6   3   9   3   7   2   8   6   1   6   9   9   4   5   9   5   6   6   7   3   5   3   6   2   6   5   7   7   4   3   5 
  9   7   8   9   1   5   2   2   1   2   3   2   1   5   7   8   4   0   1   8   1   6   8   5   5   2   1   4   1   1   2   5   6   1   2   5   2   1   6   8   5   3   6   8   6   7   1   6   6   6 
  5   8   2   1   3   6   9   3   7   4   5   2   4   9   2   6   9   1   0   4   2   3   5   1   2   6   3   8   8   2   1   4   1   2   5   2   9   2   4   9   2   4   2   4   8   5   9   4   1   3 
  6   3   7   9   4   1   5   3   3   6   6   9   6   9   8   6   3   6   6   0   2   1   6   5   3   3   8   5   4   4   7   7   5   6   6   7   4   5   7   3   3   8   5   3   5   7   1   5   5   9 
  3   6   7   9   2   3   9   4   6   2   4   4   5   6   6   6   4   4   5   2   0   8   9   4   6   8   5   6   8   2   5   8   8   4   5   6   4   9   5   4   7   8   3   4   1   4   6   4   7   3 
  1   3   1   8   9   3   8   8   2   6   5   1   1   5   9   9   5   8   9   8   3   0   9   2   5   5   3   4   7   5   8   4   4   1   4   6   7   1   5   9   7   6   4   1   3   1   1   9   9   4 
  5   6   9   6   7   8   7   9   2   9   4   5   3   2   2   4   6   1   1   7   5   9   0   8   9   8   9   7   8   6   3   3   3   9   4   5   1   2   9   9   8   3   2   1   4   5   8   4   4   8 
  1   5   7   1   6   1   9   6   9   8   5   3   5   8   5   8   4   5   8   4   2   9   9   0   9   7   3   9   1   9   5   9   9   3   7   1   5   6   7   5   9   7   6   3   8   1   9   9   8   3 
  6   6   7   5   6   9   5   9   1   9   4   7   8   5   7   1   3   1   9   5   3   8   2   8   0   5   1   2   3   5   4   8   4   4   4   2   5   3   7   9   1   8   7   5   6   2   7   8   2   3 
  5   9   4   3   8   8   3   6   6   9   9   4   1   2   6   6   1   4   7   5   6   2   4   2   2   0   8   2   2   8   3   1   9   8   3   2   1   3   7   7   5   5   2   6   5   6   4   6   3   9 
  4   4   7   5   9   7   8   9   3   2   6   1   4   4   2   7   6   8   2   2   3   3   7   6   4   2   0   3   4   9   6   9   6   7   4   1   8   2   2   9   4   6   7   5   8   2   8   3   1   5 
  4   6   2   1   3   9   4   4   7   5   1   7   7   2   9   1   7   5   1   4   5   5   8   7   6   2   6   0   8   8   1   5   9   2   2   6   4   9   4   3   9   4   1   1   7   9   4   3   7   4 
  6   8   6   5   4   6   9   7   3   3   5   7   6   4   3   7   5   5   2   1   2   6   9   4   9   2   6   6   0   7   1   6   1   8   8   1   5   5   8   8   8   3   6   3   4   4   2   6   9   5 
  2   3   1   8   8   1   8   9   5   4   1   3   9   4   4   5   1   8   9   9   7   9   3   3   9   6   5   9   3   0   8   8   7   5   5   8   6   2   9   8   9   3   7   2   1   8   4   5   5   5 
  6   7   6   4   3   3   2   3   2   7   6   2   2   4   3   2   8   7   8   3   4   6   3   5   7   7   1   9   1   7   0   9   6   8   8   1   9   2   1   9   5   1   6   8   3   5   8   1   8   1 
  7   9   3   6   2   5   5   5   3   4   4   2   9   3   5   5   9   2   7   3   5   9   6   4   1   9   2   1   4   9   4   0   4   2   5   9   9   5   4   2   9   4   3   9   5   9   7   6   9   5 
  6   4   5   1   5   9   9   9   5   6   9   7   9   8   3   9   7   1   9   5   5   9   8   3   8   2   6   8   4   5   1   8   0   3   8   6   2   3   4   3   7   9   8   4   9   7   6   2   1   3 
  5   6   1   2   1   6   8   7   3   8   5   8   9   2   8   2   4   8   5   5   4   3   4   6   6   4   3   4   8   8   3   3   1   0   9   9   2   3   3   7   9   3   9   8   1   1   4   2   9   1 
  9   6   9   2   7   5   7   9   9   6   6   6   6   5   5   2   8   2   4   5   3   8   6   3   2   7   1   9   6   4   2   1   7   7   0   1   4   1   7   6   4   1   6   9   4   8   8   1   5   3 
  6   7   9   7   6   5   6   9   2   3   7   6   4   8   8   5   3   3   9   8   1   7   9   8   9   9   9   6   2   8   9   8   4   1   2   0   8   3   2   2   8   4   9   8   2   6   4   8   3   9 
  4   9   6   5   1   1   7   1   2   2   9   7   3   5   6   9   7   3   8   7   3   8   8   3   2   3   2   6   8   4   9   3   4   8   1   7   0   3   2   5   4   4   8   4   6   5   9   2   2   3 
  2   9   2   7   1   9   6   6   5   7   1   1   8   9   7   4   9   6   7   8   3   7   1   2   5   2   8   7   6   1   2   7   3   6   9   5   3   0   8   9   1   5   3   5   9   7   6   7   8   2 
  9   2   6   4   2   1   7   1   6   9   7   5   2   7   4   6   2   6   1   4   2   4   8   3   1   9   5   9   4   5   5   2   6   9   6   1   9   8   0   3   2   8   8   6   5   2   4   9   4   9 
  6   9   1   9   2   5   2   6   8   9   9   6   7   2   3   7   7   9   8   4   6   2   7   3   9   1   7   9   7   6   2   7   4   1   4   2   9   1   9   0   1   3   7   7   6   8   2   7   4   5 
  7   4   9   1   7   9   4   9   4   3   9   4   1   5   3   7   7   5   6   5   3   3   7   1   2   1   7   1   8   1   4   9   6   7   3   3   6   6   8   1   0   2   4   5   7   9   2   8   8   6 
  6   5   6   6   3   5   5   3   6   4   4   7   9   8   5   5   7   6   4   5   1   4   3   7   4   6   6   3   6   2   4   5   8   9   5   4   1   6   5   6   3   0   3   7   3   8   3   8   3   3 
  7   8   6   1   7   1   5   5   7   6   3   6   4   4   2   3   4   3   8   1   6   2   7   9   6   4   2   2   3   9   8   3   4   3   1   3   7   7   2   1   8   4   0   8   8   7   2   8   3   1 
  7   1   3   9   3   8   7   5   4   5   6   1   7   8   7   2   4   4   4   4   5   8   8   1   8   3   5   7   6   7   6   3   1   8   2   6   6   9   8   9   6   7   7   0   2   3   8   3   9   1 
  8   2   3   3   5   8   1   7   9   2   8   4   5   9   5   9   8   9   2   5   3   2   4   4   8   5   6   9   4   1   8   2   7   3   5   2   1   8   7   7   3   6   5   7   0   7   2   7   1   4 
  2   8   5   8   1   9   2   5   9   6   6   5   1   6   7   7   8   3   1   4   1   6   5   8   3   4   9   6   2   5   7   8   8   1   5   8   1   8   4   6   5   4   7   4   8   0   8   8   4   6 
  7   1   4   9   3   8   2   9   5   6   4   8   3   5   1   1   5   6   7   2   1   4   2   2   9   4   2   7   5   6   8   6   7   8   4   2   2   2   4   2   2   2   8   4   7   3   0   9   5   3 
  5   8   3   2   4   5   7   5   4   7   9   3   3   3   1   1   4   7   4   1   3   7   4   1   2   9   8   8   4   7   5   2   3   2   7   2   3   4   9   2   5   5   2   8   2   2   2   0   2   3 
  6   7   7   9   8   7   4   2   8   2   3   4   7   1   8   5   3   4   7   5   6   3   6   4   9   4   5   3   3   3   9   6   1   8   5   8   6   2   7   1   9   9   2   2   4   7   1   1   0   8 
  3   7   8   9   1   6   6   5   4   5   9   6   5   4   6   4   8   8   6   1   9   2   9   4   6   9   4   5   2   5   3   5   1   3   4   3   8   9   9   1   7   2   5   5   7   1   6   1   4   0 
M4
  0   7   9   2   9   9   1   3   7   4   2   1   7   5   4   7   3   1   7   1   8   4   1   9   7   9   9   6   4   3   3   5   8   4   5   6   3   8   8   5   4   2   3   3   6   9   7   1   6   6 
  6   0   5   7   8   1   3   6   2   8   4   7   7   6   8   5   2   6   8   6   4   9   1   7   7   1   4   5   4   4   4   3   1   8   6   1   6   7   3   4   7   1   8   2   8   3   1   8   9   7 
  8   8   0   8   3   7   6   9   8   4   7   4   5   2   5   7   5   2   7   2   6   9   3   6   7   5   5   8   5   6   3   6   7   1   1   2   9   3   4   9   4   6   8   9   7   4   5   5   1   4 
  7   4   6   0   1   9   5   2   6   3   1   3   1   3   2   1   9   7   5   2   6   3   8   8   9   2   5   3   6   4   1   5   1   4   3   4   4   4   1   8   8   4   9   3   2   1   1   4   5   2 
  6   9   4   9   0   8   1   9   3   8   6   5   3   6   4   3   8   7   2   2   1   3   8   6   4   8   3   6   5   4   6   8   1   1   9   2   2   8   7   6   4   8   2   9   1   9   1   1   4   6 
  8   1   4   7   3   0   2   8   2   6   3   3   6   7   8   8   8   4   3   2   9   5   4   5   3   4   4   9   8   4   5   3   3   5   6   4   2   9   2   2   4   5   9   8   3   5   8   9   2   7 
  3   2   7   5   5   1   0   6   2   5   6   9   4   7   2   6   7   9   9   4   5   9   1   3   3   8   5   6   1   9   2   9   3   6   8   2   2   3   2   9   3   6   4   8   1   4   3   5   3   3 
  8   9   8   5   1   5   3   0   4   3   2   3   4   2   8   3   3   2   9   3   1   5   5   4   4   7   4   2   4   8   8   7   6   3   8   8   6   5   2   6   6   9   9   9   6   8   3   2   2   1 
  2   8   7   2   6   7   9   2   0   8   5   9   2   6   3   6   4   1   4   1   6   4   8   1   5   1   4   8   8   7   5   5   1   8   4   2   5   7   3   5   3   4   2   8   4   8   7   4   7   5 
  4   4   3   7   3   4   2   7   8   0   4   6   5   4   6   5   6   1   1   1   9   6   7   1   5   3   4   7   9   4   5   2   8   4   3   6   6   3   5   3   9   1   2   3   3   6   6   3   5   9 
  1   8   9   2   2   8   1   3   1   5   0   8   2   6   5   5   6   7   1   3   5   8   6   6   3   8   8   1   1   7   1   1   1   6   3   5   6   6   1   9   4   4   6   4   3   5   4   2   2   3 
  5   9   6   1   1   6   9   8   6   5   7   0   6   1   5   6   8   8   2   3   7   4   6   2   4   5   6   3   2   3   6   4   3   9   5   8   9   5   1   6   5   7   5   9   7   5   4   9   3   7 
  7   7   4   4   8   7   7   8   3   5   6   6   0   5   7   9   8   8   9   3   3   7   2   4   7   5   9   1   4   8   6   1   9   8   3   2   7   4   5   5   8   6   1   8   6   6   1   5   7   5 
  6   1   3   1   3   1   6   2   2   5   2   4   8   0   2   4   1   6   7   9   3   8   8   3   4   2   5   3   8   4   5   7   3   5   1   1   3   4   8   8   3   7   3   9   2   5   9   1   4   1 
  4   3   2   7   4   7   2   7   1   7   1   2   1   4   0   2   9   8   6   5   4   4   4   8   1   5   2   7   8   3   5   1   6   5   8   7   1   2   6   4   6   3   6   7   6   6   6   5   7   7 
  9   1   8   9   7   7   3   8   1   6   7   5   9   4   8   0   3   9   4   1   6   9   1   9   9   4   6   3   7   2   6   2   8   2   1   1   2   1   1   2   6   8   4   8   3   5   9   7   5   1 
  6   4   6   2   8   9   3   1   1   3   1   7   1   2   7   7   0   4   2   6   3   9   3   7   2   8   6   1   6   9   9   4   5   9   5   6   6   7   3   5   3   6   2   6   5   7   7   4   3   5 
  9   7   8   9   1   5   2   2   1   2   3   2   1   5   7   8   4   0   1   8   1   6   8   5   5   2   1   4   1   1   2   5   6   1   2   5   2   1   6   8   5   3   6   8   6   7   1   6   6   6 
  5   8   2   1   3   6   9   3   7   4   5   2   4   9   2   6   9   1   0   4   2   3   5   1   2   6   3   8   8   2   1   4   1   2   5   2   9   2   4   9   2   4   2   4   8   5   9   4   1   3 
  6   3   7   9   4   1   5   3   3   6   6   9   6   9   8   6   3   6   6   0   2   1   6   5   3   3   8   5   4   4   7   7   5   6   6   7   4   5   7   3   3   8   5   3   5   7   1   5   5   9 
  3   6   7   9   2   3   9   4   6   2   4   4   5   6   6   6   4   4   5   2   0   8   9   4   6   8   5   6   8   2   5   8   8   4   5   6   4   9   5   4   7   8   3   4   1   4   6   4   7   3 
  1   3   1   8   9   3   8   8   2   6   5   1   1   5   9   9   5   8   9   8   3   0   9   2   5   5   3   4   7   5   8   4   4   1   4   6   7   1   5   9   7   6   4   1   3   1   1   9   9   4 
  5   6   9   6   7   8   7   9   2   9   4   5   3   2   2   4   6   1   1   7   5   9   0   8   9   8   9   7   8   6   3   3   3   9   4   5   1   2   9   9   8   3   2   1   4   5   8   4   4   8 
  1   5   7   1   6   1   9   6   9   8   5   3   5   8   5   8   4   5   8   4   2   9   9   0   9   7   3   9   1   9   5   9   9   3   7   1   5   6   7   5   9   7   6   3   8   1   9   9   8   3 
  6   6   7   5   6   9   5   9   1   9   4   7   8   5   7   1   3   1   9   5   3   8   2   8   0   5   1   2   3   5   4   8   4   4   4   2   5   3   7   9   1   8   7   5   6   2   7   8   2   3 
  5   9   4   3   8   8   3   6   6   9   9   4   1   2   6   6   1   4   7   5   6   2   4   2   2   0   8   2   2   8   3   1   9   8   3   2   1   3   7   7   5   5   2   6   5   6   4   6   3   9 
  4   4   7   5   9   7   8   9   3   2   6   1   4   4   2   7   6   8   2   2   3   3   7   6   4   2   0   3   4   9   6   9   6   7   4   1   8   2   2   9   4   6   7   5   8   2   8   3   1   5 
  4   6   2   1   3   9   4   4   7   5   1   7   7   2   9   1   7   5   1   4   5   5   8   7   6   2   6   0   8   8   1   5   9   2   2   6   4   9   4   3   9   4   1   1   7   9   4   3   7   4 
  6   8   6   5   4   6   9   7   3   3   5   7   6   4   3   7   5   5   2   1   2   6   9   4   9   2   6   6   0   7   1   6   1   8   8   1   5   5   8   8   8   3   6   3   4   4   2   6   9   5 
  2   3   1   8   8   1   8   9   5   4   1   3   9   4   4   5   1   8   9   9   7   9   3   3   9   6   5   9   3   0   8   8   7   5   5   8   6   2   9   8   9   3   7   2   1   8   4   5   5   5 
  6   7   6   4   3   3   2   3   2   7   6   2   2   4   3   2   8   7   8   3   4   6   3   5   7   7   1   9   1   7   0   9   6   8   8   1   9   2   1   9   5   1   6   8   3   5   8   1   8   1 
  7   9   3   6   2   5   5   5   3   4   4   2   9   3   5   5   9   2   7   3   5   9   6   4   1   9   2   1   4   9   4   0   4   2   5   9   9   5   4   2   9   4   3   9   5   9   7   6   9   5 
  6   4   5   1   5   9   9   9   5   6   9   7   9   8   3   9   7   1   9   5   5   9   8   3   8   2   6   8   4   5   1   8   0   3   8   6   2   3   4   3   7   9   8   4   9   7   6   2   1   3 
  5   6   1   2   1   6   8   7   3   8   5   8   9   2   8   2   4   8   5   5   4   3   4   6   6   4   3   4   8   8   3   3   1   0   9   9   2   3   3   7   9   3   9   8   1   1   4   2   9   1 
  9   6   9   2   7   5   7   9   9   6   6   6   6   5   5   2   8   2   4   5   3   8   6   3   2   7   1   9   6   4   2   1   7   7   0   1   4   1   7   6   4   1   6   9   4   8   8   1   5   3 
  6   7   9   7   6   5   6   9   2   3   7   6   4   8   8   5   3   3   9   8   1   7   9   8   9   9   9   6   2   8   9   8   4   1   2   0   8   3   2   2   8   4   9   8   2   6   4   8   3   9 
  4   9   6   5   1   1   7   1   2   2   9   7   3   5   6   9   7   3   8   7   3   8   8   3   2   3   2   6   8   4   9   3   4   8   1   7   0   3   2   5   4   4   8   4   6   5   9   2   2   3 
  2   9   2   7   1   9   6   6   5   7   1   1   8   9   7   4   9   6   7   8   3   7   1   2   5   2   8   7   6   1   2   7   3   6   9   5   3   0   8   9   1   5   3   5   9   7   6   7   8   2 
  9   2   6   4   2   1   7   1   6   9   7   5   2   7   4   6   2   6   1   4   2   4   8   3   1   9   5   9   4   5   5   2   6   9   6   1   9   8   0   3   2   8   8   6   5   2   4   9   4   9 
  6   9   1   9   2   5   2   6   8   9   9   6   7   2   3   7   7   9   8   4   6   2   7   3   9   1   7   9   7   6   2   7   4   1   4   2   9   1   9   0   1   3   7   7   6   8   2   7   4   5 
  7   4   9   1   7   9   4   9   4   3   9   4   1   5   3   7   7   5   6   5   3   3   7   1   2   1   7   1   8   1   4   9   6   7   3   3   6   6   8   1   0   2   4   5   7   9   2   8   8   6 
  6   5   6   6   3   5   5   3   6   4   4   7   9   8   5   5   7   6   4   5   1   4   3   7   4   6   6   3   6   2   4   5   8   9   5   4   1   6   5   6   3   0   3   7   3   8   3   8   3   3 
  7   8   6   1   7   1   5   5   7   6   3   6   4   4   2   3   4   3   8   1   6   2   7   9   6   4   2   2   3   9   8   3   4   3   1   3   7   7   2   1   8   4   0   8   8   7   2   8   3   1 
  7   1   3   9   3   8   7   5   4   5   6   1   7   8   7   2   4   4   4   4   5   8   8   1   8   3   5   7   6   7   6   3   1   8   2   6   6   9   8   9   6   7   7   0   2   3   8   3   9   1 
  8   2   3   3   5   8   1   7   9   2   8   4   5   9   5   9   8   9   2   5   3   2   4   4   8   5   6   9   4   1   8   2   7   3   5   2   1   8   7   7   3   6   5   7   0   7   2   7   1   4 
  2   8   5   8   1   9   2   5   9   6   6   5   1   6   7   7   8   3   1   4   1   6   5   8   3   4   9   6   2   5   7   8   8   1   5   8   1   8   4   6   5   4   7   4   8   0   8   8   4   6 
  7   1   4   9   3   8   2   9   5   6   4   8   3   5   1   1   5   6   7   2   1   4   2   2   9   4   2   7   5   6   8   6   7   8   4   2   2   2   4   2   2   2   8   4   7   3   0   9   5   3 
  5   8   3   2   4   5   7   5   4   7   9   3   3   3   1   1   4   7   4   1   3   7   4   1   2   9   8   8   4   7   5   2   3   2   7   2   3   4   9   2   5   5   2   8   2   2   2   0   2   3 
  6   7   7   9   8   7   4   2   8   2   3   4   7   1   8   5   3   4   7   5   6   3   6   4   9   4   5   3   3   3   9   6   1   8   5   8   6   2   7   1   9   9   2   2   4   7   1   1   0   8 
  3   7   8   9   1   6   6   5   4   5   9   6   5   4   6   4   8   8   6   1   9   2   9   4   6   9   4   5   2   5   3   5   1   3   4   3   8   9   9   1   7   2   5   5   7   1   6   1   4   0 
M5
  0   7   9   2   9   9   1   3   7   4   2   1   7   5   4   7   3   1   7   1   8   4   1   9   7   9   9   6   4   3   3   5   8   4   5   6   3   8   8   5   4   2   3   3   6   9   7   1   6   6 
  6   0   5   7   8   1   3   6   2   8   4   7   7   6   8   5   2   6   8   6   4   9   1   7   7   1   4   5   4   4   4   3   1   8   6   1   6   7   3   4   7   1   8   2   8   3   1   8   9   7 
  8   8   0   8   3   7   6   9   8   4   7   4   5   2   5   7   5   2   7   2   6   9   3   6   7   5   5   8   5   6   3   6   7   1   1   2   9   3   4   9   4   6   8   9   7   4   5   5   1   4 
  7   4   6   0   1   9   5   2   6   3   1   3   1   3   2   1   9   7   5   2   6   3   8   8   9   2   5   3   6   4   1   5   1   4   3   4   4   4   1   8   8   4   9   3   2   1   1   4   5   2 
  6   9   4   9   0   8   1   9   3   8   6   5   3   6   4   3   8   7   2   2   1   3   8   6   4   8   3   6   5   4   6   8   1   1   9   2   2   8   7   6   4   8   2   9   1   9   1   1   4   6 
  8   1   4   7   3   0   2   8   2   6   3   3   6   7   8   8   8   4   3   2   9   5   4   5   3   4   4   9   8   4   5   3   3   5   6   4   2   9   2   2   4   5   9   8   3   5   8   9   2   7 
  3   2   7   5   5   1   0   6   2   5   6   9   4   7   2   6   7   9   9   4   5   9   1   3   3   8   5   6   1   9   2   9   3   6   8   2   2   3   2   9   3   6   4   8   1   4   3   5   3   3 
  8   9   8   5   1   5   3   0   4   3   2   3   4   2   8   3   3   2   9   3   1   5   5   4   4   7   4   2   4   8   8   7   6   3   8   8   6   5   2   6   6   9   9   9   6   8   3   2   2   1 
  2   8   7   2   6   7   9   2   0   8   5   9   2   6   3   6   4   1   4   1   6   4   8   1   5   1   4   8   8   7   5   5   1   8   4   2   5   7   3   5   3   4   2   8   4   8   7   4   7   5 
  4   4   3   7   3   4   2   7   8   0   4   6   5   4   6   5   6   1   1   1   9   6   7   1   5   3   4   7   9   4   5   2   8   4   3   6   6   3   5   3   9   1   2   3   3   6   6   3   5   9 
  1   8   9   2   2   8   1   3   1   5   0   8   2   6   5   5   6   7   1   3   5   8   6   6   3   8   8   1   1   7   1   1   1   6   3   5   6   6   1   9   4   4   6   4   3   5   4   2   2   3 
  5   9   6   1   1   6   9   8   6   5   7   0   6   1   5   6   8   8   2   3   7   4   6   2   4   5   6   3   2   3   6   4   3   9   5   8   9   5   1   6   5   7   5   9   7   5   4   9   3   7 
  7   7   4   4   8   7   7   8   3   5   6   6   0   5   7   9   8   8   9   3   3   7   2   4   7   5   9   1   4   8   6   1   9   8   3   2   7   4   5   5   8   6   1   8   6   6   1   5   7   5 
  6   1   3   1   3   1   6   2   2   5   2   4   8   0   2   4   1   6   7   9   3   8   8   3   4   2   5   3   8   4   5   7   3   5   1   1   3   4   8   8   3   7   3   9   2   5   9   1   4   1 
  4   3   2   7   4   7   2   7   1   7   1   2   1   4   0   2   9   8   6   5   4   4   4   8   1   5   2   7   8   3   5   1   6   5   8   7   1   2   6   4   6   3   6   7   6   6   6   5   7   7 
  9   1   8   9   7   7   3   8   1   6   7   5   9   4   8   0   3   9   4   1   6   9   1   9   9   4   6   3   7   2   6   2   8   2   1   1   2   1   1   2   6   8   4   8   3   5   9   7   5   1 
  6   4   6   2   8   9   3   1   1   3   1   7   1   2   7   7   0   4   2   6   3   9   3   7   2   8   6   1   6   9   9   4   5   9   5   6   6   7   3   5   3   6   2   6   5   7   7   4   3   5 
  9   7   8   9   1   5   2   2   1   2   3   2   1   5   7   8   4   0   1   8   1   6   8   5   5   2   1   4   1   1   2   5   6   1   2   5   2   1   6   8   5   3   6   8   6   7   1   6   6   6 
  5   8   2   1   3   6   9   3   7   4   5   2   4   9   2   6   9   1   0   4   2   3   5   1   2   6   3   8   8   2   1   4   1   2   5   2   9   2   4   9   2   4   2   4   8   5   9   4   1   3 
  6   3   7   9   4   1   5   3   3   6   6   9   6   9   8   6   3   6   6   0   2   1   6   5   3   3   8   5   4   4   7   7   5   6   6   7   4   5   7   3   3   8   5   3   5   7   1   5   5   9 
  3   6   7   9   2   3   9   4   6   2   4   4   5   6   6   6   4   4   5   2   0   8   9   4   6   8   5   6   8   2   5   8   8   4   5   6   4   9   5   4   7   8   3   4   1   4   6   4   7   3 
  1   3   1   8   9   3   8   8   2   6   5   1   1   5   9   9   5   8   9   8   3   0   9   2   5   5   3   4   7   5   8   4   4   1   4   6   7   1   5   9   7   6   4   1   3   1   1   9   9   4 
  5   6   9   6   7   8   7   9   2   9   4   5   3   2   2   4   6   1   1   7   5   9   0   8   9   8   9   7   8   6   3   3   3   9   4   5   1   2   9   9   8   3   2   1   4   5   8   4   4   8 
  1   5   7   1   6   1   9   6   9   8   5   3   5   8   5   8   4   5   8   4   2   9   9   0   9   7   3   9   1   9   5   9   9   3   7   1   5   6   7   5   9   7   6   3   8   1   9   9   8   3 
  6   6   7   5   6   9   5   9   1   9   4   7   8   5   7   1   3   1   9   5   3   8   2   8   0   5   1   2   3   5   4   8   4   4   4   2   5   3   7   9   1   8   7   5   6   2   7   8   2   3 
  5   9   4   3   8   8   3   6   6   9   9   4   1   2   6   6   1   4   7   5   6   2   4   2   2   0   8   2   2   8   3   1   9   8   3   2   1   3   7   7   5   5   2   6   5   6   4   6   3   9 
  4   4   7   5   9   7   8   9   3   2   6   1   4   4   2   7   6   8   2   2   3   3   7   6   4   2   0   3   4   9   6   9   6   7   4   1   8   2   2   9   4   6   7   5   8   2   8   3   1   5 
  4   6   2   1   3   9   4   4   7   5   1   7   7   2   9   1   7   5   1   4   5   5   8   7   6   2   6   0   8   8   1   5   9   2   2   6   4   9   4   3   9   4   1   1   7   9   4   3   7   4 
  6   8   6   5   4   6   9   7   3   3   5   7   6   4   3   7   5   5   2   1   2   6   9   4   9   2   6   6   0   7   1   6   1   8   8   1   5   5   8   8   8   3   6   3   4   4   2   6   9   5 
  2   3   1   8   8   1   8   9   5   4   1   3   9   4   4   5   1   8   9   9   7   9   3   3   9   6   5   9   3   0   8   8   7   5   5   8   6   2   9   8   9   3   7   2   1   8   4   5   5   5 
  6   7   6   4   3   3   2   3   2   7   6   2   2   4   3   2   8   7   8   3   4   6   3   5   7   7   1   9   1   7   0   9   6   8   8   1   9   2   1   9   5   1   6   8   3   5   8   1   8   1 
  7   9   3   6   2   5   5   5   3   4   4   2   9   3   5   5   9   2   7   3   5   9   6   4   1   9   2   1   4   9   4   0   4   2   5   9   9   5   4   2   9   4   3   9   5   9   7   6   9   5 
  6   4   5   1   5   9   9   9   5   6   9   7   9   8   3   9   7   1   9   5   5   9   8   3   8   2   6   8   4   5   1   8   0   3   8   6   2   3   4   3   7   9   8   4   9   7   6   2   1   3 
  5   6   1   2   1   6   8   7   3   8   5   8   9   2   8   2   4   8   5   5   4   3   4   6   6   4   3   4   8   8   3   3   1   0   9   9   2   3   3   7   9   3   9   8   1   1   4   2   9   1 
  9   6   9   2   7   5   7   9   9   6   6   6   6   5   5   2   8   2   4   5   3   8   6   3   2   7   1   9   6   4   2   1   7   7   0   1   4   1   7   6   4   1   6   9   4   8   8   1   5   3 
  6   7   9   7   6   5   6   9   2   3   7   6   4   8   8   5   3   3   9   8   1   7   9   8   9   9   9   6   2   8   9   8   4   1   2   0   8   3   2   2   8   4   9   8   2   6   4   8   3   9 
  4   9   6   5   1   1   7   1   2   2   9   7   3   5   6   9   7   3   8   7   3   8   8   3   2   3   2   6   8   4   9   3   4   8   1   7   0   3   2   5   4   4   8   4   6   5   9   2   2   3 
  2   9   2   7   1   9   6   6   5   7   1   1   8   9   7   4   9   6   7   8   3   7   1   2   5   2   8   7   6   1   2   7   3   6   9   5   3   0   8   9   1   5   3   5   9   7   6   7   8   2 
  9   2   6   4   2   1   7   1   6   9   7   5   2   7   4   6   2   6   1   4   2   4   8   3   1   9   5   9   4   5   5   2   6   9   6   1   9   8   0   3   2   8   8   6   5   2   4   9   4   9 
  6   9   1   9   2   5   2   6   8   9   9   6   7   2   3   7   7   9   8   4   6   2   7   3   9   1   7   9   7   6   2   7   4   1   4   2   9   1   9   0   1   3   7   7   6   8   2   7   4   5 
  7   4   9   1   7   9   4   9   4   3   9   4   1   5   3   7   7   5   6   5   3   3   7   1   2   1   7   1   8   1   4   9   6   7   3   3   6   6   8   1   0   2   4   5   7   9   2   8   8   6 
  6   5   6   6   3   5   5   3   6   4   4   7   9   8   5   5   7   6   4   5   1   4   3   7   4   6   6   3   6   2   4   5   8   9   5   4   1   6   5   6   3   0   3   7   3   8   3   8   3   3 
  7   8   6   1   7   1   5   5   7   6   3   6   4   4   2   3   4   3   8   1   6   2   7   9   6   4   2   2   3   9   8   3   4   3   1   3   7   7   2   1   8   4   0   8   8   7   2   8   3   1 
  7   1   3   9   3   8   7   5   4   5   6   1   7   8   7   2   4   4   4   4   5   8   8   1   8   3   5   7   6   7   6   3   1   8   2   6   6   9   8   9   6   7   7   0   2   3   8   3   9   1 
  8   2   3   3   5   8   1   7   9   2   8   4   5   9   5   9   8   9   2   5   3   2   4   4   8   5   6   9   4   1   8   2   7   3   5   2   1   8   7   7   3   6   5   7   0   7   2   7   1   4 
  2   8   5   8   1   9   2   5   9   6   6   5   1   6   7   7   8   3   1   4   1   6   5   8   3   4   9   6   2   5   7   8   8   1   5   8   1   8   4   6   5   4   7   4   8   0   8   8   4   6 
  7   1   4   9   3   8   2   9   5   6   4   8   3   5   1   1   5   6   7   2   1   4   2   2   9   4   2   7   5   6   8   6   7   8   4   2   2   2   4   2   2   2   8   4   7   3   0   9   5   3 
  5   8   3   2   4   5   7   5   4   7   9   3   3   3   1   1   4   7   4   1   3   7   4   1   2   9   8   8   4   7   5   2   3   2   7   2   3   4   9   2   5   5   2   8   2   2   2   0   2   3 
  6   7   7   9   8   7   4   2   8   2   3   4   7   1   8   5   3   4   7   5   6   3   6   4   9   4   5   3   3   3   9   6   1   8   5   8   6   2   7   1   9   9   2   2   4   7   1   1   0   8 
  3   7   8   9   1   6   6   5   4   5   9   6   5   4   6   4   8   8   6   1   9   2   9   4   6   9   4   5   2   5   3   5   1   3   4   3   8   9   9   1   7   2   5   5   7   1   6   1   4   0 
M6
  0   7   9   2   9   9   1   3   7   4   2   1   7   5   4   7   3   1   7   1   8   4   1   9   7   9   9   6   4   3   3   5   8   4   5   6   3   8   8   5   4   2   3   3   6   9   7   1   6   6 
  6   0   5   7   8   1   3   6   2   8   4   7   7   6   8   5   2   6   8   6   4   9   1   7   7   1   4   5   4   4   4   3   1   8   6   1   6   7   3   4   7   1   8   2   8   3   1   8   9   7 
  8   8   0   8   3   7   6   9   8   4   7   4   5   2   5   7   5   2   7   2   6   9   3   6   7   5   5   8   5   6   3   6   7   1   1   2   9   3   4   9   4   6   8   9   7   4   5   5   1   4 
  7   4   6   0   1   9   5   2   6   3   1   3   1   3   2   1   9   7   5   2   6   3   8   8   9   2   5   3   6   4   1   5   1   4   3   4   4   4   1   8   8   4   9   3   2   1   1   4   5   2 
  6   9   4   9   0   8   1   9   3   8   6   5   3   6   4   3   8   7   2   2   1   3   8   6   4   8   3   6   5   4   6   8   1   1   9   2   2   8   7   6   4   8   2   9   1   9   1   1   4   6 
  8   1   4   7   3   0   2   8   2   6   3   3   6   7   8   8   8   4   3   2   9   5   4   5   3   4   4   9   8   4   5   3   3   5   6   4   2   9   2   2   4   5   9   8   3   5   8   9   2   7 
  3   2   7   5   5   1   0   6   2   5   6   9   4   7   2   6   7   9   9   4   5   9   1   3   3   8   5   6   1   9   2   9   3   6   8   2   2   3   2   9   3   6   4   8   1   4   3   5   3   3 
  8   9   8   5   1   5   3   0   4   3   2   3   4   2   8   3   3   2   9   3   1   5   5   4   4   7   4   2   4   8   8   7   6   3   8   8   6   5   2   6   6   9   9   9   6   8   3   2   2   1 
  2   8   7   2   6   7   9   2   0   8   5   9   2   6   3   6   4   1   4   1   6   4   8   1   5   1   4   8   8   7   5   5   1   8   4   2   5   7   3   5   3   4   2   8   4   8   7   4   7   5 
  4   4   3   7   3   4   2   7   8   0   4   6   5   4   6   5   6   1   1   1   9   6   7   1   5   3   4   7   9   4   5   2   8   4   3   6   6   3   5   3   9   1   2   3   3   6   6   3   5   9 
  1   8   9   2   2   8   1   3   1   5   0   8   2   6   5   5   6   7   1   3   5   8   6   6   3   8   8   1   1   7   1   1   1   6   3   5   6   6   1   9   4   4   6   4   3   5   4   2   2   3 
  5   9   6   1   1   6   9   8   6   5   7   0   6   1   5   6   8   8   2   3   7   4   6   2   4   5   6   3   2   3   6   4   3   9   5   8   9   5   1   6   5   7   5   9   7   5   4   9   3   7 
  7   7   4   4   8   7   7   8   3   5   6   6   0   5   7   9   8   8   9   3   3   7   2   4   7   5   9   1   4   8   6   1   9   8   3   2   7   4   5   5   8   6   1   8   6   6   1   5   7   5 
  6   1   3   1   3   1   6   2   2   5   2   4   8   0   2   4   1   6   7   9   3   8   8   3   4   2   5   3   8   4   5   7   3   5   1   1   3   4   8   8   3   7   3   9   2   5   9   1   4   1 
  4   3   2   7   4   7   2   7   1   7   1   2   1   4   0   2   9   8   6   5   4   4   4   8   1   5   2   7   8   3   5   1   6   5   8   7   1   2   6   4   6   3   6   7   6   6   6   5   7   7 
  9   1   8   9   7   7   3   8   1   6   7   5   9   4   8   0   3   9   4   1   6   9   1   9   9   4   6   3   7   2   6   2   8   2   1   1   2   1   1   2   6   8   4   8   3   5   9   7   5   1 
  6   4   6   2   8   9   3   1   1   3   1   7   1   2   7   7   0   4   2   6   3   9   3   7   2   8   6   1   6   9   9   4   5   9   5   6   6   7   3   5   3   6   2   6   5   7   7   4   3   5 
  9   7   8   9   1   5   2   2   1   2   3   2   1   5   7   8   4   0   1   8   1   6   8   5   5   2   1   4   1   1   2   5   6   1   2   5   2   1   6   8   5   3   6   8   6   7   1   6   6   6 
  5   8   2   1   3   6   9   3   7   4   5   2   4   9   2   6   9   1   0   4   2   3   5   1   2   6   3   8   8   2   1   4   1   2   5   2   9   2   4   9   2   4   2   4   8   5   9   4   1   3 
  6   3   7   9   4   1   5   3   3   6   6   9   6   9   8   6   3   6   6   0   2   1   6   5   3   3   8   5   4   4   7   7   5   6   6   7   4   5   7   3   3   8   5   3   5   7   1   5   5   9 
  3   6   7   9   2   3   9   4   6   2   4   4   5   6   6   6   4   4   5   2   0   8   9   4   6   8   5   6   8   2   5   8   8   4   5   6   4   9   5   4   7   8   3   4   1   4   6   4   7   3 
  1   3   1   8   9   3   8   8   2   6   5   1   1   5   9   9   5   8   9   8   3   0   9   2   5   5   3   4   7   5   8   4   4   1   4   6   7   1   5   9   7   6   4   1   3   1   1   9   9   4 
  5   6   9   6   7   8   7   9   2   9   4   5   3   2   2   4   6   1   1   7   5   9   0   8   9   8   9   7   8   6   3   3   3   9   4   5   1   2   9   9   8   3   2   1   4   5   8   4   4   8 
  1   5   7   1   6   1   9   6   9   8   5   3   5   8   5   8   4   5   8   4   2   9   9   0   9   7   3   9   1   9   5   9   9   3   7   1   5   6   7   5   9   7   6   3   8   1   9   9   8   3 
  6   6   7   5   6   9   5   9   1   9   4   7   8   5   7   1   3   1   9   5   3   8   2   8   0   5   1   2   3   5   4   8   4   4   4   2   5   3   7   9   1   8   7   5   6   2   7   8   2   3 
  5   9   4   3   8   8   3   6   6   9   9   4   1   2   6   6   1   4   7   5   6   2   4   2   2   0   8   2   2   8   3   1   9   8   3   2   1   3   7   7   5   5   2   6   5   6   4   6   3   9 
  4   4   7   5   9   7   8   9   3   2   6   1   4   4   2   7   6   8   2   2   3   3   7   6   4   2   0   3   4   9   6   9   6   7   4   1   8   2   2   9   4   6   7   5   8   2   8   3   1   5 
  4   6   2   1   3   9   4   4   7   5   1   7   7   2   9   1   7   5   1   4   5   5   8   7   6   2   6   0   8   8   1   5   9   2   2   6   4   9   4   3   9   4   1   1   7   9   4   3   7   4 
  6   8   6   5   4   6   9   7   3   3   5   7   6   4   3   7   5   5   2   1   2   6   9   4   9   2   6   6   0   7   1   6   1   8   8   1   5   5   8   8   8   3   6   3   4   4   2   6   9   5 
  2   3   1   8   8   1   8   9   5   4   1   3   9   4   4   5   1   8   9   9   7   9   3   3   9   6   5   9   3   0   8   8   7   5   5   8   6   2   9   8   9   3   7   2   1   8   4   5   5   5 
  6   7   6   4   3   3   2   3   2   7   6   2   2   4   3   2   8   7   8   3   4   6   3   5   7   7   1   9   1   7   0   9   6   8   8   1   9   2   1   9   5   1   6   8   3   5   8   1   8   1 
  7   9   3   6   2   5   5   5   3   4   4   2   9   3   5   5   9   2   7   3   5   9   6   4   1   9   2   1   4   9   4   0   4   2   5   9   9   5   4   2   9   4   3   9   5   9   7   6   9   5 
  6   4   5   1   5   9   9   9   5   6   9   7   9   8   3   9   7   1   9   5   5   9   8   3   8   2   6   8   4   5   1   8   0   3   8   6   2   3   4   3   7   9   8   4   9   7   6   2   1   3 
  5   6   1   2   1   6   8   7   3   8   5   8   9   2   8   2   4   8   5   5   4   3   4   6   6   4   3   4   8   8   3   3   1   0   9   9   2   3   3   7   9   3   9   8   1   1   4   2   9   1 
  9   6   9   2   7   5   7   9   9   6   6   6   6   5   5   2   8   2   4   5   3   8   6   3   2   7   1   9   6   4   2   1   7   7   0   1   4   1   7   6   4   1   6   9   4   8   8   1   5   3 
  6   7   9   7   6   5   6   9   2   3   7   6   4   8   8   5   3   3   9   8   1   7   9   8   9   9   9   6   2   8   9   8   4   1   2   0   8   3   2   2   8   4   9   8   2   6   4   8   3   9 
  4   9   6   5   1   1   7   1   2   2   9   7   3   5   6   9   7   3   8   7   3   8   8   3   2   3   2   6   8   4   9   3   4   8   1   7   0   3   2   5   4   4   8   4   6   5   9   2   2   3 
  2   9   2   7   1   9   6   6   5   7   1   1   8   9   7   4   9   6   7   8   3   7   1   2   5   2   8   7   6   1   2   7   3   6   9   5   3   0   8   9   1   5   3   5   9   7   6   7   8   2 
  9   2   6   4   2   1   7   1   6   9   7   5   2   7   4   6   2   6   1   4   2   4   8   3   1   9   5   9   4   5   5   2   6   9   6   1   9   8   0   3   2   8   8   6   5   2   4   9   4   9 
  6   9   1   9   2   5   2   6   8   9   9   6   7   2   3   7   7   9   8   4   6   2   7   3   9   1   7   9   7   6   2   7   4   1   4   2   9   1   9   0   1   3   7   7   6   8   2   7   4   5 
  7   4   9   1   7   9   4   9   4   3   9   4   1   5   3   7   7   5   6   5   3   3   7   1   2   1   7   1   8   1   4   9   6   7   3   3   6   6   8   1   0   2   4   5   7   9   2   8   8   6 
  6   5   6   6   3   5   5   3   6   4   4   7   9   8   5   5   7   6   4   5   1   4   3   7   4   6   6   3   6   2   4   5   8   9   5   4   1   6   5   6   3   0   3   7   3   8   3   8   3   3 
  7   8   6   1   7   1   5   5   7   6   3   6   4   4   2   3   4   3   8   1   6   2   7   9   6   4   2   2   3   9   8   3   4   3   1   3   7   7   2   1   8   4   0   8   8   7   2   8   3   1 
  7   1   3   9   3   8   7   5   4   5   6   1   7   8   7   2   4   4   4   4   5   8   8   1   8   3   5   7   6   7   6   3   1   8   2   6   6   9   8   9   6   7   7   0   2   3   8   3   9   1 
  8   2   3   3   5   8   1   7   9   2   8   4   5   9   5   9   8   9   2   5   3   2   4   4   8   5   6   9   4   1   8   2   7   3   5   2   1   8   7   7   3   6   5   7   0   7   2   7   1   4 
  2   8   5   8   1   9   2   5   9   6   6   5   1   6   7   7   8   3   1   4   1   6   5   8   3   4   9   6   2   5   7   8   8   1   5   8   1   8   4   6   5   4   7   4   8   0   8   8   4   6 
  7   1   4   9   3   8   2   9   5   6   4   8   3   5   1   1   5   6   7   2   1   4   2   2   9   4   2   7   5   6   8   6   7   8   4   2   2   2   4   2   2   2   8   4   7   3   0   9   5   3 
  5   8   3   2   4   5   7   5   4   7   9   3   3   3   1   1   4   7   4   1   3   7   4   1   2   9   8   8   4   7   5   2   3   2   7   2   3   4   9   2   5   5   2   8   2   2   2   0   2   3 
  6   7   7   9   8   7   4   2   8   2   3   4   7   1   8   5   3   4   7   5   6   3   6   4   9   4   5   3   3   3   9   6   1   8   5   8   6   2   7   1   9   9   2   2   4   7   1   1   0   8 
  3   7   8   9   1   6   6   5   4   5   9   6   5   4   6   4   8   8   6   1   9   2   9   4   6   9   4   5   2   5   3   5   1   3   4   3   8   9   9   1   7   2   5   5   7   1   6   1   4   0 
M7
  0   7   9   2   9   9   1   3   7   4   2   1   7   5   4   7   3   1   7   1   8   4   1   9   7   9   9   6   4   3   3   5   8   4   5   6   3   8   8   5   4   2   3   3   6   9   7   1   6   6 
  6   0   5   7   8   1   3   6   2   8   4   7   7   6   8   5   2   6   8   6   4   9   1   7   7   1   4   5   4   4   4   3   1   8   6   1   6   7   3   4   7   1   8   2   8   3   1   8   9   7 
  8   8   0   8   3   7   6   9   8   4   7   4   5   2   5   7   5   2   7   2   6   9   3   6   7   5   5   8   5   6   3   6   7   1   1   2   9   3   4   9   4   6   8   9   7   4   5   5   1   4 
  7   4   6   0   1   9   5   2   6   3   1   3   1   3   2   1   9   7   5   2   6   3   8   8   9   2   5   3   6   4   1   5   1   4   3   4   4   4   1   8   8   4   9   3   2   1   1   4   5   2 
  6   9   4   9   0   8   1   9   3   8   6   5   3   6   4   3   8   7   2   2   1   3   8   6   4   8   3   6   5   4   6   8   1   1   9   2   2   8   7   6   4   8   2   9   1   9   1   1   4   6 
  8   1   4   7   3   0   2   8   2   6   3   3   6   7   8   8   8   4   3   2   9   5   4   5   3   4   4   9   8   4   5   3   3   5   6   4   2   9   2   2   4   5   9   8   3   5   8   9   2   7 
  3   2   7   5   5   1   0   6   2   5   6   9   4   7   2   6   7   9   9   4   5   9   1   3   3   8   5   6   1   9   2   9   3   6   8   2   2   3   2   9   3   6   4   8   1   4   3   5   3   3 
  8   9   8   5   1   5   3   0   4   3   2   3   4   2   8   3   3   2   9   3   1   5   5   4   4   7   4   2   4   8   8   7   6   3   8   8   6   5   2   6   6   9   9   9   6   8   3   2   2   1 
  2   8   7   2   6   7   9   2   0   8   5   9   2   6   3   6   4   1   4   1   6   4   8   1   5   1   4   8   8   7   5   5   1   8   4   2   5   7   3   5   3   4   2   8   4   8   7   4   7   5 
  4   4   3   7   3   4   2   7   8   0   4   6   5   4   6   5   6   1   1   1   9   6   7   1   5   3   4   7   9   4   5   2   8   4   3   6   6   3   5   3   9   1   2   3   3   6   6   3   5   9 
  1   8   9   2   2   8   1   3   1   5   0   8   2   6   5   5   6   7   1   3   5   8   6   6   3   8   8   1   1   7   1   1   1   6   3   5   6   6   1   9   4   4   6   4   3   5   4   2   2   3 
  5   9   6   1   1   6   9   8   6   5   7   0   6   1   5   6   8   8   2   3   7   4   6   2   4   5   6   3   2   3   6   4   3   9   5   8   9   5   1   6   5   7   5   9   7   5   4   9   3   7 
  7   7   4   4   8   7   7   8   3   5   6   6   0   5   7   9   8   8   9   3   3   7   2   4   7   5   9   1   4   8   6   1   9   8   3   2   7   4   5   5   8   6   1   8   6   6   1   5   7   5 
  6   1   3   1   3   1   6   2   2   5   2   4   8   0   2   4   1   6   7   9   3   8   8   3   4   2   5   3   8   4   5   7   3   5   1   1   3   4   8   8   3   7   3   9   2   5   9   1   4   1 
  4   3   2   7   4   7   2   7   1   7   1   2   1   4   0   2   9   8   6   5   4   4   4   8   1   5   2   7   8   3   5   1   6   5   8   7   1   2   6   4   6   3   6   7   6   6   6   5   7   7 
  9   1   8   9   7   7   3   8   1   6   7   5   9   4   8   0   3   9   4   1   6   9   1   9   9   4   6   3   7   2   6   2   8   2   1   1   2   1   1   2   6   8   4   8   3   5   9   7   5   1 
  6   4   6   2   8   9   3   1   1   3   1   7   1   2   7   7   0   4   2   6   3   9   3   7   2   8   6   1   6   9   9   4   5   9   5   6   6   7   3   5   3   6   2   6   5   7   7   4   3   5 
  9   7   8   9   1   5   2   2   1   2   3   2   1   5   7   8   4   0   1   8   1   6   8   5   5   2   1   4   1   1   2   5   6   1   2   5   2   1   6   8   5   3   6   8   6   7   1   6   6   6 
  5   8   2   1   3   6   9   3   7   4   5   2   4   9   2   6   9   1   0   4   2   3   5   1   2   6   3   8   8   2   1   4   1   2   5   2   9   2   4   9   2   4   2   4   8   5   9   4   1   3 
  6   3   7   9   4   1   5   3   3   6   6   9   6   9   8   6   3   6   6   0   2   1   6   5   3   3   8   5   4   4   7   7   5   6   6   7   4   5   7   3   3   8   5   3   5   7   1   5   5   9 
  3   6   7   9   2   3   9   4   6   2   4   4   5   6   6   6   4   4   5   2   0   8   9   4   6   8   5   6   8   2   5   8   8   4   5   6   4   9   5   4   7   8   3   4   1   4   6   4   7   3 
  1   3   1   8   9   3   8   8   2   6   5   1   1   5   9   9   5   8   9   8   3   0   9   2   5   5   3   4   7   5   8   4   4   1   4   6   7   1   5   9   7   6   4   1   3   1   1   9   9   4 
  5   6   9   6   7   8   7   9   2   9   4   5   3   2   2   4   6   1   1   7   5   9   0   8   9   8   9   7   8   6   3   3   3   9   4   5   1   2   9   9   8   3   2   1   4   5   8   4   4   8 
  1   5   7   1   6   1   9   6   9   8   5   3   5   8   5   8   4   5   8   4   2   9   9   0   9   7   3   9   1   9   5   9   9   3   7   1   5   6   7   5   9   7   6   3   8   1   9   9   8   3 
  6   6   7   5   6   9   5   9   1   9   4   7   8   5   7   1   3   1   9   5   3   8   2   8   0   5   1   2   3   5   4   8   4   4   4   2   5   3   7   9   1   8   7   5   6   2   7   8   2   3 
  5   9   4   3   8   8   3   6   6   9   9   4   1   2   6   6   1   4   7   5   6   2   4   2   2   0   8   2   2   8   3   1   9   8   3   2   1   3   7   7   5   5   2   6   5   6   4   6   3   9 
  4   4   7   5   9   7   8   9   3   2   6   1   4   4   2   7   6   8   2   2   3   3   7   6   4   2   0   3   4   9   6   9   6   7   4   1   8   2   2   9   4   6   7   5   8   2   8   3   1   5 
  4   6   2   1   3   9   4   4   7   5   1   7   7   2   9   1   7   5   1   4   5   5   8   7   6   2   6   0   8   8   1   5   9   2   2   6   4   9   4   3   9   4   1   1   7   9   4   3   7   4 
  6   8   6   5   4   6   9   7   3   3   5   7   6   4   3   7   5   5   2   1   2   6   9   4   9   2   6   6   0   7   1   6   1   8   8   1   5   5   8   8   8   3   6   3   4   4   2   6   9   5 
  2   3   1   8   8   1   8   9   5   4   1   3   9   4   4   5   1   8   9   9   7   9   3   3   9   6   5   9   3   0   8   8   7   5   5   8   6   2   9   8   9   3   7   2   1   8   4   5   5   5 
  6   7   6   4   3   3   2   3   2   7   6   2   2   4   3   2   8   7   8   3   4   6   3   5   7   7   1   9   1   7   0   9   6   8   8   1   9   2   1   9   5   1   6   8   3   5   8   1   8   1 
  7   9   3   6   2   5   5   5   3   4   4   2   9   3   5   5   9   2   7   3   5   9   6   4   1   9   2   1   4   9   4   0   4   2   5   9   9   5   4   2   9   4   3   9   5   9   7   6   9   5 
  6   4   5   1   5   9   9   9   5   6   9   7   9   8   3   9   7   1   9   5   5   9   8   3   8   2   6   8   4   5   1   8   0   3   8   6   2   3   4   3   7   9   8   4   9   7   6   2   1   3 
  5   6   1   2   1   6   8   7   3   8   5   8   9   2   8   2   4   8   5   5   4   3   4   6   6   4   3   4   8   8   3   3   1   0   9   9   2   3   3   7   9   3   9   8   1   1   4   2   9   1 
  9   6   9   2   7   5   7   9   9   6   6   6   6   5   5   2   8   2   4   5   3   8   6   3   2   7   1   9   6   4   2   1   7   7   0   1   4   1   7   6   4   1   6   9   4   8   8   1   5   3 
  6   7   9   7   6   5   6   9   2   3   7   6   4   8   8   5   3   3   9   8   1   7   9   8   9   9   9   6   2   8   9   8   4   1   2   0   8   3   2   2   8   4   9   8   2   6   4   8   3   9 
  4   9   6   5   1   1   7   1   2   2   9   7   3   5   6   9   7   3   8   7   3   8   8   3   2   3   2   6   8   4   9   3   4   8   1   7   0   3   2   5   4   4   8   4   6   5   9   2   2   3 
  2   9   2   7   1   9   6   6   5   7   1   1   8   9   7   4   9   6   7   8   3   7   1   2   5   2   8   7   6   1   2   7   3   6   9   5   3   0   8   9   1   5   3   5   9   7   6   7   8   2 
  9   2   6   4   2   1   7   1   6   9   7   5   2   7   4   6   2   6   1   4   2   4   8   3   1   9   5   9   4   5   5   2   6   9   6   1   9   8   0   3   2   8   8   6   5   2   4   9   4   9 
  6   9   1   9   2   5   2   6   8   9   9   6   7   2   3   7   7   9   8   4   6   2   7   3   9   1   7   9   7   6   2   7   4   1   4   2   9   1   9   0   1   3   7   7   6   8   2   7   4   5 
  7   4   9   1   7   9   4   9   4   3   9   4   1   5   3   7   7   5   6   5   3   3   7   1   2   1   7   1   8   1   4   9   6   7   3   3   6   6   8   1   0   2   4   5   7   9   2   8   8   6 
  6   5   6   6   3   5   5   3   6   4   4   7   9   8   5   5   7   6   4   5   1   4   3   7   4   6   6   3   6   2   4   5   8   9   5   4   1   6   5   6   3   0   3   7   3   8   3   8   3   3 
  7   8   6   1   7   1   5   5   7   6   3   6   4   4   2   3   4   3   8   1   6   2   7   9   6   4   2   2   3   9   8   3   4   3   1   3   7   7   2   1   8   4   0   8   8   7   2   8   3   1 
  7   1   3   9   3   8   7   5   4   5   6   1   7   8   7   2   4   4   4   4   5   8   8   1   8   3   5   7   6   7   6   3   1   8   2   6   6   9   8   9   6   7   7   0   2   3   8   3   9   1 
  8   2   3   3   5   8   1   7   9   2   8   4   5   9   5   9   8   9   2   5   3   2   4   4   8   5   6   9   4   1   8   2   7   3   5   2   1   8   7   7   3   6   5   7   0   7   2   7   1   4 
  2   8   5   8   1   9   2   5   9   6   6   5   1   6   7   7   8   3   1   4   1   6   5   8   3   4   9   6   2   5   7   8   8   1   5   8   1   8   4   6   5   4   7   4   8   0   8   8   4   6 
  7   1   4   9   3   8   2   9   5   6   4   8   3   5   1   1   5   6   7   2   1   4   2   2   9   4   2   7   5   6   8   6   7   8   4   2   2   2   4   2   2   2   8   4   7   3   0   9   5   3 
  5   8   3   2   4   5   7   5   4   7   9   3   3   3   1   1   4   7   4   1   3   7   4   1   2   9   8   8   4   7   5   2   3   2   7   2   3   4   9   2   5   5   2   8   2   2   2   0   2   3 
  6   7   7   9   8   7   4   2   8   2   3   4   7   1   8   5   3   4   7   5   6   3   6   4   9   4   5   3   3   3   9   6   1   8   5   8   6   2   7   1   9   9   2   2   4   7   1   1   0   8 
  3   7   8   9   1   6   6   5   4   5   9   6   5   4   6   4   8   8   6   1   9   2   9   4   6   9   4   5   2   5   3   5   1   3   4   3   8   9   9   1   7   2   5   5   7   1   6   1   4   0 
Reldue
 1643    9    4
 1637    4    9
 1942    4    9
  733    5    4
  786    1    8
  752    1    1
  729    6    2
 1015    4    7
 1122    2    5
 1018    7    6
 1897    1    7
 1821    8    5
  744    5    6
 1545    3    3
 1100    2    8
 1187    8    8
 1591    7    6
  651    4    2
 1210    1    8
 1298    1    8
 1767    3    5
 1045    2    9
 1406    6    9
  390    4    9
  966    7    2
 1192    6    5
 1112    1    8
 1155    7    1
  760    2    4
 1478    9    9
 1755    2    4
  726    1    1
 1346    8    6
 1093    2    6
  980    8    4
 1681    5    2
 1059    2    7
 1177    1    7
  927    8    1
 1422    3    5
 1191    6    8
 1062    1    5
 1144    4    5
  477    5    5
 1423    7    6
  871    2    8
 1575    1    8
 1059    1    6
  993    2    9
  572    3    1
DDW
 1513  1774
 1490  1785
 1836  2047
  679   788
  721   851
  680   824
  658   799
  928  1102
 1042  1202
  927  1110
 1737  2056
 1669  1974
  701   787
 1451  1640
 1006  1193
 1120  1255
 1434  1749
  590   712
 1101  1319
 1230  1366
 1652  1881
  956  1135
 1279  1533
  369   412
  900  1032
 1126  1259
 1018  1206
 1091  1219
  684   836
 1391  1565
 1581  1929
  654   797
 1274  1419
  996  1190
  894  1066
 1587  1775
  953  1164
 1083  1270
  871   982
 1301  1542
 1104  1277
  972  1152
 1042  1246
  451   503
 1302  1544
  825   917
 1458  1691
  976  1141
  922  1063
  535   608
