20   5
MD
  4  5  5  3  3
PT
 59  80  25  17  18   9  21  21   3   4  78  22  83  16  68   1  53  10  36  85 
 56  90  13  20  37  54  41  30  21  38  30   9  55  66  15  15  15  94  87  69 
 42   3  82  32  25  89  34  76  99  61  56  45  82  49  33   6  31  49  66  62 
 66  79  52  51  29  50  54  73  56   9  10  24   4  36  26  31  84  46  49   5 
 84  94  87  34  57  50  96  57  93  53  71   1  72  45  39  88  22  69   4  65 
SSD
M0
  0   2   8   2   7   3   9   4   8   7   1   9   4   1   1   2   3   3   3   1 
  8   0   8   3   9   8   2   2   1   5   6   6   4   3   2   7   5   2   7   2 
  7   1   0   8   7   5   3   2   3   2   8   3   4   6   8   6   1   1   6   5 
  7   9   5   0   1   9   2   1   8   8   9   6   9   2   4   9   8   1   6   3 
  2   2   5   5   0   4   8   9   7   4   2   8   5   8   9   9   6   3   8   3 
  7   8   1   7   9   0   4   7   5   3   4   3   1   6   9   1   8   4   1   4 
  5   6   7   6   2   4   0   7   2   7   9   8   6   7   1   5   5   3   2   4 
  2   8   4   8   2   8   5   0   1   4   8   3   1   4   5   7   1   9   6   8 
  9   5   7   9   9   5   7   2   0   6   1   9   6   2   4   8   9   2   6   8 
  4   3   5   6   6   4   5   5   5   0   7   6   4   9   2   1   5   4   7   3 
  7   6   1   3   7   2   5   1   6   4   0   6   3   7   6   1   5   7   8   1 
  7   7   5   2   2   2   4   2   6   3   1   0   2   9   1   2   3   9   7   2 
  9   3   9   4   8   7   1   2   9   2   5   2   0   2   3   1   3   5   5   7 
  8   9   1   7   3   5   1   3   1   6   5   8   6   0   7   9   6   9   8   7 
  9   5   6   6   9   6   5   4   2   7   4   3   1   6   0   9   1   9   7   3 
  6   6   4   2   9   8   4   1   6   9   6   3   9   4   5   0   3   9   3   2 
  7   5   3   1   6   4   1   5   4   4   2   4   9   3   9   9   0   9   9   1 
  4   1   5   9   1   1   7   8   7   4   6   8   8   7   8   7   1   0   6   9 
  3   4   4   3   6   8   8   4   3   3   6   9   1   4   7   4   7   8   0   1 
  7   5   7   7   3   6   3   2   9   5   5   1   7   8   3   7   7   2   4   0 
M1
  0   2   8   2   7   3   9   4   8   7   1   9   4   1   1   2   3   3   3   1 
  8   0   8   3   9   8   2   2   1   5   6   6   4   3   2   7   5   2   7   2 
  7   1   0   8   7   5   3   2   3   2   8   3   4   6   8   6   1   1   6   5 
  7   9   5   0   1   9   2   1   8   8   9   6   9   2   4   9   8   1   6   3 
  2   2   5   5   0   4   8   9   7   4   2   8   5   8   9   9   6   3   8   3 
  7   8   1   7   9   0   4   7   5   3   4   3   1   6   9   1   8   4   1   4 
  5   6   7   6   2   4   0   7   2   7   9   8   6   7   1   5   5   3   2   4 
  2   8   4   8   2   8   5   0   1   4   8   3   1   4   5   7   1   9   6   8 
  9   5   7   9   9   5   7   2   0   6   1   9   6   2   4   8   9   2   6   8 
  4   3   5   6   6   4   5   5   5   0   7   6   4   9   2   1   5   4   7   3 
  7   6   1   3   7   2   5   1   6   4   0   6   3   7   6   1   5   7   8   1 
  7   7   5   2   2   2   4   2   6   3   1   0   2   9   1   2   3   9   7   2 
  9   3   9   4   8   7   1   2   9   2   5   2   0   2   3   1   3   5   5   7 
  8   9   1   7   3   5   1   3   1   6   5   8   6   0   7   9   6   9   8   7 
  9   5   6   6   9   6   5   4   2   7   4   3   1   6   0   9   1   9   7   3 
  6   6   4   2   9   8   4   1   6   9   6   3   9   4   5   0   3   9   3   2 
  7   5   3   1   6   4   1   5   4   4   2   4   9   3   9   9   0   9   9   1 
  4   1   5   9   1   1   7   8   7   4   6   8   8   7   8   7   1   0   6   9 
  3   4   4   3   6   8   8   4   3   3   6   9   1   4   7   4   7   8   0   1 
  7   5   7   7   3   6   3   2   9   5   5   1   7   8   3   7   7   2   4   0 
M2
  0   2   8   2   7   3   9   4   8   7   1   9   4   1   1   2   3   3   3   1 
  8   0   8   3   9   8   2   2   1   5   6   6   4   3   2   7   5   2   7   2 
  7   1   0   8   7   5   3   2   3   2   8   3   4   6   8   6   1   1   6   5 
  7   9   5   0   1   9   2   1   8   8   9   6   9   2   4   9   8   1   6   3 
  2   2   5   5   0   4   8   9   7   4   2   8   5   8   9   9   6   3   8   3 
  7   8   1   7   9   0   4   7   5   3   4   3   1   6   9   1   8   4   1   4 
  5   6   7   6   2   4   0   7   2   7   9   8   6   7   1   5   5   3   2   4 
  2   8   4   8   2   8   5   0   1   4   8   3   1   4   5   7   1   9   6   8 
  9   5   7   9   9   5   7   2   0   6   1   9   6   2   4   8   9   2   6   8 
  4   3   5   6   6   4   5   5   5   0   7   6   4   9   2   1   5   4   7   3 
  7   6   1   3   7   2   5   1   6   4   0   6   3   7   6   1   5   7   8   1 
  7   7   5   2   2   2   4   2   6   3   1   0   2   9   1   2   3   9   7   2 
  9   3   9   4   8   7   1   2   9   2   5   2   0   2   3   1   3   5   5   7 
  8   9   1   7   3   5   1   3   1   6   5   8   6   0   7   9   6   9   8   7 
  9   5   6   6   9   6   5   4   2   7   4   3   1   6   0   9   1   9   7   3 
  6   6   4   2   9   8   4   1   6   9   6   3   9   4   5   0   3   9   3   2 
  7   5   3   1   6   4   1   5   4   4   2   4   9   3   9   9   0   9   9   1 
  4   1   5   9   1   1   7   8   7   4   6   8   8   7   8   7   1   0   6   9 
  3   4   4   3   6   8   8   4   3   3   6   9   1   4   7   4   7   8   0   1 
  7   5   7   7   3   6   3   2   9   5   5   1   7   8   3   7   7   2   4   0 
M3
  0   2   8   2   7   3   9   4   8   7   1   9   4   1   1   2   3   3   3   1 
  8   0   8   3   9   8   2   2   1   5   6   6   4   3   2   7   5   2   7   2 
  7   1   0   8   7   5   3   2   3   2   8   3   4   6   8   6   1   1   6   5 
  7   9   5   0   1   9   2   1   8   8   9   6   9   2   4   9   8   1   6   3 
  2   2   5   5   0   4   8   9   7   4   2   8   5   8   9   9   6   3   8   3 
  7   8   1   7   9   0   4   7   5   3   4   3   1   6   9   1   8   4   1   4 
  5   6   7   6   2   4   0   7   2   7   9   8   6   7   1   5   5   3   2   4 
  2   8   4   8   2   8   5   0   1   4   8   3   1   4   5   7   1   9   6   8 
  9   5   7   9   9   5   7   2   0   6   1   9   6   2   4   8   9   2   6   8 
  4   3   5   6   6   4   5   5   5   0   7   6   4   9   2   1   5   4   7   3 
  7   6   1   3   7   2   5   1   6   4   0   6   3   7   6   1   5   7   8   1 
  7   7   5   2   2   2   4   2   6   3   1   0   2   9   1   2   3   9   7   2 
  9   3   9   4   8   7   1   2   9   2   5   2   0   2   3   1   3   5   5   7 
  8   9   1   7   3   5   1   3   1   6   5   8   6   0   7   9   6   9   8   7 
  9   5   6   6   9   6   5   4   2   7   4   3   1   6   0   9   1   9   7   3 
  6   6   4   2   9   8   4   1   6   9   6   3   9   4   5   0   3   9   3   2 
  7   5   3   1   6   4   1   5   4   4   2   4   9   3   9   9   0   9   9   1 
  4   1   5   9   1   1   7   8   7   4   6   8   8   7   8   7   1   0   6   9 
  3   4   4   3   6   8   8   4   3   3   6   9   1   4   7   4   7   8   0   1 
  7   5   7   7   3   6   3   2   9   5   5   1   7   8   3   7   7   2   4   0 
M4
  0   2   8   2   7   3   9   4   8   7   1   9   4   1   1   2   3   3   3   1 
  8   0   8   3   9   8   2   2   1   5   6   6   4   3   2   7   5   2   7   2 
  7   1   0   8   7   5   3   2   3   2   8   3   4   6   8   6   1   1   6   5 
  7   9   5   0   1   9   2   1   8   8   9   6   9   2   4   9   8   1   6   3 
  2   2   5   5   0   4   8   9   7   4   2   8   5   8   9   9   6   3   8   3 
  7   8   1   7   9   0   4   7   5   3   4   3   1   6   9   1   8   4   1   4 
  5   6   7   6   2   4   0   7   2   7   9   8   6   7   1   5   5   3   2   4 
  2   8   4   8   2   8   5   0   1   4   8   3   1   4   5   7   1   9   6   8 
  9   5   7   9   9   5   7   2   0   6   1   9   6   2   4   8   9   2   6   8 
  4   3   5   6   6   4   5   5   5   0   7   6   4   9   2   1   5   4   7   3 
  7   6   1   3   7   2   5   1   6   4   0   6   3   7   6   1   5   7   8   1 
  7   7   5   2   2   2   4   2   6   3   1   0   2   9   1   2   3   9   7   2 
  9   3   9   4   8   7   1   2   9   2   5   2   0   2   3   1   3   5   5   7 
  8   9   1   7   3   5   1   3   1   6   5   8   6   0   7   9   6   9   8   7 
  9   5   6   6   9   6   5   4   2   7   4   3   1   6   0   9   1   9   7   3 
  6   6   4   2   9   8   4   1   6   9   6   3   9   4   5   0   3   9   3   2 
  7   5   3   1   6   4   1   5   4   4   2   4   9   3   9   9   0   9   9   1 
  4   1   5   9   1   1   7   8   7   4   6   8   8   7   8   7   1   0   6   9 
  3   4   4   3   6   8   8   4   3   3   6   9   1   4   7   4   7   8   0   1 
  7   5   7   7   3   6   3   2   9   5   5   1   7   8   3   7   7   2   4   0 
Reldue
 1205    2    4
  582    9    3
  888    6    8
  544    5    8
  756    8    2
  908    3    2
  348    3    4
  358    8    1
  576    1    6
  656    4    5
  543    3    7
  272    8    1
  636    4    7
  878    2    3
  461    4    3
  340    6    1
  710    7    3
  706    8    9
  480    5    2
  724    9    2
DDW
 1131  1278
  545   619
  807   970
  497   590
  715   798
  861   954
  319   377
  324   392
  523   630
  609   703
  498   589
  254   289
  588   685
  808   948
  426   495
  313   368
  641   779
  636   777
  454   505
  655   793
