50   5
MD
  2  3  2  5  5
PT
 20  91  42  12   6  37   2  27  78  24  17  66  81  58  84  39  79  84  78  17  25  41  60  55  73  29   3  82  32  91  22  91  44  19  49  49  73  60  20   6  39  22  28  35  78  77  88  84  46  57 
 30  61  49  17  75  40  48  29   5  59  33  91  36  15  46  99  31  60  52  95  19  72  90  44  70  94  32  68  33   8   3  23  38  32  54  49  18  49  20  33  83  35  51  90   6   3  20  68  47  63 
  4  55  47  22  34  75  35   6  87  98  98  77  37  92  78  49   1  51  13  38  38  88   6  66  69  24  98  49  42  78  24  92  51  88  85  38  10  97  53  96  61   7  69  92  78  15  60  89  99  42 
 54   2  19  67  43  79  97  44  88  46  20  60  82  79  26  31  31  21  88  94  44  80   9  86  53  22  47   3  63  54  39  17  98  97  40  90  17  41   4  42  51  11  58  72  46  27  17  92  95  37 
 91  12  50   5  92  65   2  11   4  18  46  22  62  69  83  95  63  93  12  63  59  33  95  98  95  64  28  97  11  46   1  39  88  80  79  70   2  11  77  74  59  11  16  86  16   1  40  13  26  48 
SSD
M0
  0   8   7   5   9   6   9   9   1   7   1   5   3   4   2   7   8   1   3   5   1   7   1   3   8   7   2   8   5   6   3   5   7   1   4   1   3   3   8   3   6   3   3   1   4   4   2   9   8   6 
  1   0   3   3   2   3   5   1   5   9   5   4   8   6   9   3   3   4   7   3   7   8   2   1   6   7   6   2   9   9   1   9   8   4   4   7   4   5   6   8   8   4   7   6   8   5   2   6   3   6 
  2   9   0   4   5   6   8   2   6   9   8   6   5   8   2   1   8   3   9   2   4   9   7   2   7   8   4   7   3   3   8   1   2   4   3   7   8   5   2   1   2   5   5   9   5   7   2   8   6   1 
  3   2   5   0   3   7   6   3   6   9   6   8   9   8   9   8   5   3   3   8   8   7   4   3   5   2   5   7   9   3   6   3   8   3   1   5   1   1   1   3   8   5   1   1   9   2   1   1   9   4 
  3   5   1   3   0   7   6   1   5   7   5   2   2   8   1   8   9   7   8   9   5   4   4   8   6   2   6   6   8   8   8   2   6   5   7   9   1   1   1   6   1   8   3   8   1   9   3   5   5   5 
  3   8   5   4   2   0   4   6   1   9   2   4   4   5   4   9   2   2   4   4   5   8   2   3   2   6   6   8   3   4   3   9   4   2   1   2   8   7   1   7   9   5   6   7   1   7   4   2   6   2 
  9   6   5   2   2   2   0   8   6   9   1   7   6   1   6   1   8   2   1   6   4   7   3   2   3   8   9   2   7   3   5   6   4   1   9   8   9   2   5   1   9   2   9   4   5   4   3   7   9   7 
  6   2   4   6   6   2   1   0   3   2   6   4   7   3   1   4   3   5   2   7   7   5   3   3   9   2   6   8   2   7   2   5   3   8   1   4   7   9   1   6   9   4   5   3   3   3   6   8   9   1 
  6   3   3   6   5   3   4   9   0   6   2   7   9   1   1   1   6   4   1   9   6   1   5   1   2   5   6   3   7   7   4   4   3   1   8   1   6   4   5   8   1   2   9   5   3   1   9   2   3   6 
  6   1   8   8   2   2   4   7   9   0   6   2   2   5   9   9   1   8   1   9   2   3   1   9   6   1   8   7   7   5   1   4   7   7   6   3   9   6   2   1   6   6   7   6   3   9   3   8   9   5 
  6   9   5   4   8   3   6   9   1   6   0   4   1   7   2   7   1   6   1   3   7   8   6   1   8   9   7   1   9   2   2   7   5   8   1   5   7   2   3   4   1   9   6   1   3   5   8   8   6   3 
  8   6   7   3   9   3   8   3   4   9   7   0   4   5   3   2   3   8   8   3   2   9   4   6   8   6   3   1   3   2   4   5   1   5   3   3   6   9   5   8   6   1   4   8   4   2   1   1   4   6 
  4   5   4   3   6   2   8   4   5   6   9   2   0   7   4   1   4   2   6   3   2   9   9   2   7   5   4   5   2   9   2   7   4   5   6   7   7   6   6   3   2   2   1   9   9   6   6   3   1   4 
  1   3   6   5   9   8   8   2   4   3   3   8   9   0   8   1   5   2   3   7   1   1   5   8   8   4   8   6   4   8   6   9   9   9   9   2   7   4   4   8   7   5   2   7   3   1   6   1   5   4 
  7   3   2   5   3   9   9   1   9   1   7   8   2   1   0   2   2   1   6   1   9   6   3   6   3   4   2   2   8   5   1   2   7   9   7   1   8   5   1   2   5   8   8   3   5   1   3   5   4   1 
  7   3   2   8   1   4   3   3   4   2   6   9   6   3   8   0   5   4   9   8   1   7   8   5   7   6   4   6   7   3   4   4   2   1   7   6   5   2   6   9   1   4   1   7   2   2   6   9   4   2 
  1   7   7   6   6   4   6   1   7   2   4   8   9   8   3   2   0   4   9   1   7   6   5   7   4   9   9   3   6   4   1   3   8   4   4   3   2   7   5   9   9   5   3   8   2   8   2   5   3   6 
  2   8   2   7   4   4   6   9   2   3   8   1   7   8   8   7   9   0   3   3   9   5   4   8   6   3   6   7   5   9   1   1   6   2   6   6   9   7   8   6   7   8   2   9   6   5   9   9   9   4 
  4   7   5   3   7   9   3   4   7   4   5   1   4   8   1   2   1   3   0   7   3   5   3   9   5   5   3   5   3   5   3   4   1   1   3   7   1   7   1   9   2   8   9   7   2   2   6   4   7   1 
  3   2   1   4   9   7   4   4   2   1   1   2   9   6   8   1   3   5   1   0   6   9   8   5   4   5   5   1   1   2   6   4   7   2   1   5   8   2   4   9   9   3   2   5   8   3   2   8   7   9 
  8   7   2   6   8   3   6   8   5   3   4   3   4   1   5   8   4   8   2   9   0   3   3   8   3   4   2   2   3   3   3   6   7   2   1   7   8   6   7   9   4   9   3   2   8   6   4   1   4   5 
  5   6   7   8   3   4   3   5   2   3   9   1   8   9   3   2   1   6   3   4   6   0   5   7   3   4   3   2   2   2   1   5   3   4   3   5   1   7   3   7   5   2   1   8   7   9   8   3   8   7 
  2   5   8   6   4   3   5   4   6   1   3   7   8   3   8   6   2   8   4   1   1   4   0   4   3   1   8   2   6   2   7   4   3   1   6   1   2   8   9   9   3   5   8   7   2   4   3   1   1   1 
  7   8   7   5   6   9   4   7   6   1   2   1   1   1   8   2   8   7   2   9   6   5   4   0   5   1   5   6   7   8   9   1   5   2   7   4   2   2   8   5   4   2   8   7   1   3   1   7   2   9 
  6   2   4   6   4   1   6   3   4   1   2   6   9   2   2   5   6   8   9   5   9   7   3   4   0   1   4   5   5   8   5   9   2   8   8   2   6   4   1   9   2   5   6   4   1   7   4   7   3   7 
  4   9   6   6   6   6   9   4   7   2   9   6   2   1   6   6   9   6   6   6   9   1   9   8   8   0   5   9   9   9   9   2   8   2   4   2   1   5   9   6   1   2   5   2   2   9   9   5   4   4 
  4   3   5   4   8   1   1   8   5   8   3   5   1   2   9   6   6   2   3   6   1   3   1   4   7   9   0   5   2   3   3   5   7   1   9   1   2   3   5   7   6   3   5   7   6   6   6   9   1   2 
  6   6   2   9   9   3   8   9   8   8   8   6   5   7   3   2   7   1   4   3   4   2   5   9   9   7   8   0   9   1   2   6   2   9   8   2   6   3   3   2   7   4   1   7   9   6   3   9   8   6 
  8   5   8   6   1   1   7   7   5   9   9   8   1   7   8   8   7   8   6   6   1   6   9   6   9   9   8   7   0   5   4   4   6   3   3   9   4   7   5   1   8   9   6   4   5   9   3   7   1   5 
  8   6   5   4   6   7   1   7   7   9   2   5   7   3   3   3   4   5   9   2   6   9   4   1   9   5   8   7   3   0   1   8   2   2   4   4   3   7   6   1   8   5   1   1   4   6   4   7   5   3 
  3   2   2   3   1   5   7   6   9   4   8   1   8   2   8   4   2   1   4   6   2   2   4   4   5   3   4   1   6   1   0   6   9   7   4   5   6   9   1   7   9   5   1   2   6   6   3   5   5   1 
  9   2   8   6   5   6   2   2   6   5   6   7   4   3   8   7   5   6   8   4   9   9   9   8   9   9   7   2   5   8   8   0   4   4   2   8   2   2   8   2   3   7   7   4   9   7   5   4   7   7 
  1   3   1   7   3   8   7   5   2   4   9   7   8   4   7   2   9   3   2   8   8   8   2   6   5   2   5   3   5   5   5   9   0   6   6   1   8   6   4   1   4   8   8   4   5   1   3   3   4   8 
  1   7   9   2   5   3   8   2   6   2   4   5   4   9   6   9   3   9   5   5   1   6   6   1   5   7   9   3   2   7   1   3   7   0   9   5   1   2   9   4   8   9   8   8   7   2   2   6   6   5 
  6   1   9   9   4   9   9   5   7   4   6   3   8   3   3   8   9   6   8   1   8   9   3   3   6   7   3   6   9   6   8   3   4   1   0   6   6   8   8   9   1   1   3   5   5   6   6   2   5   7 
  7   2   9   7   4   5   2   5   8   6   1   7   5   9   1   3   3   4   3   4   3   8   1   4   7   6   1   5   8   3   1   2   7   2   3   0   9   4   5   3   5   8   8   2   4   3   9   5   8   7 
  8   4   1   5   8   1   3   4   4   2   6   5   8   6   4   2   7   2   1   6   4   4   8   1   9   6   1   1   7   6   5   6   5   2   6   6   0   8   1   7   9   8   4   8   8   3   1   4   8   9 
  1   7   7   3   7   3   3   4   6   7   9   2   6   7   4   7   2   5   4   5   8   1   5   1   1   6   6   4   7   2   9   6   9   8   1   5   4   0   5   6   1   6   7   6   4   2   2   5   1   5 
  7   2   9   2   5   3   2   7   5   6   7   6   6   7   1   9   7   4   8   5   4   8   6   6   4   6   2   7   6   6   1   6   4   9   2   5   2   2   0   9   7   1   7   3   6   1   1   6   2   4 
  4   5   8   3   3   7   2   6   7   6   4   8   3   4   8   5   6   5   7   1   6   1   2   6   8   7   8   1   9   9   9   5   7   2   7   2   2   2   9   0   3   7   2   2   4   1   5   7   3   3 
  9   7   5   3   3   9   4   7   4   9   9   8   1   8   2   7   4   7   1   3   2   2   5   8   8   1   8   3   2   9   4   5   8   5   8   2   4   4   6   8   0   7   9   2   4   5   3   8   7   4 
  4   8   9   8   1   6   5   6   3   9   7   1   9   7   3   1   5   5   4   1   2   6   6   3   7   4   2   5   8   8   9   1   3   9   9   2   3   8   8   9   4   0   8   3   8   4   6   7   9   1 
  6   6   7   3   3   1   8   6   8   4   4   9   7   6   7   2   8   7   5   3   4   4   9   4   9   3   5   8   4   2   7   8   7   3   7   3   5   3   3   1   3   3   0   4   3   4   3   6   1   1 
  4   2   9   5   4   3   1   4   5   1   2   9   7   3   9   4   9   6   4   6   1   6   3   1   9   3   6   3   4   3   5   3   2   7   1   9   1   7   3   7   6   7   9   0   1   8   3   8   3   3 
  6   3   2   9   1   5   4   1   5   5   3   1   8   6   3   3   6   5   6   1   5   1   5   2   3   2   1   1   8   7   3   1   1   8   3   8   7   3   3   1   5   7   8   9   0   5   6   3   3   6 
  5   7   1   7   3   3   4   1   4   4   4   9   3   7   8   7   1   9   3   3   5   2   4   6   6   3   2   7   4   5   8   2   9   5   3   1   3   4   4   9   3   9   8   5   2   0   2   1   7   4 
  7   1   9   7   3   4   5   7   6   1   7   8   4   2   6   8   1   4   1   5   9   9   4   7   9   1   7   4   4   6   7   7   9   3   1   9   3   4   8   4   3   9   3   5   3   4   0   5   7   3 
  9   8   1   3   9   9   1   7   2   3   9   5   9   3   1   3   6   1   6   1   2   3   6   6   6   3   2   7   7   9   7   5   4   7   1   2   3   1   2   1   1   6   6   4   4   3   3   0   5   8 
  4   5   4   1   5   9   6   5   8   2   6   9   9   7   4   4   6   4   5   5   3   5   2   2   9   3   9   1   5   9   1   8   7   6   7   6   3   1   2   6   1   9   4   1   2   9   4   4   0   3 
  4   6   6   3   4   6   8   6   1   7   8   9   2   2   8   3   1   7   5   2   2   1   3   2   2   3   2   3   7   2   4   4   4   7   2   5   8   4   8   9   4   8   9   6   3   5   3   5   8   0 
M1
  0   8   7   5   9   6   9   9   1   7   1   5   3   4   2   7   8   1   3   5   1   7   1   3   8   7   2   8   5   6   3   5   7   1   4   1   3   3   8   3   6   3   3   1   4   4   2   9   8   6 
  1   0   3   3   2   3   5   1   5   9   5   4   8   6   9   3   3   4   7   3   7   8   2   1   6   7   6   2   9   9   1   9   8   4   4   7   4   5   6   8   8   4   7   6   8   5   2   6   3   6 
  2   9   0   4   5   6   8   2   6   9   8   6   5   8   2   1   8   3   9   2   4   9   7   2   7   8   4   7   3   3   8   1   2   4   3   7   8   5   2   1   2   5   5   9   5   7   2   8   6   1 
  3   2   5   0   3   7   6   3   6   9   6   8   9   8   9   8   5   3   3   8   8   7   4   3   5   2   5   7   9   3   6   3   8   3   1   5   1   1   1   3   8   5   1   1   9   2   1   1   9   4 
  3   5   1   3   0   7   6   1   5   7   5   2   2   8   1   8   9   7   8   9   5   4   4   8   6   2   6   6   8   8   8   2   6   5   7   9   1   1   1   6   1   8   3   8   1   9   3   5   5   5 
  3   8   5   4   2   0   4   6   1   9   2   4   4   5   4   9   2   2   4   4   5   8   2   3   2   6   6   8   3   4   3   9   4   2   1   2   8   7   1   7   9   5   6   7   1   7   4   2   6   2 
  9   6   5   2   2   2   0   8   6   9   1   7   6   1   6   1   8   2   1   6   4   7   3   2   3   8   9   2   7   3   5   6   4   1   9   8   9   2   5   1   9   2   9   4   5   4   3   7   9   7 
  6   2   4   6   6   2   1   0   3   2   6   4   7   3   1   4   3   5   2   7   7   5   3   3   9   2   6   8   2   7   2   5   3   8   1   4   7   9   1   6   9   4   5   3   3   3   6   8   9   1 
  6   3   3   6   5   3   4   9   0   6   2   7   9   1   1   1   6   4   1   9   6   1   5   1   2   5   6   3   7   7   4   4   3   1   8   1   6   4   5   8   1   2   9   5   3   1   9   2   3   6 
  6   1   8   8   2   2   4   7   9   0   6   2   2   5   9   9   1   8   1   9   2   3   1   9   6   1   8   7   7   5   1   4   7   7   6   3   9   6   2   1   6   6   7   6   3   9   3   8   9   5 
  6   9   5   4   8   3   6   9   1   6   0   4   1   7   2   7   1   6   1   3   7   8   6   1   8   9   7   1   9   2   2   7   5   8   1   5   7   2   3   4   1   9   6   1   3   5   8   8   6   3 
  8   6   7   3   9   3   8   3   4   9   7   0   4   5   3   2   3   8   8   3   2   9   4   6   8   6   3   1   3   2   4   5   1   5   3   3   6   9   5   8   6   1   4   8   4   2   1   1   4   6 
  4   5   4   3   6   2   8   4   5   6   9   2   0   7   4   1   4   2   6   3   2   9   9   2   7   5   4   5   2   9   2   7   4   5   6   7   7   6   6   3   2   2   1   9   9   6   6   3   1   4 
  1   3   6   5   9   8   8   2   4   3   3   8   9   0   8   1   5   2   3   7   1   1   5   8   8   4   8   6   4   8   6   9   9   9   9   2   7   4   4   8   7   5   2   7   3   1   6   1   5   4 
  7   3   2   5   3   9   9   1   9   1   7   8   2   1   0   2   2   1   6   1   9   6   3   6   3   4   2   2   8   5   1   2   7   9   7   1   8   5   1   2   5   8   8   3   5   1   3   5   4   1 
  7   3   2   8   1   4   3   3   4   2   6   9   6   3   8   0   5   4   9   8   1   7   8   5   7   6   4   6   7   3   4   4   2   1   7   6   5   2   6   9   1   4   1   7   2   2   6   9   4   2 
  1   7   7   6   6   4   6   1   7   2   4   8   9   8   3   2   0   4   9   1   7   6   5   7   4   9   9   3   6   4   1   3   8   4   4   3   2   7   5   9   9   5   3   8   2   8   2   5   3   6 
  2   8   2   7   4   4   6   9   2   3   8   1   7   8   8   7   9   0   3   3   9   5   4   8   6   3   6   7   5   9   1   1   6   2   6   6   9   7   8   6   7   8   2   9   6   5   9   9   9   4 
  4   7   5   3   7   9   3   4   7   4   5   1   4   8   1   2   1   3   0   7   3   5   3   9   5   5   3   5   3   5   3   4   1   1   3   7   1   7   1   9   2   8   9   7   2   2   6   4   7   1 
  3   2   1   4   9   7   4   4   2   1   1   2   9   6   8   1   3   5   1   0   6   9   8   5   4   5   5   1   1   2   6   4   7   2   1   5   8   2   4   9   9   3   2   5   8   3   2   8   7   9 
  8   7   2   6   8   3   6   8   5   3   4   3   4   1   5   8   4   8   2   9   0   3   3   8   3   4   2   2   3   3   3   6   7   2   1   7   8   6   7   9   4   9   3   2   8   6   4   1   4   5 
  5   6   7   8   3   4   3   5   2   3   9   1   8   9   3   2   1   6   3   4   6   0   5   7   3   4   3   2   2   2   1   5   3   4   3   5   1   7   3   7   5   2   1   8   7   9   8   3   8   7 
  2   5   8   6   4   3   5   4   6   1   3   7   8   3   8   6   2   8   4   1   1   4   0   4   3   1   8   2   6   2   7   4   3   1   6   1   2   8   9   9   3   5   8   7   2   4   3   1   1   1 
  7   8   7   5   6   9   4   7   6   1   2   1   1   1   8   2   8   7   2   9   6   5   4   0   5   1   5   6   7   8   9   1   5   2   7   4   2   2   8   5   4   2   8   7   1   3   1   7   2   9 
  6   2   4   6   4   1   6   3   4   1   2   6   9   2   2   5   6   8   9   5   9   7   3   4   0   1   4   5   5   8   5   9   2   8   8   2   6   4   1   9   2   5   6   4   1   7   4   7   3   7 
  4   9   6   6   6   6   9   4   7   2   9   6   2   1   6   6   9   6   6   6   9   1   9   8   8   0   5   9   9   9   9   2   8   2   4   2   1   5   9   6   1   2   5   2   2   9   9   5   4   4 
  4   3   5   4   8   1   1   8   5   8   3   5   1   2   9   6   6   2   3   6   1   3   1   4   7   9   0   5   2   3   3   5   7   1   9   1   2   3   5   7   6   3   5   7   6   6   6   9   1   2 
  6   6   2   9   9   3   8   9   8   8   8   6   5   7   3   2   7   1   4   3   4   2   5   9   9   7   8   0   9   1   2   6   2   9   8   2   6   3   3   2   7   4   1   7   9   6   3   9   8   6 
  8   5   8   6   1   1   7   7   5   9   9   8   1   7   8   8   7   8   6   6   1   6   9   6   9   9   8   7   0   5   4   4   6   3   3   9   4   7   5   1   8   9   6   4   5   9   3   7   1   5 
  8   6   5   4   6   7   1   7   7   9   2   5   7   3   3   3   4   5   9   2   6   9   4   1   9   5   8   7   3   0   1   8   2   2   4   4   3   7   6   1   8   5   1   1   4   6   4   7   5   3 
  3   2   2   3   1   5   7   6   9   4   8   1   8   2   8   4   2   1   4   6   2   2   4   4   5   3   4   1   6   1   0   6   9   7   4   5   6   9   1   7   9   5   1   2   6   6   3   5   5   1 
  9   2   8   6   5   6   2   2   6   5   6   7   4   3   8   7   5   6   8   4   9   9   9   8   9   9   7   2   5   8   8   0   4   4   2   8   2   2   8   2   3   7   7   4   9   7   5   4   7   7 
  1   3   1   7   3   8   7   5   2   4   9   7   8   4   7   2   9   3   2   8   8   8   2   6   5   2   5   3   5   5   5   9   0   6   6   1   8   6   4   1   4   8   8   4   5   1   3   3   4   8 
  1   7   9   2   5   3   8   2   6   2   4   5   4   9   6   9   3   9   5   5   1   6   6   1   5   7   9   3   2   7   1   3   7   0   9   5   1   2   9   4   8   9   8   8   7   2   2   6   6   5 
  6   1   9   9   4   9   9   5   7   4   6   3   8   3   3   8   9   6   8   1   8   9   3   3   6   7   3   6   9   6   8   3   4   1   0   6   6   8   8   9   1   1   3   5   5   6   6   2   5   7 
  7   2   9   7   4   5   2   5   8   6   1   7   5   9   1   3   3   4   3   4   3   8   1   4   7   6   1   5   8   3   1   2   7   2   3   0   9   4   5   3   5   8   8   2   4   3   9   5   8   7 
  8   4   1   5   8   1   3   4   4   2   6   5   8   6   4   2   7   2   1   6   4   4   8   1   9   6   1   1   7   6   5   6   5   2   6   6   0   8   1   7   9   8   4   8   8   3   1   4   8   9 
  1   7   7   3   7   3   3   4   6   7   9   2   6   7   4   7   2   5   4   5   8   1   5   1   1   6   6   4   7   2   9   6   9   8   1   5   4   0   5   6   1   6   7   6   4   2   2   5   1   5 
  7   2   9   2   5   3   2   7   5   6   7   6   6   7   1   9   7   4   8   5   4   8   6   6   4   6   2   7   6   6   1   6   4   9   2   5   2   2   0   9   7   1   7   3   6   1   1   6   2   4 
  4   5   8   3   3   7   2   6   7   6   4   8   3   4   8   5   6   5   7   1   6   1   2   6   8   7   8   1   9   9   9   5   7   2   7   2   2   2   9   0   3   7   2   2   4   1   5   7   3   3 
  9   7   5   3   3   9   4   7   4   9   9   8   1   8   2   7   4   7   1   3   2   2   5   8   8   1   8   3   2   9   4   5   8   5   8   2   4   4   6   8   0   7   9   2   4   5   3   8   7   4 
  4   8   9   8   1   6   5   6   3   9   7   1   9   7   3   1   5   5   4   1   2   6   6   3   7   4   2   5   8   8   9   1   3   9   9   2   3   8   8   9   4   0   8   3   8   4   6   7   9   1 
  6   6   7   3   3   1   8   6   8   4   4   9   7   6   7   2   8   7   5   3   4   4   9   4   9   3   5   8   4   2   7   8   7   3   7   3   5   3   3   1   3   3   0   4   3   4   3   6   1   1 
  4   2   9   5   4   3   1   4   5   1   2   9   7   3   9   4   9   6   4   6   1   6   3   1   9   3   6   3   4   3   5   3   2   7   1   9   1   7   3   7   6   7   9   0   1   8   3   8   3   3 
  6   3   2   9   1   5   4   1   5   5   3   1   8   6   3   3   6   5   6   1   5   1   5   2   3   2   1   1   8   7   3   1   1   8   3   8   7   3   3   1   5   7   8   9   0   5   6   3   3   6 
  5   7   1   7   3   3   4   1   4   4   4   9   3   7   8   7   1   9   3   3   5   2   4   6   6   3   2   7   4   5   8   2   9   5   3   1   3   4   4   9   3   9   8   5   2   0   2   1   7   4 
  7   1   9   7   3   4   5   7   6   1   7   8   4   2   6   8   1   4   1   5   9   9   4   7   9   1   7   4   4   6   7   7   9   3   1   9   3   4   8   4   3   9   3   5   3   4   0   5   7   3 
  9   8   1   3   9   9   1   7   2   3   9   5   9   3   1   3   6   1   6   1   2   3   6   6   6   3   2   7   7   9   7   5   4   7   1   2   3   1   2   1   1   6   6   4   4   3   3   0   5   8 
  4   5   4   1   5   9   6   5   8   2   6   9   9   7   4   4   6   4   5   5   3   5   2   2   9   3   9   1   5   9   1   8   7   6   7   6   3   1   2   6   1   9   4   1   2   9   4   4   0   3 
  4   6   6   3   4   6   8   6   1   7   8   9   2   2   8   3   1   7   5   2   2   1   3   2   2   3   2   3   7   2   4   4   4   7   2   5   8   4   8   9   4   8   9   6   3   5   3   5   8   0 
M2
  0   8   7   5   9   6   9   9   1   7   1   5   3   4   2   7   8   1   3   5   1   7   1   3   8   7   2   8   5   6   3   5   7   1   4   1   3   3   8   3   6   3   3   1   4   4   2   9   8   6 
  1   0   3   3   2   3   5   1   5   9   5   4   8   6   9   3   3   4   7   3   7   8   2   1   6   7   6   2   9   9   1   9   8   4   4   7   4   5   6   8   8   4   7   6   8   5   2   6   3   6 
  2   9   0   4   5   6   8   2   6   9   8   6   5   8   2   1   8   3   9   2   4   9   7   2   7   8   4   7   3   3   8   1   2   4   3   7   8   5   2   1   2   5   5   9   5   7   2   8   6   1 
  3   2   5   0   3   7   6   3   6   9   6   8   9   8   9   8   5   3   3   8   8   7   4   3   5   2   5   7   9   3   6   3   8   3   1   5   1   1   1   3   8   5   1   1   9   2   1   1   9   4 
  3   5   1   3   0   7   6   1   5   7   5   2   2   8   1   8   9   7   8   9   5   4   4   8   6   2   6   6   8   8   8   2   6   5   7   9   1   1   1   6   1   8   3   8   1   9   3   5   5   5 
  3   8   5   4   2   0   4   6   1   9   2   4   4   5   4   9   2   2   4   4   5   8   2   3   2   6   6   8   3   4   3   9   4   2   1   2   8   7   1   7   9   5   6   7   1   7   4   2   6   2 
  9   6   5   2   2   2   0   8   6   9   1   7   6   1   6   1   8   2   1   6   4   7   3   2   3   8   9   2   7   3   5   6   4   1   9   8   9   2   5   1   9   2   9   4   5   4   3   7   9   7 
  6   2   4   6   6   2   1   0   3   2   6   4   7   3   1   4   3   5   2   7   7   5   3   3   9   2   6   8   2   7   2   5   3   8   1   4   7   9   1   6   9   4   5   3   3   3   6   8   9   1 
  6   3   3   6   5   3   4   9   0   6   2   7   9   1   1   1   6   4   1   9   6   1   5   1   2   5   6   3   7   7   4   4   3   1   8   1   6   4   5   8   1   2   9   5   3   1   9   2   3   6 
  6   1   8   8   2   2   4   7   9   0   6   2   2   5   9   9   1   8   1   9   2   3   1   9   6   1   8   7   7   5   1   4   7   7   6   3   9   6   2   1   6   6   7   6   3   9   3   8   9   5 
  6   9   5   4   8   3   6   9   1   6   0   4   1   7   2   7   1   6   1   3   7   8   6   1   8   9   7   1   9   2   2   7   5   8   1   5   7   2   3   4   1   9   6   1   3   5   8   8   6   3 
  8   6   7   3   9   3   8   3   4   9   7   0   4   5   3   2   3   8   8   3   2   9   4   6   8   6   3   1   3   2   4   5   1   5   3   3   6   9   5   8   6   1   4   8   4   2   1   1   4   6 
  4   5   4   3   6   2   8   4   5   6   9   2   0   7   4   1   4   2   6   3   2   9   9   2   7   5   4   5   2   9   2   7   4   5   6   7   7   6   6   3   2   2   1   9   9   6   6   3   1   4 
  1   3   6   5   9   8   8   2   4   3   3   8   9   0   8   1   5   2   3   7   1   1   5   8   8   4   8   6   4   8   6   9   9   9   9   2   7   4   4   8   7   5   2   7   3   1   6   1   5   4 
  7   3   2   5   3   9   9   1   9   1   7   8   2   1   0   2   2   1   6   1   9   6   3   6   3   4   2   2   8   5   1   2   7   9   7   1   8   5   1   2   5   8   8   3   5   1   3   5   4   1 
  7   3   2   8   1   4   3   3   4   2   6   9   6   3   8   0   5   4   9   8   1   7   8   5   7   6   4   6   7   3   4   4   2   1   7   6   5   2   6   9   1   4   1   7   2   2   6   9   4   2 
  1   7   7   6   6   4   6   1   7   2   4   8   9   8   3   2   0   4   9   1   7   6   5   7   4   9   9   3   6   4   1   3   8   4   4   3   2   7   5   9   9   5   3   8   2   8   2   5   3   6 
  2   8   2   7   4   4   6   9   2   3   8   1   7   8   8   7   9   0   3   3   9   5   4   8   6   3   6   7   5   9   1   1   6   2   6   6   9   7   8   6   7   8   2   9   6   5   9   9   9   4 
  4   7   5   3   7   9   3   4   7   4   5   1   4   8   1   2   1   3   0   7   3   5   3   9   5   5   3   5   3   5   3   4   1   1   3   7   1   7   1   9   2   8   9   7   2   2   6   4   7   1 
  3   2   1   4   9   7   4   4   2   1   1   2   9   6   8   1   3   5   1   0   6   9   8   5   4   5   5   1   1   2   6   4   7   2   1   5   8   2   4   9   9   3   2   5   8   3   2   8   7   9 
  8   7   2   6   8   3   6   8   5   3   4   3   4   1   5   8   4   8   2   9   0   3   3   8   3   4   2   2   3   3   3   6   7   2   1   7   8   6   7   9   4   9   3   2   8   6   4   1   4   5 
  5   6   7   8   3   4   3   5   2   3   9   1   8   9   3   2   1   6   3   4   6   0   5   7   3   4   3   2   2   2   1   5   3   4   3   5   1   7   3   7   5   2   1   8   7   9   8   3   8   7 
  2   5   8   6   4   3   5   4   6   1   3   7   8   3   8   6   2   8   4   1   1   4   0   4   3   1   8   2   6   2   7   4   3   1   6   1   2   8   9   9   3   5   8   7   2   4   3   1   1   1 
  7   8   7   5   6   9   4   7   6   1   2   1   1   1   8   2   8   7   2   9   6   5   4   0   5   1   5   6   7   8   9   1   5   2   7   4   2   2   8   5   4   2   8   7   1   3   1   7   2   9 
  6   2   4   6   4   1   6   3   4   1   2   6   9   2   2   5   6   8   9   5   9   7   3   4   0   1   4   5   5   8   5   9   2   8   8   2   6   4   1   9   2   5   6   4   1   7   4   7   3   7 
  4   9   6   6   6   6   9   4   7   2   9   6   2   1   6   6   9   6   6   6   9   1   9   8   8   0   5   9   9   9   9   2   8   2   4   2   1   5   9   6   1   2   5   2   2   9   9   5   4   4 
  4   3   5   4   8   1   1   8   5   8   3   5   1   2   9   6   6   2   3   6   1   3   1   4   7   9   0   5   2   3   3   5   7   1   9   1   2   3   5   7   6   3   5   7   6   6   6   9   1   2 
  6   6   2   9   9   3   8   9   8   8   8   6   5   7   3   2   7   1   4   3   4   2   5   9   9   7   8   0   9   1   2   6   2   9   8   2   6   3   3   2   7   4   1   7   9   6   3   9   8   6 
  8   5   8   6   1   1   7   7   5   9   9   8   1   7   8   8   7   8   6   6   1   6   9   6   9   9   8   7   0   5   4   4   6   3   3   9   4   7   5   1   8   9   6   4   5   9   3   7   1   5 
  8   6   5   4   6   7   1   7   7   9   2   5   7   3   3   3   4   5   9   2   6   9   4   1   9   5   8   7   3   0   1   8   2   2   4   4   3   7   6   1   8   5   1   1   4   6   4   7   5   3 
  3   2   2   3   1   5   7   6   9   4   8   1   8   2   8   4   2   1   4   6   2   2   4   4   5   3   4   1   6   1   0   6   9   7   4   5   6   9   1   7   9   5   1   2   6   6   3   5   5   1 
  9   2   8   6   5   6   2   2   6   5   6   7   4   3   8   7   5   6   8   4   9   9   9   8   9   9   7   2   5   8   8   0   4   4   2   8   2   2   8   2   3   7   7   4   9   7   5   4   7   7 
  1   3   1   7   3   8   7   5   2   4   9   7   8   4   7   2   9   3   2   8   8   8   2   6   5   2   5   3   5   5   5   9   0   6   6   1   8   6   4   1   4   8   8   4   5   1   3   3   4   8 
  1   7   9   2   5   3   8   2   6   2   4   5   4   9   6   9   3   9   5   5   1   6   6   1   5   7   9   3   2   7   1   3   7   0   9   5   1   2   9   4   8   9   8   8   7   2   2   6   6   5 
  6   1   9   9   4   9   9   5   7   4   6   3   8   3   3   8   9   6   8   1   8   9   3   3   6   7   3   6   9   6   8   3   4   1   0   6   6   8   8   9   1   1   3   5   5   6   6   2   5   7 
  7   2   9   7   4   5   2   5   8   6   1   7   5   9   1   3   3   4   3   4   3   8   1   4   7   6   1   5   8   3   1   2   7   2   3   0   9   4   5   3   5   8   8   2   4   3   9   5   8   7 
  8   4   1   5   8   1   3   4   4   2   6   5   8   6   4   2   7   2   1   6   4   4   8   1   9   6   1   1   7   6   5   6   5   2   6   6   0   8   1   7   9   8   4   8   8   3   1   4   8   9 
  1   7   7   3   7   3   3   4   6   7   9   2   6   7   4   7   2   5   4   5   8   1   5   1   1   6   6   4   7   2   9   6   9   8   1   5   4   0   5   6   1   6   7   6   4   2   2   5   1   5 
  7   2   9   2   5   3   2   7   5   6   7   6   6   7   1   9   7   4   8   5   4   8   6   6   4   6   2   7   6   6   1   6   4   9   2   5   2   2   0   9   7   1   7   3   6   1   1   6   2   4 
  4   5   8   3   3   7   2   6   7   6   4   8   3   4   8   5   6   5   7   1   6   1   2   6   8   7   8   1   9   9   9   5   7   2   7   2   2   2   9   0   3   7   2   2   4   1   5   7   3   3 
  9   7   5   3   3   9   4   7   4   9   9   8   1   8   2   7   4   7   1   3   2   2   5   8   8   1   8   3   2   9   4   5   8   5   8   2   4   4   6   8   0   7   9   2   4   5   3   8   7   4 
  4   8   9   8   1   6   5   6   3   9   7   1   9   7   3   1   5   5   4   1   2   6   6   3   7   4   2   5   8   8   9   1   3   9   9   2   3   8   8   9   4   0   8   3   8   4   6   7   9   1 
  6   6   7   3   3   1   8   6   8   4   4   9   7   6   7   2   8   7   5   3   4   4   9   4   9   3   5   8   4   2   7   8   7   3   7   3   5   3   3   1   3   3   0   4   3   4   3   6   1   1 
  4   2   9   5   4   3   1   4   5   1   2   9   7   3   9   4   9   6   4   6   1   6   3   1   9   3   6   3   4   3   5   3   2   7   1   9   1   7   3   7   6   7   9   0   1   8   3   8   3   3 
  6   3   2   9   1   5   4   1   5   5   3   1   8   6   3   3   6   5   6   1   5   1   5   2   3   2   1   1   8   7   3   1   1   8   3   8   7   3   3   1   5   7   8   9   0   5   6   3   3   6 
  5   7   1   7   3   3   4   1   4   4   4   9   3   7   8   7   1   9   3   3   5   2   4   6   6   3   2   7   4   5   8   2   9   5   3   1   3   4   4   9   3   9   8   5   2   0   2   1   7   4 
  7   1   9   7   3   4   5   7   6   1   7   8   4   2   6   8   1   4   1   5   9   9   4   7   9   1   7   4   4   6   7   7   9   3   1   9   3   4   8   4   3   9   3   5   3   4   0   5   7   3 
  9   8   1   3   9   9   1   7   2   3   9   5   9   3   1   3   6   1   6   1   2   3   6   6   6   3   2   7   7   9   7   5   4   7   1   2   3   1   2   1   1   6   6   4   4   3   3   0   5   8 
  4   5   4   1   5   9   6   5   8   2   6   9   9   7   4   4   6   4   5   5   3   5   2   2   9   3   9   1   5   9   1   8   7   6   7   6   3   1   2   6   1   9   4   1   2   9   4   4   0   3 
  4   6   6   3   4   6   8   6   1   7   8   9   2   2   8   3   1   7   5   2   2   1   3   2   2   3   2   3   7   2   4   4   4   7   2   5   8   4   8   9   4   8   9   6   3   5   3   5   8   0 
M3
  0   8   7   5   9   6   9   9   1   7   1   5   3   4   2   7   8   1   3   5   1   7   1   3   8   7   2   8   5   6   3   5   7   1   4   1   3   3   8   3   6   3   3   1   4   4   2   9   8   6 
  1   0   3   3   2   3   5   1   5   9   5   4   8   6   9   3   3   4   7   3   7   8   2   1   6   7   6   2   9   9   1   9   8   4   4   7   4   5   6   8   8   4   7   6   8   5   2   6   3   6 
  2   9   0   4   5   6   8   2   6   9   8   6   5   8   2   1   8   3   9   2   4   9   7   2   7   8   4   7   3   3   8   1   2   4   3   7   8   5   2   1   2   5   5   9   5   7   2   8   6   1 
  3   2   5   0   3   7   6   3   6   9   6   8   9   8   9   8   5   3   3   8   8   7   4   3   5   2   5   7   9   3   6   3   8   3   1   5   1   1   1   3   8   5   1   1   9   2   1   1   9   4 
  3   5   1   3   0   7   6   1   5   7   5   2   2   8   1   8   9   7   8   9   5   4   4   8   6   2   6   6   8   8   8   2   6   5   7   9   1   1   1   6   1   8   3   8   1   9   3   5   5   5 
  3   8   5   4   2   0   4   6   1   9   2   4   4   5   4   9   2   2   4   4   5   8   2   3   2   6   6   8   3   4   3   9   4   2   1   2   8   7   1   7   9   5   6   7   1   7   4   2   6   2 
  9   6   5   2   2   2   0   8   6   9   1   7   6   1   6   1   8   2   1   6   4   7   3   2   3   8   9   2   7   3   5   6   4   1   9   8   9   2   5   1   9   2   9   4   5   4   3   7   9   7 
  6   2   4   6   6   2   1   0   3   2   6   4   7   3   1   4   3   5   2   7   7   5   3   3   9   2   6   8   2   7   2   5   3   8   1   4   7   9   1   6   9   4   5   3   3   3   6   8   9   1 
  6   3   3   6   5   3   4   9   0   6   2   7   9   1   1   1   6   4   1   9   6   1   5   1   2   5   6   3   7   7   4   4   3   1   8   1   6   4   5   8   1   2   9   5   3   1   9   2   3   6 
  6   1   8   8   2   2   4   7   9   0   6   2   2   5   9   9   1   8   1   9   2   3   1   9   6   1   8   7   7   5   1   4   7   7   6   3   9   6   2   1   6   6   7   6   3   9   3   8   9   5 
  6   9   5   4   8   3   6   9   1   6   0   4   1   7   2   7   1   6   1   3   7   8   6   1   8   9   7   1   9   2   2   7   5   8   1   5   7   2   3   4   1   9   6   1   3   5   8   8   6   3 
  8   6   7   3   9   3   8   3   4   9   7   0   4   5   3   2   3   8   8   3   2   9   4   6   8   6   3   1   3   2   4   5   1   5   3   3   6   9   5   8   6   1   4   8   4   2   1   1   4   6 
  4   5   4   3   6   2   8   4   5   6   9   2   0   7   4   1   4   2   6   3   2   9   9   2   7   5   4   5   2   9   2   7   4   5   6   7   7   6   6   3   2   2   1   9   9   6   6   3   1   4 
  1   3   6   5   9   8   8   2   4   3   3   8   9   0   8   1   5   2   3   7   1   1   5   8   8   4   8   6   4   8   6   9   9   9   9   2   7   4   4   8   7   5   2   7   3   1   6   1   5   4 
  7   3   2   5   3   9   9   1   9   1   7   8   2   1   0   2   2   1   6   1   9   6   3   6   3   4   2   2   8   5   1   2   7   9   7   1   8   5   1   2   5   8   8   3   5   1   3   5   4   1 
  7   3   2   8   1   4   3   3   4   2   6   9   6   3   8   0   5   4   9   8   1   7   8   5   7   6   4   6   7   3   4   4   2   1   7   6   5   2   6   9   1   4   1   7   2   2   6   9   4   2 
  1   7   7   6   6   4   6   1   7   2   4   8   9   8   3   2   0   4   9   1   7   6   5   7   4   9   9   3   6   4   1   3   8   4   4   3   2   7   5   9   9   5   3   8   2   8   2   5   3   6 
  2   8   2   7   4   4   6   9   2   3   8   1   7   8   8   7   9   0   3   3   9   5   4   8   6   3   6   7   5   9   1   1   6   2   6   6   9   7   8   6   7   8   2   9   6   5   9   9   9   4 
  4   7   5   3   7   9   3   4   7   4   5   1   4   8   1   2   1   3   0   7   3   5   3   9   5   5   3   5   3   5   3   4   1   1   3   7   1   7   1   9   2   8   9   7   2   2   6   4   7   1 
  3   2   1   4   9   7   4   4   2   1   1   2   9   6   8   1   3   5   1   0   6   9   8   5   4   5   5   1   1   2   6   4   7   2   1   5   8   2   4   9   9   3   2   5   8   3   2   8   7   9 
  8   7   2   6   8   3   6   8   5   3   4   3   4   1   5   8   4   8   2   9   0   3   3   8   3   4   2   2   3   3   3   6   7   2   1   7   8   6   7   9   4   9   3   2   8   6   4   1   4   5 
  5   6   7   8   3   4   3   5   2   3   9   1   8   9   3   2   1   6   3   4   6   0   5   7   3   4   3   2   2   2   1   5   3   4   3   5   1   7   3   7   5   2   1   8   7   9   8   3   8   7 
  2   5   8   6   4   3   5   4   6   1   3   7   8   3   8   6   2   8   4   1   1   4   0   4   3   1   8   2   6   2   7   4   3   1   6   1   2   8   9   9   3   5   8   7   2   4   3   1   1   1 
  7   8   7   5   6   9   4   7   6   1   2   1   1   1   8   2   8   7   2   9   6   5   4   0   5   1   5   6   7   8   9   1   5   2   7   4   2   2   8   5   4   2   8   7   1   3   1   7   2   9 
  6   2   4   6   4   1   6   3   4   1   2   6   9   2   2   5   6   8   9   5   9   7   3   4   0   1   4   5   5   8   5   9   2   8   8   2   6   4   1   9   2   5   6   4   1   7   4   7   3   7 
  4   9   6   6   6   6   9   4   7   2   9   6   2   1   6   6   9   6   6   6   9   1   9   8   8   0   5   9   9   9   9   2   8   2   4   2   1   5   9   6   1   2   5   2   2   9   9   5   4   4 
  4   3   5   4   8   1   1   8   5   8   3   5   1   2   9   6   6   2   3   6   1   3   1   4   7   9   0   5   2   3   3   5   7   1   9   1   2   3   5   7   6   3   5   7   6   6   6   9   1   2 
  6   6   2   9   9   3   8   9   8   8   8   6   5   7   3   2   7   1   4   3   4   2   5   9   9   7   8   0   9   1   2   6   2   9   8   2   6   3   3   2   7   4   1   7   9   6   3   9   8   6 
  8   5   8   6   1   1   7   7   5   9   9   8   1   7   8   8   7   8   6   6   1   6   9   6   9   9   8   7   0   5   4   4   6   3   3   9   4   7   5   1   8   9   6   4   5   9   3   7   1   5 
  8   6   5   4   6   7   1   7   7   9   2   5   7   3   3   3   4   5   9   2   6   9   4   1   9   5   8   7   3   0   1   8   2   2   4   4   3   7   6   1   8   5   1   1   4   6   4   7   5   3 
  3   2   2   3   1   5   7   6   9   4   8   1   8   2   8   4   2   1   4   6   2   2   4   4   5   3   4   1   6   1   0   6   9   7   4   5   6   9   1   7   9   5   1   2   6   6   3   5   5   1 
  9   2   8   6   5   6   2   2   6   5   6   7   4   3   8   7   5   6   8   4   9   9   9   8   9   9   7   2   5   8   8   0   4   4   2   8   2   2   8   2   3   7   7   4   9   7   5   4   7   7 
  1   3   1   7   3   8   7   5   2   4   9   7   8   4   7   2   9   3   2   8   8   8   2   6   5   2   5   3   5   5   5   9   0   6   6   1   8   6   4   1   4   8   8   4   5   1   3   3   4   8 
  1   7   9   2   5   3   8   2   6   2   4   5   4   9   6   9   3   9   5   5   1   6   6   1   5   7   9   3   2   7   1   3   7   0   9   5   1   2   9   4   8   9   8   8   7   2   2   6   6   5 
  6   1   9   9   4   9   9   5   7   4   6   3   8   3   3   8   9   6   8   1   8   9   3   3   6   7   3   6   9   6   8   3   4   1   0   6   6   8   8   9   1   1   3   5   5   6   6   2   5   7 
  7   2   9   7   4   5   2   5   8   6   1   7   5   9   1   3   3   4   3   4   3   8   1   4   7   6   1   5   8   3   1   2   7   2   3   0   9   4   5   3   5   8   8   2   4   3   9   5   8   7 
  8   4   1   5   8   1   3   4   4   2   6   5   8   6   4   2   7   2   1   6   4   4   8   1   9   6   1   1   7   6   5   6   5   2   6   6   0   8   1   7   9   8   4   8   8   3   1   4   8   9 
  1   7   7   3   7   3   3   4   6   7   9   2   6   7   4   7   2   5   4   5   8   1   5   1   1   6   6   4   7   2   9   6   9   8   1   5   4   0   5   6   1   6   7   6   4   2   2   5   1   5 
  7   2   9   2   5   3   2   7   5   6   7   6   6   7   1   9   7   4   8   5   4   8   6   6   4   6   2   7   6   6   1   6   4   9   2   5   2   2   0   9   7   1   7   3   6   1   1   6   2   4 
  4   5   8   3   3   7   2   6   7   6   4   8   3   4   8   5   6   5   7   1   6   1   2   6   8   7   8   1   9   9   9   5   7   2   7   2   2   2   9   0   3   7   2   2   4   1   5   7   3   3 
  9   7   5   3   3   9   4   7   4   9   9   8   1   8   2   7   4   7   1   3   2   2   5   8   8   1   8   3   2   9   4   5   8   5   8   2   4   4   6   8   0   7   9   2   4   5   3   8   7   4 
  4   8   9   8   1   6   5   6   3   9   7   1   9   7   3   1   5   5   4   1   2   6   6   3   7   4   2   5   8   8   9   1   3   9   9   2   3   8   8   9   4   0   8   3   8   4   6   7   9   1 
  6   6   7   3   3   1   8   6   8   4   4   9   7   6   7   2   8   7   5   3   4   4   9   4   9   3   5   8   4   2   7   8   7   3   7   3   5   3   3   1   3   3   0   4   3   4   3   6   1   1 
  4   2   9   5   4   3   1   4   5   1   2   9   7   3   9   4   9   6   4   6   1   6   3   1   9   3   6   3   4   3   5   3   2   7   1   9   1   7   3   7   6   7   9   0   1   8   3   8   3   3 
  6   3   2   9   1   5   4   1   5   5   3   1   8   6   3   3   6   5   6   1   5   1   5   2   3   2   1   1   8   7   3   1   1   8   3   8   7   3   3   1   5   7   8   9   0   5   6   3   3   6 
  5   7   1   7   3   3   4   1   4   4   4   9   3   7   8   7   1   9   3   3   5   2   4   6   6   3   2   7   4   5   8   2   9   5   3   1   3   4   4   9   3   9   8   5   2   0   2   1   7   4 
  7   1   9   7   3   4   5   7   6   1   7   8   4   2   6   8   1   4   1   5   9   9   4   7   9   1   7   4   4   6   7   7   9   3   1   9   3   4   8   4   3   9   3   5   3   4   0   5   7   3 
  9   8   1   3   9   9   1   7   2   3   9   5   9   3   1   3   6   1   6   1   2   3   6   6   6   3   2   7   7   9   7   5   4   7   1   2   3   1   2   1   1   6   6   4   4   3   3   0   5   8 
  4   5   4   1   5   9   6   5   8   2   6   9   9   7   4   4   6   4   5   5   3   5   2   2   9   3   9   1   5   9   1   8   7   6   7   6   3   1   2   6   1   9   4   1   2   9   4   4   0   3 
  4   6   6   3   4   6   8   6   1   7   8   9   2   2   8   3   1   7   5   2   2   1   3   2   2   3   2   3   7   2   4   4   4   7   2   5   8   4   8   9   4   8   9   6   3   5   3   5   8   0 
M4
  0   8   7   5   9   6   9   9   1   7   1   5   3   4   2   7   8   1   3   5   1   7   1   3   8   7   2   8   5   6   3   5   7   1   4   1   3   3   8   3   6   3   3   1   4   4   2   9   8   6 
  1   0   3   3   2   3   5   1   5   9   5   4   8   6   9   3   3   4   7   3   7   8   2   1   6   7   6   2   9   9   1   9   8   4   4   7   4   5   6   8   8   4   7   6   8   5   2   6   3   6 
  2   9   0   4   5   6   8   2   6   9   8   6   5   8   2   1   8   3   9   2   4   9   7   2   7   8   4   7   3   3   8   1   2   4   3   7   8   5   2   1   2   5   5   9   5   7   2   8   6   1 
  3   2   5   0   3   7   6   3   6   9   6   8   9   8   9   8   5   3   3   8   8   7   4   3   5   2   5   7   9   3   6   3   8   3   1   5   1   1   1   3   8   5   1   1   9   2   1   1   9   4 
  3   5   1   3   0   7   6   1   5   7   5   2   2   8   1   8   9   7   8   9   5   4   4   8   6   2   6   6   8   8   8   2   6   5   7   9   1   1   1   6   1   8   3   8   1   9   3   5   5   5 
  3   8   5   4   2   0   4   6   1   9   2   4   4   5   4   9   2   2   4   4   5   8   2   3   2   6   6   8   3   4   3   9   4   2   1   2   8   7   1   7   9   5   6   7   1   7   4   2   6   2 
  9   6   5   2   2   2   0   8   6   9   1   7   6   1   6   1   8   2   1   6   4   7   3   2   3   8   9   2   7   3   5   6   4   1   9   8   9   2   5   1   9   2   9   4   5   4   3   7   9   7 
  6   2   4   6   6   2   1   0   3   2   6   4   7   3   1   4   3   5   2   7   7   5   3   3   9   2   6   8   2   7   2   5   3   8   1   4   7   9   1   6   9   4   5   3   3   3   6   8   9   1 
  6   3   3   6   5   3   4   9   0   6   2   7   9   1   1   1   6   4   1   9   6   1   5   1   2   5   6   3   7   7   4   4   3   1   8   1   6   4   5   8   1   2   9   5   3   1   9   2   3   6 
  6   1   8   8   2   2   4   7   9   0   6   2   2   5   9   9   1   8   1   9   2   3   1   9   6   1   8   7   7   5   1   4   7   7   6   3   9   6   2   1   6   6   7   6   3   9   3   8   9   5 
  6   9   5   4   8   3   6   9   1   6   0   4   1   7   2   7   1   6   1   3   7   8   6   1   8   9   7   1   9   2   2   7   5   8   1   5   7   2   3   4   1   9   6   1   3   5   8   8   6   3 
  8   6   7   3   9   3   8   3   4   9   7   0   4   5   3   2   3   8   8   3   2   9   4   6   8   6   3   1   3   2   4   5   1   5   3   3   6   9   5   8   6   1   4   8   4   2   1   1   4   6 
  4   5   4   3   6   2   8   4   5   6   9   2   0   7   4   1   4   2   6   3   2   9   9   2   7   5   4   5   2   9   2   7   4   5   6   7   7   6   6   3   2   2   1   9   9   6   6   3   1   4 
  1   3   6   5   9   8   8   2   4   3   3   8   9   0   8   1   5   2   3   7   1   1   5   8   8   4   8   6   4   8   6   9   9   9   9   2   7   4   4   8   7   5   2   7   3   1   6   1   5   4 
  7   3   2   5   3   9   9   1   9   1   7   8   2   1   0   2   2   1   6   1   9   6   3   6   3   4   2   2   8   5   1   2   7   9   7   1   8   5   1   2   5   8   8   3   5   1   3   5   4   1 
  7   3   2   8   1   4   3   3   4   2   6   9   6   3   8   0   5   4   9   8   1   7   8   5   7   6   4   6   7   3   4   4   2   1   7   6   5   2   6   9   1   4   1   7   2   2   6   9   4   2 
  1   7   7   6   6   4   6   1   7   2   4   8   9   8   3   2   0   4   9   1   7   6   5   7   4   9   9   3   6   4   1   3   8   4   4   3   2   7   5   9   9   5   3   8   2   8   2   5   3   6 
  2   8   2   7   4   4   6   9   2   3   8   1   7   8   8   7   9   0   3   3   9   5   4   8   6   3   6   7   5   9   1   1   6   2   6   6   9   7   8   6   7   8   2   9   6   5   9   9   9   4 
  4   7   5   3   7   9   3   4   7   4   5   1   4   8   1   2   1   3   0   7   3   5   3   9   5   5   3   5   3   5   3   4   1   1   3   7   1   7   1   9   2   8   9   7   2   2   6   4   7   1 
  3   2   1   4   9   7   4   4   2   1   1   2   9   6   8   1   3   5   1   0   6   9   8   5   4   5   5   1   1   2   6   4   7   2   1   5   8   2   4   9   9   3   2   5   8   3   2   8   7   9 
  8   7   2   6   8   3   6   8   5   3   4   3   4   1   5   8   4   8   2   9   0   3   3   8   3   4   2   2   3   3   3   6   7   2   1   7   8   6   7   9   4   9   3   2   8   6   4   1   4   5 
  5   6   7   8   3   4   3   5   2   3   9   1   8   9   3   2   1   6   3   4   6   0   5   7   3   4   3   2   2   2   1   5   3   4   3   5   1   7   3   7   5   2   1   8   7   9   8   3   8   7 
  2   5   8   6   4   3   5   4   6   1   3   7   8   3   8   6   2   8   4   1   1   4   0   4   3   1   8   2   6   2   7   4   3   1   6   1   2   8   9   9   3   5   8   7   2   4   3   1   1   1 
  7   8   7   5   6   9   4   7   6   1   2   1   1   1   8   2   8   7   2   9   6   5   4   0   5   1   5   6   7   8   9   1   5   2   7   4   2   2   8   5   4   2   8   7   1   3   1   7   2   9 
  6   2   4   6   4   1   6   3   4   1   2   6   9   2   2   5   6   8   9   5   9   7   3   4   0   1   4   5   5   8   5   9   2   8   8   2   6   4   1   9   2   5   6   4   1   7   4   7   3   7 
  4   9   6   6   6   6   9   4   7   2   9   6   2   1   6   6   9   6   6   6   9   1   9   8   8   0   5   9   9   9   9   2   8   2   4   2   1   5   9   6   1   2   5   2   2   9   9   5   4   4 
  4   3   5   4   8   1   1   8   5   8   3   5   1   2   9   6   6   2   3   6   1   3   1   4   7   9   0   5   2   3   3   5   7   1   9   1   2   3   5   7   6   3   5   7   6   6   6   9   1   2 
  6   6   2   9   9   3   8   9   8   8   8   6   5   7   3   2   7   1   4   3   4   2   5   9   9   7   8   0   9   1   2   6   2   9   8   2   6   3   3   2   7   4   1   7   9   6   3   9   8   6 
  8   5   8   6   1   1   7   7   5   9   9   8   1   7   8   8   7   8   6   6   1   6   9   6   9   9   8   7   0   5   4   4   6   3   3   9   4   7   5   1   8   9   6   4   5   9   3   7   1   5 
  8   6   5   4   6   7   1   7   7   9   2   5   7   3   3   3   4   5   9   2   6   9   4   1   9   5   8   7   3   0   1   8   2   2   4   4   3   7   6   1   8   5   1   1   4   6   4   7   5   3 
  3   2   2   3   1   5   7   6   9   4   8   1   8   2   8   4   2   1   4   6   2   2   4   4   5   3   4   1   6   1   0   6   9   7   4   5   6   9   1   7   9   5   1   2   6   6   3   5   5   1 
  9   2   8   6   5   6   2   2   6   5   6   7   4   3   8   7   5   6   8   4   9   9   9   8   9   9   7   2   5   8   8   0   4   4   2   8   2   2   8   2   3   7   7   4   9   7   5   4   7   7 
  1   3   1   7   3   8   7   5   2   4   9   7   8   4   7   2   9   3   2   8   8   8   2   6   5   2   5   3   5   5   5   9   0   6   6   1   8   6   4   1   4   8   8   4   5   1   3   3   4   8 
  1   7   9   2   5   3   8   2   6   2   4   5   4   9   6   9   3   9   5   5   1   6   6   1   5   7   9   3   2   7   1   3   7   0   9   5   1   2   9   4   8   9   8   8   7   2   2   6   6   5 
  6   1   9   9   4   9   9   5   7   4   6   3   8   3   3   8   9   6   8   1   8   9   3   3   6   7   3   6   9   6   8   3   4   1   0   6   6   8   8   9   1   1   3   5   5   6   6   2   5   7 
  7   2   9   7   4   5   2   5   8   6   1   7   5   9   1   3   3   4   3   4   3   8   1   4   7   6   1   5   8   3   1   2   7   2   3   0   9   4   5   3   5   8   8   2   4   3   9   5   8   7 
  8   4   1   5   8   1   3   4   4   2   6   5   8   6   4   2   7   2   1   6   4   4   8   1   9   6   1   1   7   6   5   6   5   2   6   6   0   8   1   7   9   8   4   8   8   3   1   4   8   9 
  1   7   7   3   7   3   3   4   6   7   9   2   6   7   4   7   2   5   4   5   8   1   5   1   1   6   6   4   7   2   9   6   9   8   1   5   4   0   5   6   1   6   7   6   4   2   2   5   1   5 
  7   2   9   2   5   3   2   7   5   6   7   6   6   7   1   9   7   4   8   5   4   8   6   6   4   6   2   7   6   6   1   6   4   9   2   5   2   2   0   9   7   1   7   3   6   1   1   6   2   4 
  4   5   8   3   3   7   2   6   7   6   4   8   3   4   8   5   6   5   7   1   6   1   2   6   8   7   8   1   9   9   9   5   7   2   7   2   2   2   9   0   3   7   2   2   4   1   5   7   3   3 
  9   7   5   3   3   9   4   7   4   9   9   8   1   8   2   7   4   7   1   3   2   2   5   8   8   1   8   3   2   9   4   5   8   5   8   2   4   4   6   8   0   7   9   2   4   5   3   8   7   4 
  4   8   9   8   1   6   5   6   3   9   7   1   9   7   3   1   5   5   4   1   2   6   6   3   7   4   2   5   8   8   9   1   3   9   9   2   3   8   8   9   4   0   8   3   8   4   6   7   9   1 
  6   6   7   3   3   1   8   6   8   4   4   9   7   6   7   2   8   7   5   3   4   4   9   4   9   3   5   8   4   2   7   8   7   3   7   3   5   3   3   1   3   3   0   4   3   4   3   6   1   1 
  4   2   9   5   4   3   1   4   5   1   2   9   7   3   9   4   9   6   4   6   1   6   3   1   9   3   6   3   4   3   5   3   2   7   1   9   1   7   3   7   6   7   9   0   1   8   3   8   3   3 
  6   3   2   9   1   5   4   1   5   5   3   1   8   6   3   3   6   5   6   1   5   1   5   2   3   2   1   1   8   7   3   1   1   8   3   8   7   3   3   1   5   7   8   9   0   5   6   3   3   6 
  5   7   1   7   3   3   4   1   4   4   4   9   3   7   8   7   1   9   3   3   5   2   4   6   6   3   2   7   4   5   8   2   9   5   3   1   3   4   4   9   3   9   8   5   2   0   2   1   7   4 
  7   1   9   7   3   4   5   7   6   1   7   8   4   2   6   8   1   4   1   5   9   9   4   7   9   1   7   4   4   6   7   7   9   3   1   9   3   4   8   4   3   9   3   5   3   4   0   5   7   3 
  9   8   1   3   9   9   1   7   2   3   9   5   9   3   1   3   6   1   6   1   2   3   6   6   6   3   2   7   7   9   7   5   4   7   1   2   3   1   2   1   1   6   6   4   4   3   3   0   5   8 
  4   5   4   1   5   9   6   5   8   2   6   9   9   7   4   4   6   4   5   5   3   5   2   2   9   3   9   1   5   9   1   8   7   6   7   6   3   1   2   6   1   9   4   1   2   9   4   4   0   3 
  4   6   6   3   4   6   8   6   1   7   8   9   2   2   8   3   1   7   5   2   2   1   3   2   2   3   2   3   7   2   4   4   4   7   2   5   8   4   8   9   4   8   9   6   3   5   3   5   8   0 
Reldue
  888    3    3
  605    3    9
  771    8    1
  295    6    3
  305    8    2
 1244    6    8
  374    2    2
  500    8    1
 1121    1    2
  729    5    3
  958    4    7
 1216    3    5
 1226    8    6
 1282    3    1
  917    2    3
  938    4    6
  383    9    1
 1284    2    2
  603    4    5
 1031    7    6
  245    3    5
  560    3    9
  655    8    8
 1180    3    8
  931    6    7
  888    6    6
  632    3    1
  925    6    1
  641    4    5
  629    2    4
  146    1    8
  754    1    1
  807    4    6
  847    6    4
 1012    7    5
  888    1    6
  163    8    4
  994    4    1
  292    4    8
  836    9    2
  594    6    5
  164    1    1
  780    3    3
 1540    8    8
  769    5    2
  192    9    5
  459    7    5
  860    4    7
 1134    3    9
  335    9    7
DDW
  840   936
  563   647
  713   828
  272   317
  284   326
 1172  1317
  341   408
  458   542
 1044  1197
  676   783
  895  1020
 1117  1316
 1155  1298
 1191  1373
  842   992
  890   985
  346   419
 1202  1365
  572   635
  947  1116
  225   265
  526   595
  622   688
 1072  1288
  861  1001
  839   936
  574   691
  841  1009
  585   697
  594   665
  135   158
  708   799
  736   878
  798   895
  942  1083
  802   973
  151   176
  911  1078
  273   311
  754   918
  539   650
  152   175
  706   853
 1414  1666
  715   824
  177   207
  423   495
  813   906
 1021  1247
  310   359
