20   5
MD
  2  4  5  4  3
PT
 61  95  35  23  90  51  81  34  35  37  38  35  15  26  99  72  61   7  95  14 
 45  26  10  70  54  53  73  52  67  99   4  71  95  64  46  31  49  79   9  23 
  5  18  54  42  56  66  44  49  37  27  12  26  73  96  57  91   1  61  81  24 
 77  72   5  86  22  31  47  97  31  99  98  11  80   4  24  63  23  81  92  56 
 90  60  98   5  79  91  30  78  94  63  85  77  69   5  27  13  62  79   1  85 
SSD
M0
  0   1   5   4   9   4   3   8   8   6   9   6   5   4   7   6   1   6   3   2 
  3   0   4   4   4   2   5   4   9   2   6   6   3   2   7   5   2   9   3   1 
  5   1   0   4   5   4   1   4   5   6   9   5   5   6   6   7   6   6   4   4 
  5   9   3   0   7   1   8   2   7   7   3   5   5   2   9   2   4   2   9   1 
  5   4   2   2   0   9   6   5   9   3   9   4   7   3   5   7   2   6   1   9 
  3   9   2   3   6   0   5   6   4   9   9   8   9   4   2   4   6   8   3   9 
  2   6   4   8   1   5   0   6   9   9   7   6   3   2   3   2   4   8   6   7 
  6   9   7   2   5   5   7   0   4   3   5   9   8   1   7   7   6   2   7   5 
  9   7   3   1   7   8   2   4   0   9   8   7   5   1   6   9   6   7   4   3 
  8   8   3   7   6   9   5   2   9   0   9   2   4   3   2   9   2   3   4   2 
  3   8   1   5   9   9   3   5   4   2   0   5   4   1   7   1   4   1   3   8 
  9   8   1   9   2   4   7   6   5   9   1   0   5   3   5   6   1   2   6   2 
  1   7   9   5   3   9   4   3   2   8   5   9   0   1   8   7   4   5   3   5 
  5   9   6   8   4   3   9   2   5   8   2   1   2   0   5   7   4   5   9   7 
  4   6   9   5   5   6   8   4   9   5   5   4   6   4   0   7   3   4   3   9 
  6   5   3   6   1   7   1   7   4   2   2   3   3   9   1   0   3   3   5   1 
  7   5   1   1   2   5   2   8   7   3   2   4   9   1   1   1   0   6   5   1 
  4   9   8   6   4   2   6   7   7   6   7   7   4   2   4   5   4   0   9   7 
  9   3   9   2   3   7   3   1   7   2   5   7   3   8   6   4   5   2   0   5 
  6   2   7   5   2   9   6   3   4   4   6   6   3   6   7   8   5   1   7   0 
M1
  0   1   5   4   9   4   3   8   8   6   9   6   5   4   7   6   1   6   3   2 
  3   0   4   4   4   2   5   4   9   2   6   6   3   2   7   5   2   9   3   1 
  5   1   0   4   5   4   1   4   5   6   9   5   5   6   6   7   6   6   4   4 
  5   9   3   0   7   1   8   2   7   7   3   5   5   2   9   2   4   2   9   1 
  5   4   2   2   0   9   6   5   9   3   9   4   7   3   5   7   2   6   1   9 
  3   9   2   3   6   0   5   6   4   9   9   8   9   4   2   4   6   8   3   9 
  2   6   4   8   1   5   0   6   9   9   7   6   3   2   3   2   4   8   6   7 
  6   9   7   2   5   5   7   0   4   3   5   9   8   1   7   7   6   2   7   5 
  9   7   3   1   7   8   2   4   0   9   8   7   5   1   6   9   6   7   4   3 
  8   8   3   7   6   9   5   2   9   0   9   2   4   3   2   9   2   3   4   2 
  3   8   1   5   9   9   3   5   4   2   0   5   4   1   7   1   4   1   3   8 
  9   8   1   9   2   4   7   6   5   9   1   0   5   3   5   6   1   2   6   2 
  1   7   9   5   3   9   4   3   2   8   5   9   0   1   8   7   4   5   3   5 
  5   9   6   8   4   3   9   2   5   8   2   1   2   0   5   7   4   5   9   7 
  4   6   9   5   5   6   8   4   9   5   5   4   6   4   0   7   3   4   3   9 
  6   5   3   6   1   7   1   7   4   2   2   3   3   9   1   0   3   3   5   1 
  7   5   1   1   2   5   2   8   7   3   2   4   9   1   1   1   0   6   5   1 
  4   9   8   6   4   2   6   7   7   6   7   7   4   2   4   5   4   0   9   7 
  9   3   9   2   3   7   3   1   7   2   5   7   3   8   6   4   5   2   0   5 
  6   2   7   5   2   9   6   3   4   4   6   6   3   6   7   8   5   1   7   0 
M2
  0   1   5   4   9   4   3   8   8   6   9   6   5   4   7   6   1   6   3   2 
  3   0   4   4   4   2   5   4   9   2   6   6   3   2   7   5   2   9   3   1 
  5   1   0   4   5   4   1   4   5   6   9   5   5   6   6   7   6   6   4   4 
  5   9   3   0   7   1   8   2   7   7   3   5   5   2   9   2   4   2   9   1 
  5   4   2   2   0   9   6   5   9   3   9   4   7   3   5   7   2   6   1   9 
  3   9   2   3   6   0   5   6   4   9   9   8   9   4   2   4   6   8   3   9 
  2   6   4   8   1   5   0   6   9   9   7   6   3   2   3   2   4   8   6   7 
  6   9   7   2   5   5   7   0   4   3   5   9   8   1   7   7   6   2   7   5 
  9   7   3   1   7   8   2   4   0   9   8   7   5   1   6   9   6   7   4   3 
  8   8   3   7   6   9   5   2   9   0   9   2   4   3   2   9   2   3   4   2 
  3   8   1   5   9   9   3   5   4   2   0   5   4   1   7   1   4   1   3   8 
  9   8   1   9   2   4   7   6   5   9   1   0   5   3   5   6   1   2   6   2 
  1   7   9   5   3   9   4   3   2   8   5   9   0   1   8   7   4   5   3   5 
  5   9   6   8   4   3   9   2   5   8   2   1   2   0   5   7   4   5   9   7 
  4   6   9   5   5   6   8   4   9   5   5   4   6   4   0   7   3   4   3   9 
  6   5   3   6   1   7   1   7   4   2   2   3   3   9   1   0   3   3   5   1 
  7   5   1   1   2   5   2   8   7   3   2   4   9   1   1   1   0   6   5   1 
  4   9   8   6   4   2   6   7   7   6   7   7   4   2   4   5   4   0   9   7 
  9   3   9   2   3   7   3   1   7   2   5   7   3   8   6   4   5   2   0   5 
  6   2   7   5   2   9   6   3   4   4   6   6   3   6   7   8   5   1   7   0 
M3
  0   1   5   4   9   4   3   8   8   6   9   6   5   4   7   6   1   6   3   2 
  3   0   4   4   4   2   5   4   9   2   6   6   3   2   7   5   2   9   3   1 
  5   1   0   4   5   4   1   4   5   6   9   5   5   6   6   7   6   6   4   4 
  5   9   3   0   7   1   8   2   7   7   3   5   5   2   9   2   4   2   9   1 
  5   4   2   2   0   9   6   5   9   3   9   4   7   3   5   7   2   6   1   9 
  3   9   2   3   6   0   5   6   4   9   9   8   9   4   2   4   6   8   3   9 
  2   6   4   8   1   5   0   6   9   9   7   6   3   2   3   2   4   8   6   7 
  6   9   7   2   5   5   7   0   4   3   5   9   8   1   7   7   6   2   7   5 
  9   7   3   1   7   8   2   4   0   9   8   7   5   1   6   9   6   7   4   3 
  8   8   3   7   6   9   5   2   9   0   9   2   4   3   2   9   2   3   4   2 
  3   8   1   5   9   9   3   5   4   2   0   5   4   1   7   1   4   1   3   8 
  9   8   1   9   2   4   7   6   5   9   1   0   5   3   5   6   1   2   6   2 
  1   7   9   5   3   9   4   3   2   8   5   9   0   1   8   7   4   5   3   5 
  5   9   6   8   4   3   9   2   5   8   2   1   2   0   5   7   4   5   9   7 
  4   6   9   5   5   6   8   4   9   5   5   4   6   4   0   7   3   4   3   9 
  6   5   3   6   1   7   1   7   4   2   2   3   3   9   1   0   3   3   5   1 
  7   5   1   1   2   5   2   8   7   3   2   4   9   1   1   1   0   6   5   1 
  4   9   8   6   4   2   6   7   7   6   7   7   4   2   4   5   4   0   9   7 
  9   3   9   2   3   7   3   1   7   2   5   7   3   8   6   4   5   2   0   5 
  6   2   7   5   2   9   6   3   4   4   6   6   3   6   7   8   5   1   7   0 
M4
  0   1   5   4   9   4   3   8   8   6   9   6   5   4   7   6   1   6   3   2 
  3   0   4   4   4   2   5   4   9   2   6   6   3   2   7   5   2   9   3   1 
  5   1   0   4   5   4   1   4   5   6   9   5   5   6   6   7   6   6   4   4 
  5   9   3   0   7   1   8   2   7   7   3   5   5   2   9   2   4   2   9   1 
  5   4   2   2   0   9   6   5   9   3   9   4   7   3   5   7   2   6   1   9 
  3   9   2   3   6   0   5   6   4   9   9   8   9   4   2   4   6   8   3   9 
  2   6   4   8   1   5   0   6   9   9   7   6   3   2   3   2   4   8   6   7 
  6   9   7   2   5   5   7   0   4   3   5   9   8   1   7   7   6   2   7   5 
  9   7   3   1   7   8   2   4   0   9   8   7   5   1   6   9   6   7   4   3 
  8   8   3   7   6   9   5   2   9   0   9   2   4   3   2   9   2   3   4   2 
  3   8   1   5   9   9   3   5   4   2   0   5   4   1   7   1   4   1   3   8 
  9   8   1   9   2   4   7   6   5   9   1   0   5   3   5   6   1   2   6   2 
  1   7   9   5   3   9   4   3   2   8   5   9   0   1   8   7   4   5   3   5 
  5   9   6   8   4   3   9   2   5   8   2   1   2   0   5   7   4   5   9   7 
  4   6   9   5   5   6   8   4   9   5   5   4   6   4   0   7   3   4   3   9 
  6   5   3   6   1   7   1   7   4   2   2   3   3   9   1   0   3   3   5   1 
  7   5   1   1   2   5   2   8   7   3   2   4   9   1   1   1   0   6   5   1 
  4   9   8   6   4   2   6   7   7   6   7   7   4   2   4   5   4   0   9   7 
  9   3   9   2   3   7   3   1   7   2   5   7   3   8   6   4   5   2   0   5 
  6   2   7   5   2   9   6   3   4   4   6   6   3   6   7   8   5   1   7   0 
Reldue
 1062    6    2
  859    3    9
  700    9    6
  571    8    4
  833    5    2
  525    1    6
  321    2    3
  835    8    1
 1150    2    1
  962    7    2
  306    1    6
  584    5    3
  927    9    1
  808    7    1
  915    8    3
  831    1    5
  410    3    8
  802    3    4
  999    6    2
  489    6    7
DDW
  996  1127
  811   908
  660   740
  538   604
  771   895
  497   553
  302   340
  773   897
 1061  1239
  903  1021
  276   335
  551   617
  863   991
  744   873
  826  1003
  752   910
  379   441
  727   877
  922  1077
  457   522
