20   8
MD
  2  2  3  5  3  5  2  4
PT
 17  90  57  49   2  83  68  92   1  85  79  29   2  13  14  77  56  60  91  75 
 89  56  27  72  96  84  68  19  90  93  37  95  84  62  46  51  72  55  46  69 
 50  84  49   8  25  21  44  94  31  34   4   7   8  95  86  26  99  60  28  55 
 10  94  75  57  92  83  77  38  85  29  58  33  35   6  62  56  83  40  92  23 
 80  35  29  16  47  56  19   6  73  82  14  72  60  53  91  68   1   9  76   9 
 58  59  55  70  24  90  81  64  20  41  75  38  96  31  48  54  26  53   6  95 
 18   5  13  43  19  78  11  75  57  73  42  15  65  67  91  31  71  72  21  62 
 99  80  16  37  30  57  18  25  79  89  77  45  41  15  92  19  19  15  86   3 
SSD
M0
  0   8   2   7   8   6   7   2   9   4   9   8   5   4   6   1   5   7   6   8 
  1   0   2   1   5   2   7   5   8   6   9   8   4   6   3   5   8   4   1   5 
  3   1   0   1   8   7   2   5   1   7   7   3   8   1   8   9   6   7   5   9 
  7   6   9   0   4   1   5   1   4   4   1   8   8   2   4   9   6   3   7   1 
  7   1   7   5   0   1   1   4   1   5   7   8   4   6   4   1   1   2   5   1 
  8   2   5   2   3   0   5   1   1   7   1   6   1   4   7   4   1   7   8   4 
  5   8   8   5   4   4   0   6   2   7   3   4   9   4   7   5   2   3   8   7 
  8   1   3   9   2   3   2   0   8   9   3   2   4   9   1   4   9   7   3   9 
  7   4   3   5   7   5   5   5   0   7   8   2   8   7   7   9   1   5   7   4 
  8   4   7   4   7   1   8   7   6   0   1   6   8   8   4   1   4   2   6   3 
  2   1   5   2   1   1   6   3   5   4   0   1   6   4   1   6   9   7   3   2 
  7   8   5   8   5   5   2   9   6   8   1   0   5   4   7   7   8   3   3   1 
  1   5   3   1   3   7   6   4   9   7   5   8   0   2   9   9   4   6   6   9 
  9   1   9   5   2   8   3   2   3   2   2   3   6   0   1   9   4   5   2   8 
  2   8   2   5   6   9   5   3   6   6   2   7   2   1   0   4   7   6   4   7 
  8   2   9   7   3   1   7   6   7   7   1   2   8   2   2   0   8   1   6   9 
  2   8   8   9   7   1   1   4   8   9   4   7   4   6   6   3   0   8   1   6 
  9   3   3   9   4   4   2   2   2   9   2   3   6   8   8   8   2   0   4   6 
  9   8   1   6   6   5   4   5   4   2   2   7   6   8   9   8   4   4   0   3 
  5   1   2   2   1   7   8   9   1   7   5   8   6   5   1   9   5   6   1   0 
M1
  0   8   2   7   8   6   7   2   9   4   9   8   5   4   6   1   5   7   6   8 
  1   0   2   1   5   2   7   5   8   6   9   8   4   6   3   5   8   4   1   5 
  3   1   0   1   8   7   2   5   1   7   7   3   8   1   8   9   6   7   5   9 
  7   6   9   0   4   1   5   1   4   4   1   8   8   2   4   9   6   3   7   1 
  7   1   7   5   0   1   1   4   1   5   7   8   4   6   4   1   1   2   5   1 
  8   2   5   2   3   0   5   1   1   7   1   6   1   4   7   4   1   7   8   4 
  5   8   8   5   4   4   0   6   2   7   3   4   9   4   7   5   2   3   8   7 
  8   1   3   9   2   3   2   0   8   9   3   2   4   9   1   4   9   7   3   9 
  7   4   3   5   7   5   5   5   0   7   8   2   8   7   7   9   1   5   7   4 
  8   4   7   4   7   1   8   7   6   0   1   6   8   8   4   1   4   2   6   3 
  2   1   5   2   1   1   6   3   5   4   0   1   6   4   1   6   9   7   3   2 
  7   8   5   8   5   5   2   9   6   8   1   0   5   4   7   7   8   3   3   1 
  1   5   3   1   3   7   6   4   9   7   5   8   0   2   9   9   4   6   6   9 
  9   1   9   5   2   8   3   2   3   2   2   3   6   0   1   9   4   5   2   8 
  2   8   2   5   6   9   5   3   6   6   2   7   2   1   0   4   7   6   4   7 
  8   2   9   7   3   1   7   6   7   7   1   2   8   2   2   0   8   1   6   9 
  2   8   8   9   7   1   1   4   8   9   4   7   4   6   6   3   0   8   1   6 
  9   3   3   9   4   4   2   2   2   9   2   3   6   8   8   8   2   0   4   6 
  9   8   1   6   6   5   4   5   4   2   2   7   6   8   9   8   4   4   0   3 
  5   1   2   2   1   7   8   9   1   7   5   8   6   5   1   9   5   6   1   0 
M2
  0   8   2   7   8   6   7   2   9   4   9   8   5   4   6   1   5   7   6   8 
  1   0   2   1   5   2   7   5   8   6   9   8   4   6   3   5   8   4   1   5 
  3   1   0   1   8   7   2   5   1   7   7   3   8   1   8   9   6   7   5   9 
  7   6   9   0   4   1   5   1   4   4   1   8   8   2   4   9   6   3   7   1 
  7   1   7   5   0   1   1   4   1   5   7   8   4   6   4   1   1   2   5   1 
  8   2   5   2   3   0   5   1   1   7   1   6   1   4   7   4   1   7   8   4 
  5   8   8   5   4   4   0   6   2   7   3   4   9   4   7   5   2   3   8   7 
  8   1   3   9   2   3   2   0   8   9   3   2   4   9   1   4   9   7   3   9 
  7   4   3   5   7   5   5   5   0   7   8   2   8   7   7   9   1   5   7   4 
  8   4   7   4   7   1   8   7   6   0   1   6   8   8   4   1   4   2   6   3 
  2   1   5   2   1   1   6   3   5   4   0   1   6   4   1   6   9   7   3   2 
  7   8   5   8   5   5   2   9   6   8   1   0   5   4   7   7   8   3   3   1 
  1   5   3   1   3   7   6   4   9   7   5   8   0   2   9   9   4   6   6   9 
  9   1   9   5   2   8   3   2   3   2   2   3   6   0   1   9   4   5   2   8 
  2   8   2   5   6   9   5   3   6   6   2   7   2   1   0   4   7   6   4   7 
  8   2   9   7   3   1   7   6   7   7   1   2   8   2   2   0   8   1   6   9 
  2   8   8   9   7   1   1   4   8   9   4   7   4   6   6   3   0   8   1   6 
  9   3   3   9   4   4   2   2   2   9   2   3   6   8   8   8   2   0   4   6 
  9   8   1   6   6   5   4   5   4   2   2   7   6   8   9   8   4   4   0   3 
  5   1   2   2   1   7   8   9   1   7   5   8   6   5   1   9   5   6   1   0 
M3
  0   8   2   7   8   6   7   2   9   4   9   8   5   4   6   1   5   7   6   8 
  1   0   2   1   5   2   7   5   8   6   9   8   4   6   3   5   8   4   1   5 
  3   1   0   1   8   7   2   5   1   7   7   3   8   1   8   9   6   7   5   9 
  7   6   9   0   4   1   5   1   4   4   1   8   8   2   4   9   6   3   7   1 
  7   1   7   5   0   1   1   4   1   5   7   8   4   6   4   1   1   2   5   1 
  8   2   5   2   3   0   5   1   1   7   1   6   1   4   7   4   1   7   8   4 
  5   8   8   5   4   4   0   6   2   7   3   4   9   4   7   5   2   3   8   7 
  8   1   3   9   2   3   2   0   8   9   3   2   4   9   1   4   9   7   3   9 
  7   4   3   5   7   5   5   5   0   7   8   2   8   7   7   9   1   5   7   4 
  8   4   7   4   7   1   8   7   6   0   1   6   8   8   4   1   4   2   6   3 
  2   1   5   2   1   1   6   3   5   4   0   1   6   4   1   6   9   7   3   2 
  7   8   5   8   5   5   2   9   6   8   1   0   5   4   7   7   8   3   3   1 
  1   5   3   1   3   7   6   4   9   7   5   8   0   2   9   9   4   6   6   9 
  9   1   9   5   2   8   3   2   3   2   2   3   6   0   1   9   4   5   2   8 
  2   8   2   5   6   9   5   3   6   6   2   7   2   1   0   4   7   6   4   7 
  8   2   9   7   3   1   7   6   7   7   1   2   8   2   2   0   8   1   6   9 
  2   8   8   9   7   1   1   4   8   9   4   7   4   6   6   3   0   8   1   6 
  9   3   3   9   4   4   2   2   2   9   2   3   6   8   8   8   2   0   4   6 
  9   8   1   6   6   5   4   5   4   2   2   7   6   8   9   8   4   4   0   3 
  5   1   2   2   1   7   8   9   1   7   5   8   6   5   1   9   5   6   1   0 
M4
  0   8   2   7   8   6   7   2   9   4   9   8   5   4   6   1   5   7   6   8 
  1   0   2   1   5   2   7   5   8   6   9   8   4   6   3   5   8   4   1   5 
  3   1   0   1   8   7   2   5   1   7   7   3   8   1   8   9   6   7   5   9 
  7   6   9   0   4   1   5   1   4   4   1   8   8   2   4   9   6   3   7   1 
  7   1   7   5   0   1   1   4   1   5   7   8   4   6   4   1   1   2   5   1 
  8   2   5   2   3   0   5   1   1   7   1   6   1   4   7   4   1   7   8   4 
  5   8   8   5   4   4   0   6   2   7   3   4   9   4   7   5   2   3   8   7 
  8   1   3   9   2   3   2   0   8   9   3   2   4   9   1   4   9   7   3   9 
  7   4   3   5   7   5   5   5   0   7   8   2   8   7   7   9   1   5   7   4 
  8   4   7   4   7   1   8   7   6   0   1   6   8   8   4   1   4   2   6   3 
  2   1   5   2   1   1   6   3   5   4   0   1   6   4   1   6   9   7   3   2 
  7   8   5   8   5   5   2   9   6   8   1   0   5   4   7   7   8   3   3   1 
  1   5   3   1   3   7   6   4   9   7   5   8   0   2   9   9   4   6   6   9 
  9   1   9   5   2   8   3   2   3   2   2   3   6   0   1   9   4   5   2   8 
  2   8   2   5   6   9   5   3   6   6   2   7   2   1   0   4   7   6   4   7 
  8   2   9   7   3   1   7   6   7   7   1   2   8   2   2   0   8   1   6   9 
  2   8   8   9   7   1   1   4   8   9   4   7   4   6   6   3   0   8   1   6 
  9   3   3   9   4   4   2   2   2   9   2   3   6   8   8   8   2   0   4   6 
  9   8   1   6   6   5   4   5   4   2   2   7   6   8   9   8   4   4   0   3 
  5   1   2   2   1   7   8   9   1   7   5   8   6   5   1   9   5   6   1   0 
M5
  0   8   2   7   8   6   7   2   9   4   9   8   5   4   6   1   5   7   6   8 
  1   0   2   1   5   2   7   5   8   6   9   8   4   6   3   5   8   4   1   5 
  3   1   0   1   8   7   2   5   1   7   7   3   8   1   8   9   6   7   5   9 
  7   6   9   0   4   1   5   1   4   4   1   8   8   2   4   9   6   3   7   1 
  7   1   7   5   0   1   1   4   1   5   7   8   4   6   4   1   1   2   5   1 
  8   2   5   2   3   0   5   1   1   7   1   6   1   4   7   4   1   7   8   4 
  5   8   8   5   4   4   0   6   2   7   3   4   9   4   7   5   2   3   8   7 
  8   1   3   9   2   3   2   0   8   9   3   2   4   9   1   4   9   7   3   9 
  7   4   3   5   7   5   5   5   0   7   8   2   8   7   7   9   1   5   7   4 
  8   4   7   4   7   1   8   7   6   0   1   6   8   8   4   1   4   2   6   3 
  2   1   5   2   1   1   6   3   5   4   0   1   6   4   1   6   9   7   3   2 
  7   8   5   8   5   5   2   9   6   8   1   0   5   4   7   7   8   3   3   1 
  1   5   3   1   3   7   6   4   9   7   5   8   0   2   9   9   4   6   6   9 
  9   1   9   5   2   8   3   2   3   2   2   3   6   0   1   9   4   5   2   8 
  2   8   2   5   6   9   5   3   6   6   2   7   2   1   0   4   7   6   4   7 
  8   2   9   7   3   1   7   6   7   7   1   2   8   2   2   0   8   1   6   9 
  2   8   8   9   7   1   1   4   8   9   4   7   4   6   6   3   0   8   1   6 
  9   3   3   9   4   4   2   2   2   9   2   3   6   8   8   8   2   0   4   6 
  9   8   1   6   6   5   4   5   4   2   2   7   6   8   9   8   4   4   0   3 
  5   1   2   2   1   7   8   9   1   7   5   8   6   5   1   9   5   6   1   0 
M6
  0   8   2   7   8   6   7   2   9   4   9   8   5   4   6   1   5   7   6   8 
  1   0   2   1   5   2   7   5   8   6   9   8   4   6   3   5   8   4   1   5 
  3   1   0   1   8   7   2   5   1   7   7   3   8   1   8   9   6   7   5   9 
  7   6   9   0   4   1   5   1   4   4   1   8   8   2   4   9   6   3   7   1 
  7   1   7   5   0   1   1   4   1   5   7   8   4   6   4   1   1   2   5   1 
  8   2   5   2   3   0   5   1   1   7   1   6   1   4   7   4   1   7   8   4 
  5   8   8   5   4   4   0   6   2   7   3   4   9   4   7   5   2   3   8   7 
  8   1   3   9   2   3   2   0   8   9   3   2   4   9   1   4   9   7   3   9 
  7   4   3   5   7   5   5   5   0   7   8   2   8   7   7   9   1   5   7   4 
  8   4   7   4   7   1   8   7   6   0   1   6   8   8   4   1   4   2   6   3 
  2   1   5   2   1   1   6   3   5   4   0   1   6   4   1   6   9   7   3   2 
  7   8   5   8   5   5   2   9   6   8   1   0   5   4   7   7   8   3   3   1 
  1   5   3   1   3   7   6   4   9   7   5   8   0   2   9   9   4   6   6   9 
  9   1   9   5   2   8   3   2   3   2   2   3   6   0   1   9   4   5   2   8 
  2   8   2   5   6   9   5   3   6   6   2   7   2   1   0   4   7   6   4   7 
  8   2   9   7   3   1   7   6   7   7   1   2   8   2   2   0   8   1   6   9 
  2   8   8   9   7   1   1   4   8   9   4   7   4   6   6   3   0   8   1   6 
  9   3   3   9   4   4   2   2   2   9   2   3   6   8   8   8   2   0   4   6 
  9   8   1   6   6   5   4   5   4   2   2   7   6   8   9   8   4   4   0   3 
  5   1   2   2   1   7   8   9   1   7   5   8   6   5   1   9   5   6   1   0 
M7
  0   8   2   7   8   6   7   2   9   4   9   8   5   4   6   1   5   7   6   8 
  1   0   2   1   5   2   7   5   8   6   9   8   4   6   3   5   8   4   1   5 
  3   1   0   1   8   7   2   5   1   7   7   3   8   1   8   9   6   7   5   9 
  7   6   9   0   4   1   5   1   4   4   1   8   8   2   4   9   6   3   7   1 
  7   1   7   5   0   1   1   4   1   5   7   8   4   6   4   1   1   2   5   1 
  8   2   5   2   3   0   5   1   1   7   1   6   1   4   7   4   1   7   8   4 
  5   8   8   5   4   4   0   6   2   7   3   4   9   4   7   5   2   3   8   7 
  8   1   3   9   2   3   2   0   8   9   3   2   4   9   1   4   9   7   3   9 
  7   4   3   5   7   5   5   5   0   7   8   2   8   7   7   9   1   5   7   4 
  8   4   7   4   7   1   8   7   6   0   1   6   8   8   4   1   4   2   6   3 
  2   1   5   2   1   1   6   3   5   4   0   1   6   4   1   6   9   7   3   2 
  7   8   5   8   5   5   2   9   6   8   1   0   5   4   7   7   8   3   3   1 
  1   5   3   1   3   7   6   4   9   7   5   8   0   2   9   9   4   6   6   9 
  9   1   9   5   2   8   3   2   3   2   2   3   6   0   1   9   4   5   2   8 
  2   8   2   5   6   9   5   3   6   6   2   7   2   1   0   4   7   6   4   7 
  8   2   9   7   3   1   7   6   7   7   1   2   8   2   2   0   8   1   6   9 
  2   8   8   9   7   1   1   4   8   9   4   7   4   6   6   3   0   8   1   6 
  9   3   3   9   4   4   2   2   2   9   2   3   6   8   8   8   2   0   4   6 
  9   8   1   6   6   5   4   5   4   2   2   7   6   8   9   8   4   4   0   3 
  5   1   2   2   1   7   8   9   1   7   5   8   6   5   1   9   5   6   1   0 
Reldue
 1050    7    7
  811    8    1
  874    2    5
  454    7    4
  886    6    5
 1301    9    5
 1050    9    6
 1693    2    5
 1213    5    8
 1340    3    4
 1263    6    8
 1465    8    5
  987    6    5
 1338    7    2
 2151    7    3
  864    8    1
 1163    6    3
  994    4    9
  764    4    4
  866    7    2
DDW
  995  1105
  748   875
  809   938
  423   484
  825   946
 1188  1413
  947  1154
 1601  1785
 1133  1293
 1259  1421
 1165  1361
 1323  1607
  910  1065
 1231  1445
 2010  2292
  787   941
 1091  1235
  936  1053
  715   812
  781   951
