20   8
MD
  4  5  3  2  5  4  4  3
PT
 23  19  64  19  55  48  88  11  39  28  62  95  93  14  14  89  76  21  55  60 
 52  66  24  62  72  63  95  28  96  16  25  33  29  63  21  17  14   6  79  68 
 40  65  15  50  97  45  50  76  62  81  94  79  82  36  41  89  76  63  57  28 
 88  87  94  48  87  91  32  87  64   6  59  49  83  46  40  42  17  66  60  23 
 80  55  59  57  35  25  22  72  25  60  51  17  46  94  54  17  62  78  72  17 
 83  54  70  77   4  91   6  62  53  26  80  39  11   3  58  69   1  80  70  67 
 28  78  25   8  67  23  88  10  47  97  72  69   6  92  58  21  12  54  81  50 
 34  54  99  13  59  53  48  34  46  20  75  80  34  82  20   2  43  69  98  22 
SSD
M0
  0   4   4   3   7   3   7   9   1   2   4   2   1   5   5   4   5   5   4   6 
  7   0   4   7   1   1   2   6   4   5   3   6   6   6   6   4   3   1   5   6 
  4   5   0   1   2   1   9   9   6   2   4   5   5   5   1   9   8   6   4   1 
  2   5   2   0   5   9   3   9   5   8   7   4   7   3   6   7   1   1   1   6 
  9   9   7   8   0   3   9   8   1   3   8   5   7   8   1   4   7   3   4   8 
  8   7   2   1   1   0   4   3   9   2   2   5   5   5   3   2   9   4   1   3 
  8   6   7   6   4   2   0   6   9   9   2   2   3   9   8   4   6   6   7   1 
  7   5   7   9   4   4   6   0   5   1   4   3   8   9   7   1   4   1   1   4 
  6   9   9   2   3   2   2   2   0   5   9   6   4   2   7   1   1   7   4   3 
  5   8   8   8   9   7   6   4   7   0   2   9   9   4   3   4   7   5   3   2 
  5   3   9   8   6   7   1   8   9   3   0   3   6   5   3   8   7   6   1   8 
  5   8   7   5   8   7   4   5   6   9   5   0   4   6   9   3   4   9   5   3 
  2   4   2   4   2   3   4   2   6   6   2   7   0   3   3   8   3   2   5   3 
  3   5   9   1   4   6   4   7   8   8   9   1   2   0   9   8   4   1   6   4 
  2   8   5   4   4   7   1   6   3   8   2   1   7   5   0   4   1   4   6   6 
  1   9   9   5   2   6   7   6   9   8   4   5   9   6   9   0   6   1   7   2 
  9   6   7   7   6   5   7   8   8   9   2   3   9   3   5   9   0   1   3   5 
  6   9   1   8   8   2   3   8   8   1   9   7   8   8   9   4   1   0   8   9 
  5   1   3   1   2   4   7   5   6   6   9   1   2   9   5   8   3   2   0   3 
  6   1   8   5   2   1   2   9   5   4   4   7   8   4   9   4   9   4   5   0 
M1
  0   4   4   3   7   3   7   9   1   2   4   2   1   5   5   4   5   5   4   6 
  7   0   4   7   1   1   2   6   4   5   3   6   6   6   6   4   3   1   5   6 
  4   5   0   1   2   1   9   9   6   2   4   5   5   5   1   9   8   6   4   1 
  2   5   2   0   5   9   3   9   5   8   7   4   7   3   6   7   1   1   1   6 
  9   9   7   8   0   3   9   8   1   3   8   5   7   8   1   4   7   3   4   8 
  8   7   2   1   1   0   4   3   9   2   2   5   5   5   3   2   9   4   1   3 
  8   6   7   6   4   2   0   6   9   9   2   2   3   9   8   4   6   6   7   1 
  7   5   7   9   4   4   6   0   5   1   4   3   8   9   7   1   4   1   1   4 
  6   9   9   2   3   2   2   2   0   5   9   6   4   2   7   1   1   7   4   3 
  5   8   8   8   9   7   6   4   7   0   2   9   9   4   3   4   7   5   3   2 
  5   3   9   8   6   7   1   8   9   3   0   3   6   5   3   8   7   6   1   8 
  5   8   7   5   8   7   4   5   6   9   5   0   4   6   9   3   4   9   5   3 
  2   4   2   4   2   3   4   2   6   6   2   7   0   3   3   8   3   2   5   3 
  3   5   9   1   4   6   4   7   8   8   9   1   2   0   9   8   4   1   6   4 
  2   8   5   4   4   7   1   6   3   8   2   1   7   5   0   4   1   4   6   6 
  1   9   9   5   2   6   7   6   9   8   4   5   9   6   9   0   6   1   7   2 
  9   6   7   7   6   5   7   8   8   9   2   3   9   3   5   9   0   1   3   5 
  6   9   1   8   8   2   3   8   8   1   9   7   8   8   9   4   1   0   8   9 
  5   1   3   1   2   4   7   5   6   6   9   1   2   9   5   8   3   2   0   3 
  6   1   8   5   2   1   2   9   5   4   4   7   8   4   9   4   9   4   5   0 
M2
  0   4   4   3   7   3   7   9   1   2   4   2   1   5   5   4   5   5   4   6 
  7   0   4   7   1   1   2   6   4   5   3   6   6   6   6   4   3   1   5   6 
  4   5   0   1   2   1   9   9   6   2   4   5   5   5   1   9   8   6   4   1 
  2   5   2   0   5   9   3   9   5   8   7   4   7   3   6   7   1   1   1   6 
  9   9   7   8   0   3   9   8   1   3   8   5   7   8   1   4   7   3   4   8 
  8   7   2   1   1   0   4   3   9   2   2   5   5   5   3   2   9   4   1   3 
  8   6   7   6   4   2   0   6   9   9   2   2   3   9   8   4   6   6   7   1 
  7   5   7   9   4   4   6   0   5   1   4   3   8   9   7   1   4   1   1   4 
  6   9   9   2   3   2   2   2   0   5   9   6   4   2   7   1   1   7   4   3 
  5   8   8   8   9   7   6   4   7   0   2   9   9   4   3   4   7   5   3   2 
  5   3   9   8   6   7   1   8   9   3   0   3   6   5   3   8   7   6   1   8 
  5   8   7   5   8   7   4   5   6   9   5   0   4   6   9   3   4   9   5   3 
  2   4   2   4   2   3   4   2   6   6   2   7   0   3   3   8   3   2   5   3 
  3   5   9   1   4   6   4   7   8   8   9   1   2   0   9   8   4   1   6   4 
  2   8   5   4   4   7   1   6   3   8   2   1   7   5   0   4   1   4   6   6 
  1   9   9   5   2   6   7   6   9   8   4   5   9   6   9   0   6   1   7   2 
  9   6   7   7   6   5   7   8   8   9   2   3   9   3   5   9   0   1   3   5 
  6   9   1   8   8   2   3   8   8   1   9   7   8   8   9   4   1   0   8   9 
  5   1   3   1   2   4   7   5   6   6   9   1   2   9   5   8   3   2   0   3 
  6   1   8   5   2   1   2   9   5   4   4   7   8   4   9   4   9   4   5   0 
M3
  0   4   4   3   7   3   7   9   1   2   4   2   1   5   5   4   5   5   4   6 
  7   0   4   7   1   1   2   6   4   5   3   6   6   6   6   4   3   1   5   6 
  4   5   0   1   2   1   9   9   6   2   4   5   5   5   1   9   8   6   4   1 
  2   5   2   0   5   9   3   9   5   8   7   4   7   3   6   7   1   1   1   6 
  9   9   7   8   0   3   9   8   1   3   8   5   7   8   1   4   7   3   4   8 
  8   7   2   1   1   0   4   3   9   2   2   5   5   5   3   2   9   4   1   3 
  8   6   7   6   4   2   0   6   9   9   2   2   3   9   8   4   6   6   7   1 
  7   5   7   9   4   4   6   0   5   1   4   3   8   9   7   1   4   1   1   4 
  6   9   9   2   3   2   2   2   0   5   9   6   4   2   7   1   1   7   4   3 
  5   8   8   8   9   7   6   4   7   0   2   9   9   4   3   4   7   5   3   2 
  5   3   9   8   6   7   1   8   9   3   0   3   6   5   3   8   7   6   1   8 
  5   8   7   5   8   7   4   5   6   9   5   0   4   6   9   3   4   9   5   3 
  2   4   2   4   2   3   4   2   6   6   2   7   0   3   3   8   3   2   5   3 
  3   5   9   1   4   6   4   7   8   8   9   1   2   0   9   8   4   1   6   4 
  2   8   5   4   4   7   1   6   3   8   2   1   7   5   0   4   1   4   6   6 
  1   9   9   5   2   6   7   6   9   8   4   5   9   6   9   0   6   1   7   2 
  9   6   7   7   6   5   7   8   8   9   2   3   9   3   5   9   0   1   3   5 
  6   9   1   8   8   2   3   8   8   1   9   7   8   8   9   4   1   0   8   9 
  5   1   3   1   2   4   7   5   6   6   9   1   2   9   5   8   3   2   0   3 
  6   1   8   5   2   1   2   9   5   4   4   7   8   4   9   4   9   4   5   0 
M4
  0   4   4   3   7   3   7   9   1   2   4   2   1   5   5   4   5   5   4   6 
  7   0   4   7   1   1   2   6   4   5   3   6   6   6   6   4   3   1   5   6 
  4   5   0   1   2   1   9   9   6   2   4   5   5   5   1   9   8   6   4   1 
  2   5   2   0   5   9   3   9   5   8   7   4   7   3   6   7   1   1   1   6 
  9   9   7   8   0   3   9   8   1   3   8   5   7   8   1   4   7   3   4   8 
  8   7   2   1   1   0   4   3   9   2   2   5   5   5   3   2   9   4   1   3 
  8   6   7   6   4   2   0   6   9   9   2   2   3   9   8   4   6   6   7   1 
  7   5   7   9   4   4   6   0   5   1   4   3   8   9   7   1   4   1   1   4 
  6   9   9   2   3   2   2   2   0   5   9   6   4   2   7   1   1   7   4   3 
  5   8   8   8   9   7   6   4   7   0   2   9   9   4   3   4   7   5   3   2 
  5   3   9   8   6   7   1   8   9   3   0   3   6   5   3   8   7   6   1   8 
  5   8   7   5   8   7   4   5   6   9   5   0   4   6   9   3   4   9   5   3 
  2   4   2   4   2   3   4   2   6   6   2   7   0   3   3   8   3   2   5   3 
  3   5   9   1   4   6   4   7   8   8   9   1   2   0   9   8   4   1   6   4 
  2   8   5   4   4   7   1   6   3   8   2   1   7   5   0   4   1   4   6   6 
  1   9   9   5   2   6   7   6   9   8   4   5   9   6   9   0   6   1   7   2 
  9   6   7   7   6   5   7   8   8   9   2   3   9   3   5   9   0   1   3   5 
  6   9   1   8   8   2   3   8   8   1   9   7   8   8   9   4   1   0   8   9 
  5   1   3   1   2   4   7   5   6   6   9   1   2   9   5   8   3   2   0   3 
  6   1   8   5   2   1   2   9   5   4   4   7   8   4   9   4   9   4   5   0 
M5
  0   4   4   3   7   3   7   9   1   2   4   2   1   5   5   4   5   5   4   6 
  7   0   4   7   1   1   2   6   4   5   3   6   6   6   6   4   3   1   5   6 
  4   5   0   1   2   1   9   9   6   2   4   5   5   5   1   9   8   6   4   1 
  2   5   2   0   5   9   3   9   5   8   7   4   7   3   6   7   1   1   1   6 
  9   9   7   8   0   3   9   8   1   3   8   5   7   8   1   4   7   3   4   8 
  8   7   2   1   1   0   4   3   9   2   2   5   5   5   3   2   9   4   1   3 
  8   6   7   6   4   2   0   6   9   9   2   2   3   9   8   4   6   6   7   1 
  7   5   7   9   4   4   6   0   5   1   4   3   8   9   7   1   4   1   1   4 
  6   9   9   2   3   2   2   2   0   5   9   6   4   2   7   1   1   7   4   3 
  5   8   8   8   9   7   6   4   7   0   2   9   9   4   3   4   7   5   3   2 
  5   3   9   8   6   7   1   8   9   3   0   3   6   5   3   8   7   6   1   8 
  5   8   7   5   8   7   4   5   6   9   5   0   4   6   9   3   4   9   5   3 
  2   4   2   4   2   3   4   2   6   6   2   7   0   3   3   8   3   2   5   3 
  3   5   9   1   4   6   4   7   8   8   9   1   2   0   9   8   4   1   6   4 
  2   8   5   4   4   7   1   6   3   8   2   1   7   5   0   4   1   4   6   6 
  1   9   9   5   2   6   7   6   9   8   4   5   9   6   9   0   6   1   7   2 
  9   6   7   7   6   5   7   8   8   9   2   3   9   3   5   9   0   1   3   5 
  6   9   1   8   8   2   3   8   8   1   9   7   8   8   9   4   1   0   8   9 
  5   1   3   1   2   4   7   5   6   6   9   1   2   9   5   8   3   2   0   3 
  6   1   8   5   2   1   2   9   5   4   4   7   8   4   9   4   9   4   5   0 
M6
  0   4   4   3   7   3   7   9   1   2   4   2   1   5   5   4   5   5   4   6 
  7   0   4   7   1   1   2   6   4   5   3   6   6   6   6   4   3   1   5   6 
  4   5   0   1   2   1   9   9   6   2   4   5   5   5   1   9   8   6   4   1 
  2   5   2   0   5   9   3   9   5   8   7   4   7   3   6   7   1   1   1   6 
  9   9   7   8   0   3   9   8   1   3   8   5   7   8   1   4   7   3   4   8 
  8   7   2   1   1   0   4   3   9   2   2   5   5   5   3   2   9   4   1   3 
  8   6   7   6   4   2   0   6   9   9   2   2   3   9   8   4   6   6   7   1 
  7   5   7   9   4   4   6   0   5   1   4   3   8   9   7   1   4   1   1   4 
  6   9   9   2   3   2   2   2   0   5   9   6   4   2   7   1   1   7   4   3 
  5   8   8   8   9   7   6   4   7   0   2   9   9   4   3   4   7   5   3   2 
  5   3   9   8   6   7   1   8   9   3   0   3   6   5   3   8   7   6   1   8 
  5   8   7   5   8   7   4   5   6   9   5   0   4   6   9   3   4   9   5   3 
  2   4   2   4   2   3   4   2   6   6   2   7   0   3   3   8   3   2   5   3 
  3   5   9   1   4   6   4   7   8   8   9   1   2   0   9   8   4   1   6   4 
  2   8   5   4   4   7   1   6   3   8   2   1   7   5   0   4   1   4   6   6 
  1   9   9   5   2   6   7   6   9   8   4   5   9   6   9   0   6   1   7   2 
  9   6   7   7   6   5   7   8   8   9   2   3   9   3   5   9   0   1   3   5 
  6   9   1   8   8   2   3   8   8   1   9   7   8   8   9   4   1   0   8   9 
  5   1   3   1   2   4   7   5   6   6   9   1   2   9   5   8   3   2   0   3 
  6   1   8   5   2   1   2   9   5   4   4   7   8   4   9   4   9   4   5   0 
M7
  0   4   4   3   7   3   7   9   1   2   4   2   1   5   5   4   5   5   4   6 
  7   0   4   7   1   1   2   6   4   5   3   6   6   6   6   4   3   1   5   6 
  4   5   0   1   2   1   9   9   6   2   4   5   5   5   1   9   8   6   4   1 
  2   5   2   0   5   9   3   9   5   8   7   4   7   3   6   7   1   1   1   6 
  9   9   7   8   0   3   9   8   1   3   8   5   7   8   1   4   7   3   4   8 
  8   7   2   1   1   0   4   3   9   2   2   5   5   5   3   2   9   4   1   3 
  8   6   7   6   4   2   0   6   9   9   2   2   3   9   8   4   6   6   7   1 
  7   5   7   9   4   4   6   0   5   1   4   3   8   9   7   1   4   1   1   4 
  6   9   9   2   3   2   2   2   0   5   9   6   4   2   7   1   1   7   4   3 
  5   8   8   8   9   7   6   4   7   0   2   9   9   4   3   4   7   5   3   2 
  5   3   9   8   6   7   1   8   9   3   0   3   6   5   3   8   7   6   1   8 
  5   8   7   5   8   7   4   5   6   9   5   0   4   6   9   3   4   9   5   3 
  2   4   2   4   2   3   4   2   6   6   2   7   0   3   3   8   3   2   5   3 
  3   5   9   1   4   6   4   7   8   8   9   1   2   0   9   8   4   1   6   4 
  2   8   5   4   4   7   1   6   3   8   2   1   7   5   0   4   1   4   6   6 
  1   9   9   5   2   6   7   6   9   8   4   5   9   6   9   0   6   1   7   2 
  9   6   7   7   6   5   7   8   8   9   2   3   9   3   5   9   0   1   3   5 
  6   9   1   8   8   2   3   8   8   1   9   7   8   8   9   4   1   0   8   9 
  5   1   3   1   2   4   7   5   6   6   9   1   2   9   5   8   3   2   0   3 
  6   1   8   5   2   1   2   9   5   4   4   7   8   4   9   4   9   4   5   0 
Reldue
  756    6    5
 1564    6    8
 1115    4    7
  723    5    1
  544    8    6
 1221    8    6
 1866    8    4
  830    8    8
  919    3    3
  850    6    5
 1246    7    6
 1026    5    2
 1451    6    9
 1031    1    1
  712    3    5
 1482    6    3
 1372    7    7
  813    9    9
 2297    8    9
 1373    8    2
DDW
  708   805
 1456  1673
 1010  1221
  657   789
  506   583
 1108  1334
 1757  1976
  782   878
  840   999
  789   911
 1143  1349
  973  1079
 1372  1530
  979  1082
  643   782
 1358  1605
 1260  1485
  753   873
 2122  2472
 1240  1507
