20   8
MD
  3  2  4  4  4  3  3  3
PT
  5  30  56  78  98  40  90  60  48  67  52  48  32  35  47  11  82  27   7  83 
 58  21  90   9   7  61  20  10  69  11  61  46  26  77  18  73  58  47  19  44 
 15  75  66  95   2  72  79  62  86   3  25  43  66  60  48  94  79  82  93  54 
 44  34  86   3  68  24  97  28  93  16  27  50  10  86   7  38  76  36  18  39 
 20   5  22  94  68  93  22  39  34  55  75  98   5  58  62  14  45  56   6  85 
 49  30  29  77  51  20  33  41  75  24   6  21  10  58  68  74  76  75  24  68 
 82   1  39  76  85  76  14  46  78  29  57  67  62  79  47  38  35  88  21  51 
 96  23  27  11  35  12  15  70  63  50  39  25  36  92  49  25  92  35  18  76 
SSD
M0
  0   9   2   7   6   5   1   4   7   4   2   4   8   2   4   4   8   9   3   1 
  8   0   3   2   6   7   9   4   5   9   5   2   8   7   3   6   9   4   2   3 
  3   5   0   2   9   5   1   9   7   5   1   3   6   4   7   1   5   4   8   5 
  2   7   2   0   2   5   8   9   4   6   9   2   7   5   5   6   6   1   3   2 
  4   4   6   1   0   8   5   5   9   8   8   9   1   8   8   2   2   4   9   4 
  7   4   3   2   5   0   1   2   4   1   6   7   7   7   7   6   4   3   6   8 
  2   5   5   9   7   8   0   4   6   1   2   7   6   6   9   8   3   3   2   7 
  8   6   8   3   8   8   4   0   6   2   8   3   4   7   5   4   4   3   3   1 
  1   3   6   8   8   9   8   2   0   1   5   3   7   1   5   6   5   1   7   9 
  5   8   8   9   2   9   3   1   1   0   9   6   5   3   6   2   9   9   1   4 
  7   4   4   9   1   9   4   3   2   4   0   2   5   7   9   5   6   9   8   2 
  9   3   6   6   9   4   2   3   1   8   9   0   6   8   8   2   8   5   6   7 
  6   5   3   1   7   2   6   5   1   3   9   1   0   4   1   8   5   9   5   8 
  8   8   9   4   2   9   3   1   8   4   4   4   4   0   5   8   7   1   5   2 
  9   4   9   9   4   6   4   3   5   9   4   8   6   7   0   9   6   5   1   8 
  4   5   7   2   3   9   1   4   2   8   3   8   7   3   8   0   2   2   9   4 
  7   1   8   6   7   4   6   9   4   1   1   5   5   4   6   6   0   1   9   3 
  6   4   9   2   1   1   5   2   1   8   5   8   5   1   3   2   1   0   6   5 
  1   9   2   4   1   2   8   2   4   5   1   5   7   3   3   7   6   1   0   6 
  9   7   7   3   3   5   4   3   4   9   9   4   6   8   8   2   6   6   1   0 
M1
  0   9   2   7   6   5   1   4   7   4   2   4   8   2   4   4   8   9   3   1 
  8   0   3   2   6   7   9   4   5   9   5   2   8   7   3   6   9   4   2   3 
  3   5   0   2   9   5   1   9   7   5   1   3   6   4   7   1   5   4   8   5 
  2   7   2   0   2   5   8   9   4   6   9   2   7   5   5   6   6   1   3   2 
  4   4   6   1   0   8   5   5   9   8   8   9   1   8   8   2   2   4   9   4 
  7   4   3   2   5   0   1   2   4   1   6   7   7   7   7   6   4   3   6   8 
  2   5   5   9   7   8   0   4   6   1   2   7   6   6   9   8   3   3   2   7 
  8   6   8   3   8   8   4   0   6   2   8   3   4   7   5   4   4   3   3   1 
  1   3   6   8   8   9   8   2   0   1   5   3   7   1   5   6   5   1   7   9 
  5   8   8   9   2   9   3   1   1   0   9   6   5   3   6   2   9   9   1   4 
  7   4   4   9   1   9   4   3   2   4   0   2   5   7   9   5   6   9   8   2 
  9   3   6   6   9   4   2   3   1   8   9   0   6   8   8   2   8   5   6   7 
  6   5   3   1   7   2   6   5   1   3   9   1   0   4   1   8   5   9   5   8 
  8   8   9   4   2   9   3   1   8   4   4   4   4   0   5   8   7   1   5   2 
  9   4   9   9   4   6   4   3   5   9   4   8   6   7   0   9   6   5   1   8 
  4   5   7   2   3   9   1   4   2   8   3   8   7   3   8   0   2   2   9   4 
  7   1   8   6   7   4   6   9   4   1   1   5   5   4   6   6   0   1   9   3 
  6   4   9   2   1   1   5   2   1   8   5   8   5   1   3   2   1   0   6   5 
  1   9   2   4   1   2   8   2   4   5   1   5   7   3   3   7   6   1   0   6 
  9   7   7   3   3   5   4   3   4   9   9   4   6   8   8   2   6   6   1   0 
M2
  0   9   2   7   6   5   1   4   7   4   2   4   8   2   4   4   8   9   3   1 
  8   0   3   2   6   7   9   4   5   9   5   2   8   7   3   6   9   4   2   3 
  3   5   0   2   9   5   1   9   7   5   1   3   6   4   7   1   5   4   8   5 
  2   7   2   0   2   5   8   9   4   6   9   2   7   5   5   6   6   1   3   2 
  4   4   6   1   0   8   5   5   9   8   8   9   1   8   8   2   2   4   9   4 
  7   4   3   2   5   0   1   2   4   1   6   7   7   7   7   6   4   3   6   8 
  2   5   5   9   7   8   0   4   6   1   2   7   6   6   9   8   3   3   2   7 
  8   6   8   3   8   8   4   0   6   2   8   3   4   7   5   4   4   3   3   1 
  1   3   6   8   8   9   8   2   0   1   5   3   7   1   5   6   5   1   7   9 
  5   8   8   9   2   9   3   1   1   0   9   6   5   3   6   2   9   9   1   4 
  7   4   4   9   1   9   4   3   2   4   0   2   5   7   9   5   6   9   8   2 
  9   3   6   6   9   4   2   3   1   8   9   0   6   8   8   2   8   5   6   7 
  6   5   3   1   7   2   6   5   1   3   9   1   0   4   1   8   5   9   5   8 
  8   8   9   4   2   9   3   1   8   4   4   4   4   0   5   8   7   1   5   2 
  9   4   9   9   4   6   4   3   5   9   4   8   6   7   0   9   6   5   1   8 
  4   5   7   2   3   9   1   4   2   8   3   8   7   3   8   0   2   2   9   4 
  7   1   8   6   7   4   6   9   4   1   1   5   5   4   6   6   0   1   9   3 
  6   4   9   2   1   1   5   2   1   8   5   8   5   1   3   2   1   0   6   5 
  1   9   2   4   1   2   8   2   4   5   1   5   7   3   3   7   6   1   0   6 
  9   7   7   3   3   5   4   3   4   9   9   4   6   8   8   2   6   6   1   0 
M3
  0   9   2   7   6   5   1   4   7   4   2   4   8   2   4   4   8   9   3   1 
  8   0   3   2   6   7   9   4   5   9   5   2   8   7   3   6   9   4   2   3 
  3   5   0   2   9   5   1   9   7   5   1   3   6   4   7   1   5   4   8   5 
  2   7   2   0   2   5   8   9   4   6   9   2   7   5   5   6   6   1   3   2 
  4   4   6   1   0   8   5   5   9   8   8   9   1   8   8   2   2   4   9   4 
  7   4   3   2   5   0   1   2   4   1   6   7   7   7   7   6   4   3   6   8 
  2   5   5   9   7   8   0   4   6   1   2   7   6   6   9   8   3   3   2   7 
  8   6   8   3   8   8   4   0   6   2   8   3   4   7   5   4   4   3   3   1 
  1   3   6   8   8   9   8   2   0   1   5   3   7   1   5   6   5   1   7   9 
  5   8   8   9   2   9   3   1   1   0   9   6   5   3   6   2   9   9   1   4 
  7   4   4   9   1   9   4   3   2   4   0   2   5   7   9   5   6   9   8   2 
  9   3   6   6   9   4   2   3   1   8   9   0   6   8   8   2   8   5   6   7 
  6   5   3   1   7   2   6   5   1   3   9   1   0   4   1   8   5   9   5   8 
  8   8   9   4   2   9   3   1   8   4   4   4   4   0   5   8   7   1   5   2 
  9   4   9   9   4   6   4   3   5   9   4   8   6   7   0   9   6   5   1   8 
  4   5   7   2   3   9   1   4   2   8   3   8   7   3   8   0   2   2   9   4 
  7   1   8   6   7   4   6   9   4   1   1   5   5   4   6   6   0   1   9   3 
  6   4   9   2   1   1   5   2   1   8   5   8   5   1   3   2   1   0   6   5 
  1   9   2   4   1   2   8   2   4   5   1   5   7   3   3   7   6   1   0   6 
  9   7   7   3   3   5   4   3   4   9   9   4   6   8   8   2   6   6   1   0 
M4
  0   9   2   7   6   5   1   4   7   4   2   4   8   2   4   4   8   9   3   1 
  8   0   3   2   6   7   9   4   5   9   5   2   8   7   3   6   9   4   2   3 
  3   5   0   2   9   5   1   9   7   5   1   3   6   4   7   1   5   4   8   5 
  2   7   2   0   2   5   8   9   4   6   9   2   7   5   5   6   6   1   3   2 
  4   4   6   1   0   8   5   5   9   8   8   9   1   8   8   2   2   4   9   4 
  7   4   3   2   5   0   1   2   4   1   6   7   7   7   7   6   4   3   6   8 
  2   5   5   9   7   8   0   4   6   1   2   7   6   6   9   8   3   3   2   7 
  8   6   8   3   8   8   4   0   6   2   8   3   4   7   5   4   4   3   3   1 
  1   3   6   8   8   9   8   2   0   1   5   3   7   1   5   6   5   1   7   9 
  5   8   8   9   2   9   3   1   1   0   9   6   5   3   6   2   9   9   1   4 
  7   4   4   9   1   9   4   3   2   4   0   2   5   7   9   5   6   9   8   2 
  9   3   6   6   9   4   2   3   1   8   9   0   6   8   8   2   8   5   6   7 
  6   5   3   1   7   2   6   5   1   3   9   1   0   4   1   8   5   9   5   8 
  8   8   9   4   2   9   3   1   8   4   4   4   4   0   5   8   7   1   5   2 
  9   4   9   9   4   6   4   3   5   9   4   8   6   7   0   9   6   5   1   8 
  4   5   7   2   3   9   1   4   2   8   3   8   7   3   8   0   2   2   9   4 
  7   1   8   6   7   4   6   9   4   1   1   5   5   4   6   6   0   1   9   3 
  6   4   9   2   1   1   5   2   1   8   5   8   5   1   3   2   1   0   6   5 
  1   9   2   4   1   2   8   2   4   5   1   5   7   3   3   7   6   1   0   6 
  9   7   7   3   3   5   4   3   4   9   9   4   6   8   8   2   6   6   1   0 
M5
  0   9   2   7   6   5   1   4   7   4   2   4   8   2   4   4   8   9   3   1 
  8   0   3   2   6   7   9   4   5   9   5   2   8   7   3   6   9   4   2   3 
  3   5   0   2   9   5   1   9   7   5   1   3   6   4   7   1   5   4   8   5 
  2   7   2   0   2   5   8   9   4   6   9   2   7   5   5   6   6   1   3   2 
  4   4   6   1   0   8   5   5   9   8   8   9   1   8   8   2   2   4   9   4 
  7   4   3   2   5   0   1   2   4   1   6   7   7   7   7   6   4   3   6   8 
  2   5   5   9   7   8   0   4   6   1   2   7   6   6   9   8   3   3   2   7 
  8   6   8   3   8   8   4   0   6   2   8   3   4   7   5   4   4   3   3   1 
  1   3   6   8   8   9   8   2   0   1   5   3   7   1   5   6   5   1   7   9 
  5   8   8   9   2   9   3   1   1   0   9   6   5   3   6   2   9   9   1   4 
  7   4   4   9   1   9   4   3   2   4   0   2   5   7   9   5   6   9   8   2 
  9   3   6   6   9   4   2   3   1   8   9   0   6   8   8   2   8   5   6   7 
  6   5   3   1   7   2   6   5   1   3   9   1   0   4   1   8   5   9   5   8 
  8   8   9   4   2   9   3   1   8   4   4   4   4   0   5   8   7   1   5   2 
  9   4   9   9   4   6   4   3   5   9   4   8   6   7   0   9   6   5   1   8 
  4   5   7   2   3   9   1   4   2   8   3   8   7   3   8   0   2   2   9   4 
  7   1   8   6   7   4   6   9   4   1   1   5   5   4   6   6   0   1   9   3 
  6   4   9   2   1   1   5   2   1   8   5   8   5   1   3   2   1   0   6   5 
  1   9   2   4   1   2   8   2   4   5   1   5   7   3   3   7   6   1   0   6 
  9   7   7   3   3   5   4   3   4   9   9   4   6   8   8   2   6   6   1   0 
M6
  0   9   2   7   6   5   1   4   7   4   2   4   8   2   4   4   8   9   3   1 
  8   0   3   2   6   7   9   4   5   9   5   2   8   7   3   6   9   4   2   3 
  3   5   0   2   9   5   1   9   7   5   1   3   6   4   7   1   5   4   8   5 
  2   7   2   0   2   5   8   9   4   6   9   2   7   5   5   6   6   1   3   2 
  4   4   6   1   0   8   5   5   9   8   8   9   1   8   8   2   2   4   9   4 
  7   4   3   2   5   0   1   2   4   1   6   7   7   7   7   6   4   3   6   8 
  2   5   5   9   7   8   0   4   6   1   2   7   6   6   9   8   3   3   2   7 
  8   6   8   3   8   8   4   0   6   2   8   3   4   7   5   4   4   3   3   1 
  1   3   6   8   8   9   8   2   0   1   5   3   7   1   5   6   5   1   7   9 
  5   8   8   9   2   9   3   1   1   0   9   6   5   3   6   2   9   9   1   4 
  7   4   4   9   1   9   4   3   2   4   0   2   5   7   9   5   6   9   8   2 
  9   3   6   6   9   4   2   3   1   8   9   0   6   8   8   2   8   5   6   7 
  6   5   3   1   7   2   6   5   1   3   9   1   0   4   1   8   5   9   5   8 
  8   8   9   4   2   9   3   1   8   4   4   4   4   0   5   8   7   1   5   2 
  9   4   9   9   4   6   4   3   5   9   4   8   6   7   0   9   6   5   1   8 
  4   5   7   2   3   9   1   4   2   8   3   8   7   3   8   0   2   2   9   4 
  7   1   8   6   7   4   6   9   4   1   1   5   5   4   6   6   0   1   9   3 
  6   4   9   2   1   1   5   2   1   8   5   8   5   1   3   2   1   0   6   5 
  1   9   2   4   1   2   8   2   4   5   1   5   7   3   3   7   6   1   0   6 
  9   7   7   3   3   5   4   3   4   9   9   4   6   8   8   2   6   6   1   0 
M7
  0   9   2   7   6   5   1   4   7   4   2   4   8   2   4   4   8   9   3   1 
  8   0   3   2   6   7   9   4   5   9   5   2   8   7   3   6   9   4   2   3 
  3   5   0   2   9   5   1   9   7   5   1   3   6   4   7   1   5   4   8   5 
  2   7   2   0   2   5   8   9   4   6   9   2   7   5   5   6   6   1   3   2 
  4   4   6   1   0   8   5   5   9   8   8   9   1   8   8   2   2   4   9   4 
  7   4   3   2   5   0   1   2   4   1   6   7   7   7   7   6   4   3   6   8 
  2   5   5   9   7   8   0   4   6   1   2   7   6   6   9   8   3   3   2   7 
  8   6   8   3   8   8   4   0   6   2   8   3   4   7   5   4   4   3   3   1 
  1   3   6   8   8   9   8   2   0   1   5   3   7   1   5   6   5   1   7   9 
  5   8   8   9   2   9   3   1   1   0   9   6   5   3   6   2   9   9   1   4 
  7   4   4   9   1   9   4   3   2   4   0   2   5   7   9   5   6   9   8   2 
  9   3   6   6   9   4   2   3   1   8   9   0   6   8   8   2   8   5   6   7 
  6   5   3   1   7   2   6   5   1   3   9   1   0   4   1   8   5   9   5   8 
  8   8   9   4   2   9   3   1   8   4   4   4   4   0   5   8   7   1   5   2 
  9   4   9   9   4   6   4   3   5   9   4   8   6   7   0   9   6   5   1   8 
  4   5   7   2   3   9   1   4   2   8   3   8   7   3   8   0   2   2   9   4 
  7   1   8   6   7   4   6   9   4   1   1   5   5   4   6   6   0   1   9   3 
  6   4   9   2   1   1   5   2   1   8   5   8   5   1   3   2   1   0   6   5 
  1   9   2   4   1   2   8   2   4   5   1   5   7   3   3   7   6   1   0   6 
  9   7   7   3   3   5   4   3   4   9   9   4   6   8   8   2   6   6   1   0 
Reldue
 1349    6    5
  784    2    8
  686    7    5
 1749    7    7
 1266    2    7
 1480    3    7
  437    1    5
  430    5    5
 1940    4    6
  706    1    2
  705    6    1
 1053    7    4
  992    8    3
 2328    2    6
  626    5    8
  866    3    4
 1871    9    1
 1557    5    8
  485    1    7
  689    3    5
DDW
 1262  1436
  716   852
  620   752
 1584  1914
 1148  1384
 1356  1604
  402   472
  387   473
 1826  2055
  669   744
  644   766
  973  1133
  907  1077
 2097  2559
  586   666
  810   921
 1743  1999
 1462  1652
  455   515
  652   726
