50   8
MD
  3  4  3  2  4  2  3  3
PT
 78  88  66  48  20  96  25  36  32  65  45  46  46  10  29  35  20  35  44  53  83  67  47  35  55  61  53  28  63  64  80  79  88  40  72  25  12  60  52  37  15  67  25  52  35  14  31  60  56  26 
 32   1   5  55  23  76  14  72  76  43  62   2  66   6  92   4  58  42  24  31  24  61  10  93  15  21  69  46  27  51  34  92  76  59  55  57  96  65  77  31  84  27  72  76  33  13  61  23  32  65 
 87  27  73  51  75  94  28  43  51  70  94  49  84  37  18  74  21  46  71  60  94  39   9  81  87  82  45  27  67  91  92  79  16  85  51  70  22  75   9  10  52  38  54  69  89  79  88  66  55   3 
 31  20  93  14  17  18  71  40  92  59  55  94  20  30  52  61   6  99  20  55  48  79  76  68   6  44  93  98  77  47  24  83   7  76  96  97  45  44  72  98  61  65  12  91  52  16  33  84  47  72 
 44  26  27  14  47  91  54  24   6   8  80  52  73  82   4  29  13  85  95  42  58  45  95  36  14  14  64  77  25  76  79  24  40  77   6  49  90  19  24  48  64  35  54  67  14  23  93  13  24  37 
 51  11  69  13  52  40   4  19  10  47  75  23  50  96  42  11  14  67  53  11  40  75  54  93   3  50   9  15  82  23  11  42  13  74  15  33  12  32  80  89  48   8  64  88  33   1  43  51  72  49 
 93  97  40  93  45  34  32  38   2  15  31  23  15   8  71  29  66  59  27  55  83  60  63  42  41  54  67  80  52  70  44  16  72  25  97  79  42  35   1  10  45  37  95  48  18  83  78  76  59  19 
 90  64  16  66  26  95  63  49  52  33  11  17  31  52   8  43  69  51  38  53  50  36  31  28  58  90  16   8  97  57  96  58   2  72  12  38  29  68  44  41  53  30  75  55  37  75  32  95   5  30 
SSD
M0
  0   5   5   5   4   9   9   9   6   6   2   7   1   7   8   4   6   6   1   3   1   4   9   3   7   4   2   3   8   6   2   1   5   5   5   7   3   5   9   4   6   8   2   8   3   2   9   3   3   8 
  9   0   4   7   8   3   3   3   9   3   1   9   2   7   1   7   4   3   2   2   8   1   1   8   5   6   6   4   3   1   9   7   1   1   9   6   5   7   7   4   5   7   8   1   4   6   4   9   1   4 
  4   2   0   1   9   1   3   3   8   6   7   7   3   3   5   4   4   7   6   2   8   1   8   2   1   7   1   3   3   8   4   7   5   8   5   4   1   7   5   8   3   4   6   7   8   5   2   4   9   5 
  2   9   6   0   8   6   2   7   4   6   1   8   7   6   1   5   8   5   7   9   2   6   9   1   1   9   1   7   7   8   7   7   9   8   4   6   6   6   9   3   5   1   4   2   5   9   2   9   9   2 
  6   9   2   6   0   4   1   5   9   6   4   5   1   4   7   4   9   6   1   4   3   6   2   7   3   3   2   3   2   3   2   5   5   7   4   3   4   5   6   4   2   6   7   8   8   8   8   8   6   5 
  1   3   7   2   5   0   6   7   3   3   6   1   4   3   5   2   1   9   8   9   6   1   3   9   2   3   3   7   6   9   9   8   5   5   5   7   5   4   8   7   4   5   3   8   5   1   9   9   9   8 
  5   3   3   3   1   9   0   8   7   6   4   4   4   3   4   9   1   1   5   4   3   7   5   9   3   7   1   3   2   2   6   2   9   2   5   1   9   4   3   9   7   6   1   1   1   1   4   2   8   1 
  7   3   4   2   1   3   6   0   1   5   7   1   4   8   8   8   7   8   6   8   7   8   4   3   4   8   3   5   9   1   4   4   3   6   2   6   9   9   7   1   2   9   4   5   4   2   5   2   7   2 
  5   3   6   3   2   4   1   5   0   1   4   5   1   1   7   5   2   7   9   4   8   7   4   5   8   3   6   4   5   4   3   7   2   8   7   2   7   2   9   9   7   5   6   3   3   6   8   9   7   7 
  8   5   9   7   9   5   1   4   8   0   5   1   8   6   9   8   4   9   3   5   7   4   2   6   1   7   4   6   1   7   2   7   4   7   2   8   4   8   5   1   8   6   8   9   9   4   7   1   7   4 
  7   1   4   6   8   2   2   1   5   2   0   1   2   5   2   1   8   3   9   3   6   2   3   7   4   4   7   5   3   3   3   4   6   5   6   5   2   9   3   9   7   5   2   9   8   3   3   8   4   8 
  6   7   5   3   7   1   2   2   1   6   5   0   5   8   9   2   5   1   8   9   6   4   7   9   3   9   4   1   1   6   5   5   4   4   7   4   1   3   2   3   8   2   8   8   6   3   2   6   1   9 
  5   1   1   5   2   4   4   6   6   4   4   1   0   8   9   7   6   5   8   5   5   2   3   7   6   3   5   8   1   9   9   6   9   6   7   2   4   7   2   1   3   2   5   1   7   4   1   1   6   3 
  1   9   8   8   1   2   2   5   4   6   7   5   8   0   9   5   1   8   2   8   7   3   2   1   7   3   8   9   9   8   4   4   6   8   5   3   2   2   9   1   1   4   7   3   6   6   1   8   2   5 
  7   7   8   3   5   3   8   1   1   4   8   9   1   7   0   4   8   5   8   8   5   4   2   8   2   1   3   1   5   3   3   9   4   1   5   4   5   8   2   1   6   2   5   1   2   2   6   9   4   5 
  2   4   3   7   7   3   3   2   3   4   5   5   5   3   9   0   2   4   6   8   1   1   4   3   3   8   9   6   3   3   2   1   6   9   6   9   7   2   6   4   7   4   5   1   4   9   8   1   6   4 
  9   9   8   4   5   3   1   7   1   9   1   2   6   5   1   9   0   1   2   1   3   9   9   6   2   6   2   9   6   8   4   1   5   1   5   7   7   1   9   9   7   2   5   9   2   7   6   5   2   7 
  4   4   3   2   9   4   5   9   1   1   4   7   4   4   5   2   9   0   5   9   5   8   2   5   7   1   2   3   5   4   3   6   8   1   3   1   2   7   6   2   2   7   7   7   2   6   7   8   7   8 
  4   4   6   8   4   6   9   2   6   8   1   7   2   2   6   1   2   5   0   7   7   1   2   7   1   6   7   5   7   7   8   7   4   6   8   5   3   1   2   8   1   4   5   6   3   7   1   8   3   5 
  7   3   7   9   6   9   6   4   4   9   8   9   8   7   3   4   8   8   1   0   1   2   2   8   6   6   2   1   6   5   1   7   7   2   8   9   8   8   6   2   6   4   8   9   4   2   6   2   5   6 
  9   6   8   9   7   3   2   4   1   7   8   6   5   4   4   2   1   1   7   9   0   4   1   3   7   2   4   3   7   5   2   4   6   6   9   4   5   3   5   7   5   8   2   1   9   8   7   6   2   7 
  5   2   3   3   4   3   4   1   1   1   2   4   7   1   3   2   2   8   2   7   8   0   8   4   9   4   8   2   6   4   5   5   7   6   3   2   8   8   7   1   2   6   7   4   8   5   3   3   6   7 
  7   7   4   1   7   6   4   6   6   3   9   6   7   7   7   5   2   3   1   5   9   3   0   6   6   5   1   8   7   1   8   8   9   3   4   3   2   7   2   4   9   9   4   5   4   2   9   3   3   4 
  9   5   6   3   3   7   8   4   5   2   9   1   2   6   5   5   6   8   4   4   6   2   5   0   1   5   3   5   6   6   8   5   2   2   5   7   4   6   9   6   8   8   3   8   4   8   7   5   6   1 
  3   8   1   8   9   9   5   7   9   1   8   5   5   3   6   1   5   6   9   1   1   2   5   3   0   2   6   6   6   1   4   1   6   7   3   3   4   4   9   2   4   4   4   6   2   4   6   2   7   6 
  7   2   9   8   6   1   6   7   7   5   7   1   1   7   9   4   5   5   7   4   3   4   5   2   5   0   6   6   5   6   1   5   1   3   6   5   8   8   1   2   8   2   6   2   2   5   1   6   1   9 
  2   9   3   2   9   8   6   1   4   1   6   3   7   7   1   9   7   9   3   4   7   6   7   4   1   1   0   9   8   1   9   9   2   9   1   2   6   5   5   2   5   7   9   3   6   6   3   5   6   8 
  6   1   3   1   9   5   5   1   5   8   1   2   7   4   4   5   1   2   5   6   7   4   4   1   4   9   9   0   2   3   6   5   7   2   2   9   6   4   3   8   9   8   3   1   6   6   3   4   7   1 
  6   8   3   3   9   5   3   4   3   2   8   6   3   4   4   1   2   7   9   4   1   8   2   4   1   3   2   8   0   1   2   4   7   6   7   6   2   5   9   8   7   4   5   3   8   6   5   7   3   5 
  6   6   7   8   2   7   4   2   9   2   5   2   6   2   9   7   7   3   2   5   6   8   5   6   1   7   7   1   3   0   3   8   4   6   2   1   6   3   9   3   2   2   7   7   3   5   4   2   1   7 
  2   9   9   3   5   4   9   3   1   5   1   9   5   5   2   3   8   2   2   4   8   2   1   9   5   8   9   2   6   1   0   5   3   3   9   9   4   6   2   5   8   6   6   5   8   9   1   1   5   4 
  8   1   2   9   5   2   5   1   8   3   4   8   2   4   9   4   5   5   7   6   7   6   6   8   2   6   1   3   8   5   7   0   4   2   3   9   8   9   8   8   6   9   3   7   8   5   3   6   5   4 
  7   5   2   7   9   2   8   5   4   1   4   1   9   4   1   5   1   8   1   1   4   1   7   4   3   4   2   5   4   4   2   3   0   3   5   4   9   1   1   4   6   1   4   1   8   3   8   6   8   4 
  4   4   7   4   2   3   1   7   3   9   2   7   9   7   7   3   2   5   8   4   4   9   2   7   9   3   6   7   1   8   5   5   2   0   8   2   7   9   1   7   8   8   7   2   1   9   3   3   2   2 
  3   4   6   6   7   8   8   2   6   3   3   5   9   9   2   8   5   6   1   5   1   9   7   6   9   3   3   3   1   2   2   7   5   4   0   3   5   4   5   4   3   9   8   2   6   2   2   5   3   8 
  7   9   5   6   7   3   2   7   7   4   8   7   3   3   3   6   8   8   2   9   2   3   4   6   6   6   5   8   9   7   7   2   3   7   8   0   7   2   8   5   6   8   1   7   5   5   8   9   4   7 
  4   7   6   2   2   2   7   4   8   8   4   6   6   2   9   5   2   1   4   2   4   7   7   3   4   6   8   4   7   6   3   7   8   6   1   1   0   6   9   1   7   2   1   1   4   9   1   6   4   1 
  3   2   2   5   1   5   8   2   4   5   3   8   1   1   9   4   6   8   8   8   8   3   2   2   8   3   8   6   5   3   5   4   3   4   3   4   7   0   3   7   4   9   6   3   6   7   7   7   2   3 
  1   2   4   1   1   1   9   3   3   1   3   8   7   2   4   5   6   3   8   2   2   8   8   9   4   6   6   5   8   9   3   3   5   9   5   6   2   2   0   2   1   7   6   3   3   9   6   6   5   5 
  3   8   3   5   9   5   3   1   8   1   1   7   4   7   5   2   4   9   6   9   6   9   4   4   9   9   7   7   8   1   4   8   4   8   3   3   7   6   3   0   3   2   8   2   7   5   8   3   3   4 
  1   8   4   4   4   7   4   7   9   1   1   8   7   2   1   4   3   1   1   6   4   2   1   9   3   8   6   4   4   8   2   7   4   7   1   6   1   2   9   1   0   2   3   8   5   7   8   9   2   7 
  1   1   7   8   6   2   8   6   1   6   5   6   7   6   6   4   7   7   1   2   6   8   9   7   5   4   3   7   7   7   6   6   4   7   6   1   7   7   4   6   2   0   6   7   4   5   6   9   9   6 
  1   7   2   3   8   7   6   8   5   4   7   1   8   5   7   8   6   7   7   3   5   6   1   6   2   1   1   5   4   5   9   2   7   8   6   4   8   6   8   4   6   2   0   4   1   8   2   4   3   2 
  7   1   8   8   7   4   5   6   1   6   4   2   1   6   9   2   8   3   8   2   7   8   9   1   5   6   1   2   9   9   4   4   7   2   8   2   8   7   7   4   5   2   5   0   7   1   1   8   4   9 
  1   3   7   5   7   6   7   1   2   7   7   3   4   5   4   5   4   2   2   1   7   7   4   5   3   9   3   1   6   6   1   3   5   4   4   4   9   6   4   5   9   5   6   3   0   9   1   1   7   9 
  1   5   2   9   3   9   9   6   2   3   9   8   4   1   5   8   6   1   5   1   5   3   6   1   9   3   5   8   5   6   5   7   4   1   7   2   8   8   7   2   3   1   7   3   1   0   8   5   1   9 
  2   8   6   1   4   5   3   5   4   8   6   3   5   5   7   9   5   9   4   1   4   4   7   1   4   6   8   2   2   4   7   2   8   9   3   6   7   4   2   2   2   7   4   2   6   9   0   7   5   9 
  8   2   9   5   9   6   7   5   7   7   1   6   9   8   3   5   2   6   1   4   1   3   6   2   2   1   2   1   7   8   1   1   8   4   3   2   3   7   4   4   2   6   2   8   7   4   9   0   5   6 
  8   2   9   9   8   4   3   9   4   5   1   8   7   6   5   3   4   1   3   6   7   1   3   5   8   2   7   1   3   6   5   6   5   5   4   6   7   9   6   1   8   6   5   2   3   6   5   2   0   6 
  1   6   1   3   6   5   1   3   1   4   6   1   4   8   5   7   2   3   4   4   6   5   7   1   5   4   6   2   3   6   2   6   1   4   8   5   9   4   2   6   6   3   9   9   4   5   3   1   2   0 
M1
  0   5   5   5   4   9   9   9   6   6   2   7   1   7   8   4   6   6   1   3   1   4   9   3   7   4   2   3   8   6   2   1   5   5   5   7   3   5   9   4   6   8   2   8   3   2   9   3   3   8 
  9   0   4   7   8   3   3   3   9   3   1   9   2   7   1   7   4   3   2   2   8   1   1   8   5   6   6   4   3   1   9   7   1   1   9   6   5   7   7   4   5   7   8   1   4   6   4   9   1   4 
  4   2   0   1   9   1   3   3   8   6   7   7   3   3   5   4   4   7   6   2   8   1   8   2   1   7   1   3   3   8   4   7   5   8   5   4   1   7   5   8   3   4   6   7   8   5   2   4   9   5 
  2   9   6   0   8   6   2   7   4   6   1   8   7   6   1   5   8   5   7   9   2   6   9   1   1   9   1   7   7   8   7   7   9   8   4   6   6   6   9   3   5   1   4   2   5   9   2   9   9   2 
  6   9   2   6   0   4   1   5   9   6   4   5   1   4   7   4   9   6   1   4   3   6   2   7   3   3   2   3   2   3   2   5   5   7   4   3   4   5   6   4   2   6   7   8   8   8   8   8   6   5 
  1   3   7   2   5   0   6   7   3   3   6   1   4   3   5   2   1   9   8   9   6   1   3   9   2   3   3   7   6   9   9   8   5   5   5   7   5   4   8   7   4   5   3   8   5   1   9   9   9   8 
  5   3   3   3   1   9   0   8   7   6   4   4   4   3   4   9   1   1   5   4   3   7   5   9   3   7   1   3   2   2   6   2   9   2   5   1   9   4   3   9   7   6   1   1   1   1   4   2   8   1 
  7   3   4   2   1   3   6   0   1   5   7   1   4   8   8   8   7   8   6   8   7   8   4   3   4   8   3   5   9   1   4   4   3   6   2   6   9   9   7   1   2   9   4   5   4   2   5   2   7   2 
  5   3   6   3   2   4   1   5   0   1   4   5   1   1   7   5   2   7   9   4   8   7   4   5   8   3   6   4   5   4   3   7   2   8   7   2   7   2   9   9   7   5   6   3   3   6   8   9   7   7 
  8   5   9   7   9   5   1   4   8   0   5   1   8   6   9   8   4   9   3   5   7   4   2   6   1   7   4   6   1   7   2   7   4   7   2   8   4   8   5   1   8   6   8   9   9   4   7   1   7   4 
  7   1   4   6   8   2   2   1   5   2   0   1   2   5   2   1   8   3   9   3   6   2   3   7   4   4   7   5   3   3   3   4   6   5   6   5   2   9   3   9   7   5   2   9   8   3   3   8   4   8 
  6   7   5   3   7   1   2   2   1   6   5   0   5   8   9   2   5   1   8   9   6   4   7   9   3   9   4   1   1   6   5   5   4   4   7   4   1   3   2   3   8   2   8   8   6   3   2   6   1   9 
  5   1   1   5   2   4   4   6   6   4   4   1   0   8   9   7   6   5   8   5   5   2   3   7   6   3   5   8   1   9   9   6   9   6   7   2   4   7   2   1   3   2   5   1   7   4   1   1   6   3 
  1   9   8   8   1   2   2   5   4   6   7   5   8   0   9   5   1   8   2   8   7   3   2   1   7   3   8   9   9   8   4   4   6   8   5   3   2   2   9   1   1   4   7   3   6   6   1   8   2   5 
  7   7   8   3   5   3   8   1   1   4   8   9   1   7   0   4   8   5   8   8   5   4   2   8   2   1   3   1   5   3   3   9   4   1   5   4   5   8   2   1   6   2   5   1   2   2   6   9   4   5 
  2   4   3   7   7   3   3   2   3   4   5   5   5   3   9   0   2   4   6   8   1   1   4   3   3   8   9   6   3   3   2   1   6   9   6   9   7   2   6   4   7   4   5   1   4   9   8   1   6   4 
  9   9   8   4   5   3   1   7   1   9   1   2   6   5   1   9   0   1   2   1   3   9   9   6   2   6   2   9   6   8   4   1   5   1   5   7   7   1   9   9   7   2   5   9   2   7   6   5   2   7 
  4   4   3   2   9   4   5   9   1   1   4   7   4   4   5   2   9   0   5   9   5   8   2   5   7   1   2   3   5   4   3   6   8   1   3   1   2   7   6   2   2   7   7   7   2   6   7   8   7   8 
  4   4   6   8   4   6   9   2   6   8   1   7   2   2   6   1   2   5   0   7   7   1   2   7   1   6   7   5   7   7   8   7   4   6   8   5   3   1   2   8   1   4   5   6   3   7   1   8   3   5 
  7   3   7   9   6   9   6   4   4   9   8   9   8   7   3   4   8   8   1   0   1   2   2   8   6   6   2   1   6   5   1   7   7   2   8   9   8   8   6   2   6   4   8   9   4   2   6   2   5   6 
  9   6   8   9   7   3   2   4   1   7   8   6   5   4   4   2   1   1   7   9   0   4   1   3   7   2   4   3   7   5   2   4   6   6   9   4   5   3   5   7   5   8   2   1   9   8   7   6   2   7 
  5   2   3   3   4   3   4   1   1   1   2   4   7   1   3   2   2   8   2   7   8   0   8   4   9   4   8   2   6   4   5   5   7   6   3   2   8   8   7   1   2   6   7   4   8   5   3   3   6   7 
  7   7   4   1   7   6   4   6   6   3   9   6   7   7   7   5   2   3   1   5   9   3   0   6   6   5   1   8   7   1   8   8   9   3   4   3   2   7   2   4   9   9   4   5   4   2   9   3   3   4 
  9   5   6   3   3   7   8   4   5   2   9   1   2   6   5   5   6   8   4   4   6   2   5   0   1   5   3   5   6   6   8   5   2   2   5   7   4   6   9   6   8   8   3   8   4   8   7   5   6   1 
  3   8   1   8   9   9   5   7   9   1   8   5   5   3   6   1   5   6   9   1   1   2   5   3   0   2   6   6   6   1   4   1   6   7   3   3   4   4   9   2   4   4   4   6   2   4   6   2   7   6 
  7   2   9   8   6   1   6   7   7   5   7   1   1   7   9   4   5   5   7   4   3   4   5   2   5   0   6   6   5   6   1   5   1   3   6   5   8   8   1   2   8   2   6   2   2   5   1   6   1   9 
  2   9   3   2   9   8   6   1   4   1   6   3   7   7   1   9   7   9   3   4   7   6   7   4   1   1   0   9   8   1   9   9   2   9   1   2   6   5   5   2   5   7   9   3   6   6   3   5   6   8 
  6   1   3   1   9   5   5   1   5   8   1   2   7   4   4   5   1   2   5   6   7   4   4   1   4   9   9   0   2   3   6   5   7   2   2   9   6   4   3   8   9   8   3   1   6   6   3   4   7   1 
  6   8   3   3   9   5   3   4   3   2   8   6   3   4   4   1   2   7   9   4   1   8   2   4   1   3   2   8   0   1   2   4   7   6   7   6   2   5   9   8   7   4   5   3   8   6   5   7   3   5 
  6   6   7   8   2   7   4   2   9   2   5   2   6   2   9   7   7   3   2   5   6   8   5   6   1   7   7   1   3   0   3   8   4   6   2   1   6   3   9   3   2   2   7   7   3   5   4   2   1   7 
  2   9   9   3   5   4   9   3   1   5   1   9   5   5   2   3   8   2   2   4   8   2   1   9   5   8   9   2   6   1   0   5   3   3   9   9   4   6   2   5   8   6   6   5   8   9   1   1   5   4 
  8   1   2   9   5   2   5   1   8   3   4   8   2   4   9   4   5   5   7   6   7   6   6   8   2   6   1   3   8   5   7   0   4   2   3   9   8   9   8   8   6   9   3   7   8   5   3   6   5   4 
  7   5   2   7   9   2   8   5   4   1   4   1   9   4   1   5   1   8   1   1   4   1   7   4   3   4   2   5   4   4   2   3   0   3   5   4   9   1   1   4   6   1   4   1   8   3   8   6   8   4 
  4   4   7   4   2   3   1   7   3   9   2   7   9   7   7   3   2   5   8   4   4   9   2   7   9   3   6   7   1   8   5   5   2   0   8   2   7   9   1   7   8   8   7   2   1   9   3   3   2   2 
  3   4   6   6   7   8   8   2   6   3   3   5   9   9   2   8   5   6   1   5   1   9   7   6   9   3   3   3   1   2   2   7   5   4   0   3   5   4   5   4   3   9   8   2   6   2   2   5   3   8 
  7   9   5   6   7   3   2   7   7   4   8   7   3   3   3   6   8   8   2   9   2   3   4   6   6   6   5   8   9   7   7   2   3   7   8   0   7   2   8   5   6   8   1   7   5   5   8   9   4   7 
  4   7   6   2   2   2   7   4   8   8   4   6   6   2   9   5   2   1   4   2   4   7   7   3   4   6   8   4   7   6   3   7   8   6   1   1   0   6   9   1   7   2   1   1   4   9   1   6   4   1 
  3   2   2   5   1   5   8   2   4   5   3   8   1   1   9   4   6   8   8   8   8   3   2   2   8   3   8   6   5   3   5   4   3   4   3   4   7   0   3   7   4   9   6   3   6   7   7   7   2   3 
  1   2   4   1   1   1   9   3   3   1   3   8   7   2   4   5   6   3   8   2   2   8   8   9   4   6   6   5   8   9   3   3   5   9   5   6   2   2   0   2   1   7   6   3   3   9   6   6   5   5 
  3   8   3   5   9   5   3   1   8   1   1   7   4   7   5   2   4   9   6   9   6   9   4   4   9   9   7   7   8   1   4   8   4   8   3   3   7   6   3   0   3   2   8   2   7   5   8   3   3   4 
  1   8   4   4   4   7   4   7   9   1   1   8   7   2   1   4   3   1   1   6   4   2   1   9   3   8   6   4   4   8   2   7   4   7   1   6   1   2   9   1   0   2   3   8   5   7   8   9   2   7 
  1   1   7   8   6   2   8   6   1   6   5   6   7   6   6   4   7   7   1   2   6   8   9   7   5   4   3   7   7   7   6   6   4   7   6   1   7   7   4   6   2   0   6   7   4   5   6   9   9   6 
  1   7   2   3   8   7   6   8   5   4   7   1   8   5   7   8   6   7   7   3   5   6   1   6   2   1   1   5   4   5   9   2   7   8   6   4   8   6   8   4   6   2   0   4   1   8   2   4   3   2 
  7   1   8   8   7   4   5   6   1   6   4   2   1   6   9   2   8   3   8   2   7   8   9   1   5   6   1   2   9   9   4   4   7   2   8   2   8   7   7   4   5   2   5   0   7   1   1   8   4   9 
  1   3   7   5   7   6   7   1   2   7   7   3   4   5   4   5   4   2   2   1   7   7   4   5   3   9   3   1   6   6   1   3   5   4   4   4   9   6   4   5   9   5   6   3   0   9   1   1   7   9 
  1   5   2   9   3   9   9   6   2   3   9   8   4   1   5   8   6   1   5   1   5   3   6   1   9   3   5   8   5   6   5   7   4   1   7   2   8   8   7   2   3   1   7   3   1   0   8   5   1   9 
  2   8   6   1   4   5   3   5   4   8   6   3   5   5   7   9   5   9   4   1   4   4   7   1   4   6   8   2   2   4   7   2   8   9   3   6   7   4   2   2   2   7   4   2   6   9   0   7   5   9 
  8   2   9   5   9   6   7   5   7   7   1   6   9   8   3   5   2   6   1   4   1   3   6   2   2   1   2   1   7   8   1   1   8   4   3   2   3   7   4   4   2   6   2   8   7   4   9   0   5   6 
  8   2   9   9   8   4   3   9   4   5   1   8   7   6   5   3   4   1   3   6   7   1   3   5   8   2   7   1   3   6   5   6   5   5   4   6   7   9   6   1   8   6   5   2   3   6   5   2   0   6 
  1   6   1   3   6   5   1   3   1   4   6   1   4   8   5   7   2   3   4   4   6   5   7   1   5   4   6   2   3   6   2   6   1   4   8   5   9   4   2   6   6   3   9   9   4   5   3   1   2   0 
M2
  0   5   5   5   4   9   9   9   6   6   2   7   1   7   8   4   6   6   1   3   1   4   9   3   7   4   2   3   8   6   2   1   5   5   5   7   3   5   9   4   6   8   2   8   3   2   9   3   3   8 
  9   0   4   7   8   3   3   3   9   3   1   9   2   7   1   7   4   3   2   2   8   1   1   8   5   6   6   4   3   1   9   7   1   1   9   6   5   7   7   4   5   7   8   1   4   6   4   9   1   4 
  4   2   0   1   9   1   3   3   8   6   7   7   3   3   5   4   4   7   6   2   8   1   8   2   1   7   1   3   3   8   4   7   5   8   5   4   1   7   5   8   3   4   6   7   8   5   2   4   9   5 
  2   9   6   0   8   6   2   7   4   6   1   8   7   6   1   5   8   5   7   9   2   6   9   1   1   9   1   7   7   8   7   7   9   8   4   6   6   6   9   3   5   1   4   2   5   9   2   9   9   2 
  6   9   2   6   0   4   1   5   9   6   4   5   1   4   7   4   9   6   1   4   3   6   2   7   3   3   2   3   2   3   2   5   5   7   4   3   4   5   6   4   2   6   7   8   8   8   8   8   6   5 
  1   3   7   2   5   0   6   7   3   3   6   1   4   3   5   2   1   9   8   9   6   1   3   9   2   3   3   7   6   9   9   8   5   5   5   7   5   4   8   7   4   5   3   8   5   1   9   9   9   8 
  5   3   3   3   1   9   0   8   7   6   4   4   4   3   4   9   1   1   5   4   3   7   5   9   3   7   1   3   2   2   6   2   9   2   5   1   9   4   3   9   7   6   1   1   1   1   4   2   8   1 
  7   3   4   2   1   3   6   0   1   5   7   1   4   8   8   8   7   8   6   8   7   8   4   3   4   8   3   5   9   1   4   4   3   6   2   6   9   9   7   1   2   9   4   5   4   2   5   2   7   2 
  5   3   6   3   2   4   1   5   0   1   4   5   1   1   7   5   2   7   9   4   8   7   4   5   8   3   6   4   5   4   3   7   2   8   7   2   7   2   9   9   7   5   6   3   3   6   8   9   7   7 
  8   5   9   7   9   5   1   4   8   0   5   1   8   6   9   8   4   9   3   5   7   4   2   6   1   7   4   6   1   7   2   7   4   7   2   8   4   8   5   1   8   6   8   9   9   4   7   1   7   4 
  7   1   4   6   8   2   2   1   5   2   0   1   2   5   2   1   8   3   9   3   6   2   3   7   4   4   7   5   3   3   3   4   6   5   6   5   2   9   3   9   7   5   2   9   8   3   3   8   4   8 
  6   7   5   3   7   1   2   2   1   6   5   0   5   8   9   2   5   1   8   9   6   4   7   9   3   9   4   1   1   6   5   5   4   4   7   4   1   3   2   3   8   2   8   8   6   3   2   6   1   9 
  5   1   1   5   2   4   4   6   6   4   4   1   0   8   9   7   6   5   8   5   5   2   3   7   6   3   5   8   1   9   9   6   9   6   7   2   4   7   2   1   3   2   5   1   7   4   1   1   6   3 
  1   9   8   8   1   2   2   5   4   6   7   5   8   0   9   5   1   8   2   8   7   3   2   1   7   3   8   9   9   8   4   4   6   8   5   3   2   2   9   1   1   4   7   3   6   6   1   8   2   5 
  7   7   8   3   5   3   8   1   1   4   8   9   1   7   0   4   8   5   8   8   5   4   2   8   2   1   3   1   5   3   3   9   4   1   5   4   5   8   2   1   6   2   5   1   2   2   6   9   4   5 
  2   4   3   7   7   3   3   2   3   4   5   5   5   3   9   0   2   4   6   8   1   1   4   3   3   8   9   6   3   3   2   1   6   9   6   9   7   2   6   4   7   4   5   1   4   9   8   1   6   4 
  9   9   8   4   5   3   1   7   1   9   1   2   6   5   1   9   0   1   2   1   3   9   9   6   2   6   2   9   6   8   4   1   5   1   5   7   7   1   9   9   7   2   5   9   2   7   6   5   2   7 
  4   4   3   2   9   4   5   9   1   1   4   7   4   4   5   2   9   0   5   9   5   8   2   5   7   1   2   3   5   4   3   6   8   1   3   1   2   7   6   2   2   7   7   7   2   6   7   8   7   8 
  4   4   6   8   4   6   9   2   6   8   1   7   2   2   6   1   2   5   0   7   7   1   2   7   1   6   7   5   7   7   8   7   4   6   8   5   3   1   2   8   1   4   5   6   3   7   1   8   3   5 
  7   3   7   9   6   9   6   4   4   9   8   9   8   7   3   4   8   8   1   0   1   2   2   8   6   6   2   1   6   5   1   7   7   2   8   9   8   8   6   2   6   4   8   9   4   2   6   2   5   6 
  9   6   8   9   7   3   2   4   1   7   8   6   5   4   4   2   1   1   7   9   0   4   1   3   7   2   4   3   7   5   2   4   6   6   9   4   5   3   5   7   5   8   2   1   9   8   7   6   2   7 
  5   2   3   3   4   3   4   1   1   1   2   4   7   1   3   2   2   8   2   7   8   0   8   4   9   4   8   2   6   4   5   5   7   6   3   2   8   8   7   1   2   6   7   4   8   5   3   3   6   7 
  7   7   4   1   7   6   4   6   6   3   9   6   7   7   7   5   2   3   1   5   9   3   0   6   6   5   1   8   7   1   8   8   9   3   4   3   2   7   2   4   9   9   4   5   4   2   9   3   3   4 
  9   5   6   3   3   7   8   4   5   2   9   1   2   6   5   5   6   8   4   4   6   2   5   0   1   5   3   5   6   6   8   5   2   2   5   7   4   6   9   6   8   8   3   8   4   8   7   5   6   1 
  3   8   1   8   9   9   5   7   9   1   8   5   5   3   6   1   5   6   9   1   1   2   5   3   0   2   6   6   6   1   4   1   6   7   3   3   4   4   9   2   4   4   4   6   2   4   6   2   7   6 
  7   2   9   8   6   1   6   7   7   5   7   1   1   7   9   4   5   5   7   4   3   4   5   2   5   0   6   6   5   6   1   5   1   3   6   5   8   8   1   2   8   2   6   2   2   5   1   6   1   9 
  2   9   3   2   9   8   6   1   4   1   6   3   7   7   1   9   7   9   3   4   7   6   7   4   1   1   0   9   8   1   9   9   2   9   1   2   6   5   5   2   5   7   9   3   6   6   3   5   6   8 
  6   1   3   1   9   5   5   1   5   8   1   2   7   4   4   5   1   2   5   6   7   4   4   1   4   9   9   0   2   3   6   5   7   2   2   9   6   4   3   8   9   8   3   1   6   6   3   4   7   1 
  6   8   3   3   9   5   3   4   3   2   8   6   3   4   4   1   2   7   9   4   1   8   2   4   1   3   2   8   0   1   2   4   7   6   7   6   2   5   9   8   7   4   5   3   8   6   5   7   3   5 
  6   6   7   8   2   7   4   2   9   2   5   2   6   2   9   7   7   3   2   5   6   8   5   6   1   7   7   1   3   0   3   8   4   6   2   1   6   3   9   3   2   2   7   7   3   5   4   2   1   7 
  2   9   9   3   5   4   9   3   1   5   1   9   5   5   2   3   8   2   2   4   8   2   1   9   5   8   9   2   6   1   0   5   3   3   9   9   4   6   2   5   8   6   6   5   8   9   1   1   5   4 
  8   1   2   9   5   2   5   1   8   3   4   8   2   4   9   4   5   5   7   6   7   6   6   8   2   6   1   3   8   5   7   0   4   2   3   9   8   9   8   8   6   9   3   7   8   5   3   6   5   4 
  7   5   2   7   9   2   8   5   4   1   4   1   9   4   1   5   1   8   1   1   4   1   7   4   3   4   2   5   4   4   2   3   0   3   5   4   9   1   1   4   6   1   4   1   8   3   8   6   8   4 
  4   4   7   4   2   3   1   7   3   9   2   7   9   7   7   3   2   5   8   4   4   9   2   7   9   3   6   7   1   8   5   5   2   0   8   2   7   9   1   7   8   8   7   2   1   9   3   3   2   2 
  3   4   6   6   7   8   8   2   6   3   3   5   9   9   2   8   5   6   1   5   1   9   7   6   9   3   3   3   1   2   2   7   5   4   0   3   5   4   5   4   3   9   8   2   6   2   2   5   3   8 
  7   9   5   6   7   3   2   7   7   4   8   7   3   3   3   6   8   8   2   9   2   3   4   6   6   6   5   8   9   7   7   2   3   7   8   0   7   2   8   5   6   8   1   7   5   5   8   9   4   7 
  4   7   6   2   2   2   7   4   8   8   4   6   6   2   9   5   2   1   4   2   4   7   7   3   4   6   8   4   7   6   3   7   8   6   1   1   0   6   9   1   7   2   1   1   4   9   1   6   4   1 
  3   2   2   5   1   5   8   2   4   5   3   8   1   1   9   4   6   8   8   8   8   3   2   2   8   3   8   6   5   3   5   4   3   4   3   4   7   0   3   7   4   9   6   3   6   7   7   7   2   3 
  1   2   4   1   1   1   9   3   3   1   3   8   7   2   4   5   6   3   8   2   2   8   8   9   4   6   6   5   8   9   3   3   5   9   5   6   2   2   0   2   1   7   6   3   3   9   6   6   5   5 
  3   8   3   5   9   5   3   1   8   1   1   7   4   7   5   2   4   9   6   9   6   9   4   4   9   9   7   7   8   1   4   8   4   8   3   3   7   6   3   0   3   2   8   2   7   5   8   3   3   4 
  1   8   4   4   4   7   4   7   9   1   1   8   7   2   1   4   3   1   1   6   4   2   1   9   3   8   6   4   4   8   2   7   4   7   1   6   1   2   9   1   0   2   3   8   5   7   8   9   2   7 
  1   1   7   8   6   2   8   6   1   6   5   6   7   6   6   4   7   7   1   2   6   8   9   7   5   4   3   7   7   7   6   6   4   7   6   1   7   7   4   6   2   0   6   7   4   5   6   9   9   6 
  1   7   2   3   8   7   6   8   5   4   7   1   8   5   7   8   6   7   7   3   5   6   1   6   2   1   1   5   4   5   9   2   7   8   6   4   8   6   8   4   6   2   0   4   1   8   2   4   3   2 
  7   1   8   8   7   4   5   6   1   6   4   2   1   6   9   2   8   3   8   2   7   8   9   1   5   6   1   2   9   9   4   4   7   2   8   2   8   7   7   4   5   2   5   0   7   1   1   8   4   9 
  1   3   7   5   7   6   7   1   2   7   7   3   4   5   4   5   4   2   2   1   7   7   4   5   3   9   3   1   6   6   1   3   5   4   4   4   9   6   4   5   9   5   6   3   0   9   1   1   7   9 
  1   5   2   9   3   9   9   6   2   3   9   8   4   1   5   8   6   1   5   1   5   3   6   1   9   3   5   8   5   6   5   7   4   1   7   2   8   8   7   2   3   1   7   3   1   0   8   5   1   9 
  2   8   6   1   4   5   3   5   4   8   6   3   5   5   7   9   5   9   4   1   4   4   7   1   4   6   8   2   2   4   7   2   8   9   3   6   7   4   2   2   2   7   4   2   6   9   0   7   5   9 
  8   2   9   5   9   6   7   5   7   7   1   6   9   8   3   5   2   6   1   4   1   3   6   2   2   1   2   1   7   8   1   1   8   4   3   2   3   7   4   4   2   6   2   8   7   4   9   0   5   6 
  8   2   9   9   8   4   3   9   4   5   1   8   7   6   5   3   4   1   3   6   7   1   3   5   8   2   7   1   3   6   5   6   5   5   4   6   7   9   6   1   8   6   5   2   3   6   5   2   0   6 
  1   6   1   3   6   5   1   3   1   4   6   1   4   8   5   7   2   3   4   4   6   5   7   1   5   4   6   2   3   6   2   6   1   4   8   5   9   4   2   6   6   3   9   9   4   5   3   1   2   0 
M3
  0   5   5   5   4   9   9   9   6   6   2   7   1   7   8   4   6   6   1   3   1   4   9   3   7   4   2   3   8   6   2   1   5   5   5   7   3   5   9   4   6   8   2   8   3   2   9   3   3   8 
  9   0   4   7   8   3   3   3   9   3   1   9   2   7   1   7   4   3   2   2   8   1   1   8   5   6   6   4   3   1   9   7   1   1   9   6   5   7   7   4   5   7   8   1   4   6   4   9   1   4 
  4   2   0   1   9   1   3   3   8   6   7   7   3   3   5   4   4   7   6   2   8   1   8   2   1   7   1   3   3   8   4   7   5   8   5   4   1   7   5   8   3   4   6   7   8   5   2   4   9   5 
  2   9   6   0   8   6   2   7   4   6   1   8   7   6   1   5   8   5   7   9   2   6   9   1   1   9   1   7   7   8   7   7   9   8   4   6   6   6   9   3   5   1   4   2   5   9   2   9   9   2 
  6   9   2   6   0   4   1   5   9   6   4   5   1   4   7   4   9   6   1   4   3   6   2   7   3   3   2   3   2   3   2   5   5   7   4   3   4   5   6   4   2   6   7   8   8   8   8   8   6   5 
  1   3   7   2   5   0   6   7   3   3   6   1   4   3   5   2   1   9   8   9   6   1   3   9   2   3   3   7   6   9   9   8   5   5   5   7   5   4   8   7   4   5   3   8   5   1   9   9   9   8 
  5   3   3   3   1   9   0   8   7   6   4   4   4   3   4   9   1   1   5   4   3   7   5   9   3   7   1   3   2   2   6   2   9   2   5   1   9   4   3   9   7   6   1   1   1   1   4   2   8   1 
  7   3   4   2   1   3   6   0   1   5   7   1   4   8   8   8   7   8   6   8   7   8   4   3   4   8   3   5   9   1   4   4   3   6   2   6   9   9   7   1   2   9   4   5   4   2   5   2   7   2 
  5   3   6   3   2   4   1   5   0   1   4   5   1   1   7   5   2   7   9   4   8   7   4   5   8   3   6   4   5   4   3   7   2   8   7   2   7   2   9   9   7   5   6   3   3   6   8   9   7   7 
  8   5   9   7   9   5   1   4   8   0   5   1   8   6   9   8   4   9   3   5   7   4   2   6   1   7   4   6   1   7   2   7   4   7   2   8   4   8   5   1   8   6   8   9   9   4   7   1   7   4 
  7   1   4   6   8   2   2   1   5   2   0   1   2   5   2   1   8   3   9   3   6   2   3   7   4   4   7   5   3   3   3   4   6   5   6   5   2   9   3   9   7   5   2   9   8   3   3   8   4   8 
  6   7   5   3   7   1   2   2   1   6   5   0   5   8   9   2   5   1   8   9   6   4   7   9   3   9   4   1   1   6   5   5   4   4   7   4   1   3   2   3   8   2   8   8   6   3   2   6   1   9 
  5   1   1   5   2   4   4   6   6   4   4   1   0   8   9   7   6   5   8   5   5   2   3   7   6   3   5   8   1   9   9   6   9   6   7   2   4   7   2   1   3   2   5   1   7   4   1   1   6   3 
  1   9   8   8   1   2   2   5   4   6   7   5   8   0   9   5   1   8   2   8   7   3   2   1   7   3   8   9   9   8   4   4   6   8   5   3   2   2   9   1   1   4   7   3   6   6   1   8   2   5 
  7   7   8   3   5   3   8   1   1   4   8   9   1   7   0   4   8   5   8   8   5   4   2   8   2   1   3   1   5   3   3   9   4   1   5   4   5   8   2   1   6   2   5   1   2   2   6   9   4   5 
  2   4   3   7   7   3   3   2   3   4   5   5   5   3   9   0   2   4   6   8   1   1   4   3   3   8   9   6   3   3   2   1   6   9   6   9   7   2   6   4   7   4   5   1   4   9   8   1   6   4 
  9   9   8   4   5   3   1   7   1   9   1   2   6   5   1   9   0   1   2   1   3   9   9   6   2   6   2   9   6   8   4   1   5   1   5   7   7   1   9   9   7   2   5   9   2   7   6   5   2   7 
  4   4   3   2   9   4   5   9   1   1   4   7   4   4   5   2   9   0   5   9   5   8   2   5   7   1   2   3   5   4   3   6   8   1   3   1   2   7   6   2   2   7   7   7   2   6   7   8   7   8 
  4   4   6   8   4   6   9   2   6   8   1   7   2   2   6   1   2   5   0   7   7   1   2   7   1   6   7   5   7   7   8   7   4   6   8   5   3   1   2   8   1   4   5   6   3   7   1   8   3   5 
  7   3   7   9   6   9   6   4   4   9   8   9   8   7   3   4   8   8   1   0   1   2   2   8   6   6   2   1   6   5   1   7   7   2   8   9   8   8   6   2   6   4   8   9   4   2   6   2   5   6 
  9   6   8   9   7   3   2   4   1   7   8   6   5   4   4   2   1   1   7   9   0   4   1   3   7   2   4   3   7   5   2   4   6   6   9   4   5   3   5   7   5   8   2   1   9   8   7   6   2   7 
  5   2   3   3   4   3   4   1   1   1   2   4   7   1   3   2   2   8   2   7   8   0   8   4   9   4   8   2   6   4   5   5   7   6   3   2   8   8   7   1   2   6   7   4   8   5   3   3   6   7 
  7   7   4   1   7   6   4   6   6   3   9   6   7   7   7   5   2   3   1   5   9   3   0   6   6   5   1   8   7   1   8   8   9   3   4   3   2   7   2   4   9   9   4   5   4   2   9   3   3   4 
  9   5   6   3   3   7   8   4   5   2   9   1   2   6   5   5   6   8   4   4   6   2   5   0   1   5   3   5   6   6   8   5   2   2   5   7   4   6   9   6   8   8   3   8   4   8   7   5   6   1 
  3   8   1   8   9   9   5   7   9   1   8   5   5   3   6   1   5   6   9   1   1   2   5   3   0   2   6   6   6   1   4   1   6   7   3   3   4   4   9   2   4   4   4   6   2   4   6   2   7   6 
  7   2   9   8   6   1   6   7   7   5   7   1   1   7   9   4   5   5   7   4   3   4   5   2   5   0   6   6   5   6   1   5   1   3   6   5   8   8   1   2   8   2   6   2   2   5   1   6   1   9 
  2   9   3   2   9   8   6   1   4   1   6   3   7   7   1   9   7   9   3   4   7   6   7   4   1   1   0   9   8   1   9   9   2   9   1   2   6   5   5   2   5   7   9   3   6   6   3   5   6   8 
  6   1   3   1   9   5   5   1   5   8   1   2   7   4   4   5   1   2   5   6   7   4   4   1   4   9   9   0   2   3   6   5   7   2   2   9   6   4   3   8   9   8   3   1   6   6   3   4   7   1 
  6   8   3   3   9   5   3   4   3   2   8   6   3   4   4   1   2   7   9   4   1   8   2   4   1   3   2   8   0   1   2   4   7   6   7   6   2   5   9   8   7   4   5   3   8   6   5   7   3   5 
  6   6   7   8   2   7   4   2   9   2   5   2   6   2   9   7   7   3   2   5   6   8   5   6   1   7   7   1   3   0   3   8   4   6   2   1   6   3   9   3   2   2   7   7   3   5   4   2   1   7 
  2   9   9   3   5   4   9   3   1   5   1   9   5   5   2   3   8   2   2   4   8   2   1   9   5   8   9   2   6   1   0   5   3   3   9   9   4   6   2   5   8   6   6   5   8   9   1   1   5   4 
  8   1   2   9   5   2   5   1   8   3   4   8   2   4   9   4   5   5   7   6   7   6   6   8   2   6   1   3   8   5   7   0   4   2   3   9   8   9   8   8   6   9   3   7   8   5   3   6   5   4 
  7   5   2   7   9   2   8   5   4   1   4   1   9   4   1   5   1   8   1   1   4   1   7   4   3   4   2   5   4   4   2   3   0   3   5   4   9   1   1   4   6   1   4   1   8   3   8   6   8   4 
  4   4   7   4   2   3   1   7   3   9   2   7   9   7   7   3   2   5   8   4   4   9   2   7   9   3   6   7   1   8   5   5   2   0   8   2   7   9   1   7   8   8   7   2   1   9   3   3   2   2 
  3   4   6   6   7   8   8   2   6   3   3   5   9   9   2   8   5   6   1   5   1   9   7   6   9   3   3   3   1   2   2   7   5   4   0   3   5   4   5   4   3   9   8   2   6   2   2   5   3   8 
  7   9   5   6   7   3   2   7   7   4   8   7   3   3   3   6   8   8   2   9   2   3   4   6   6   6   5   8   9   7   7   2   3   7   8   0   7   2   8   5   6   8   1   7   5   5   8   9   4   7 
  4   7   6   2   2   2   7   4   8   8   4   6   6   2   9   5   2   1   4   2   4   7   7   3   4   6   8   4   7   6   3   7   8   6   1   1   0   6   9   1   7   2   1   1   4   9   1   6   4   1 
  3   2   2   5   1   5   8   2   4   5   3   8   1   1   9   4   6   8   8   8   8   3   2   2   8   3   8   6   5   3   5   4   3   4   3   4   7   0   3   7   4   9   6   3   6   7   7   7   2   3 
  1   2   4   1   1   1   9   3   3   1   3   8   7   2   4   5   6   3   8   2   2   8   8   9   4   6   6   5   8   9   3   3   5   9   5   6   2   2   0   2   1   7   6   3   3   9   6   6   5   5 
  3   8   3   5   9   5   3   1   8   1   1   7   4   7   5   2   4   9   6   9   6   9   4   4   9   9   7   7   8   1   4   8   4   8   3   3   7   6   3   0   3   2   8   2   7   5   8   3   3   4 
  1   8   4   4   4   7   4   7   9   1   1   8   7   2   1   4   3   1   1   6   4   2   1   9   3   8   6   4   4   8   2   7   4   7   1   6   1   2   9   1   0   2   3   8   5   7   8   9   2   7 
  1   1   7   8   6   2   8   6   1   6   5   6   7   6   6   4   7   7   1   2   6   8   9   7   5   4   3   7   7   7   6   6   4   7   6   1   7   7   4   6   2   0   6   7   4   5   6   9   9   6 
  1   7   2   3   8   7   6   8   5   4   7   1   8   5   7   8   6   7   7   3   5   6   1   6   2   1   1   5   4   5   9   2   7   8   6   4   8   6   8   4   6   2   0   4   1   8   2   4   3   2 
  7   1   8   8   7   4   5   6   1   6   4   2   1   6   9   2   8   3   8   2   7   8   9   1   5   6   1   2   9   9   4   4   7   2   8   2   8   7   7   4   5   2   5   0   7   1   1   8   4   9 
  1   3   7   5   7   6   7   1   2   7   7   3   4   5   4   5   4   2   2   1   7   7   4   5   3   9   3   1   6   6   1   3   5   4   4   4   9   6   4   5   9   5   6   3   0   9   1   1   7   9 
  1   5   2   9   3   9   9   6   2   3   9   8   4   1   5   8   6   1   5   1   5   3   6   1   9   3   5   8   5   6   5   7   4   1   7   2   8   8   7   2   3   1   7   3   1   0   8   5   1   9 
  2   8   6   1   4   5   3   5   4   8   6   3   5   5   7   9   5   9   4   1   4   4   7   1   4   6   8   2   2   4   7   2   8   9   3   6   7   4   2   2   2   7   4   2   6   9   0   7   5   9 
  8   2   9   5   9   6   7   5   7   7   1   6   9   8   3   5   2   6   1   4   1   3   6   2   2   1   2   1   7   8   1   1   8   4   3   2   3   7   4   4   2   6   2   8   7   4   9   0   5   6 
  8   2   9   9   8   4   3   9   4   5   1   8   7   6   5   3   4   1   3   6   7   1   3   5   8   2   7   1   3   6   5   6   5   5   4   6   7   9   6   1   8   6   5   2   3   6   5   2   0   6 
  1   6   1   3   6   5   1   3   1   4   6   1   4   8   5   7   2   3   4   4   6   5   7   1   5   4   6   2   3   6   2   6   1   4   8   5   9   4   2   6   6   3   9   9   4   5   3   1   2   0 
M4
  0   5   5   5   4   9   9   9   6   6   2   7   1   7   8   4   6   6   1   3   1   4   9   3   7   4   2   3   8   6   2   1   5   5   5   7   3   5   9   4   6   8   2   8   3   2   9   3   3   8 
  9   0   4   7   8   3   3   3   9   3   1   9   2   7   1   7   4   3   2   2   8   1   1   8   5   6   6   4   3   1   9   7   1   1   9   6   5   7   7   4   5   7   8   1   4   6   4   9   1   4 
  4   2   0   1   9   1   3   3   8   6   7   7   3   3   5   4   4   7   6   2   8   1   8   2   1   7   1   3   3   8   4   7   5   8   5   4   1   7   5   8   3   4   6   7   8   5   2   4   9   5 
  2   9   6   0   8   6   2   7   4   6   1   8   7   6   1   5   8   5   7   9   2   6   9   1   1   9   1   7   7   8   7   7   9   8   4   6   6   6   9   3   5   1   4   2   5   9   2   9   9   2 
  6   9   2   6   0   4   1   5   9   6   4   5   1   4   7   4   9   6   1   4   3   6   2   7   3   3   2   3   2   3   2   5   5   7   4   3   4   5   6   4   2   6   7   8   8   8   8   8   6   5 
  1   3   7   2   5   0   6   7   3   3   6   1   4   3   5   2   1   9   8   9   6   1   3   9   2   3   3   7   6   9   9   8   5   5   5   7   5   4   8   7   4   5   3   8   5   1   9   9   9   8 
  5   3   3   3   1   9   0   8   7   6   4   4   4   3   4   9   1   1   5   4   3   7   5   9   3   7   1   3   2   2   6   2   9   2   5   1   9   4   3   9   7   6   1   1   1   1   4   2   8   1 
  7   3   4   2   1   3   6   0   1   5   7   1   4   8   8   8   7   8   6   8   7   8   4   3   4   8   3   5   9   1   4   4   3   6   2   6   9   9   7   1   2   9   4   5   4   2   5   2   7   2 
  5   3   6   3   2   4   1   5   0   1   4   5   1   1   7   5   2   7   9   4   8   7   4   5   8   3   6   4   5   4   3   7   2   8   7   2   7   2   9   9   7   5   6   3   3   6   8   9   7   7 
  8   5   9   7   9   5   1   4   8   0   5   1   8   6   9   8   4   9   3   5   7   4   2   6   1   7   4   6   1   7   2   7   4   7   2   8   4   8   5   1   8   6   8   9   9   4   7   1   7   4 
  7   1   4   6   8   2   2   1   5   2   0   1   2   5   2   1   8   3   9   3   6   2   3   7   4   4   7   5   3   3   3   4   6   5   6   5   2   9   3   9   7   5   2   9   8   3   3   8   4   8 
  6   7   5   3   7   1   2   2   1   6   5   0   5   8   9   2   5   1   8   9   6   4   7   9   3   9   4   1   1   6   5   5   4   4   7   4   1   3   2   3   8   2   8   8   6   3   2   6   1   9 
  5   1   1   5   2   4   4   6   6   4   4   1   0   8   9   7   6   5   8   5   5   2   3   7   6   3   5   8   1   9   9   6   9   6   7   2   4   7   2   1   3   2   5   1   7   4   1   1   6   3 
  1   9   8   8   1   2   2   5   4   6   7   5   8   0   9   5   1   8   2   8   7   3   2   1   7   3   8   9   9   8   4   4   6   8   5   3   2   2   9   1   1   4   7   3   6   6   1   8   2   5 
  7   7   8   3   5   3   8   1   1   4   8   9   1   7   0   4   8   5   8   8   5   4   2   8   2   1   3   1   5   3   3   9   4   1   5   4   5   8   2   1   6   2   5   1   2   2   6   9   4   5 
  2   4   3   7   7   3   3   2   3   4   5   5   5   3   9   0   2   4   6   8   1   1   4   3   3   8   9   6   3   3   2   1   6   9   6   9   7   2   6   4   7   4   5   1   4   9   8   1   6   4 
  9   9   8   4   5   3   1   7   1   9   1   2   6   5   1   9   0   1   2   1   3   9   9   6   2   6   2   9   6   8   4   1   5   1   5   7   7   1   9   9   7   2   5   9   2   7   6   5   2   7 
  4   4   3   2   9   4   5   9   1   1   4   7   4   4   5   2   9   0   5   9   5   8   2   5   7   1   2   3   5   4   3   6   8   1   3   1   2   7   6   2   2   7   7   7   2   6   7   8   7   8 
  4   4   6   8   4   6   9   2   6   8   1   7   2   2   6   1   2   5   0   7   7   1   2   7   1   6   7   5   7   7   8   7   4   6   8   5   3   1   2   8   1   4   5   6   3   7   1   8   3   5 
  7   3   7   9   6   9   6   4   4   9   8   9   8   7   3   4   8   8   1   0   1   2   2   8   6   6   2   1   6   5   1   7   7   2   8   9   8   8   6   2   6   4   8   9   4   2   6   2   5   6 
  9   6   8   9   7   3   2   4   1   7   8   6   5   4   4   2   1   1   7   9   0   4   1   3   7   2   4   3   7   5   2   4   6   6   9   4   5   3   5   7   5   8   2   1   9   8   7   6   2   7 
  5   2   3   3   4   3   4   1   1   1   2   4   7   1   3   2   2   8   2   7   8   0   8   4   9   4   8   2   6   4   5   5   7   6   3   2   8   8   7   1   2   6   7   4   8   5   3   3   6   7 
  7   7   4   1   7   6   4   6   6   3   9   6   7   7   7   5   2   3   1   5   9   3   0   6   6   5   1   8   7   1   8   8   9   3   4   3   2   7   2   4   9   9   4   5   4   2   9   3   3   4 
  9   5   6   3   3   7   8   4   5   2   9   1   2   6   5   5   6   8   4   4   6   2   5   0   1   5   3   5   6   6   8   5   2   2   5   7   4   6   9   6   8   8   3   8   4   8   7   5   6   1 
  3   8   1   8   9   9   5   7   9   1   8   5   5   3   6   1   5   6   9   1   1   2   5   3   0   2   6   6   6   1   4   1   6   7   3   3   4   4   9   2   4   4   4   6   2   4   6   2   7   6 
  7   2   9   8   6   1   6   7   7   5   7   1   1   7   9   4   5   5   7   4   3   4   5   2   5   0   6   6   5   6   1   5   1   3   6   5   8   8   1   2   8   2   6   2   2   5   1   6   1   9 
  2   9   3   2   9   8   6   1   4   1   6   3   7   7   1   9   7   9   3   4   7   6   7   4   1   1   0   9   8   1   9   9   2   9   1   2   6   5   5   2   5   7   9   3   6   6   3   5   6   8 
  6   1   3   1   9   5   5   1   5   8   1   2   7   4   4   5   1   2   5   6   7   4   4   1   4   9   9   0   2   3   6   5   7   2   2   9   6   4   3   8   9   8   3   1   6   6   3   4   7   1 
  6   8   3   3   9   5   3   4   3   2   8   6   3   4   4   1   2   7   9   4   1   8   2   4   1   3   2   8   0   1   2   4   7   6   7   6   2   5   9   8   7   4   5   3   8   6   5   7   3   5 
  6   6   7   8   2   7   4   2   9   2   5   2   6   2   9   7   7   3   2   5   6   8   5   6   1   7   7   1   3   0   3   8   4   6   2   1   6   3   9   3   2   2   7   7   3   5   4   2   1   7 
  2   9   9   3   5   4   9   3   1   5   1   9   5   5   2   3   8   2   2   4   8   2   1   9   5   8   9   2   6   1   0   5   3   3   9   9   4   6   2   5   8   6   6   5   8   9   1   1   5   4 
  8   1   2   9   5   2   5   1   8   3   4   8   2   4   9   4   5   5   7   6   7   6   6   8   2   6   1   3   8   5   7   0   4   2   3   9   8   9   8   8   6   9   3   7   8   5   3   6   5   4 
  7   5   2   7   9   2   8   5   4   1   4   1   9   4   1   5   1   8   1   1   4   1   7   4   3   4   2   5   4   4   2   3   0   3   5   4   9   1   1   4   6   1   4   1   8   3   8   6   8   4 
  4   4   7   4   2   3   1   7   3   9   2   7   9   7   7   3   2   5   8   4   4   9   2   7   9   3   6   7   1   8   5   5   2   0   8   2   7   9   1   7   8   8   7   2   1   9   3   3   2   2 
  3   4   6   6   7   8   8   2   6   3   3   5   9   9   2   8   5   6   1   5   1   9   7   6   9   3   3   3   1   2   2   7   5   4   0   3   5   4   5   4   3   9   8   2   6   2   2   5   3   8 
  7   9   5   6   7   3   2   7   7   4   8   7   3   3   3   6   8   8   2   9   2   3   4   6   6   6   5   8   9   7   7   2   3   7   8   0   7   2   8   5   6   8   1   7   5   5   8   9   4   7 
  4   7   6   2   2   2   7   4   8   8   4   6   6   2   9   5   2   1   4   2   4   7   7   3   4   6   8   4   7   6   3   7   8   6   1   1   0   6   9   1   7   2   1   1   4   9   1   6   4   1 
  3   2   2   5   1   5   8   2   4   5   3   8   1   1   9   4   6   8   8   8   8   3   2   2   8   3   8   6   5   3   5   4   3   4   3   4   7   0   3   7   4   9   6   3   6   7   7   7   2   3 
  1   2   4   1   1   1   9   3   3   1   3   8   7   2   4   5   6   3   8   2   2   8   8   9   4   6   6   5   8   9   3   3   5   9   5   6   2   2   0   2   1   7   6   3   3   9   6   6   5   5 
  3   8   3   5   9   5   3   1   8   1   1   7   4   7   5   2   4   9   6   9   6   9   4   4   9   9   7   7   8   1   4   8   4   8   3   3   7   6   3   0   3   2   8   2   7   5   8   3   3   4 
  1   8   4   4   4   7   4   7   9   1   1   8   7   2   1   4   3   1   1   6   4   2   1   9   3   8   6   4   4   8   2   7   4   7   1   6   1   2   9   1   0   2   3   8   5   7   8   9   2   7 
  1   1   7   8   6   2   8   6   1   6   5   6   7   6   6   4   7   7   1   2   6   8   9   7   5   4   3   7   7   7   6   6   4   7   6   1   7   7   4   6   2   0   6   7   4   5   6   9   9   6 
  1   7   2   3   8   7   6   8   5   4   7   1   8   5   7   8   6   7   7   3   5   6   1   6   2   1   1   5   4   5   9   2   7   8   6   4   8   6   8   4   6   2   0   4   1   8   2   4   3   2 
  7   1   8   8   7   4   5   6   1   6   4   2   1   6   9   2   8   3   8   2   7   8   9   1   5   6   1   2   9   9   4   4   7   2   8   2   8   7   7   4   5   2   5   0   7   1   1   8   4   9 
  1   3   7   5   7   6   7   1   2   7   7   3   4   5   4   5   4   2   2   1   7   7   4   5   3   9   3   1   6   6   1   3   5   4   4   4   9   6   4   5   9   5   6   3   0   9   1   1   7   9 
  1   5   2   9   3   9   9   6   2   3   9   8   4   1   5   8   6   1   5   1   5   3   6   1   9   3   5   8   5   6   5   7   4   1   7   2   8   8   7   2   3   1   7   3   1   0   8   5   1   9 
  2   8   6   1   4   5   3   5   4   8   6   3   5   5   7   9   5   9   4   1   4   4   7   1   4   6   8   2   2   4   7   2   8   9   3   6   7   4   2   2   2   7   4   2   6   9   0   7   5   9 
  8   2   9   5   9   6   7   5   7   7   1   6   9   8   3   5   2   6   1   4   1   3   6   2   2   1   2   1   7   8   1   1   8   4   3   2   3   7   4   4   2   6   2   8   7   4   9   0   5   6 
  8   2   9   9   8   4   3   9   4   5   1   8   7   6   5   3   4   1   3   6   7   1   3   5   8   2   7   1   3   6   5   6   5   5   4   6   7   9   6   1   8   6   5   2   3   6   5   2   0   6 
  1   6   1   3   6   5   1   3   1   4   6   1   4   8   5   7   2   3   4   4   6   5   7   1   5   4   6   2   3   6   2   6   1   4   8   5   9   4   2   6   6   3   9   9   4   5   3   1   2   0 
M5
  0   5   5   5   4   9   9   9   6   6   2   7   1   7   8   4   6   6   1   3   1   4   9   3   7   4   2   3   8   6   2   1   5   5   5   7   3   5   9   4   6   8   2   8   3   2   9   3   3   8 
  9   0   4   7   8   3   3   3   9   3   1   9   2   7   1   7   4   3   2   2   8   1   1   8   5   6   6   4   3   1   9   7   1   1   9   6   5   7   7   4   5   7   8   1   4   6   4   9   1   4 
  4   2   0   1   9   1   3   3   8   6   7   7   3   3   5   4   4   7   6   2   8   1   8   2   1   7   1   3   3   8   4   7   5   8   5   4   1   7   5   8   3   4   6   7   8   5   2   4   9   5 
  2   9   6   0   8   6   2   7   4   6   1   8   7   6   1   5   8   5   7   9   2   6   9   1   1   9   1   7   7   8   7   7   9   8   4   6   6   6   9   3   5   1   4   2   5   9   2   9   9   2 
  6   9   2   6   0   4   1   5   9   6   4   5   1   4   7   4   9   6   1   4   3   6   2   7   3   3   2   3   2   3   2   5   5   7   4   3   4   5   6   4   2   6   7   8   8   8   8   8   6   5 
  1   3   7   2   5   0   6   7   3   3   6   1   4   3   5   2   1   9   8   9   6   1   3   9   2   3   3   7   6   9   9   8   5   5   5   7   5   4   8   7   4   5   3   8   5   1   9   9   9   8 
  5   3   3   3   1   9   0   8   7   6   4   4   4   3   4   9   1   1   5   4   3   7   5   9   3   7   1   3   2   2   6   2   9   2   5   1   9   4   3   9   7   6   1   1   1   1   4   2   8   1 
  7   3   4   2   1   3   6   0   1   5   7   1   4   8   8   8   7   8   6   8   7   8   4   3   4   8   3   5   9   1   4   4   3   6   2   6   9   9   7   1   2   9   4   5   4   2   5   2   7   2 
  5   3   6   3   2   4   1   5   0   1   4   5   1   1   7   5   2   7   9   4   8   7   4   5   8   3   6   4   5   4   3   7   2   8   7   2   7   2   9   9   7   5   6   3   3   6   8   9   7   7 
  8   5   9   7   9   5   1   4   8   0   5   1   8   6   9   8   4   9   3   5   7   4   2   6   1   7   4   6   1   7   2   7   4   7   2   8   4   8   5   1   8   6   8   9   9   4   7   1   7   4 
  7   1   4   6   8   2   2   1   5   2   0   1   2   5   2   1   8   3   9   3   6   2   3   7   4   4   7   5   3   3   3   4   6   5   6   5   2   9   3   9   7   5   2   9   8   3   3   8   4   8 
  6   7   5   3   7   1   2   2   1   6   5   0   5   8   9   2   5   1   8   9   6   4   7   9   3   9   4   1   1   6   5   5   4   4   7   4   1   3   2   3   8   2   8   8   6   3   2   6   1   9 
  5   1   1   5   2   4   4   6   6   4   4   1   0   8   9   7   6   5   8   5   5   2   3   7   6   3   5   8   1   9   9   6   9   6   7   2   4   7   2   1   3   2   5   1   7   4   1   1   6   3 
  1   9   8   8   1   2   2   5   4   6   7   5   8   0   9   5   1   8   2   8   7   3   2   1   7   3   8   9   9   8   4   4   6   8   5   3   2   2   9   1   1   4   7   3   6   6   1   8   2   5 
  7   7   8   3   5   3   8   1   1   4   8   9   1   7   0   4   8   5   8   8   5   4   2   8   2   1   3   1   5   3   3   9   4   1   5   4   5   8   2   1   6   2   5   1   2   2   6   9   4   5 
  2   4   3   7   7   3   3   2   3   4   5   5   5   3   9   0   2   4   6   8   1   1   4   3   3   8   9   6   3   3   2   1   6   9   6   9   7   2   6   4   7   4   5   1   4   9   8   1   6   4 
  9   9   8   4   5   3   1   7   1   9   1   2   6   5   1   9   0   1   2   1   3   9   9   6   2   6   2   9   6   8   4   1   5   1   5   7   7   1   9   9   7   2   5   9   2   7   6   5   2   7 
  4   4   3   2   9   4   5   9   1   1   4   7   4   4   5   2   9   0   5   9   5   8   2   5   7   1   2   3   5   4   3   6   8   1   3   1   2   7   6   2   2   7   7   7   2   6   7   8   7   8 
  4   4   6   8   4   6   9   2   6   8   1   7   2   2   6   1   2   5   0   7   7   1   2   7   1   6   7   5   7   7   8   7   4   6   8   5   3   1   2   8   1   4   5   6   3   7   1   8   3   5 
  7   3   7   9   6   9   6   4   4   9   8   9   8   7   3   4   8   8   1   0   1   2   2   8   6   6   2   1   6   5   1   7   7   2   8   9   8   8   6   2   6   4   8   9   4   2   6   2   5   6 
  9   6   8   9   7   3   2   4   1   7   8   6   5   4   4   2   1   1   7   9   0   4   1   3   7   2   4   3   7   5   2   4   6   6   9   4   5   3   5   7   5   8   2   1   9   8   7   6   2   7 
  5   2   3   3   4   3   4   1   1   1   2   4   7   1   3   2   2   8   2   7   8   0   8   4   9   4   8   2   6   4   5   5   7   6   3   2   8   8   7   1   2   6   7   4   8   5   3   3   6   7 
  7   7   4   1   7   6   4   6   6   3   9   6   7   7   7   5   2   3   1   5   9   3   0   6   6   5   1   8   7   1   8   8   9   3   4   3   2   7   2   4   9   9   4   5   4   2   9   3   3   4 
  9   5   6   3   3   7   8   4   5   2   9   1   2   6   5   5   6   8   4   4   6   2   5   0   1   5   3   5   6   6   8   5   2   2   5   7   4   6   9   6   8   8   3   8   4   8   7   5   6   1 
  3   8   1   8   9   9   5   7   9   1   8   5   5   3   6   1   5   6   9   1   1   2   5   3   0   2   6   6   6   1   4   1   6   7   3   3   4   4   9   2   4   4   4   6   2   4   6   2   7   6 
  7   2   9   8   6   1   6   7   7   5   7   1   1   7   9   4   5   5   7   4   3   4   5   2   5   0   6   6   5   6   1   5   1   3   6   5   8   8   1   2   8   2   6   2   2   5   1   6   1   9 
  2   9   3   2   9   8   6   1   4   1   6   3   7   7   1   9   7   9   3   4   7   6   7   4   1   1   0   9   8   1   9   9   2   9   1   2   6   5   5   2   5   7   9   3   6   6   3   5   6   8 
  6   1   3   1   9   5   5   1   5   8   1   2   7   4   4   5   1   2   5   6   7   4   4   1   4   9   9   0   2   3   6   5   7   2   2   9   6   4   3   8   9   8   3   1   6   6   3   4   7   1 
  6   8   3   3   9   5   3   4   3   2   8   6   3   4   4   1   2   7   9   4   1   8   2   4   1   3   2   8   0   1   2   4   7   6   7   6   2   5   9   8   7   4   5   3   8   6   5   7   3   5 
  6   6   7   8   2   7   4   2   9   2   5   2   6   2   9   7   7   3   2   5   6   8   5   6   1   7   7   1   3   0   3   8   4   6   2   1   6   3   9   3   2   2   7   7   3   5   4   2   1   7 
  2   9   9   3   5   4   9   3   1   5   1   9   5   5   2   3   8   2   2   4   8   2   1   9   5   8   9   2   6   1   0   5   3   3   9   9   4   6   2   5   8   6   6   5   8   9   1   1   5   4 
  8   1   2   9   5   2   5   1   8   3   4   8   2   4   9   4   5   5   7   6   7   6   6   8   2   6   1   3   8   5   7   0   4   2   3   9   8   9   8   8   6   9   3   7   8   5   3   6   5   4 
  7   5   2   7   9   2   8   5   4   1   4   1   9   4   1   5   1   8   1   1   4   1   7   4   3   4   2   5   4   4   2   3   0   3   5   4   9   1   1   4   6   1   4   1   8   3   8   6   8   4 
  4   4   7   4   2   3   1   7   3   9   2   7   9   7   7   3   2   5   8   4   4   9   2   7   9   3   6   7   1   8   5   5   2   0   8   2   7   9   1   7   8   8   7   2   1   9   3   3   2   2 
  3   4   6   6   7   8   8   2   6   3   3   5   9   9   2   8   5   6   1   5   1   9   7   6   9   3   3   3   1   2   2   7   5   4   0   3   5   4   5   4   3   9   8   2   6   2   2   5   3   8 
  7   9   5   6   7   3   2   7   7   4   8   7   3   3   3   6   8   8   2   9   2   3   4   6   6   6   5   8   9   7   7   2   3   7   8   0   7   2   8   5   6   8   1   7   5   5   8   9   4   7 
  4   7   6   2   2   2   7   4   8   8   4   6   6   2   9   5   2   1   4   2   4   7   7   3   4   6   8   4   7   6   3   7   8   6   1   1   0   6   9   1   7   2   1   1   4   9   1   6   4   1 
  3   2   2   5   1   5   8   2   4   5   3   8   1   1   9   4   6   8   8   8   8   3   2   2   8   3   8   6   5   3   5   4   3   4   3   4   7   0   3   7   4   9   6   3   6   7   7   7   2   3 
  1   2   4   1   1   1   9   3   3   1   3   8   7   2   4   5   6   3   8   2   2   8   8   9   4   6   6   5   8   9   3   3   5   9   5   6   2   2   0   2   1   7   6   3   3   9   6   6   5   5 
  3   8   3   5   9   5   3   1   8   1   1   7   4   7   5   2   4   9   6   9   6   9   4   4   9   9   7   7   8   1   4   8   4   8   3   3   7   6   3   0   3   2   8   2   7   5   8   3   3   4 
  1   8   4   4   4   7   4   7   9   1   1   8   7   2   1   4   3   1   1   6   4   2   1   9   3   8   6   4   4   8   2   7   4   7   1   6   1   2   9   1   0   2   3   8   5   7   8   9   2   7 
  1   1   7   8   6   2   8   6   1   6   5   6   7   6   6   4   7   7   1   2   6   8   9   7   5   4   3   7   7   7   6   6   4   7   6   1   7   7   4   6   2   0   6   7   4   5   6   9   9   6 
  1   7   2   3   8   7   6   8   5   4   7   1   8   5   7   8   6   7   7   3   5   6   1   6   2   1   1   5   4   5   9   2   7   8   6   4   8   6   8   4   6   2   0   4   1   8   2   4   3   2 
  7   1   8   8   7   4   5   6   1   6   4   2   1   6   9   2   8   3   8   2   7   8   9   1   5   6   1   2   9   9   4   4   7   2   8   2   8   7   7   4   5   2   5   0   7   1   1   8   4   9 
  1   3   7   5   7   6   7   1   2   7   7   3   4   5   4   5   4   2   2   1   7   7   4   5   3   9   3   1   6   6   1   3   5   4   4   4   9   6   4   5   9   5   6   3   0   9   1   1   7   9 
  1   5   2   9   3   9   9   6   2   3   9   8   4   1   5   8   6   1   5   1   5   3   6   1   9   3   5   8   5   6   5   7   4   1   7   2   8   8   7   2   3   1   7   3   1   0   8   5   1   9 
  2   8   6   1   4   5   3   5   4   8   6   3   5   5   7   9   5   9   4   1   4   4   7   1   4   6   8   2   2   4   7   2   8   9   3   6   7   4   2   2   2   7   4   2   6   9   0   7   5   9 
  8   2   9   5   9   6   7   5   7   7   1   6   9   8   3   5   2   6   1   4   1   3   6   2   2   1   2   1   7   8   1   1   8   4   3   2   3   7   4   4   2   6   2   8   7   4   9   0   5   6 
  8   2   9   9   8   4   3   9   4   5   1   8   7   6   5   3   4   1   3   6   7   1   3   5   8   2   7   1   3   6   5   6   5   5   4   6   7   9   6   1   8   6   5   2   3   6   5   2   0   6 
  1   6   1   3   6   5   1   3   1   4   6   1   4   8   5   7   2   3   4   4   6   5   7   1   5   4   6   2   3   6   2   6   1   4   8   5   9   4   2   6   6   3   9   9   4   5   3   1   2   0 
M6
  0   5   5   5   4   9   9   9   6   6   2   7   1   7   8   4   6   6   1   3   1   4   9   3   7   4   2   3   8   6   2   1   5   5   5   7   3   5   9   4   6   8   2   8   3   2   9   3   3   8 
  9   0   4   7   8   3   3   3   9   3   1   9   2   7   1   7   4   3   2   2   8   1   1   8   5   6   6   4   3   1   9   7   1   1   9   6   5   7   7   4   5   7   8   1   4   6   4   9   1   4 
  4   2   0   1   9   1   3   3   8   6   7   7   3   3   5   4   4   7   6   2   8   1   8   2   1   7   1   3   3   8   4   7   5   8   5   4   1   7   5   8   3   4   6   7   8   5   2   4   9   5 
  2   9   6   0   8   6   2   7   4   6   1   8   7   6   1   5   8   5   7   9   2   6   9   1   1   9   1   7   7   8   7   7   9   8   4   6   6   6   9   3   5   1   4   2   5   9   2   9   9   2 
  6   9   2   6   0   4   1   5   9   6   4   5   1   4   7   4   9   6   1   4   3   6   2   7   3   3   2   3   2   3   2   5   5   7   4   3   4   5   6   4   2   6   7   8   8   8   8   8   6   5 
  1   3   7   2   5   0   6   7   3   3   6   1   4   3   5   2   1   9   8   9   6   1   3   9   2   3   3   7   6   9   9   8   5   5   5   7   5   4   8   7   4   5   3   8   5   1   9   9   9   8 
  5   3   3   3   1   9   0   8   7   6   4   4   4   3   4   9   1   1   5   4   3   7   5   9   3   7   1   3   2   2   6   2   9   2   5   1   9   4   3   9   7   6   1   1   1   1   4   2   8   1 
  7   3   4   2   1   3   6   0   1   5   7   1   4   8   8   8   7   8   6   8   7   8   4   3   4   8   3   5   9   1   4   4   3   6   2   6   9   9   7   1   2   9   4   5   4   2   5   2   7   2 
  5   3   6   3   2   4   1   5   0   1   4   5   1   1   7   5   2   7   9   4   8   7   4   5   8   3   6   4   5   4   3   7   2   8   7   2   7   2   9   9   7   5   6   3   3   6   8   9   7   7 
  8   5   9   7   9   5   1   4   8   0   5   1   8   6   9   8   4   9   3   5   7   4   2   6   1   7   4   6   1   7   2   7   4   7   2   8   4   8   5   1   8   6   8   9   9   4   7   1   7   4 
  7   1   4   6   8   2   2   1   5   2   0   1   2   5   2   1   8   3   9   3   6   2   3   7   4   4   7   5   3   3   3   4   6   5   6   5   2   9   3   9   7   5   2   9   8   3   3   8   4   8 
  6   7   5   3   7   1   2   2   1   6   5   0   5   8   9   2   5   1   8   9   6   4   7   9   3   9   4   1   1   6   5   5   4   4   7   4   1   3   2   3   8   2   8   8   6   3   2   6   1   9 
  5   1   1   5   2   4   4   6   6   4   4   1   0   8   9   7   6   5   8   5   5   2   3   7   6   3   5   8   1   9   9   6   9   6   7   2   4   7   2   1   3   2   5   1   7   4   1   1   6   3 
  1   9   8   8   1   2   2   5   4   6   7   5   8   0   9   5   1   8   2   8   7   3   2   1   7   3   8   9   9   8   4   4   6   8   5   3   2   2   9   1   1   4   7   3   6   6   1   8   2   5 
  7   7   8   3   5   3   8   1   1   4   8   9   1   7   0   4   8   5   8   8   5   4   2   8   2   1   3   1   5   3   3   9   4   1   5   4   5   8   2   1   6   2   5   1   2   2   6   9   4   5 
  2   4   3   7   7   3   3   2   3   4   5   5   5   3   9   0   2   4   6   8   1   1   4   3   3   8   9   6   3   3   2   1   6   9   6   9   7   2   6   4   7   4   5   1   4   9   8   1   6   4 
  9   9   8   4   5   3   1   7   1   9   1   2   6   5   1   9   0   1   2   1   3   9   9   6   2   6   2   9   6   8   4   1   5   1   5   7   7   1   9   9   7   2   5   9   2   7   6   5   2   7 
  4   4   3   2   9   4   5   9   1   1   4   7   4   4   5   2   9   0   5   9   5   8   2   5   7   1   2   3   5   4   3   6   8   1   3   1   2   7   6   2   2   7   7   7   2   6   7   8   7   8 
  4   4   6   8   4   6   9   2   6   8   1   7   2   2   6   1   2   5   0   7   7   1   2   7   1   6   7   5   7   7   8   7   4   6   8   5   3   1   2   8   1   4   5   6   3   7   1   8   3   5 
  7   3   7   9   6   9   6   4   4   9   8   9   8   7   3   4   8   8   1   0   1   2   2   8   6   6   2   1   6   5   1   7   7   2   8   9   8   8   6   2   6   4   8   9   4   2   6   2   5   6 
  9   6   8   9   7   3   2   4   1   7   8   6   5   4   4   2   1   1   7   9   0   4   1   3   7   2   4   3   7   5   2   4   6   6   9   4   5   3   5   7   5   8   2   1   9   8   7   6   2   7 
  5   2   3   3   4   3   4   1   1   1   2   4   7   1   3   2   2   8   2   7   8   0   8   4   9   4   8   2   6   4   5   5   7   6   3   2   8   8   7   1   2   6   7   4   8   5   3   3   6   7 
  7   7   4   1   7   6   4   6   6   3   9   6   7   7   7   5   2   3   1   5   9   3   0   6   6   5   1   8   7   1   8   8   9   3   4   3   2   7   2   4   9   9   4   5   4   2   9   3   3   4 
  9   5   6   3   3   7   8   4   5   2   9   1   2   6   5   5   6   8   4   4   6   2   5   0   1   5   3   5   6   6   8   5   2   2   5   7   4   6   9   6   8   8   3   8   4   8   7   5   6   1 
  3   8   1   8   9   9   5   7   9   1   8   5   5   3   6   1   5   6   9   1   1   2   5   3   0   2   6   6   6   1   4   1   6   7   3   3   4   4   9   2   4   4   4   6   2   4   6   2   7   6 
  7   2   9   8   6   1   6   7   7   5   7   1   1   7   9   4   5   5   7   4   3   4   5   2   5   0   6   6   5   6   1   5   1   3   6   5   8   8   1   2   8   2   6   2   2   5   1   6   1   9 
  2   9   3   2   9   8   6   1   4   1   6   3   7   7   1   9   7   9   3   4   7   6   7   4   1   1   0   9   8   1   9   9   2   9   1   2   6   5   5   2   5   7   9   3   6   6   3   5   6   8 
  6   1   3   1   9   5   5   1   5   8   1   2   7   4   4   5   1   2   5   6   7   4   4   1   4   9   9   0   2   3   6   5   7   2   2   9   6   4   3   8   9   8   3   1   6   6   3   4   7   1 
  6   8   3   3   9   5   3   4   3   2   8   6   3   4   4   1   2   7   9   4   1   8   2   4   1   3   2   8   0   1   2   4   7   6   7   6   2   5   9   8   7   4   5   3   8   6   5   7   3   5 
  6   6   7   8   2   7   4   2   9   2   5   2   6   2   9   7   7   3   2   5   6   8   5   6   1   7   7   1   3   0   3   8   4   6   2   1   6   3   9   3   2   2   7   7   3   5   4   2   1   7 
  2   9   9   3   5   4   9   3   1   5   1   9   5   5   2   3   8   2   2   4   8   2   1   9   5   8   9   2   6   1   0   5   3   3   9   9   4   6   2   5   8   6   6   5   8   9   1   1   5   4 
  8   1   2   9   5   2   5   1   8   3   4   8   2   4   9   4   5   5   7   6   7   6   6   8   2   6   1   3   8   5   7   0   4   2   3   9   8   9   8   8   6   9   3   7   8   5   3   6   5   4 
  7   5   2   7   9   2   8   5   4   1   4   1   9   4   1   5   1   8   1   1   4   1   7   4   3   4   2   5   4   4   2   3   0   3   5   4   9   1   1   4   6   1   4   1   8   3   8   6   8   4 
  4   4   7   4   2   3   1   7   3   9   2   7   9   7   7   3   2   5   8   4   4   9   2   7   9   3   6   7   1   8   5   5   2   0   8   2   7   9   1   7   8   8   7   2   1   9   3   3   2   2 
  3   4   6   6   7   8   8   2   6   3   3   5   9   9   2   8   5   6   1   5   1   9   7   6   9   3   3   3   1   2   2   7   5   4   0   3   5   4   5   4   3   9   8   2   6   2   2   5   3   8 
  7   9   5   6   7   3   2   7   7   4   8   7   3   3   3   6   8   8   2   9   2   3   4   6   6   6   5   8   9   7   7   2   3   7   8   0   7   2   8   5   6   8   1   7   5   5   8   9   4   7 
  4   7   6   2   2   2   7   4   8   8   4   6   6   2   9   5   2   1   4   2   4   7   7   3   4   6   8   4   7   6   3   7   8   6   1   1   0   6   9   1   7   2   1   1   4   9   1   6   4   1 
  3   2   2   5   1   5   8   2   4   5   3   8   1   1   9   4   6   8   8   8   8   3   2   2   8   3   8   6   5   3   5   4   3   4   3   4   7   0   3   7   4   9   6   3   6   7   7   7   2   3 
  1   2   4   1   1   1   9   3   3   1   3   8   7   2   4   5   6   3   8   2   2   8   8   9   4   6   6   5   8   9   3   3   5   9   5   6   2   2   0   2   1   7   6   3   3   9   6   6   5   5 
  3   8   3   5   9   5   3   1   8   1   1   7   4   7   5   2   4   9   6   9   6   9   4   4   9   9   7   7   8   1   4   8   4   8   3   3   7   6   3   0   3   2   8   2   7   5   8   3   3   4 
  1   8   4   4   4   7   4   7   9   1   1   8   7   2   1   4   3   1   1   6   4   2   1   9   3   8   6   4   4   8   2   7   4   7   1   6   1   2   9   1   0   2   3   8   5   7   8   9   2   7 
  1   1   7   8   6   2   8   6   1   6   5   6   7   6   6   4   7   7   1   2   6   8   9   7   5   4   3   7   7   7   6   6   4   7   6   1   7   7   4   6   2   0   6   7   4   5   6   9   9   6 
  1   7   2   3   8   7   6   8   5   4   7   1   8   5   7   8   6   7   7   3   5   6   1   6   2   1   1   5   4   5   9   2   7   8   6   4   8   6   8   4   6   2   0   4   1   8   2   4   3   2 
  7   1   8   8   7   4   5   6   1   6   4   2   1   6   9   2   8   3   8   2   7   8   9   1   5   6   1   2   9   9   4   4   7   2   8   2   8   7   7   4   5   2   5   0   7   1   1   8   4   9 
  1   3   7   5   7   6   7   1   2   7   7   3   4   5   4   5   4   2   2   1   7   7   4   5   3   9   3   1   6   6   1   3   5   4   4   4   9   6   4   5   9   5   6   3   0   9   1   1   7   9 
  1   5   2   9   3   9   9   6   2   3   9   8   4   1   5   8   6   1   5   1   5   3   6   1   9   3   5   8   5   6   5   7   4   1   7   2   8   8   7   2   3   1   7   3   1   0   8   5   1   9 
  2   8   6   1   4   5   3   5   4   8   6   3   5   5   7   9   5   9   4   1   4   4   7   1   4   6   8   2   2   4   7   2   8   9   3   6   7   4   2   2   2   7   4   2   6   9   0   7   5   9 
  8   2   9   5   9   6   7   5   7   7   1   6   9   8   3   5   2   6   1   4   1   3   6   2   2   1   2   1   7   8   1   1   8   4   3   2   3   7   4   4   2   6   2   8   7   4   9   0   5   6 
  8   2   9   9   8   4   3   9   4   5   1   8   7   6   5   3   4   1   3   6   7   1   3   5   8   2   7   1   3   6   5   6   5   5   4   6   7   9   6   1   8   6   5   2   3   6   5   2   0   6 
  1   6   1   3   6   5   1   3   1   4   6   1   4   8   5   7   2   3   4   4   6   5   7   1   5   4   6   2   3   6   2   6   1   4   8   5   9   4   2   6   6   3   9   9   4   5   3   1   2   0 
M7
  0   5   5   5   4   9   9   9   6   6   2   7   1   7   8   4   6   6   1   3   1   4   9   3   7   4   2   3   8   6   2   1   5   5   5   7   3   5   9   4   6   8   2   8   3   2   9   3   3   8 
  9   0   4   7   8   3   3   3   9   3   1   9   2   7   1   7   4   3   2   2   8   1   1   8   5   6   6   4   3   1   9   7   1   1   9   6   5   7   7   4   5   7   8   1   4   6   4   9   1   4 
  4   2   0   1   9   1   3   3   8   6   7   7   3   3   5   4   4   7   6   2   8   1   8   2   1   7   1   3   3   8   4   7   5   8   5   4   1   7   5   8   3   4   6   7   8   5   2   4   9   5 
  2   9   6   0   8   6   2   7   4   6   1   8   7   6   1   5   8   5   7   9   2   6   9   1   1   9   1   7   7   8   7   7   9   8   4   6   6   6   9   3   5   1   4   2   5   9   2   9   9   2 
  6   9   2   6   0   4   1   5   9   6   4   5   1   4   7   4   9   6   1   4   3   6   2   7   3   3   2   3   2   3   2   5   5   7   4   3   4   5   6   4   2   6   7   8   8   8   8   8   6   5 
  1   3   7   2   5   0   6   7   3   3   6   1   4   3   5   2   1   9   8   9   6   1   3   9   2   3   3   7   6   9   9   8   5   5   5   7   5   4   8   7   4   5   3   8   5   1   9   9   9   8 
  5   3   3   3   1   9   0   8   7   6   4   4   4   3   4   9   1   1   5   4   3   7   5   9   3   7   1   3   2   2   6   2   9   2   5   1   9   4   3   9   7   6   1   1   1   1   4   2   8   1 
  7   3   4   2   1   3   6   0   1   5   7   1   4   8   8   8   7   8   6   8   7   8   4   3   4   8   3   5   9   1   4   4   3   6   2   6   9   9   7   1   2   9   4   5   4   2   5   2   7   2 
  5   3   6   3   2   4   1   5   0   1   4   5   1   1   7   5   2   7   9   4   8   7   4   5   8   3   6   4   5   4   3   7   2   8   7   2   7   2   9   9   7   5   6   3   3   6   8   9   7   7 
  8   5   9   7   9   5   1   4   8   0   5   1   8   6   9   8   4   9   3   5   7   4   2   6   1   7   4   6   1   7   2   7   4   7   2   8   4   8   5   1   8   6   8   9   9   4   7   1   7   4 
  7   1   4   6   8   2   2   1   5   2   0   1   2   5   2   1   8   3   9   3   6   2   3   7   4   4   7   5   3   3   3   4   6   5   6   5   2   9   3   9   7   5   2   9   8   3   3   8   4   8 
  6   7   5   3   7   1   2   2   1   6   5   0   5   8   9   2   5   1   8   9   6   4   7   9   3   9   4   1   1   6   5   5   4   4   7   4   1   3   2   3   8   2   8   8   6   3   2   6   1   9 
  5   1   1   5   2   4   4   6   6   4   4   1   0   8   9   7   6   5   8   5   5   2   3   7   6   3   5   8   1   9   9   6   9   6   7   2   4   7   2   1   3   2   5   1   7   4   1   1   6   3 
  1   9   8   8   1   2   2   5   4   6   7   5   8   0   9   5   1   8   2   8   7   3   2   1   7   3   8   9   9   8   4   4   6   8   5   3   2   2   9   1   1   4   7   3   6   6   1   8   2   5 
  7   7   8   3   5   3   8   1   1   4   8   9   1   7   0   4   8   5   8   8   5   4   2   8   2   1   3   1   5   3   3   9   4   1   5   4   5   8   2   1   6   2   5   1   2   2   6   9   4   5 
  2   4   3   7   7   3   3   2   3   4   5   5   5   3   9   0   2   4   6   8   1   1   4   3   3   8   9   6   3   3   2   1   6   9   6   9   7   2   6   4   7   4   5   1   4   9   8   1   6   4 
  9   9   8   4   5   3   1   7   1   9   1   2   6   5   1   9   0   1   2   1   3   9   9   6   2   6   2   9   6   8   4   1   5   1   5   7   7   1   9   9   7   2   5   9   2   7   6   5   2   7 
  4   4   3   2   9   4   5   9   1   1   4   7   4   4   5   2   9   0   5   9   5   8   2   5   7   1   2   3   5   4   3   6   8   1   3   1   2   7   6   2   2   7   7   7   2   6   7   8   7   8 
  4   4   6   8   4   6   9   2   6   8   1   7   2   2   6   1   2   5   0   7   7   1   2   7   1   6   7   5   7   7   8   7   4   6   8   5   3   1   2   8   1   4   5   6   3   7   1   8   3   5 
  7   3   7   9   6   9   6   4   4   9   8   9   8   7   3   4   8   8   1   0   1   2   2   8   6   6   2   1   6   5   1   7   7   2   8   9   8   8   6   2   6   4   8   9   4   2   6   2   5   6 
  9   6   8   9   7   3   2   4   1   7   8   6   5   4   4   2   1   1   7   9   0   4   1   3   7   2   4   3   7   5   2   4   6   6   9   4   5   3   5   7   5   8   2   1   9   8   7   6   2   7 
  5   2   3   3   4   3   4   1   1   1   2   4   7   1   3   2   2   8   2   7   8   0   8   4   9   4   8   2   6   4   5   5   7   6   3   2   8   8   7   1   2   6   7   4   8   5   3   3   6   7 
  7   7   4   1   7   6   4   6   6   3   9   6   7   7   7   5   2   3   1   5   9   3   0   6   6   5   1   8   7   1   8   8   9   3   4   3   2   7   2   4   9   9   4   5   4   2   9   3   3   4 
  9   5   6   3   3   7   8   4   5   2   9   1   2   6   5   5   6   8   4   4   6   2   5   0   1   5   3   5   6   6   8   5   2   2   5   7   4   6   9   6   8   8   3   8   4   8   7   5   6   1 
  3   8   1   8   9   9   5   7   9   1   8   5   5   3   6   1   5   6   9   1   1   2   5   3   0   2   6   6   6   1   4   1   6   7   3   3   4   4   9   2   4   4   4   6   2   4   6   2   7   6 
  7   2   9   8   6   1   6   7   7   5   7   1   1   7   9   4   5   5   7   4   3   4   5   2   5   0   6   6   5   6   1   5   1   3   6   5   8   8   1   2   8   2   6   2   2   5   1   6   1   9 
  2   9   3   2   9   8   6   1   4   1   6   3   7   7   1   9   7   9   3   4   7   6   7   4   1   1   0   9   8   1   9   9   2   9   1   2   6   5   5   2   5   7   9   3   6   6   3   5   6   8 
  6   1   3   1   9   5   5   1   5   8   1   2   7   4   4   5   1   2   5   6   7   4   4   1   4   9   9   0   2   3   6   5   7   2   2   9   6   4   3   8   9   8   3   1   6   6   3   4   7   1 
  6   8   3   3   9   5   3   4   3   2   8   6   3   4   4   1   2   7   9   4   1   8   2   4   1   3   2   8   0   1   2   4   7   6   7   6   2   5   9   8   7   4   5   3   8   6   5   7   3   5 
  6   6   7   8   2   7   4   2   9   2   5   2   6   2   9   7   7   3   2   5   6   8   5   6   1   7   7   1   3   0   3   8   4   6   2   1   6   3   9   3   2   2   7   7   3   5   4   2   1   7 
  2   9   9   3   5   4   9   3   1   5   1   9   5   5   2   3   8   2   2   4   8   2   1   9   5   8   9   2   6   1   0   5   3   3   9   9   4   6   2   5   8   6   6   5   8   9   1   1   5   4 
  8   1   2   9   5   2   5   1   8   3   4   8   2   4   9   4   5   5   7   6   7   6   6   8   2   6   1   3   8   5   7   0   4   2   3   9   8   9   8   8   6   9   3   7   8   5   3   6   5   4 
  7   5   2   7   9   2   8   5   4   1   4   1   9   4   1   5   1   8   1   1   4   1   7   4   3   4   2   5   4   4   2   3   0   3   5   4   9   1   1   4   6   1   4   1   8   3   8   6   8   4 
  4   4   7   4   2   3   1   7   3   9   2   7   9   7   7   3   2   5   8   4   4   9   2   7   9   3   6   7   1   8   5   5   2   0   8   2   7   9   1   7   8   8   7   2   1   9   3   3   2   2 
  3   4   6   6   7   8   8   2   6   3   3   5   9   9   2   8   5   6   1   5   1   9   7   6   9   3   3   3   1   2   2   7   5   4   0   3   5   4   5   4   3   9   8   2   6   2   2   5   3   8 
  7   9   5   6   7   3   2   7   7   4   8   7   3   3   3   6   8   8   2   9   2   3   4   6   6   6   5   8   9   7   7   2   3   7   8   0   7   2   8   5   6   8   1   7   5   5   8   9   4   7 
  4   7   6   2   2   2   7   4   8   8   4   6   6   2   9   5   2   1   4   2   4   7   7   3   4   6   8   4   7   6   3   7   8   6   1   1   0   6   9   1   7   2   1   1   4   9   1   6   4   1 
  3   2   2   5   1   5   8   2   4   5   3   8   1   1   9   4   6   8   8   8   8   3   2   2   8   3   8   6   5   3   5   4   3   4   3   4   7   0   3   7   4   9   6   3   6   7   7   7   2   3 
  1   2   4   1   1   1   9   3   3   1   3   8   7   2   4   5   6   3   8   2   2   8   8   9   4   6   6   5   8   9   3   3   5   9   5   6   2   2   0   2   1   7   6   3   3   9   6   6   5   5 
  3   8   3   5   9   5   3   1   8   1   1   7   4   7   5   2   4   9   6   9   6   9   4   4   9   9   7   7   8   1   4   8   4   8   3   3   7   6   3   0   3   2   8   2   7   5   8   3   3   4 
  1   8   4   4   4   7   4   7   9   1   1   8   7   2   1   4   3   1   1   6   4   2   1   9   3   8   6   4   4   8   2   7   4   7   1   6   1   2   9   1   0   2   3   8   5   7   8   9   2   7 
  1   1   7   8   6   2   8   6   1   6   5   6   7   6   6   4   7   7   1   2   6   8   9   7   5   4   3   7   7   7   6   6   4   7   6   1   7   7   4   6   2   0   6   7   4   5   6   9   9   6 
  1   7   2   3   8   7   6   8   5   4   7   1   8   5   7   8   6   7   7   3   5   6   1   6   2   1   1   5   4   5   9   2   7   8   6   4   8   6   8   4   6   2   0   4   1   8   2   4   3   2 
  7   1   8   8   7   4   5   6   1   6   4   2   1   6   9   2   8   3   8   2   7   8   9   1   5   6   1   2   9   9   4   4   7   2   8   2   8   7   7   4   5   2   5   0   7   1   1   8   4   9 
  1   3   7   5   7   6   7   1   2   7   7   3   4   5   4   5   4   2   2   1   7   7   4   5   3   9   3   1   6   6   1   3   5   4   4   4   9   6   4   5   9   5   6   3   0   9   1   1   7   9 
  1   5   2   9   3   9   9   6   2   3   9   8   4   1   5   8   6   1   5   1   5   3   6   1   9   3   5   8   5   6   5   7   4   1   7   2   8   8   7   2   3   1   7   3   1   0   8   5   1   9 
  2   8   6   1   4   5   3   5   4   8   6   3   5   5   7   9   5   9   4   1   4   4   7   1   4   6   8   2   2   4   7   2   8   9   3   6   7   4   2   2   2   7   4   2   6   9   0   7   5   9 
  8   2   9   5   9   6   7   5   7   7   1   6   9   8   3   5   2   6   1   4   1   3   6   2   2   1   2   1   7   8   1   1   8   4   3   2   3   7   4   4   2   6   2   8   7   4   9   0   5   6 
  8   2   9   9   8   4   3   9   4   5   1   8   7   6   5   3   4   1   3   6   7   1   3   5   8   2   7   1   3   6   5   6   5   5   4   6   7   9   6   1   8   6   5   2   3   6   5   2   0   6 
  1   6   1   3   6   5   1   3   1   4   6   1   4   8   5   7   2   3   4   4   6   5   7   1   5   4   6   2   3   6   2   6   1   4   8   5   9   4   2   6   6   3   9   9   4   5   3   1   2   0 
Reldue
 1840    1    3
  379    5    1
  581    5    3
  822    8    5
  605    3    2
 2310    2    1
  864    9    3
 1055    9    6
 1014    8    4
  773    5    4
  760    3    4
  915    8    4
 1187    7    4
  550    4    9
  434    7    2
  743    4    1
  737    8    9
 2016    8    4
 1594    1    3
  565    9    4
 1437    9    1
 1039    1    8
  605    4    9
  590    3    6
  424    2    4
 1239    8    4
  634    2    7
 1388    6    5
  866    4    6
  582    1    6
 1033    4    1
 1967    1    4
  827    5    8
 1167    3    4
 1000    9    9
 1304    9    5
 1266    6    3
 1166    6    6
 1478    6    7
 1286    7    6
 1494    6    4
  951    2    8
 1865    1    9
 1352    8    6
  418    6    5
  533    3    3
  571    6    1
 1849    7    8
  820    3    8
 1095    6    6
DDW
 1692  1987
  344   415
  539   623
  763   882
  572   638
 2098  2522
  780   949
  950  1161
  949  1080
  733   813
  709   810
  851   979
 1077  1298
  505   595
  406   462
  670   815
  671   802
 1909  2124
 1462  1726
  521   609
 1332  1542
  978  1100
  561   650
  533   648
  394   453
 1121  1358
  590   678
 1286  1491
  814   918
  531   633
  938  1128
 1788  2145
  777   878
 1100  1234
  906  1093
 1189  1419
 1188  1344
 1085  1247
 1337  1619
 1170  1403
 1381  1608
  858  1044
 1741  1988
 1250  1454
  378   458
  490   575
  541   600
 1742  1955
  764   875
 1000  1190
