50   5
MD
  2  4  2  5  5
PT
  8  64  90  70  22  38  30  72  88  13  44   3  55   1   8  57  91  22  24  42  83  29  91   6  72  64  32  28  14  56  65  40  25  63  57  83  88  87  10  84   9  17  45  36  82  14  25  49  60  24 
 12  61  32  86  51  90   8  15  19  70  57  43  95  31  58  73  83  22  12  53  44  42  81  76  27  79  77  24  51  17  22  85  25  58  65  86  22  18  39  57  85  12  12  60  26  99  48  93  53  75 
 80  84  10  72  55  57  29  56  42  96  36  64  47  25  38  66   1  78  94  83  43   1  86  12  71  77  68  25  44  68  46  98  26  22  15  29  51  47  84  91  68  71  68  68  16  97   5  18  59  12 
 34  99  66  70  17  67  38   9  26  48  27  62  69  27  89  22   4  90  81  47  35  64  13  44  34  87  78  68  64  29  46  74  73  34  90  35  50  96  53  72  50  56   2  89  18  71  99  67  68  62 
 40  78  81  69  77   3  20  96  44  82   2  47  80  80  22  93  11  97  70  94  60  23  26  13  50  11  79  17  43  89  38  12  80  70  46  10  49  93  89  52  86  78  86  84  64  47  31   8  74  89 
SSD
M0
  0   3   2   9   3   7   6   2   7   7   6   3   4   2   8   6   6   6   2   5   4   3   6   2   9   1   8   9   5   4   5   3   9   8   6   1   4   3   9   8   7   3   8   7   6   6   7   6   1   2 
  8   0   3   2   7   5   9   2   1   3   5   3   5   3   6   2   1   5   5   9   4   6   8   5   3   9   6   4   1   7   9   7   5   7   2   7   5   3   3   2   4   4   8   4   4   9   1   2   3   8 
  3   8   0   8   9   2   9   2   1   7   8   8   8   8   2   6   1   5   9   7   2   9   1   8   8   3   1   4   8   3   3   2   1   1   4   9   8   9   1   4   8   5   6   3   9   7   9   4   8   6 
  6   3   8   0   3   7   3   9   1   7   9   9   5   6   3   4   6   7   7   6   6   3   9   4   6   1   5   1   6   2   4   2   6   8   4   7   4   4   5   3   2   1   7   6   6   6   8   8   2   1 
  6   4   4   6   0   5   3   8   8   1   7   6   6   9   3   5   3   6   3   2   9   6   6   6   6   6   7   8   3   1   3   7   7   9   3   8   7   5   1   3   1   4   5   2   8   5   1   1   5   5 
  6   2   5   5   2   0   7   1   2   1   3   6   3   9   7   3   8   9   6   3   9   7   5   7   9   4   2   5   7   6   7   1   1   3   4   1   1   3   1   4   9   6   9   8   1   5   8   5   8   8 
  1   2   6   7   4   7   0   9   2   1   8   9   6   5   2   9   7   2   6   5   6   3   4   5   2   3   3   6   6   8   9   4   2   1   6   6   3   8   4   9   7   6   6   7   1   3   3   6   7   4 
  4   5   8   9   6   7   4   0   7   2   1   5   4   5   8   6   8   1   4   9   6   4   8   4   3   3   4   7   9   8   2   2   2   9   9   8   9   9   4   7   8   4   9   2   6   7   3   9   2   6 
  6   1   2   9   6   2   7   7   0   9   8   8   7   1   7   5   4   2   8   9   3   7   7   9   1   5   2   7   9   7   5   1   5   6   1   8   9   7   3   3   9   2   3   8   2   8   3   3   4   1 
  6   2   7   8   3   2   7   5   5   0   9   9   3   7   3   3   1   9   7   6   9   7   6   9   9   4   2   9   9   8   4   7   2   3   4   5   4   4   7   5   9   7   9   6   3   7   6   6   7   5 
  4   5   8   8   6   4   1   2   9   5   0   9   9   2   8   8   6   2   8   6   3   5   4   2   9   1   8   2   7   4   4   3   8   7   4   6   7   3   2   8   4   2   2   8   6   4   5   3   9   1 
  6   7   2   4   1   1   3   3   4   2   3   0   8   8   6   8   5   3   7   6   7   1   5   3   2   1   3   9   5   4   7   7   8   8   1   8   5   7   1   1   2   8   7   6   3   8   6   1   5   6 
  5   1   1   4   7   7   6   6   5   6   3   7   0   5   2   7   2   1   2   9   9   2   1   3   4   6   5   9   7   7   6   6   7   4   1   9   9   4   2   8   1   7   5   6   5   1   8   1   6   2 
  9   5   7   7   4   4   2   6   3   7   3   7   7   0   5   7   6   5   7   4   5   1   3   1   2   4   4   3   9   5   6   7   8   6   2   7   1   1   8   9   8   6   7   3   6   4   1   2   4   9 
  6   5   2   5   2   3   7   9   2   7   2   6   3   3   0   6   6   5   8   1   7   8   6   9   9   7   3   7   8   5   4   4   7   2   5   6   2   4   2   8   9   8   9   3   5   1   8   7   8   5 
  4   7   4   8   8   4   3   6   1   8   3   6   3   9   7   0   3   2   8   2   6   9   2   2   8   3   2   8   3   6   6   2   2   1   9   6   2   3   9   1   9   7   5   1   5   8   2   7   1   7 
  1   2   3   4   4   6   9   6   4   7   2   8   3   7   6   6   0   1   4   8   6   2   1   1   4   7   2   3   3   6   9   6   1   5   3   3   5   4   1   4   1   1   8   6   5   9   9   4   5   6 
  3   3   4   7   6   7   6   6   3   5   1   8   7   5   8   6   4   0   7   2   1   5   4   6   9   8   9   1   2   1   2   5   4   3   1   9   8   4   3   8   1   7   9   8   9   3   2   2   7   7 
  8   7   9   9   8   1   9   5   1   9   4   4   9   5   4   1   2   5   0   2   9   8   3   7   9   6   5   1   2   4   4   4   9   1   3   3   7   7   7   8   3   2   3   3   4   6   8   6   5   4 
  1   6   4   1   9   5   4   3   5   7   3   4   3   4   3   7   5   5   7   0   1   3   2   9   1   7   9   4   4   2   5   7   3   8   5   8   7   9   9   5   4   3   1   1   7   5   4   7   1   5 
  6   9   9   3   2   8   7   7   3   3   2   2   6   3   9   5   1   1   2   2   0   6   7   2   6   2   5   4   1   7   3   5   2   8   1   1   6   4   3   7   1   4   8   3   2   9   2   5   7   4 
  4   9   8   9   7   3   5   7   4   7   9   3   9   1   7   3   3   1   6   6   6   0   6   1   8   2   2   9   3   5   3   7   8   8   2   7   3   3   4   5   5   1   9   8   5   3   4   7   2   3 
  3   9   8   2   5   9   2   2   4   4   3   4   9   8   5   5   7   7   3   3   3   5   0   4   6   6   9   4   4   9   3   3   1   4   9   2   4   6   5   1   5   2   8   7   1   2   4   1   6   1 
  6   4   1   1   5   1   2   8   6   9   8   7   1   5   7   4   1   5   8   8   3   6   2   0   2   7   5   8   7   4   3   6   5   1   6   7   3   8   6   1   5   2   8   9   8   4   1   1   8   2 
  7   2   1   4   6   7   6   2   5   8   2   4   9   4   3   3   2   5   9   8   3   3   4   2   0   9   9   2   1   5   9   4   1   1   6   3   2   5   2   7   6   4   1   5   1   2   4   6   7   3 
  4   8   9   5   5   5   4   3   7   3   4   7   4   6   6   3   9   2   2   3   8   4   4   1   2   0   7   1   7   4   2   1   6   7   3   7   1   1   2   6   6   7   1   9   3   9   8   4   5   1 
  4   1   7   7   6   9   4   6   1   3   9   8   2   7   6   4   6   8   9   7   7   7   6   5   7   7   0   9   9   6   6   7   2   6   7   7   7   2   1   4   4   1   8   5   8   6   5   3   2   8 
  3   5   1   4   6   6   4   4   1   3   5   3   8   8   2   5   8   7   1   2   5   9   6   1   7   5   5   0   4   8   5   5   8   1   2   6   3   6   8   5   1   3   2   5   5   4   5   8   8   7 
  5   2   4   9   6   9   1   6   1   5   2   8   2   1   4   7   7   4   3   8   4   4   2   3   2   7   7   8   0   2   3   5   7   9   3   1   8   7   5   4   3   8   8   8   1   1   1   4   7   5 
  6   1   3   9   6   8   9   2   9   5   7   6   4   6   5   1   2   6   1   4   8   1   2   7   9   8   4   1   1   0   6   3   1   9   4   4   7   8   4   4   1   1   2   9   9   2   2   1   2   1 
  1   5   1   2   2   1   3   2   8   6   7   4   2   5   8   3   8   5   4   7   4   8   8   4   4   7   5   7   2   5   0   2   1   5   8   7   3   2   8   8   7   6   6   1   1   6   2   4   4   2 
  8   3   3   5   9   5   9   2   8   6   9   9   3   6   4   9   7   5   6   7   7   8   6   2   9   9   7   7   7   5   7   0   8   6   2   9   5   6   9   7   8   6   7   2   5   8   7   5   7   4 
  3   5   1   6   7   3   9   2   1   1   9   4   5   4   8   2   4   5   1   4   2   7   3   8   3   2   5   3   7   5   2   4   0   3   5   6   8   9   5   3   8   6   6   8   6   9   6   6   3   3 
  8   1   7   7   6   1   3   5   9   9   8   8   2   1   4   6   2   9   9   3   3   3   1   7   8   6   9   2   1   7   5   2   4   0   8   4   8   8   8   2   5   4   2   8   6   8   8   5   8   8 
  5   8   8   1   7   3   1   8   9   7   9   4   8   2   8   2   5   1   5   8   7   7   5   8   2   2   4   8   2   9   9   1   9   8   0   3   9   3   6   5   5   5   5   5   9   1   1   5   3   3 
  6   1   5   1   3   9   5   5   2   6   3   2   4   5   7   8   6   2   8   4   6   2   2   7   2   7   7   8   9   7   4   5   2   8   7   0   7   2   7   9   1   7   3   1   8   8   3   4   3   6 
  2   2   6   9   8   2   2   9   9   1   4   5   8   2   8   6   4   7   4   5   6   1   5   7   3   7   4   2   6   2   7   3   3   8   9   6   0   3   7   3   8   9   6   2   6   8   2   9   1   5 
  9   2   4   7   6   9   6   3   4   1   6   4   6   6   1   2   3   2   5   2   8   8   4   2   2   8   3   3   2   2   8   3   6   7   9   3   3   0   5   1   6   3   8   7   7   8   8   2   2   3 
  7   8   7   2   1   1   2   6   9   9   8   8   7   7   6   8   7   4   6   1   7   4   5   4   6   2   8   2   8   2   5   9   6   3   8   9   9   8   0   7   3   7   9   8   8   8   5   6   6   7 
  7   6   5   2   1   1   1   3   5   7   5   9   7   9   4   4   3   8   6   9   6   2   3   4   4   8   4   2   6   9   1   6   8   3   9   5   3   5   2   0   8   7   2   6   1   9   6   5   2   1 
  4   3   9   7   5   4   8   7   3   3   9   4   3   1   7   1   8   4   3   9   2   3   1   6   9   2   1   7   9   6   1   1   2   5   4   5   6   6   8   9   0   8   2   1   6   2   7   9   9   7 
  2   5   3   6   9   1   4   9   1   3   9   1   4   7   4   6   7   8   8   8   3   8   5   6   7   9   2   4   4   2   4   4   8   2   6   4   9   7   7   1   9   0   7   1   8   1   3   9   8   9 
  2   4   8   3   9   5   7   8   1   1   3   6   2   3   4   4   9   5   5   9   1   9   8   1   9   4   8   9   1   2   7   7   5   4   9   1   7   1   9   1   5   9   0   2   6   5   5   6   4   7 
  2   6   8   3   9   7   7   5   2   1   7   6   3   8   9   6   6   5   1   4   4   2   9   1   8   4   7   6   8   5   5   4   2   3   4   1   9   2   3   9   7   5   3   0   3   1   8   4   1   5 
  9   7   6   1   8   6   7   6   7   5   3   3   8   2   6   5   8   2   2   7   1   7   7   8   3   3   1   3   5   3   1   4   9   9   8   5   1   8   8   7   6   4   2   5   0   2   6   6   1   1 
  3   9   2   7   4   9   7   1   9   1   8   5   8   5   5   1   7   5   8   5   5   2   5   3   7   2   5   1   1   8   3   6   7   5   8   8   1   3   5   5   2   5   9   6   4   0   4   8   3   2 
  7   3   1   3   6   4   5   6   9   7   9   3   1   5   9   7   6   6   8   2   4   8   9   1   5   6   3   8   8   2   9   7   9   9   1   3   5   8   4   2   2   1   9   5   5   8   0   3   3   4 
  4   1   1   8   8   2   5   1   6   4   8   2   1   6   7   9   4   1   3   1   9   4   7   8   1   7   6   3   2   2   5   7   9   3   4   2   3   3   6   6   6   1   1   9   9   6   3   0   1   8 
  5   1   2   2   2   9   8   6   9   5   9   9   5   7   4   1   9   3   9   4   8   1   8   1   7   3   8   9   6   8   2   9   9   9   3   8   6   4   2   1   9   9   4   6   6   2   4   3   0   1 
  6   5   1   3   5   7   2   3   1   7   5   5   2   4   6   8   3   1   8   2   7   9   4   2   3   9   4   9   8   6   4   4   2   6   5   1   2   3   6   3   1   6   4   6   3   4   1   7   5   0 
M1
  0   3   2   9   3   7   6   2   7   7   6   3   4   2   8   6   6   6   2   5   4   3   6   2   9   1   8   9   5   4   5   3   9   8   6   1   4   3   9   8   7   3   8   7   6   6   7   6   1   2 
  8   0   3   2   7   5   9   2   1   3   5   3   5   3   6   2   1   5   5   9   4   6   8   5   3   9   6   4   1   7   9   7   5   7   2   7   5   3   3   2   4   4   8   4   4   9   1   2   3   8 
  3   8   0   8   9   2   9   2   1   7   8   8   8   8   2   6   1   5   9   7   2   9   1   8   8   3   1   4   8   3   3   2   1   1   4   9   8   9   1   4   8   5   6   3   9   7   9   4   8   6 
  6   3   8   0   3   7   3   9   1   7   9   9   5   6   3   4   6   7   7   6   6   3   9   4   6   1   5   1   6   2   4   2   6   8   4   7   4   4   5   3   2   1   7   6   6   6   8   8   2   1 
  6   4   4   6   0   5   3   8   8   1   7   6   6   9   3   5   3   6   3   2   9   6   6   6   6   6   7   8   3   1   3   7   7   9   3   8   7   5   1   3   1   4   5   2   8   5   1   1   5   5 
  6   2   5   5   2   0   7   1   2   1   3   6   3   9   7   3   8   9   6   3   9   7   5   7   9   4   2   5   7   6   7   1   1   3   4   1   1   3   1   4   9   6   9   8   1   5   8   5   8   8 
  1   2   6   7   4   7   0   9   2   1   8   9   6   5   2   9   7   2   6   5   6   3   4   5   2   3   3   6   6   8   9   4   2   1   6   6   3   8   4   9   7   6   6   7   1   3   3   6   7   4 
  4   5   8   9   6   7   4   0   7   2   1   5   4   5   8   6   8   1   4   9   6   4   8   4   3   3   4   7   9   8   2   2   2   9   9   8   9   9   4   7   8   4   9   2   6   7   3   9   2   6 
  6   1   2   9   6   2   7   7   0   9   8   8   7   1   7   5   4   2   8   9   3   7   7   9   1   5   2   7   9   7   5   1   5   6   1   8   9   7   3   3   9   2   3   8   2   8   3   3   4   1 
  6   2   7   8   3   2   7   5   5   0   9   9   3   7   3   3   1   9   7   6   9   7   6   9   9   4   2   9   9   8   4   7   2   3   4   5   4   4   7   5   9   7   9   6   3   7   6   6   7   5 
  4   5   8   8   6   4   1   2   9   5   0   9   9   2   8   8   6   2   8   6   3   5   4   2   9   1   8   2   7   4   4   3   8   7   4   6   7   3   2   8   4   2   2   8   6   4   5   3   9   1 
  6   7   2   4   1   1   3   3   4   2   3   0   8   8   6   8   5   3   7   6   7   1   5   3   2   1   3   9   5   4   7   7   8   8   1   8   5   7   1   1   2   8   7   6   3   8   6   1   5   6 
  5   1   1   4   7   7   6   6   5   6   3   7   0   5   2   7   2   1   2   9   9   2   1   3   4   6   5   9   7   7   6   6   7   4   1   9   9   4   2   8   1   7   5   6   5   1   8   1   6   2 
  9   5   7   7   4   4   2   6   3   7   3   7   7   0   5   7   6   5   7   4   5   1   3   1   2   4   4   3   9   5   6   7   8   6   2   7   1   1   8   9   8   6   7   3   6   4   1   2   4   9 
  6   5   2   5   2   3   7   9   2   7   2   6   3   3   0   6   6   5   8   1   7   8   6   9   9   7   3   7   8   5   4   4   7   2   5   6   2   4   2   8   9   8   9   3   5   1   8   7   8   5 
  4   7   4   8   8   4   3   6   1   8   3   6   3   9   7   0   3   2   8   2   6   9   2   2   8   3   2   8   3   6   6   2   2   1   9   6   2   3   9   1   9   7   5   1   5   8   2   7   1   7 
  1   2   3   4   4   6   9   6   4   7   2   8   3   7   6   6   0   1   4   8   6   2   1   1   4   7   2   3   3   6   9   6   1   5   3   3   5   4   1   4   1   1   8   6   5   9   9   4   5   6 
  3   3   4   7   6   7   6   6   3   5   1   8   7   5   8   6   4   0   7   2   1   5   4   6   9   8   9   1   2   1   2   5   4   3   1   9   8   4   3   8   1   7   9   8   9   3   2   2   7   7 
  8   7   9   9   8   1   9   5   1   9   4   4   9   5   4   1   2   5   0   2   9   8   3   7   9   6   5   1   2   4   4   4   9   1   3   3   7   7   7   8   3   2   3   3   4   6   8   6   5   4 
  1   6   4   1   9   5   4   3   5   7   3   4   3   4   3   7   5   5   7   0   1   3   2   9   1   7   9   4   4   2   5   7   3   8   5   8   7   9   9   5   4   3   1   1   7   5   4   7   1   5 
  6   9   9   3   2   8   7   7   3   3   2   2   6   3   9   5   1   1   2   2   0   6   7   2   6   2   5   4   1   7   3   5   2   8   1   1   6   4   3   7   1   4   8   3   2   9   2   5   7   4 
  4   9   8   9   7   3   5   7   4   7   9   3   9   1   7   3   3   1   6   6   6   0   6   1   8   2   2   9   3   5   3   7   8   8   2   7   3   3   4   5   5   1   9   8   5   3   4   7   2   3 
  3   9   8   2   5   9   2   2   4   4   3   4   9   8   5   5   7   7   3   3   3   5   0   4   6   6   9   4   4   9   3   3   1   4   9   2   4   6   5   1   5   2   8   7   1   2   4   1   6   1 
  6   4   1   1   5   1   2   8   6   9   8   7   1   5   7   4   1   5   8   8   3   6   2   0   2   7   5   8   7   4   3   6   5   1   6   7   3   8   6   1   5   2   8   9   8   4   1   1   8   2 
  7   2   1   4   6   7   6   2   5   8   2   4   9   4   3   3   2   5   9   8   3   3   4   2   0   9   9   2   1   5   9   4   1   1   6   3   2   5   2   7   6   4   1   5   1   2   4   6   7   3 
  4   8   9   5   5   5   4   3   7   3   4   7   4   6   6   3   9   2   2   3   8   4   4   1   2   0   7   1   7   4   2   1   6   7   3   7   1   1   2   6   6   7   1   9   3   9   8   4   5   1 
  4   1   7   7   6   9   4   6   1   3   9   8   2   7   6   4   6   8   9   7   7   7   6   5   7   7   0   9   9   6   6   7   2   6   7   7   7   2   1   4   4   1   8   5   8   6   5   3   2   8 
  3   5   1   4   6   6   4   4   1   3   5   3   8   8   2   5   8   7   1   2   5   9   6   1   7   5   5   0   4   8   5   5   8   1   2   6   3   6   8   5   1   3   2   5   5   4   5   8   8   7 
  5   2   4   9   6   9   1   6   1   5   2   8   2   1   4   7   7   4   3   8   4   4   2   3   2   7   7   8   0   2   3   5   7   9   3   1   8   7   5   4   3   8   8   8   1   1   1   4   7   5 
  6   1   3   9   6   8   9   2   9   5   7   6   4   6   5   1   2   6   1   4   8   1   2   7   9   8   4   1   1   0   6   3   1   9   4   4   7   8   4   4   1   1   2   9   9   2   2   1   2   1 
  1   5   1   2   2   1   3   2   8   6   7   4   2   5   8   3   8   5   4   7   4   8   8   4   4   7   5   7   2   5   0   2   1   5   8   7   3   2   8   8   7   6   6   1   1   6   2   4   4   2 
  8   3   3   5   9   5   9   2   8   6   9   9   3   6   4   9   7   5   6   7   7   8   6   2   9   9   7   7   7   5   7   0   8   6   2   9   5   6   9   7   8   6   7   2   5   8   7   5   7   4 
  3   5   1   6   7   3   9   2   1   1   9   4   5   4   8   2   4   5   1   4   2   7   3   8   3   2   5   3   7   5   2   4   0   3   5   6   8   9   5   3   8   6   6   8   6   9   6   6   3   3 
  8   1   7   7   6   1   3   5   9   9   8   8   2   1   4   6   2   9   9   3   3   3   1   7   8   6   9   2   1   7   5   2   4   0   8   4   8   8   8   2   5   4   2   8   6   8   8   5   8   8 
  5   8   8   1   7   3   1   8   9   7   9   4   8   2   8   2   5   1   5   8   7   7   5   8   2   2   4   8   2   9   9   1   9   8   0   3   9   3   6   5   5   5   5   5   9   1   1   5   3   3 
  6   1   5   1   3   9   5   5   2   6   3   2   4   5   7   8   6   2   8   4   6   2   2   7   2   7   7   8   9   7   4   5   2   8   7   0   7   2   7   9   1   7   3   1   8   8   3   4   3   6 
  2   2   6   9   8   2   2   9   9   1   4   5   8   2   8   6   4   7   4   5   6   1   5   7   3   7   4   2   6   2   7   3   3   8   9   6   0   3   7   3   8   9   6   2   6   8   2   9   1   5 
  9   2   4   7   6   9   6   3   4   1   6   4   6   6   1   2   3   2   5   2   8   8   4   2   2   8   3   3   2   2   8   3   6   7   9   3   3   0   5   1   6   3   8   7   7   8   8   2   2   3 
  7   8   7   2   1   1   2   6   9   9   8   8   7   7   6   8   7   4   6   1   7   4   5   4   6   2   8   2   8   2   5   9   6   3   8   9   9   8   0   7   3   7   9   8   8   8   5   6   6   7 
  7   6   5   2   1   1   1   3   5   7   5   9   7   9   4   4   3   8   6   9   6   2   3   4   4   8   4   2   6   9   1   6   8   3   9   5   3   5   2   0   8   7   2   6   1   9   6   5   2   1 
  4   3   9   7   5   4   8   7   3   3   9   4   3   1   7   1   8   4   3   9   2   3   1   6   9   2   1   7   9   6   1   1   2   5   4   5   6   6   8   9   0   8   2   1   6   2   7   9   9   7 
  2   5   3   6   9   1   4   9   1   3   9   1   4   7   4   6   7   8   8   8   3   8   5   6   7   9   2   4   4   2   4   4   8   2   6   4   9   7   7   1   9   0   7   1   8   1   3   9   8   9 
  2   4   8   3   9   5   7   8   1   1   3   6   2   3   4   4   9   5   5   9   1   9   8   1   9   4   8   9   1   2   7   7   5   4   9   1   7   1   9   1   5   9   0   2   6   5   5   6   4   7 
  2   6   8   3   9   7   7   5   2   1   7   6   3   8   9   6   6   5   1   4   4   2   9   1   8   4   7   6   8   5   5   4   2   3   4   1   9   2   3   9   7   5   3   0   3   1   8   4   1   5 
  9   7   6   1   8   6   7   6   7   5   3   3   8   2   6   5   8   2   2   7   1   7   7   8   3   3   1   3   5   3   1   4   9   9   8   5   1   8   8   7   6   4   2   5   0   2   6   6   1   1 
  3   9   2   7   4   9   7   1   9   1   8   5   8   5   5   1   7   5   8   5   5   2   5   3   7   2   5   1   1   8   3   6   7   5   8   8   1   3   5   5   2   5   9   6   4   0   4   8   3   2 
  7   3   1   3   6   4   5   6   9   7   9   3   1   5   9   7   6   6   8   2   4   8   9   1   5   6   3   8   8   2   9   7   9   9   1   3   5   8   4   2   2   1   9   5   5   8   0   3   3   4 
  4   1   1   8   8   2   5   1   6   4   8   2   1   6   7   9   4   1   3   1   9   4   7   8   1   7   6   3   2   2   5   7   9   3   4   2   3   3   6   6   6   1   1   9   9   6   3   0   1   8 
  5   1   2   2   2   9   8   6   9   5   9   9   5   7   4   1   9   3   9   4   8   1   8   1   7   3   8   9   6   8   2   9   9   9   3   8   6   4   2   1   9   9   4   6   6   2   4   3   0   1 
  6   5   1   3   5   7   2   3   1   7   5   5   2   4   6   8   3   1   8   2   7   9   4   2   3   9   4   9   8   6   4   4   2   6   5   1   2   3   6   3   1   6   4   6   3   4   1   7   5   0 
M2
  0   3   2   9   3   7   6   2   7   7   6   3   4   2   8   6   6   6   2   5   4   3   6   2   9   1   8   9   5   4   5   3   9   8   6   1   4   3   9   8   7   3   8   7   6   6   7   6   1   2 
  8   0   3   2   7   5   9   2   1   3   5   3   5   3   6   2   1   5   5   9   4   6   8   5   3   9   6   4   1   7   9   7   5   7   2   7   5   3   3   2   4   4   8   4   4   9   1   2   3   8 
  3   8   0   8   9   2   9   2   1   7   8   8   8   8   2   6   1   5   9   7   2   9   1   8   8   3   1   4   8   3   3   2   1   1   4   9   8   9   1   4   8   5   6   3   9   7   9   4   8   6 
  6   3   8   0   3   7   3   9   1   7   9   9   5   6   3   4   6   7   7   6   6   3   9   4   6   1   5   1   6   2   4   2   6   8   4   7   4   4   5   3   2   1   7   6   6   6   8   8   2   1 
  6   4   4   6   0   5   3   8   8   1   7   6   6   9   3   5   3   6   3   2   9   6   6   6   6   6   7   8   3   1   3   7   7   9   3   8   7   5   1   3   1   4   5   2   8   5   1   1   5   5 
  6   2   5   5   2   0   7   1   2   1   3   6   3   9   7   3   8   9   6   3   9   7   5   7   9   4   2   5   7   6   7   1   1   3   4   1   1   3   1   4   9   6   9   8   1   5   8   5   8   8 
  1   2   6   7   4   7   0   9   2   1   8   9   6   5   2   9   7   2   6   5   6   3   4   5   2   3   3   6   6   8   9   4   2   1   6   6   3   8   4   9   7   6   6   7   1   3   3   6   7   4 
  4   5   8   9   6   7   4   0   7   2   1   5   4   5   8   6   8   1   4   9   6   4   8   4   3   3   4   7   9   8   2   2   2   9   9   8   9   9   4   7   8   4   9   2   6   7   3   9   2   6 
  6   1   2   9   6   2   7   7   0   9   8   8   7   1   7   5   4   2   8   9   3   7   7   9   1   5   2   7   9   7   5   1   5   6   1   8   9   7   3   3   9   2   3   8   2   8   3   3   4   1 
  6   2   7   8   3   2   7   5   5   0   9   9   3   7   3   3   1   9   7   6   9   7   6   9   9   4   2   9   9   8   4   7   2   3   4   5   4   4   7   5   9   7   9   6   3   7   6   6   7   5 
  4   5   8   8   6   4   1   2   9   5   0   9   9   2   8   8   6   2   8   6   3   5   4   2   9   1   8   2   7   4   4   3   8   7   4   6   7   3   2   8   4   2   2   8   6   4   5   3   9   1 
  6   7   2   4   1   1   3   3   4   2   3   0   8   8   6   8   5   3   7   6   7   1   5   3   2   1   3   9   5   4   7   7   8   8   1   8   5   7   1   1   2   8   7   6   3   8   6   1   5   6 
  5   1   1   4   7   7   6   6   5   6   3   7   0   5   2   7   2   1   2   9   9   2   1   3   4   6   5   9   7   7   6   6   7   4   1   9   9   4   2   8   1   7   5   6   5   1   8   1   6   2 
  9   5   7   7   4   4   2   6   3   7   3   7   7   0   5   7   6   5   7   4   5   1   3   1   2   4   4   3   9   5   6   7   8   6   2   7   1   1   8   9   8   6   7   3   6   4   1   2   4   9 
  6   5   2   5   2   3   7   9   2   7   2   6   3   3   0   6   6   5   8   1   7   8   6   9   9   7   3   7   8   5   4   4   7   2   5   6   2   4   2   8   9   8   9   3   5   1   8   7   8   5 
  4   7   4   8   8   4   3   6   1   8   3   6   3   9   7   0   3   2   8   2   6   9   2   2   8   3   2   8   3   6   6   2   2   1   9   6   2   3   9   1   9   7   5   1   5   8   2   7   1   7 
  1   2   3   4   4   6   9   6   4   7   2   8   3   7   6   6   0   1   4   8   6   2   1   1   4   7   2   3   3   6   9   6   1   5   3   3   5   4   1   4   1   1   8   6   5   9   9   4   5   6 
  3   3   4   7   6   7   6   6   3   5   1   8   7   5   8   6   4   0   7   2   1   5   4   6   9   8   9   1   2   1   2   5   4   3   1   9   8   4   3   8   1   7   9   8   9   3   2   2   7   7 
  8   7   9   9   8   1   9   5   1   9   4   4   9   5   4   1   2   5   0   2   9   8   3   7   9   6   5   1   2   4   4   4   9   1   3   3   7   7   7   8   3   2   3   3   4   6   8   6   5   4 
  1   6   4   1   9   5   4   3   5   7   3   4   3   4   3   7   5   5   7   0   1   3   2   9   1   7   9   4   4   2   5   7   3   8   5   8   7   9   9   5   4   3   1   1   7   5   4   7   1   5 
  6   9   9   3   2   8   7   7   3   3   2   2   6   3   9   5   1   1   2   2   0   6   7   2   6   2   5   4   1   7   3   5   2   8   1   1   6   4   3   7   1   4   8   3   2   9   2   5   7   4 
  4   9   8   9   7   3   5   7   4   7   9   3   9   1   7   3   3   1   6   6   6   0   6   1   8   2   2   9   3   5   3   7   8   8   2   7   3   3   4   5   5   1   9   8   5   3   4   7   2   3 
  3   9   8   2   5   9   2   2   4   4   3   4   9   8   5   5   7   7   3   3   3   5   0   4   6   6   9   4   4   9   3   3   1   4   9   2   4   6   5   1   5   2   8   7   1   2   4   1   6   1 
  6   4   1   1   5   1   2   8   6   9   8   7   1   5   7   4   1   5   8   8   3   6   2   0   2   7   5   8   7   4   3   6   5   1   6   7   3   8   6   1   5   2   8   9   8   4   1   1   8   2 
  7   2   1   4   6   7   6   2   5   8   2   4   9   4   3   3   2   5   9   8   3   3   4   2   0   9   9   2   1   5   9   4   1   1   6   3   2   5   2   7   6   4   1   5   1   2   4   6   7   3 
  4   8   9   5   5   5   4   3   7   3   4   7   4   6   6   3   9   2   2   3   8   4   4   1   2   0   7   1   7   4   2   1   6   7   3   7   1   1   2   6   6   7   1   9   3   9   8   4   5   1 
  4   1   7   7   6   9   4   6   1   3   9   8   2   7   6   4   6   8   9   7   7   7   6   5   7   7   0   9   9   6   6   7   2   6   7   7   7   2   1   4   4   1   8   5   8   6   5   3   2   8 
  3   5   1   4   6   6   4   4   1   3   5   3   8   8   2   5   8   7   1   2   5   9   6   1   7   5   5   0   4   8   5   5   8   1   2   6   3   6   8   5   1   3   2   5   5   4   5   8   8   7 
  5   2   4   9   6   9   1   6   1   5   2   8   2   1   4   7   7   4   3   8   4   4   2   3   2   7   7   8   0   2   3   5   7   9   3   1   8   7   5   4   3   8   8   8   1   1   1   4   7   5 
  6   1   3   9   6   8   9   2   9   5   7   6   4   6   5   1   2   6   1   4   8   1   2   7   9   8   4   1   1   0   6   3   1   9   4   4   7   8   4   4   1   1   2   9   9   2   2   1   2   1 
  1   5   1   2   2   1   3   2   8   6   7   4   2   5   8   3   8   5   4   7   4   8   8   4   4   7   5   7   2   5   0   2   1   5   8   7   3   2   8   8   7   6   6   1   1   6   2   4   4   2 
  8   3   3   5   9   5   9   2   8   6   9   9   3   6   4   9   7   5   6   7   7   8   6   2   9   9   7   7   7   5   7   0   8   6   2   9   5   6   9   7   8   6   7   2   5   8   7   5   7   4 
  3   5   1   6   7   3   9   2   1   1   9   4   5   4   8   2   4   5   1   4   2   7   3   8   3   2   5   3   7   5   2   4   0   3   5   6   8   9   5   3   8   6   6   8   6   9   6   6   3   3 
  8   1   7   7   6   1   3   5   9   9   8   8   2   1   4   6   2   9   9   3   3   3   1   7   8   6   9   2   1   7   5   2   4   0   8   4   8   8   8   2   5   4   2   8   6   8   8   5   8   8 
  5   8   8   1   7   3   1   8   9   7   9   4   8   2   8   2   5   1   5   8   7   7   5   8   2   2   4   8   2   9   9   1   9   8   0   3   9   3   6   5   5   5   5   5   9   1   1   5   3   3 
  6   1   5   1   3   9   5   5   2   6   3   2   4   5   7   8   6   2   8   4   6   2   2   7   2   7   7   8   9   7   4   5   2   8   7   0   7   2   7   9   1   7   3   1   8   8   3   4   3   6 
  2   2   6   9   8   2   2   9   9   1   4   5   8   2   8   6   4   7   4   5   6   1   5   7   3   7   4   2   6   2   7   3   3   8   9   6   0   3   7   3   8   9   6   2   6   8   2   9   1   5 
  9   2   4   7   6   9   6   3   4   1   6   4   6   6   1   2   3   2   5   2   8   8   4   2   2   8   3   3   2   2   8   3   6   7   9   3   3   0   5   1   6   3   8   7   7   8   8   2   2   3 
  7   8   7   2   1   1   2   6   9   9   8   8   7   7   6   8   7   4   6   1   7   4   5   4   6   2   8   2   8   2   5   9   6   3   8   9   9   8   0   7   3   7   9   8   8   8   5   6   6   7 
  7   6   5   2   1   1   1   3   5   7   5   9   7   9   4   4   3   8   6   9   6   2   3   4   4   8   4   2   6   9   1   6   8   3   9   5   3   5   2   0   8   7   2   6   1   9   6   5   2   1 
  4   3   9   7   5   4   8   7   3   3   9   4   3   1   7   1   8   4   3   9   2   3   1   6   9   2   1   7   9   6   1   1   2   5   4   5   6   6   8   9   0   8   2   1   6   2   7   9   9   7 
  2   5   3   6   9   1   4   9   1   3   9   1   4   7   4   6   7   8   8   8   3   8   5   6   7   9   2   4   4   2   4   4   8   2   6   4   9   7   7   1   9   0   7   1   8   1   3   9   8   9 
  2   4   8   3   9   5   7   8   1   1   3   6   2   3   4   4   9   5   5   9   1   9   8   1   9   4   8   9   1   2   7   7   5   4   9   1   7   1   9   1   5   9   0   2   6   5   5   6   4   7 
  2   6   8   3   9   7   7   5   2   1   7   6   3   8   9   6   6   5   1   4   4   2   9   1   8   4   7   6   8   5   5   4   2   3   4   1   9   2   3   9   7   5   3   0   3   1   8   4   1   5 
  9   7   6   1   8   6   7   6   7   5   3   3   8   2   6   5   8   2   2   7   1   7   7   8   3   3   1   3   5   3   1   4   9   9   8   5   1   8   8   7   6   4   2   5   0   2   6   6   1   1 
  3   9   2   7   4   9   7   1   9   1   8   5   8   5   5   1   7   5   8   5   5   2   5   3   7   2   5   1   1   8   3   6   7   5   8   8   1   3   5   5   2   5   9   6   4   0   4   8   3   2 
  7   3   1   3   6   4   5   6   9   7   9   3   1   5   9   7   6   6   8   2   4   8   9   1   5   6   3   8   8   2   9   7   9   9   1   3   5   8   4   2   2   1   9   5   5   8   0   3   3   4 
  4   1   1   8   8   2   5   1   6   4   8   2   1   6   7   9   4   1   3   1   9   4   7   8   1   7   6   3   2   2   5   7   9   3   4   2   3   3   6   6   6   1   1   9   9   6   3   0   1   8 
  5   1   2   2   2   9   8   6   9   5   9   9   5   7   4   1   9   3   9   4   8   1   8   1   7   3   8   9   6   8   2   9   9   9   3   8   6   4   2   1   9   9   4   6   6   2   4   3   0   1 
  6   5   1   3   5   7   2   3   1   7   5   5   2   4   6   8   3   1   8   2   7   9   4   2   3   9   4   9   8   6   4   4   2   6   5   1   2   3   6   3   1   6   4   6   3   4   1   7   5   0 
M3
  0   3   2   9   3   7   6   2   7   7   6   3   4   2   8   6   6   6   2   5   4   3   6   2   9   1   8   9   5   4   5   3   9   8   6   1   4   3   9   8   7   3   8   7   6   6   7   6   1   2 
  8   0   3   2   7   5   9   2   1   3   5   3   5   3   6   2   1   5   5   9   4   6   8   5   3   9   6   4   1   7   9   7   5   7   2   7   5   3   3   2   4   4   8   4   4   9   1   2   3   8 
  3   8   0   8   9   2   9   2   1   7   8   8   8   8   2   6   1   5   9   7   2   9   1   8   8   3   1   4   8   3   3   2   1   1   4   9   8   9   1   4   8   5   6   3   9   7   9   4   8   6 
  6   3   8   0   3   7   3   9   1   7   9   9   5   6   3   4   6   7   7   6   6   3   9   4   6   1   5   1   6   2   4   2   6   8   4   7   4   4   5   3   2   1   7   6   6   6   8   8   2   1 
  6   4   4   6   0   5   3   8   8   1   7   6   6   9   3   5   3   6   3   2   9   6   6   6   6   6   7   8   3   1   3   7   7   9   3   8   7   5   1   3   1   4   5   2   8   5   1   1   5   5 
  6   2   5   5   2   0   7   1   2   1   3   6   3   9   7   3   8   9   6   3   9   7   5   7   9   4   2   5   7   6   7   1   1   3   4   1   1   3   1   4   9   6   9   8   1   5   8   5   8   8 
  1   2   6   7   4   7   0   9   2   1   8   9   6   5   2   9   7   2   6   5   6   3   4   5   2   3   3   6   6   8   9   4   2   1   6   6   3   8   4   9   7   6   6   7   1   3   3   6   7   4 
  4   5   8   9   6   7   4   0   7   2   1   5   4   5   8   6   8   1   4   9   6   4   8   4   3   3   4   7   9   8   2   2   2   9   9   8   9   9   4   7   8   4   9   2   6   7   3   9   2   6 
  6   1   2   9   6   2   7   7   0   9   8   8   7   1   7   5   4   2   8   9   3   7   7   9   1   5   2   7   9   7   5   1   5   6   1   8   9   7   3   3   9   2   3   8   2   8   3   3   4   1 
  6   2   7   8   3   2   7   5   5   0   9   9   3   7   3   3   1   9   7   6   9   7   6   9   9   4   2   9   9   8   4   7   2   3   4   5   4   4   7   5   9   7   9   6   3   7   6   6   7   5 
  4   5   8   8   6   4   1   2   9   5   0   9   9   2   8   8   6   2   8   6   3   5   4   2   9   1   8   2   7   4   4   3   8   7   4   6   7   3   2   8   4   2   2   8   6   4   5   3   9   1 
  6   7   2   4   1   1   3   3   4   2   3   0   8   8   6   8   5   3   7   6   7   1   5   3   2   1   3   9   5   4   7   7   8   8   1   8   5   7   1   1   2   8   7   6   3   8   6   1   5   6 
  5   1   1   4   7   7   6   6   5   6   3   7   0   5   2   7   2   1   2   9   9   2   1   3   4   6   5   9   7   7   6   6   7   4   1   9   9   4   2   8   1   7   5   6   5   1   8   1   6   2 
  9   5   7   7   4   4   2   6   3   7   3   7   7   0   5   7   6   5   7   4   5   1   3   1   2   4   4   3   9   5   6   7   8   6   2   7   1   1   8   9   8   6   7   3   6   4   1   2   4   9 
  6   5   2   5   2   3   7   9   2   7   2   6   3   3   0   6   6   5   8   1   7   8   6   9   9   7   3   7   8   5   4   4   7   2   5   6   2   4   2   8   9   8   9   3   5   1   8   7   8   5 
  4   7   4   8   8   4   3   6   1   8   3   6   3   9   7   0   3   2   8   2   6   9   2   2   8   3   2   8   3   6   6   2   2   1   9   6   2   3   9   1   9   7   5   1   5   8   2   7   1   7 
  1   2   3   4   4   6   9   6   4   7   2   8   3   7   6   6   0   1   4   8   6   2   1   1   4   7   2   3   3   6   9   6   1   5   3   3   5   4   1   4   1   1   8   6   5   9   9   4   5   6 
  3   3   4   7   6   7   6   6   3   5   1   8   7   5   8   6   4   0   7   2   1   5   4   6   9   8   9   1   2   1   2   5   4   3   1   9   8   4   3   8   1   7   9   8   9   3   2   2   7   7 
  8   7   9   9   8   1   9   5   1   9   4   4   9   5   4   1   2   5   0   2   9   8   3   7   9   6   5   1   2   4   4   4   9   1   3   3   7   7   7   8   3   2   3   3   4   6   8   6   5   4 
  1   6   4   1   9   5   4   3   5   7   3   4   3   4   3   7   5   5   7   0   1   3   2   9   1   7   9   4   4   2   5   7   3   8   5   8   7   9   9   5   4   3   1   1   7   5   4   7   1   5 
  6   9   9   3   2   8   7   7   3   3   2   2   6   3   9   5   1   1   2   2   0   6   7   2   6   2   5   4   1   7   3   5   2   8   1   1   6   4   3   7   1   4   8   3   2   9   2   5   7   4 
  4   9   8   9   7   3   5   7   4   7   9   3   9   1   7   3   3   1   6   6   6   0   6   1   8   2   2   9   3   5   3   7   8   8   2   7   3   3   4   5   5   1   9   8   5   3   4   7   2   3 
  3   9   8   2   5   9   2   2   4   4   3   4   9   8   5   5   7   7   3   3   3   5   0   4   6   6   9   4   4   9   3   3   1   4   9   2   4   6   5   1   5   2   8   7   1   2   4   1   6   1 
  6   4   1   1   5   1   2   8   6   9   8   7   1   5   7   4   1   5   8   8   3   6   2   0   2   7   5   8   7   4   3   6   5   1   6   7   3   8   6   1   5   2   8   9   8   4   1   1   8   2 
  7   2   1   4   6   7   6   2   5   8   2   4   9   4   3   3   2   5   9   8   3   3   4   2   0   9   9   2   1   5   9   4   1   1   6   3   2   5   2   7   6   4   1   5   1   2   4   6   7   3 
  4   8   9   5   5   5   4   3   7   3   4   7   4   6   6   3   9   2   2   3   8   4   4   1   2   0   7   1   7   4   2   1   6   7   3   7   1   1   2   6   6   7   1   9   3   9   8   4   5   1 
  4   1   7   7   6   9   4   6   1   3   9   8   2   7   6   4   6   8   9   7   7   7   6   5   7   7   0   9   9   6   6   7   2   6   7   7   7   2   1   4   4   1   8   5   8   6   5   3   2   8 
  3   5   1   4   6   6   4   4   1   3   5   3   8   8   2   5   8   7   1   2   5   9   6   1   7   5   5   0   4   8   5   5   8   1   2   6   3   6   8   5   1   3   2   5   5   4   5   8   8   7 
  5   2   4   9   6   9   1   6   1   5   2   8   2   1   4   7   7   4   3   8   4   4   2   3   2   7   7   8   0   2   3   5   7   9   3   1   8   7   5   4   3   8   8   8   1   1   1   4   7   5 
  6   1   3   9   6   8   9   2   9   5   7   6   4   6   5   1   2   6   1   4   8   1   2   7   9   8   4   1   1   0   6   3   1   9   4   4   7   8   4   4   1   1   2   9   9   2   2   1   2   1 
  1   5   1   2   2   1   3   2   8   6   7   4   2   5   8   3   8   5   4   7   4   8   8   4   4   7   5   7   2   5   0   2   1   5   8   7   3   2   8   8   7   6   6   1   1   6   2   4   4   2 
  8   3   3   5   9   5   9   2   8   6   9   9   3   6   4   9   7   5   6   7   7   8   6   2   9   9   7   7   7   5   7   0   8   6   2   9   5   6   9   7   8   6   7   2   5   8   7   5   7   4 
  3   5   1   6   7   3   9   2   1   1   9   4   5   4   8   2   4   5   1   4   2   7   3   8   3   2   5   3   7   5   2   4   0   3   5   6   8   9   5   3   8   6   6   8   6   9   6   6   3   3 
  8   1   7   7   6   1   3   5   9   9   8   8   2   1   4   6   2   9   9   3   3   3   1   7   8   6   9   2   1   7   5   2   4   0   8   4   8   8   8   2   5   4   2   8   6   8   8   5   8   8 
  5   8   8   1   7   3   1   8   9   7   9   4   8   2   8   2   5   1   5   8   7   7   5   8   2   2   4   8   2   9   9   1   9   8   0   3   9   3   6   5   5   5   5   5   9   1   1   5   3   3 
  6   1   5   1   3   9   5   5   2   6   3   2   4   5   7   8   6   2   8   4   6   2   2   7   2   7   7   8   9   7   4   5   2   8   7   0   7   2   7   9   1   7   3   1   8   8   3   4   3   6 
  2   2   6   9   8   2   2   9   9   1   4   5   8   2   8   6   4   7   4   5   6   1   5   7   3   7   4   2   6   2   7   3   3   8   9   6   0   3   7   3   8   9   6   2   6   8   2   9   1   5 
  9   2   4   7   6   9   6   3   4   1   6   4   6   6   1   2   3   2   5   2   8   8   4   2   2   8   3   3   2   2   8   3   6   7   9   3   3   0   5   1   6   3   8   7   7   8   8   2   2   3 
  7   8   7   2   1   1   2   6   9   9   8   8   7   7   6   8   7   4   6   1   7   4   5   4   6   2   8   2   8   2   5   9   6   3   8   9   9   8   0   7   3   7   9   8   8   8   5   6   6   7 
  7   6   5   2   1   1   1   3   5   7   5   9   7   9   4   4   3   8   6   9   6   2   3   4   4   8   4   2   6   9   1   6   8   3   9   5   3   5   2   0   8   7   2   6   1   9   6   5   2   1 
  4   3   9   7   5   4   8   7   3   3   9   4   3   1   7   1   8   4   3   9   2   3   1   6   9   2   1   7   9   6   1   1   2   5   4   5   6   6   8   9   0   8   2   1   6   2   7   9   9   7 
  2   5   3   6   9   1   4   9   1   3   9   1   4   7   4   6   7   8   8   8   3   8   5   6   7   9   2   4   4   2   4   4   8   2   6   4   9   7   7   1   9   0   7   1   8   1   3   9   8   9 
  2   4   8   3   9   5   7   8   1   1   3   6   2   3   4   4   9   5   5   9   1   9   8   1   9   4   8   9   1   2   7   7   5   4   9   1   7   1   9   1   5   9   0   2   6   5   5   6   4   7 
  2   6   8   3   9   7   7   5   2   1   7   6   3   8   9   6   6   5   1   4   4   2   9   1   8   4   7   6   8   5   5   4   2   3   4   1   9   2   3   9   7   5   3   0   3   1   8   4   1   5 
  9   7   6   1   8   6   7   6   7   5   3   3   8   2   6   5   8   2   2   7   1   7   7   8   3   3   1   3   5   3   1   4   9   9   8   5   1   8   8   7   6   4   2   5   0   2   6   6   1   1 
  3   9   2   7   4   9   7   1   9   1   8   5   8   5   5   1   7   5   8   5   5   2   5   3   7   2   5   1   1   8   3   6   7   5   8   8   1   3   5   5   2   5   9   6   4   0   4   8   3   2 
  7   3   1   3   6   4   5   6   9   7   9   3   1   5   9   7   6   6   8   2   4   8   9   1   5   6   3   8   8   2   9   7   9   9   1   3   5   8   4   2   2   1   9   5   5   8   0   3   3   4 
  4   1   1   8   8   2   5   1   6   4   8   2   1   6   7   9   4   1   3   1   9   4   7   8   1   7   6   3   2   2   5   7   9   3   4   2   3   3   6   6   6   1   1   9   9   6   3   0   1   8 
  5   1   2   2   2   9   8   6   9   5   9   9   5   7   4   1   9   3   9   4   8   1   8   1   7   3   8   9   6   8   2   9   9   9   3   8   6   4   2   1   9   9   4   6   6   2   4   3   0   1 
  6   5   1   3   5   7   2   3   1   7   5   5   2   4   6   8   3   1   8   2   7   9   4   2   3   9   4   9   8   6   4   4   2   6   5   1   2   3   6   3   1   6   4   6   3   4   1   7   5   0 
M4
  0   3   2   9   3   7   6   2   7   7   6   3   4   2   8   6   6   6   2   5   4   3   6   2   9   1   8   9   5   4   5   3   9   8   6   1   4   3   9   8   7   3   8   7   6   6   7   6   1   2 
  8   0   3   2   7   5   9   2   1   3   5   3   5   3   6   2   1   5   5   9   4   6   8   5   3   9   6   4   1   7   9   7   5   7   2   7   5   3   3   2   4   4   8   4   4   9   1   2   3   8 
  3   8   0   8   9   2   9   2   1   7   8   8   8   8   2   6   1   5   9   7   2   9   1   8   8   3   1   4   8   3   3   2   1   1   4   9   8   9   1   4   8   5   6   3   9   7   9   4   8   6 
  6   3   8   0   3   7   3   9   1   7   9   9   5   6   3   4   6   7   7   6   6   3   9   4   6   1   5   1   6   2   4   2   6   8   4   7   4   4   5   3   2   1   7   6   6   6   8   8   2   1 
  6   4   4   6   0   5   3   8   8   1   7   6   6   9   3   5   3   6   3   2   9   6   6   6   6   6   7   8   3   1   3   7   7   9   3   8   7   5   1   3   1   4   5   2   8   5   1   1   5   5 
  6   2   5   5   2   0   7   1   2   1   3   6   3   9   7   3   8   9   6   3   9   7   5   7   9   4   2   5   7   6   7   1   1   3   4   1   1   3   1   4   9   6   9   8   1   5   8   5   8   8 
  1   2   6   7   4   7   0   9   2   1   8   9   6   5   2   9   7   2   6   5   6   3   4   5   2   3   3   6   6   8   9   4   2   1   6   6   3   8   4   9   7   6   6   7   1   3   3   6   7   4 
  4   5   8   9   6   7   4   0   7   2   1   5   4   5   8   6   8   1   4   9   6   4   8   4   3   3   4   7   9   8   2   2   2   9   9   8   9   9   4   7   8   4   9   2   6   7   3   9   2   6 
  6   1   2   9   6   2   7   7   0   9   8   8   7   1   7   5   4   2   8   9   3   7   7   9   1   5   2   7   9   7   5   1   5   6   1   8   9   7   3   3   9   2   3   8   2   8   3   3   4   1 
  6   2   7   8   3   2   7   5   5   0   9   9   3   7   3   3   1   9   7   6   9   7   6   9   9   4   2   9   9   8   4   7   2   3   4   5   4   4   7   5   9   7   9   6   3   7   6   6   7   5 
  4   5   8   8   6   4   1   2   9   5   0   9   9   2   8   8   6   2   8   6   3   5   4   2   9   1   8   2   7   4   4   3   8   7   4   6   7   3   2   8   4   2   2   8   6   4   5   3   9   1 
  6   7   2   4   1   1   3   3   4   2   3   0   8   8   6   8   5   3   7   6   7   1   5   3   2   1   3   9   5   4   7   7   8   8   1   8   5   7   1   1   2   8   7   6   3   8   6   1   5   6 
  5   1   1   4   7   7   6   6   5   6   3   7   0   5   2   7   2   1   2   9   9   2   1   3   4   6   5   9   7   7   6   6   7   4   1   9   9   4   2   8   1   7   5   6   5   1   8   1   6   2 
  9   5   7   7   4   4   2   6   3   7   3   7   7   0   5   7   6   5   7   4   5   1   3   1   2   4   4   3   9   5   6   7   8   6   2   7   1   1   8   9   8   6   7   3   6   4   1   2   4   9 
  6   5   2   5   2   3   7   9   2   7   2   6   3   3   0   6   6   5   8   1   7   8   6   9   9   7   3   7   8   5   4   4   7   2   5   6   2   4   2   8   9   8   9   3   5   1   8   7   8   5 
  4   7   4   8   8   4   3   6   1   8   3   6   3   9   7   0   3   2   8   2   6   9   2   2   8   3   2   8   3   6   6   2   2   1   9   6   2   3   9   1   9   7   5   1   5   8   2   7   1   7 
  1   2   3   4   4   6   9   6   4   7   2   8   3   7   6   6   0   1   4   8   6   2   1   1   4   7   2   3   3   6   9   6   1   5   3   3   5   4   1   4   1   1   8   6   5   9   9   4   5   6 
  3   3   4   7   6   7   6   6   3   5   1   8   7   5   8   6   4   0   7   2   1   5   4   6   9   8   9   1   2   1   2   5   4   3   1   9   8   4   3   8   1   7   9   8   9   3   2   2   7   7 
  8   7   9   9   8   1   9   5   1   9   4   4   9   5   4   1   2   5   0   2   9   8   3   7   9   6   5   1   2   4   4   4   9   1   3   3   7   7   7   8   3   2   3   3   4   6   8   6   5   4 
  1   6   4   1   9   5   4   3   5   7   3   4   3   4   3   7   5   5   7   0   1   3   2   9   1   7   9   4   4   2   5   7   3   8   5   8   7   9   9   5   4   3   1   1   7   5   4   7   1   5 
  6   9   9   3   2   8   7   7   3   3   2   2   6   3   9   5   1   1   2   2   0   6   7   2   6   2   5   4   1   7   3   5   2   8   1   1   6   4   3   7   1   4   8   3   2   9   2   5   7   4 
  4   9   8   9   7   3   5   7   4   7   9   3   9   1   7   3   3   1   6   6   6   0   6   1   8   2   2   9   3   5   3   7   8   8   2   7   3   3   4   5   5   1   9   8   5   3   4   7   2   3 
  3   9   8   2   5   9   2   2   4   4   3   4   9   8   5   5   7   7   3   3   3   5   0   4   6   6   9   4   4   9   3   3   1   4   9   2   4   6   5   1   5   2   8   7   1   2   4   1   6   1 
  6   4   1   1   5   1   2   8   6   9   8   7   1   5   7   4   1   5   8   8   3   6   2   0   2   7   5   8   7   4   3   6   5   1   6   7   3   8   6   1   5   2   8   9   8   4   1   1   8   2 
  7   2   1   4   6   7   6   2   5   8   2   4   9   4   3   3   2   5   9   8   3   3   4   2   0   9   9   2   1   5   9   4   1   1   6   3   2   5   2   7   6   4   1   5   1   2   4   6   7   3 
  4   8   9   5   5   5   4   3   7   3   4   7   4   6   6   3   9   2   2   3   8   4   4   1   2   0   7   1   7   4   2   1   6   7   3   7   1   1   2   6   6   7   1   9   3   9   8   4   5   1 
  4   1   7   7   6   9   4   6   1   3   9   8   2   7   6   4   6   8   9   7   7   7   6   5   7   7   0   9   9   6   6   7   2   6   7   7   7   2   1   4   4   1   8   5   8   6   5   3   2   8 
  3   5   1   4   6   6   4   4   1   3   5   3   8   8   2   5   8   7   1   2   5   9   6   1   7   5   5   0   4   8   5   5   8   1   2   6   3   6   8   5   1   3   2   5   5   4   5   8   8   7 
  5   2   4   9   6   9   1   6   1   5   2   8   2   1   4   7   7   4   3   8   4   4   2   3   2   7   7   8   0   2   3   5   7   9   3   1   8   7   5   4   3   8   8   8   1   1   1   4   7   5 
  6   1   3   9   6   8   9   2   9   5   7   6   4   6   5   1   2   6   1   4   8   1   2   7   9   8   4   1   1   0   6   3   1   9   4   4   7   8   4   4   1   1   2   9   9   2   2   1   2   1 
  1   5   1   2   2   1   3   2   8   6   7   4   2   5   8   3   8   5   4   7   4   8   8   4   4   7   5   7   2   5   0   2   1   5   8   7   3   2   8   8   7   6   6   1   1   6   2   4   4   2 
  8   3   3   5   9   5   9   2   8   6   9   9   3   6   4   9   7   5   6   7   7   8   6   2   9   9   7   7   7   5   7   0   8   6   2   9   5   6   9   7   8   6   7   2   5   8   7   5   7   4 
  3   5   1   6   7   3   9   2   1   1   9   4   5   4   8   2   4   5   1   4   2   7   3   8   3   2   5   3   7   5   2   4   0   3   5   6   8   9   5   3   8   6   6   8   6   9   6   6   3   3 
  8   1   7   7   6   1   3   5   9   9   8   8   2   1   4   6   2   9   9   3   3   3   1   7   8   6   9   2   1   7   5   2   4   0   8   4   8   8   8   2   5   4   2   8   6   8   8   5   8   8 
  5   8   8   1   7   3   1   8   9   7   9   4   8   2   8   2   5   1   5   8   7   7   5   8   2   2   4   8   2   9   9   1   9   8   0   3   9   3   6   5   5   5   5   5   9   1   1   5   3   3 
  6   1   5   1   3   9   5   5   2   6   3   2   4   5   7   8   6   2   8   4   6   2   2   7   2   7   7   8   9   7   4   5   2   8   7   0   7   2   7   9   1   7   3   1   8   8   3   4   3   6 
  2   2   6   9   8   2   2   9   9   1   4   5   8   2   8   6   4   7   4   5   6   1   5   7   3   7   4   2   6   2   7   3   3   8   9   6   0   3   7   3   8   9   6   2   6   8   2   9   1   5 
  9   2   4   7   6   9   6   3   4   1   6   4   6   6   1   2   3   2   5   2   8   8   4   2   2   8   3   3   2   2   8   3   6   7   9   3   3   0   5   1   6   3   8   7   7   8   8   2   2   3 
  7   8   7   2   1   1   2   6   9   9   8   8   7   7   6   8   7   4   6   1   7   4   5   4   6   2   8   2   8   2   5   9   6   3   8   9   9   8   0   7   3   7   9   8   8   8   5   6   6   7 
  7   6   5   2   1   1   1   3   5   7   5   9   7   9   4   4   3   8   6   9   6   2   3   4   4   8   4   2   6   9   1   6   8   3   9   5   3   5   2   0   8   7   2   6   1   9   6   5   2   1 
  4   3   9   7   5   4   8   7   3   3   9   4   3   1   7   1   8   4   3   9   2   3   1   6   9   2   1   7   9   6   1   1   2   5   4   5   6   6   8   9   0   8   2   1   6   2   7   9   9   7 
  2   5   3   6   9   1   4   9   1   3   9   1   4   7   4   6   7   8   8   8   3   8   5   6   7   9   2   4   4   2   4   4   8   2   6   4   9   7   7   1   9   0   7   1   8   1   3   9   8   9 
  2   4   8   3   9   5   7   8   1   1   3   6   2   3   4   4   9   5   5   9   1   9   8   1   9   4   8   9   1   2   7   7   5   4   9   1   7   1   9   1   5   9   0   2   6   5   5   6   4   7 
  2   6   8   3   9   7   7   5   2   1   7   6   3   8   9   6   6   5   1   4   4   2   9   1   8   4   7   6   8   5   5   4   2   3   4   1   9   2   3   9   7   5   3   0   3   1   8   4   1   5 
  9   7   6   1   8   6   7   6   7   5   3   3   8   2   6   5   8   2   2   7   1   7   7   8   3   3   1   3   5   3   1   4   9   9   8   5   1   8   8   7   6   4   2   5   0   2   6   6   1   1 
  3   9   2   7   4   9   7   1   9   1   8   5   8   5   5   1   7   5   8   5   5   2   5   3   7   2   5   1   1   8   3   6   7   5   8   8   1   3   5   5   2   5   9   6   4   0   4   8   3   2 
  7   3   1   3   6   4   5   6   9   7   9   3   1   5   9   7   6   6   8   2   4   8   9   1   5   6   3   8   8   2   9   7   9   9   1   3   5   8   4   2   2   1   9   5   5   8   0   3   3   4 
  4   1   1   8   8   2   5   1   6   4   8   2   1   6   7   9   4   1   3   1   9   4   7   8   1   7   6   3   2   2   5   7   9   3   4   2   3   3   6   6   6   1   1   9   9   6   3   0   1   8 
  5   1   2   2   2   9   8   6   9   5   9   9   5   7   4   1   9   3   9   4   8   1   8   1   7   3   8   9   6   8   2   9   9   9   3   8   6   4   2   1   9   9   4   6   6   2   4   3   0   1 
  6   5   1   3   5   7   2   3   1   7   5   5   2   4   6   8   3   1   8   2   7   9   4   2   3   9   4   9   8   6   4   4   2   6   5   1   2   3   6   3   1   6   4   6   3   4   1   7   5   0 
Reldue
  638    7    8
  813    1    5
 1127    8    1
  502    3    5
  339    1    6
  852    4    1
  267    9    3
  763    5    2
  430    1    1
 1323    6    7
  660    1    7
  706    3    3
  987    7    6
  489    2    6
  503    5    8
  989    4    6
  764    7    6
  546    4    3
  369    8    8
 1154    3    9
  312    3    8
  371    1    6
  968    1    4
  238    1    6
 1063    6    5
  957    1    7
  754    4    7
  692    4    8
  562    1    5
  757    5    3
  300    4    6
  458    8    3
  801    2    7
  854    4    4
  828    8    8
  932    9    3
  564    2    1
 1360    7    7
  721    8    7
  469    8    6
  712    6    4
  327    8    2
  299    8    7
  731    7    4
  435    5    6
 1366    9    3
  555    9    2
  501    2    5
  429    9    9
  290    9    2
DDW
  584   691
  756   871
 1042  1213
  453   552
  315   364
  801   903
  252   281
  704   822
  398   461
 1208  1439
  608   711
  663   749
  934  1040
  447   531
  455   551
  927  1051
  706   823
  512   580
  349   388
 1076  1231
  289   336
  352   390
  873  1064
  218   258
 1008  1119
  870  1045
  680   829
  633   751
  529   596
  689   826
  281   320
  416   500
  742   859
  776   932
  786   870
  876   988
  515   612
 1243  1477
  673   770
  431   507
  644   780
  309   344
  279   318
  667   794
  404   466
 1254  1479
  509   602
  451   550
  407   452
  273   307
