50   5
MD
  4  4  5  4  4
PT
 49  63  25  53  60  14  61   9  21  64  39  21  11  77  45  87  62  55  30  73  71  72  48  99  76  97  13  34  93   2  73   1  59  36  32   4  51  14  37  37   1  69  40   7  37  47  47  32  16  97 
 15  34  36  87  86  49  85  38  68  73  26  24  61  44  86  47  25  47  67  51  84  47  31  17  98   6  39  33  18  13  89   2  61  54  81  41  72  33  94  46  66  43  54  84  27  91   1  89  81   1 
 88  82  92  94  14  42  26   4  97  23  43  56  19  56  19  72  56   9   9  60  97  54  76  29  42  81  93  96  78  71  35  37  18  68  72  13  50  66  77  61  25  84  77   8  29  29  83  61  93   2 
 34  56  46  42  23  87  13  94  77  19  98   7  77  74  44  29  55  40  37   5  36   9  20  69  99  18  66  99  35   9  74  86  88  75  74  76  39  90  97  58   6  17  11  18  17   2  54   1  98  79 
 30  60  90  98  17  77  86  51  85  89  37  72  20  83  63  62  98  80  85  46  81  76  38  95  54   9  15  18  21   8  57  71  92  32  63  49   4  80  30  10  31  23  75  34   1  77  56   1  19  21 
SSD
M0
  0   4   1   6   1   7   8   2   8   6   1   6   1   2   3   1   3   8   2   3   3   9   3   2   7   7   6   4   2   7   5   3   7   2   1   9   5   4   6   2   6   7   3   5   2   1   1   5   1   3 
  9   0   1   6   4   7   2   2   3   9   5   7   4   7   8   5   4   9   6   1   8   1   6   5   6   9   8   8   9   9   3   4   3   6   1   5   6   6   8   5   8   3   7   1   3   3   5   7   2   9 
  7   2   0   2   8   2   4   4   9   2   1   4   8   6   4   1   5   2   7   8   3   1   4   6   1   2   2   9   2   1   6   3   9   2   9   3   9   8   9   6   1   7   4   9   4   8   3   6   2   3 
  1   9   8   0   5   2   6   7   3   2   6   7   7   6   5   9   6   8   4   7   8   5   7   7   9   2   8   1   3   8   6   7   4   8   2   9   9   7   3   1   9   5   7   1   6   2   1   9   2   5 
  8   4   1   5   0   8   8   5   2   5   8   4   6   5   8   1   6   4   7   4   2   7   8   5   5   1   3   7   8   9   2   9   3   4   8   2   9   8   6   4   9   4   8   6   8   1   1   2   6   8 
  9   1   7   7   6   0   1   1   5   6   7   2   9   8   1   1   2   4   1   1   6   6   5   7   2   5   2   5   8   3   8   8   7   3   2   6   9   1   3   9   3   5   8   5   9   2   2   9   7   5 
  2   4   5   4   8   9   0   1   7   6   8   1   7   9   3   9   3   5   3   8   9   1   2   8   2   5   2   2   5   9   4   2   6   8   3   2   5   5   3   7   2   2   3   9   8   4   3   3   5   4 
  6   7   4   2   3   7   9   0   7   8   9   8   1   2   8   7   8   7   4   5   5   6   5   9   6   7   6   2   5   6   9   4   8   3   5   6   6   5   7   7   2   7   5   5   8   1   1   6   7   8 
  3   1   7   8   3   9   8   7   0   4   5   2   7   3   6   3   5   1   7   1   2   9   1   1   1   9   9   6   4   2   4   4   8   2   3   6   5   5   4   4   8   4   5   9   4   8   8   5   2   5 
  6   3   6   3   7   3   5   3   9   0   9   8   8   9   8   3   9   6   1   1   5   7   6   7   9   6   1   4   1   2   8   6   4   8   8   2   6   3   1   4   5   6   8   2   4   7   9   5   3   8 
  5   6   3   2   5   4   6   3   8   9   0   9   2   1   7   8   7   6   6   9   7   6   7   9   4   8   6   2   7   3   7   2   9   6   6   4   6   8   9   5   9   4   7   5   2   3   5   9   1   4 
  6   4   3   8   5   5   7   7   9   8   7   0   4   9   6   9   2   5   9   4   6   4   4   5   8   6   8   4   6   2   3   2   4   1   5   2   4   1   3   9   6   2   9   1   2   1   5   3   3   8 
  9   2   7   6   2   4   4   3   8   7   2   6   0   5   3   7   4   6   1   9   8   7   3   1   8   1   4   7   5   1   6   9   5   9   2   5   4   9   7   7   6   5   7   9   7   8   2   5   1   7 
  3   9   2   7   7   1   1   7   6   2   5   4   9   0   5   7   9   6   1   4   5   4   3   2   5   8   4   5   7   1   2   3   8   1   2   9   7   7   1   3   8   8   5   2   8   5   8   1   5   3 
  2   6   7   1   7   4   2   9   4   7   3   4   2   9   0   6   5   2   7   7   7   1   9   1   9   6   3   1   7   3   8   8   3   3   7   5   4   9   9   6   6   9   7   5   2   7   2   3   2   8 
  5   4   8   1   5   4   8   7   2   4   2   5   4   8   1   0   1   3   2   6   6   4   5   4   5   6   7   5   7   7   3   4   4   9   2   5   7   9   2   4   6   9   2   6   4   4   6   5   8   9 
  4   8   6   7   9   9   4   4   2   9   7   2   6   7   3   3   0   2   8   4   7   2   4   1   6   6   2   9   8   7   9   6   6   7   7   8   5   1   9   4   4   6   4   8   5   3   4   6   5   1 
  5   6   6   6   6   9   1   7   7   9   7   9   7   7   4   8   4   0   1   4   6   9   3   9   4   5   3   6   8   6   8   7   6   1   7   6   2   8   9   2   9   6   2   4   7   5   7   6   8   7 
  1   2   5   9   1   6   6   1   5   9   9   7   2   2   6   7   6   6   0   1   2   1   9   7   9   2   2   3   4   3   9   5   3   6   7   1   1   4   8   5   7   4   3   8   9   2   6   9   4   1 
  7   6   7   3   9   7   6   2   2   6   3   7   9   3   3   6   4   1   8   0   3   3   4   9   1   8   1   6   2   4   9   9   7   9   2   3   9   7   3   2   8   8   1   4   8   2   4   6   4   4 
  1   1   1   4   3   2   7   3   2   4   1   4   2   3   9   6   2   9   5   7   0   4   8   5   1   8   8   9   6   9   9   2   6   7   4   2   7   5   6   6   2   9   2   4   5   5   5   5   6   1 
  4   8   1   9   1   2   2   2   3   9   3   8   8   1   1   9   3   3   1   3   9   0   8   2   4   8   9   9   8   8   7   8   8   8   4   8   5   4   8   7   2   5   2   2   1   8   8   1   2   1 
  3   3   1   2   9   5   9   5   6   5   5   8   6   6   2   6   1   3   8   3   1   4   0   4   5   4   3   5   2   1   2   9   3   2   3   3   9   7   6   3   4   9   6   5   8   8   6   5   2   5 
  5   6   9   2   5   3   1   2   4   1   9   9   6   7   1   1   7   2   8   1   2   3   9   0   3   1   6   4   3   9   5   3   6   5   3   2   1   8   6   4   8   4   5   3   4   3   6   2   6   3 
  6   5   1   4   8   2   6   6   4   4   9   9   4   8   7   6   1   6   3   3   4   7   4   4   0   8   4   1   4   4   8   5   9   7   2   2   5   3   1   4   6   7   7   5   9   9   6   8   4   2 
  8   7   8   9   9   2   2   2   6   6   2   4   4   5   7   3   5   1   8   7   8   6   7   3   6   0   4   8   8   8   2   4   3   3   2   7   3   1   7   9   4   4   2   2   2   6   3   6   8   7 
  2   3   4   8   9   6   6   4   1   5   1   1   1   5   2   1   2   6   3   2   3   2   8   8   5   8   0   5   9   2   5   1   4   2   8   1   2   9   7   5   1   9   8   8   3   7   4   2   3   5 
  2   8   9   9   4   2   2   7   3   3   8   6   8   1   7   7   6   1   1   8   3   4   2   4   5   3   1   0   8   3   6   3   3   5   6   7   6   5   6   9   9   5   4   6   8   7   4   3   2   3 
  7   1   2   8   1   8   7   2   2   2   4   9   1   8   5   2   5   4   6   4   8   3   4   1   4   8   9   9   0   6   9   3   2   6   9   1   2   5   7   5   4   1   5   1   3   9   5   9   1   1 
  2   3   9   2   2   4   2   7   5   4   5   2   9   9   1   5   1   4   7   7   8   3   8   2   1   5   8   5   2   0   5   5   5   4   3   5   8   8   4   6   3   3   3   3   7   4   8   5   7   8 
  1   9   4   9   8   6   2   5   7   9   1   3   1   3   7   5   7   7   3   5   4   8   5   9   8   1   7   8   7   1   0   3   4   1   2   3   5   3   3   8   8   8   9   6   8   4   6   9   2   4 
  8   4   4   9   5   8   7   1   6   9   1   3   6   3   7   2   1   5   6   2   7   6   8   7   5   2   6   7   4   5   8   0   4   3   1   4   3   3   5   5   6   9   7   8   9   5   5   6   7   6 
  8   8   1   3   2   2   8   5   7   2   1   8   5   9   8   5   1   8   8   7   2   1   3   9   6   9   5   3   7   7   1   5   0   8   9   8   5   6   3   4   5   1   5   2   3   4   6   8   3   1 
  7   5   9   3   7   7   6   4   9   8   6   1   4   9   7   3   4   1   3   2   6   2   2   1   8   2   4   7   3   5   3   9   8   0   8   6   5   1   3   6   9   8   8   2   9   4   8   7   9   9 
  7   5   1   2   5   7   1   2   3   2   6   7   1   3   6   8   5   9   8   6   2   4   6   2   4   9   8   6   3   4   2   9   2   9   0   4   1   3   7   4   5   6   8   2   4   1   2   5   7   8 
  1   3   6   7   7   4   3   9   8   9   7   5   2   9   6   2   7   2   5   8   5   6   5   3   7   4   1   8   9   8   8   6   9   9   2   0   7   8   5   3   2   6   7   2   6   5   6   2   8   9 
  5   3   7   4   1   7   1   8   2   7   5   3   8   7   7   9   6   8   7   8   8   5   8   1   9   2   5   2   2   2   5   9   5   8   2   7   0   5   1   7   5   9   5   1   1   2   6   8   5   5 
  4   2   2   6   9   8   6   6   7   2   7   8   5   2   6   2   1   5   7   7   3   2   6   8   4   2   4   3   8   3   5   7   2   3   2   8   5   0   4   9   6   6   1   9   1   1   4   8   2   4 
  3   7   7   3   9   6   5   1   4   8   8   7   2   6   2   2   8   2   3   2   6   4   8   8   8   6   7   2   6   8   9   2   3   5   7   7   5   3   0   9   4   6   3   6   5   6   5   3   4   4 
  3   6   9   5   4   3   4   8   5   9   1   9   7   2   3   4   7   7   5   6   7   6   9   3   3   5   9   4   3   6   8   9   5   8   6   5   9   8   2   0   3   1   3   7   8   3   1   4   7   4 
  6   4   8   9   8   9   1   2   4   1   8   1   9   9   9   4   1   2   8   7   1   8   1   4   8   7   8   1   3   8   4   9   7   8   1   1   5   7   3   7   0   8   3   9   8   7   4   1   1   8 
  5   8   3   1   3   1   1   9   4   9   7   8   1   9   7   9   5   1   9   3   4   1   9   5   6   1   5   7   3   4   1   5   5   5   4   1   9   8   7   9   9   0   7   7   8   5   5   2   8   6 
  9   6   8   5   6   7   6   3   9   6   8   3   2   3   5   6   5   5   1   7   5   6   6   6   5   5   5   6   8   8   7   7   1   9   1   9   7   3   1   6   8   6   0   9   1   3   6   6   3   6 
  1   3   9   1   2   8   1   4   2   7   2   6   9   9   7   7   1   1   1   4   4   2   6   9   3   3   7   8   2   8   5   8   5   5   3   1   2   6   4   7   3   2   7   0   1   2   8   5   4   8 
  6   6   9   1   9   4   3   6   8   4   7   1   3   4   2   7   6   8   7   4   2   3   6   5   9   1   7   5   8   4   4   9   8   5   3   3   2   9   3   9   6   2   2   9   0   3   6   3   3   5 
  5   9   6   2   4   9   1   3   3   8   9   8   8   9   2   6   8   5   2   8   8   9   7   4   5   8   2   5   2   3   7   2   7   8   9   3   8   7   7   1   6   4   7   2   3   0   1   8   3   4 
  2   7   5   8   2   9   2   3   8   2   4   2   7   9   5   8   5   7   3   7   4   2   5   6   6   8   4   4   6   3   7   3   3   4   9   8   8   6   8   1   7   7   1   3   8   2   0   5   9   9 
  4   9   2   8   6   9   8   2   6   1   9   6   3   8   5   9   6   6   9   1   5   6   4   4   2   3   2   9   8   7   3   5   5   2   5   6   6   5   6   7   8   6   3   9   9   4   8   0   4   6 
  4   8   8   8   1   1   8   8   9   2   4   5   4   5   2   6   1   6   7   6   3   2   4   8   3   8   4   9   6   9   1   5   3   4   7   8   2   2   4   7   3   9   1   6   8   8   4   2   0   5 
  6   4   1   9   4   5   9   1   6   1   5   4   3   5   4   9   8   2   3   9   6   3   8   9   7   9   2   7   2   6   3   8   7   3   6   5   5   1   3   2   7   1   2   1   3   1   3   1   6   0 
M1
  0   4   1   6   1   7   8   2   8   6   1   6   1   2   3   1   3   8   2   3   3   9   3   2   7   7   6   4   2   7   5   3   7   2   1   9   5   4   6   2   6   7   3   5   2   1   1   5   1   3 
  9   0   1   6   4   7   2   2   3   9   5   7   4   7   8   5   4   9   6   1   8   1   6   5   6   9   8   8   9   9   3   4   3   6   1   5   6   6   8   5   8   3   7   1   3   3   5   7   2   9 
  7   2   0   2   8   2   4   4   9   2   1   4   8   6   4   1   5   2   7   8   3   1   4   6   1   2   2   9   2   1   6   3   9   2   9   3   9   8   9   6   1   7   4   9   4   8   3   6   2   3 
  1   9   8   0   5   2   6   7   3   2   6   7   7   6   5   9   6   8   4   7   8   5   7   7   9   2   8   1   3   8   6   7   4   8   2   9   9   7   3   1   9   5   7   1   6   2   1   9   2   5 
  8   4   1   5   0   8   8   5   2   5   8   4   6   5   8   1   6   4   7   4   2   7   8   5   5   1   3   7   8   9   2   9   3   4   8   2   9   8   6   4   9   4   8   6   8   1   1   2   6   8 
  9   1   7   7   6   0   1   1   5   6   7   2   9   8   1   1   2   4   1   1   6   6   5   7   2   5   2   5   8   3   8   8   7   3   2   6   9   1   3   9   3   5   8   5   9   2   2   9   7   5 
  2   4   5   4   8   9   0   1   7   6   8   1   7   9   3   9   3   5   3   8   9   1   2   8   2   5   2   2   5   9   4   2   6   8   3   2   5   5   3   7   2   2   3   9   8   4   3   3   5   4 
  6   7   4   2   3   7   9   0   7   8   9   8   1   2   8   7   8   7   4   5   5   6   5   9   6   7   6   2   5   6   9   4   8   3   5   6   6   5   7   7   2   7   5   5   8   1   1   6   7   8 
  3   1   7   8   3   9   8   7   0   4   5   2   7   3   6   3   5   1   7   1   2   9   1   1   1   9   9   6   4   2   4   4   8   2   3   6   5   5   4   4   8   4   5   9   4   8   8   5   2   5 
  6   3   6   3   7   3   5   3   9   0   9   8   8   9   8   3   9   6   1   1   5   7   6   7   9   6   1   4   1   2   8   6   4   8   8   2   6   3   1   4   5   6   8   2   4   7   9   5   3   8 
  5   6   3   2   5   4   6   3   8   9   0   9   2   1   7   8   7   6   6   9   7   6   7   9   4   8   6   2   7   3   7   2   9   6   6   4   6   8   9   5   9   4   7   5   2   3   5   9   1   4 
  6   4   3   8   5   5   7   7   9   8   7   0   4   9   6   9   2   5   9   4   6   4   4   5   8   6   8   4   6   2   3   2   4   1   5   2   4   1   3   9   6   2   9   1   2   1   5   3   3   8 
  9   2   7   6   2   4   4   3   8   7   2   6   0   5   3   7   4   6   1   9   8   7   3   1   8   1   4   7   5   1   6   9   5   9   2   5   4   9   7   7   6   5   7   9   7   8   2   5   1   7 
  3   9   2   7   7   1   1   7   6   2   5   4   9   0   5   7   9   6   1   4   5   4   3   2   5   8   4   5   7   1   2   3   8   1   2   9   7   7   1   3   8   8   5   2   8   5   8   1   5   3 
  2   6   7   1   7   4   2   9   4   7   3   4   2   9   0   6   5   2   7   7   7   1   9   1   9   6   3   1   7   3   8   8   3   3   7   5   4   9   9   6   6   9   7   5   2   7   2   3   2   8 
  5   4   8   1   5   4   8   7   2   4   2   5   4   8   1   0   1   3   2   6   6   4   5   4   5   6   7   5   7   7   3   4   4   9   2   5   7   9   2   4   6   9   2   6   4   4   6   5   8   9 
  4   8   6   7   9   9   4   4   2   9   7   2   6   7   3   3   0   2   8   4   7   2   4   1   6   6   2   9   8   7   9   6   6   7   7   8   5   1   9   4   4   6   4   8   5   3   4   6   5   1 
  5   6   6   6   6   9   1   7   7   9   7   9   7   7   4   8   4   0   1   4   6   9   3   9   4   5   3   6   8   6   8   7   6   1   7   6   2   8   9   2   9   6   2   4   7   5   7   6   8   7 
  1   2   5   9   1   6   6   1   5   9   9   7   2   2   6   7   6   6   0   1   2   1   9   7   9   2   2   3   4   3   9   5   3   6   7   1   1   4   8   5   7   4   3   8   9   2   6   9   4   1 
  7   6   7   3   9   7   6   2   2   6   3   7   9   3   3   6   4   1   8   0   3   3   4   9   1   8   1   6   2   4   9   9   7   9   2   3   9   7   3   2   8   8   1   4   8   2   4   6   4   4 
  1   1   1   4   3   2   7   3   2   4   1   4   2   3   9   6   2   9   5   7   0   4   8   5   1   8   8   9   6   9   9   2   6   7   4   2   7   5   6   6   2   9   2   4   5   5   5   5   6   1 
  4   8   1   9   1   2   2   2   3   9   3   8   8   1   1   9   3   3   1   3   9   0   8   2   4   8   9   9   8   8   7   8   8   8   4   8   5   4   8   7   2   5   2   2   1   8   8   1   2   1 
  3   3   1   2   9   5   9   5   6   5   5   8   6   6   2   6   1   3   8   3   1   4   0   4   5   4   3   5   2   1   2   9   3   2   3   3   9   7   6   3   4   9   6   5   8   8   6   5   2   5 
  5   6   9   2   5   3   1   2   4   1   9   9   6   7   1   1   7   2   8   1   2   3   9   0   3   1   6   4   3   9   5   3   6   5   3   2   1   8   6   4   8   4   5   3   4   3   6   2   6   3 
  6   5   1   4   8   2   6   6   4   4   9   9   4   8   7   6   1   6   3   3   4   7   4   4   0   8   4   1   4   4   8   5   9   7   2   2   5   3   1   4   6   7   7   5   9   9   6   8   4   2 
  8   7   8   9   9   2   2   2   6   6   2   4   4   5   7   3   5   1   8   7   8   6   7   3   6   0   4   8   8   8   2   4   3   3   2   7   3   1   7   9   4   4   2   2   2   6   3   6   8   7 
  2   3   4   8   9   6   6   4   1   5   1   1   1   5   2   1   2   6   3   2   3   2   8   8   5   8   0   5   9   2   5   1   4   2   8   1   2   9   7   5   1   9   8   8   3   7   4   2   3   5 
  2   8   9   9   4   2   2   7   3   3   8   6   8   1   7   7   6   1   1   8   3   4   2   4   5   3   1   0   8   3   6   3   3   5   6   7   6   5   6   9   9   5   4   6   8   7   4   3   2   3 
  7   1   2   8   1   8   7   2   2   2   4   9   1   8   5   2   5   4   6   4   8   3   4   1   4   8   9   9   0   6   9   3   2   6   9   1   2   5   7   5   4   1   5   1   3   9   5   9   1   1 
  2   3   9   2   2   4   2   7   5   4   5   2   9   9   1   5   1   4   7   7   8   3   8   2   1   5   8   5   2   0   5   5   5   4   3   5   8   8   4   6   3   3   3   3   7   4   8   5   7   8 
  1   9   4   9   8   6   2   5   7   9   1   3   1   3   7   5   7   7   3   5   4   8   5   9   8   1   7   8   7   1   0   3   4   1   2   3   5   3   3   8   8   8   9   6   8   4   6   9   2   4 
  8   4   4   9   5   8   7   1   6   9   1   3   6   3   7   2   1   5   6   2   7   6   8   7   5   2   6   7   4   5   8   0   4   3   1   4   3   3   5   5   6   9   7   8   9   5   5   6   7   6 
  8   8   1   3   2   2   8   5   7   2   1   8   5   9   8   5   1   8   8   7   2   1   3   9   6   9   5   3   7   7   1   5   0   8   9   8   5   6   3   4   5   1   5   2   3   4   6   8   3   1 
  7   5   9   3   7   7   6   4   9   8   6   1   4   9   7   3   4   1   3   2   6   2   2   1   8   2   4   7   3   5   3   9   8   0   8   6   5   1   3   6   9   8   8   2   9   4   8   7   9   9 
  7   5   1   2   5   7   1   2   3   2   6   7   1   3   6   8   5   9   8   6   2   4   6   2   4   9   8   6   3   4   2   9   2   9   0   4   1   3   7   4   5   6   8   2   4   1   2   5   7   8 
  1   3   6   7   7   4   3   9   8   9   7   5   2   9   6   2   7   2   5   8   5   6   5   3   7   4   1   8   9   8   8   6   9   9   2   0   7   8   5   3   2   6   7   2   6   5   6   2   8   9 
  5   3   7   4   1   7   1   8   2   7   5   3   8   7   7   9   6   8   7   8   8   5   8   1   9   2   5   2   2   2   5   9   5   8   2   7   0   5   1   7   5   9   5   1   1   2   6   8   5   5 
  4   2   2   6   9   8   6   6   7   2   7   8   5   2   6   2   1   5   7   7   3   2   6   8   4   2   4   3   8   3   5   7   2   3   2   8   5   0   4   9   6   6   1   9   1   1   4   8   2   4 
  3   7   7   3   9   6   5   1   4   8   8   7   2   6   2   2   8   2   3   2   6   4   8   8   8   6   7   2   6   8   9   2   3   5   7   7   5   3   0   9   4   6   3   6   5   6   5   3   4   4 
  3   6   9   5   4   3   4   8   5   9   1   9   7   2   3   4   7   7   5   6   7   6   9   3   3   5   9   4   3   6   8   9   5   8   6   5   9   8   2   0   3   1   3   7   8   3   1   4   7   4 
  6   4   8   9   8   9   1   2   4   1   8   1   9   9   9   4   1   2   8   7   1   8   1   4   8   7   8   1   3   8   4   9   7   8   1   1   5   7   3   7   0   8   3   9   8   7   4   1   1   8 
  5   8   3   1   3   1   1   9   4   9   7   8   1   9   7   9   5   1   9   3   4   1   9   5   6   1   5   7   3   4   1   5   5   5   4   1   9   8   7   9   9   0   7   7   8   5   5   2   8   6 
  9   6   8   5   6   7   6   3   9   6   8   3   2   3   5   6   5   5   1   7   5   6   6   6   5   5   5   6   8   8   7   7   1   9   1   9   7   3   1   6   8   6   0   9   1   3   6   6   3   6 
  1   3   9   1   2   8   1   4   2   7   2   6   9   9   7   7   1   1   1   4   4   2   6   9   3   3   7   8   2   8   5   8   5   5   3   1   2   6   4   7   3   2   7   0   1   2   8   5   4   8 
  6   6   9   1   9   4   3   6   8   4   7   1   3   4   2   7   6   8   7   4   2   3   6   5   9   1   7   5   8   4   4   9   8   5   3   3   2   9   3   9   6   2   2   9   0   3   6   3   3   5 
  5   9   6   2   4   9   1   3   3   8   9   8   8   9   2   6   8   5   2   8   8   9   7   4   5   8   2   5   2   3   7   2   7   8   9   3   8   7   7   1   6   4   7   2   3   0   1   8   3   4 
  2   7   5   8   2   9   2   3   8   2   4   2   7   9   5   8   5   7   3   7   4   2   5   6   6   8   4   4   6   3   7   3   3   4   9   8   8   6   8   1   7   7   1   3   8   2   0   5   9   9 
  4   9   2   8   6   9   8   2   6   1   9   6   3   8   5   9   6   6   9   1   5   6   4   4   2   3   2   9   8   7   3   5   5   2   5   6   6   5   6   7   8   6   3   9   9   4   8   0   4   6 
  4   8   8   8   1   1   8   8   9   2   4   5   4   5   2   6   1   6   7   6   3   2   4   8   3   8   4   9   6   9   1   5   3   4   7   8   2   2   4   7   3   9   1   6   8   8   4   2   0   5 
  6   4   1   9   4   5   9   1   6   1   5   4   3   5   4   9   8   2   3   9   6   3   8   9   7   9   2   7   2   6   3   8   7   3   6   5   5   1   3   2   7   1   2   1   3   1   3   1   6   0 
M2
  0   4   1   6   1   7   8   2   8   6   1   6   1   2   3   1   3   8   2   3   3   9   3   2   7   7   6   4   2   7   5   3   7   2   1   9   5   4   6   2   6   7   3   5   2   1   1   5   1   3 
  9   0   1   6   4   7   2   2   3   9   5   7   4   7   8   5   4   9   6   1   8   1   6   5   6   9   8   8   9   9   3   4   3   6   1   5   6   6   8   5   8   3   7   1   3   3   5   7   2   9 
  7   2   0   2   8   2   4   4   9   2   1   4   8   6   4   1   5   2   7   8   3   1   4   6   1   2   2   9   2   1   6   3   9   2   9   3   9   8   9   6   1   7   4   9   4   8   3   6   2   3 
  1   9   8   0   5   2   6   7   3   2   6   7   7   6   5   9   6   8   4   7   8   5   7   7   9   2   8   1   3   8   6   7   4   8   2   9   9   7   3   1   9   5   7   1   6   2   1   9   2   5 
  8   4   1   5   0   8   8   5   2   5   8   4   6   5   8   1   6   4   7   4   2   7   8   5   5   1   3   7   8   9   2   9   3   4   8   2   9   8   6   4   9   4   8   6   8   1   1   2   6   8 
  9   1   7   7   6   0   1   1   5   6   7   2   9   8   1   1   2   4   1   1   6   6   5   7   2   5   2   5   8   3   8   8   7   3   2   6   9   1   3   9   3   5   8   5   9   2   2   9   7   5 
  2   4   5   4   8   9   0   1   7   6   8   1   7   9   3   9   3   5   3   8   9   1   2   8   2   5   2   2   5   9   4   2   6   8   3   2   5   5   3   7   2   2   3   9   8   4   3   3   5   4 
  6   7   4   2   3   7   9   0   7   8   9   8   1   2   8   7   8   7   4   5   5   6   5   9   6   7   6   2   5   6   9   4   8   3   5   6   6   5   7   7   2   7   5   5   8   1   1   6   7   8 
  3   1   7   8   3   9   8   7   0   4   5   2   7   3   6   3   5   1   7   1   2   9   1   1   1   9   9   6   4   2   4   4   8   2   3   6   5   5   4   4   8   4   5   9   4   8   8   5   2   5 
  6   3   6   3   7   3   5   3   9   0   9   8   8   9   8   3   9   6   1   1   5   7   6   7   9   6   1   4   1   2   8   6   4   8   8   2   6   3   1   4   5   6   8   2   4   7   9   5   3   8 
  5   6   3   2   5   4   6   3   8   9   0   9   2   1   7   8   7   6   6   9   7   6   7   9   4   8   6   2   7   3   7   2   9   6   6   4   6   8   9   5   9   4   7   5   2   3   5   9   1   4 
  6   4   3   8   5   5   7   7   9   8   7   0   4   9   6   9   2   5   9   4   6   4   4   5   8   6   8   4   6   2   3   2   4   1   5   2   4   1   3   9   6   2   9   1   2   1   5   3   3   8 
  9   2   7   6   2   4   4   3   8   7   2   6   0   5   3   7   4   6   1   9   8   7   3   1   8   1   4   7   5   1   6   9   5   9   2   5   4   9   7   7   6   5   7   9   7   8   2   5   1   7 
  3   9   2   7   7   1   1   7   6   2   5   4   9   0   5   7   9   6   1   4   5   4   3   2   5   8   4   5   7   1   2   3   8   1   2   9   7   7   1   3   8   8   5   2   8   5   8   1   5   3 
  2   6   7   1   7   4   2   9   4   7   3   4   2   9   0   6   5   2   7   7   7   1   9   1   9   6   3   1   7   3   8   8   3   3   7   5   4   9   9   6   6   9   7   5   2   7   2   3   2   8 
  5   4   8   1   5   4   8   7   2   4   2   5   4   8   1   0   1   3   2   6   6   4   5   4   5   6   7   5   7   7   3   4   4   9   2   5   7   9   2   4   6   9   2   6   4   4   6   5   8   9 
  4   8   6   7   9   9   4   4   2   9   7   2   6   7   3   3   0   2   8   4   7   2   4   1   6   6   2   9   8   7   9   6   6   7   7   8   5   1   9   4   4   6   4   8   5   3   4   6   5   1 
  5   6   6   6   6   9   1   7   7   9   7   9   7   7   4   8   4   0   1   4   6   9   3   9   4   5   3   6   8   6   8   7   6   1   7   6   2   8   9   2   9   6   2   4   7   5   7   6   8   7 
  1   2   5   9   1   6   6   1   5   9   9   7   2   2   6   7   6   6   0   1   2   1   9   7   9   2   2   3   4   3   9   5   3   6   7   1   1   4   8   5   7   4   3   8   9   2   6   9   4   1 
  7   6   7   3   9   7   6   2   2   6   3   7   9   3   3   6   4   1   8   0   3   3   4   9   1   8   1   6   2   4   9   9   7   9   2   3   9   7   3   2   8   8   1   4   8   2   4   6   4   4 
  1   1   1   4   3   2   7   3   2   4   1   4   2   3   9   6   2   9   5   7   0   4   8   5   1   8   8   9   6   9   9   2   6   7   4   2   7   5   6   6   2   9   2   4   5   5   5   5   6   1 
  4   8   1   9   1   2   2   2   3   9   3   8   8   1   1   9   3   3   1   3   9   0   8   2   4   8   9   9   8   8   7   8   8   8   4   8   5   4   8   7   2   5   2   2   1   8   8   1   2   1 
  3   3   1   2   9   5   9   5   6   5   5   8   6   6   2   6   1   3   8   3   1   4   0   4   5   4   3   5   2   1   2   9   3   2   3   3   9   7   6   3   4   9   6   5   8   8   6   5   2   5 
  5   6   9   2   5   3   1   2   4   1   9   9   6   7   1   1   7   2   8   1   2   3   9   0   3   1   6   4   3   9   5   3   6   5   3   2   1   8   6   4   8   4   5   3   4   3   6   2   6   3 
  6   5   1   4   8   2   6   6   4   4   9   9   4   8   7   6   1   6   3   3   4   7   4   4   0   8   4   1   4   4   8   5   9   7   2   2   5   3   1   4   6   7   7   5   9   9   6   8   4   2 
  8   7   8   9   9   2   2   2   6   6   2   4   4   5   7   3   5   1   8   7   8   6   7   3   6   0   4   8   8   8   2   4   3   3   2   7   3   1   7   9   4   4   2   2   2   6   3   6   8   7 
  2   3   4   8   9   6   6   4   1   5   1   1   1   5   2   1   2   6   3   2   3   2   8   8   5   8   0   5   9   2   5   1   4   2   8   1   2   9   7   5   1   9   8   8   3   7   4   2   3   5 
  2   8   9   9   4   2   2   7   3   3   8   6   8   1   7   7   6   1   1   8   3   4   2   4   5   3   1   0   8   3   6   3   3   5   6   7   6   5   6   9   9   5   4   6   8   7   4   3   2   3 
  7   1   2   8   1   8   7   2   2   2   4   9   1   8   5   2   5   4   6   4   8   3   4   1   4   8   9   9   0   6   9   3   2   6   9   1   2   5   7   5   4   1   5   1   3   9   5   9   1   1 
  2   3   9   2   2   4   2   7   5   4   5   2   9   9   1   5   1   4   7   7   8   3   8   2   1   5   8   5   2   0   5   5   5   4   3   5   8   8   4   6   3   3   3   3   7   4   8   5   7   8 
  1   9   4   9   8   6   2   5   7   9   1   3   1   3   7   5   7   7   3   5   4   8   5   9   8   1   7   8   7   1   0   3   4   1   2   3   5   3   3   8   8   8   9   6   8   4   6   9   2   4 
  8   4   4   9   5   8   7   1   6   9   1   3   6   3   7   2   1   5   6   2   7   6   8   7   5   2   6   7   4   5   8   0   4   3   1   4   3   3   5   5   6   9   7   8   9   5   5   6   7   6 
  8   8   1   3   2   2   8   5   7   2   1   8   5   9   8   5   1   8   8   7   2   1   3   9   6   9   5   3   7   7   1   5   0   8   9   8   5   6   3   4   5   1   5   2   3   4   6   8   3   1 
  7   5   9   3   7   7   6   4   9   8   6   1   4   9   7   3   4   1   3   2   6   2   2   1   8   2   4   7   3   5   3   9   8   0   8   6   5   1   3   6   9   8   8   2   9   4   8   7   9   9 
  7   5   1   2   5   7   1   2   3   2   6   7   1   3   6   8   5   9   8   6   2   4   6   2   4   9   8   6   3   4   2   9   2   9   0   4   1   3   7   4   5   6   8   2   4   1   2   5   7   8 
  1   3   6   7   7   4   3   9   8   9   7   5   2   9   6   2   7   2   5   8   5   6   5   3   7   4   1   8   9   8   8   6   9   9   2   0   7   8   5   3   2   6   7   2   6   5   6   2   8   9 
  5   3   7   4   1   7   1   8   2   7   5   3   8   7   7   9   6   8   7   8   8   5   8   1   9   2   5   2   2   2   5   9   5   8   2   7   0   5   1   7   5   9   5   1   1   2   6   8   5   5 
  4   2   2   6   9   8   6   6   7   2   7   8   5   2   6   2   1   5   7   7   3   2   6   8   4   2   4   3   8   3   5   7   2   3   2   8   5   0   4   9   6   6   1   9   1   1   4   8   2   4 
  3   7   7   3   9   6   5   1   4   8   8   7   2   6   2   2   8   2   3   2   6   4   8   8   8   6   7   2   6   8   9   2   3   5   7   7   5   3   0   9   4   6   3   6   5   6   5   3   4   4 
  3   6   9   5   4   3   4   8   5   9   1   9   7   2   3   4   7   7   5   6   7   6   9   3   3   5   9   4   3   6   8   9   5   8   6   5   9   8   2   0   3   1   3   7   8   3   1   4   7   4 
  6   4   8   9   8   9   1   2   4   1   8   1   9   9   9   4   1   2   8   7   1   8   1   4   8   7   8   1   3   8   4   9   7   8   1   1   5   7   3   7   0   8   3   9   8   7   4   1   1   8 
  5   8   3   1   3   1   1   9   4   9   7   8   1   9   7   9   5   1   9   3   4   1   9   5   6   1   5   7   3   4   1   5   5   5   4   1   9   8   7   9   9   0   7   7   8   5   5   2   8   6 
  9   6   8   5   6   7   6   3   9   6   8   3   2   3   5   6   5   5   1   7   5   6   6   6   5   5   5   6   8   8   7   7   1   9   1   9   7   3   1   6   8   6   0   9   1   3   6   6   3   6 
  1   3   9   1   2   8   1   4   2   7   2   6   9   9   7   7   1   1   1   4   4   2   6   9   3   3   7   8   2   8   5   8   5   5   3   1   2   6   4   7   3   2   7   0   1   2   8   5   4   8 
  6   6   9   1   9   4   3   6   8   4   7   1   3   4   2   7   6   8   7   4   2   3   6   5   9   1   7   5   8   4   4   9   8   5   3   3   2   9   3   9   6   2   2   9   0   3   6   3   3   5 
  5   9   6   2   4   9   1   3   3   8   9   8   8   9   2   6   8   5   2   8   8   9   7   4   5   8   2   5   2   3   7   2   7   8   9   3   8   7   7   1   6   4   7   2   3   0   1   8   3   4 
  2   7   5   8   2   9   2   3   8   2   4   2   7   9   5   8   5   7   3   7   4   2   5   6   6   8   4   4   6   3   7   3   3   4   9   8   8   6   8   1   7   7   1   3   8   2   0   5   9   9 
  4   9   2   8   6   9   8   2   6   1   9   6   3   8   5   9   6   6   9   1   5   6   4   4   2   3   2   9   8   7   3   5   5   2   5   6   6   5   6   7   8   6   3   9   9   4   8   0   4   6 
  4   8   8   8   1   1   8   8   9   2   4   5   4   5   2   6   1   6   7   6   3   2   4   8   3   8   4   9   6   9   1   5   3   4   7   8   2   2   4   7   3   9   1   6   8   8   4   2   0   5 
  6   4   1   9   4   5   9   1   6   1   5   4   3   5   4   9   8   2   3   9   6   3   8   9   7   9   2   7   2   6   3   8   7   3   6   5   5   1   3   2   7   1   2   1   3   1   3   1   6   0 
M3
  0   4   1   6   1   7   8   2   8   6   1   6   1   2   3   1   3   8   2   3   3   9   3   2   7   7   6   4   2   7   5   3   7   2   1   9   5   4   6   2   6   7   3   5   2   1   1   5   1   3 
  9   0   1   6   4   7   2   2   3   9   5   7   4   7   8   5   4   9   6   1   8   1   6   5   6   9   8   8   9   9   3   4   3   6   1   5   6   6   8   5   8   3   7   1   3   3   5   7   2   9 
  7   2   0   2   8   2   4   4   9   2   1   4   8   6   4   1   5   2   7   8   3   1   4   6   1   2   2   9   2   1   6   3   9   2   9   3   9   8   9   6   1   7   4   9   4   8   3   6   2   3 
  1   9   8   0   5   2   6   7   3   2   6   7   7   6   5   9   6   8   4   7   8   5   7   7   9   2   8   1   3   8   6   7   4   8   2   9   9   7   3   1   9   5   7   1   6   2   1   9   2   5 
  8   4   1   5   0   8   8   5   2   5   8   4   6   5   8   1   6   4   7   4   2   7   8   5   5   1   3   7   8   9   2   9   3   4   8   2   9   8   6   4   9   4   8   6   8   1   1   2   6   8 
  9   1   7   7   6   0   1   1   5   6   7   2   9   8   1   1   2   4   1   1   6   6   5   7   2   5   2   5   8   3   8   8   7   3   2   6   9   1   3   9   3   5   8   5   9   2   2   9   7   5 
  2   4   5   4   8   9   0   1   7   6   8   1   7   9   3   9   3   5   3   8   9   1   2   8   2   5   2   2   5   9   4   2   6   8   3   2   5   5   3   7   2   2   3   9   8   4   3   3   5   4 
  6   7   4   2   3   7   9   0   7   8   9   8   1   2   8   7   8   7   4   5   5   6   5   9   6   7   6   2   5   6   9   4   8   3   5   6   6   5   7   7   2   7   5   5   8   1   1   6   7   8 
  3   1   7   8   3   9   8   7   0   4   5   2   7   3   6   3   5   1   7   1   2   9   1   1   1   9   9   6   4   2   4   4   8   2   3   6   5   5   4   4   8   4   5   9   4   8   8   5   2   5 
  6   3   6   3   7   3   5   3   9   0   9   8   8   9   8   3   9   6   1   1   5   7   6   7   9   6   1   4   1   2   8   6   4   8   8   2   6   3   1   4   5   6   8   2   4   7   9   5   3   8 
  5   6   3   2   5   4   6   3   8   9   0   9   2   1   7   8   7   6   6   9   7   6   7   9   4   8   6   2   7   3   7   2   9   6   6   4   6   8   9   5   9   4   7   5   2   3   5   9   1   4 
  6   4   3   8   5   5   7   7   9   8   7   0   4   9   6   9   2   5   9   4   6   4   4   5   8   6   8   4   6   2   3   2   4   1   5   2   4   1   3   9   6   2   9   1   2   1   5   3   3   8 
  9   2   7   6   2   4   4   3   8   7   2   6   0   5   3   7   4   6   1   9   8   7   3   1   8   1   4   7   5   1   6   9   5   9   2   5   4   9   7   7   6   5   7   9   7   8   2   5   1   7 
  3   9   2   7   7   1   1   7   6   2   5   4   9   0   5   7   9   6   1   4   5   4   3   2   5   8   4   5   7   1   2   3   8   1   2   9   7   7   1   3   8   8   5   2   8   5   8   1   5   3 
  2   6   7   1   7   4   2   9   4   7   3   4   2   9   0   6   5   2   7   7   7   1   9   1   9   6   3   1   7   3   8   8   3   3   7   5   4   9   9   6   6   9   7   5   2   7   2   3   2   8 
  5   4   8   1   5   4   8   7   2   4   2   5   4   8   1   0   1   3   2   6   6   4   5   4   5   6   7   5   7   7   3   4   4   9   2   5   7   9   2   4   6   9   2   6   4   4   6   5   8   9 
  4   8   6   7   9   9   4   4   2   9   7   2   6   7   3   3   0   2   8   4   7   2   4   1   6   6   2   9   8   7   9   6   6   7   7   8   5   1   9   4   4   6   4   8   5   3   4   6   5   1 
  5   6   6   6   6   9   1   7   7   9   7   9   7   7   4   8   4   0   1   4   6   9   3   9   4   5   3   6   8   6   8   7   6   1   7   6   2   8   9   2   9   6   2   4   7   5   7   6   8   7 
  1   2   5   9   1   6   6   1   5   9   9   7   2   2   6   7   6   6   0   1   2   1   9   7   9   2   2   3   4   3   9   5   3   6   7   1   1   4   8   5   7   4   3   8   9   2   6   9   4   1 
  7   6   7   3   9   7   6   2   2   6   3   7   9   3   3   6   4   1   8   0   3   3   4   9   1   8   1   6   2   4   9   9   7   9   2   3   9   7   3   2   8   8   1   4   8   2   4   6   4   4 
  1   1   1   4   3   2   7   3   2   4   1   4   2   3   9   6   2   9   5   7   0   4   8   5   1   8   8   9   6   9   9   2   6   7   4   2   7   5   6   6   2   9   2   4   5   5   5   5   6   1 
  4   8   1   9   1   2   2   2   3   9   3   8   8   1   1   9   3   3   1   3   9   0   8   2   4   8   9   9   8   8   7   8   8   8   4   8   5   4   8   7   2   5   2   2   1   8   8   1   2   1 
  3   3   1   2   9   5   9   5   6   5   5   8   6   6   2   6   1   3   8   3   1   4   0   4   5   4   3   5   2   1   2   9   3   2   3   3   9   7   6   3   4   9   6   5   8   8   6   5   2   5 
  5   6   9   2   5   3   1   2   4   1   9   9   6   7   1   1   7   2   8   1   2   3   9   0   3   1   6   4   3   9   5   3   6   5   3   2   1   8   6   4   8   4   5   3   4   3   6   2   6   3 
  6   5   1   4   8   2   6   6   4   4   9   9   4   8   7   6   1   6   3   3   4   7   4   4   0   8   4   1   4   4   8   5   9   7   2   2   5   3   1   4   6   7   7   5   9   9   6   8   4   2 
  8   7   8   9   9   2   2   2   6   6   2   4   4   5   7   3   5   1   8   7   8   6   7   3   6   0   4   8   8   8   2   4   3   3   2   7   3   1   7   9   4   4   2   2   2   6   3   6   8   7 
  2   3   4   8   9   6   6   4   1   5   1   1   1   5   2   1   2   6   3   2   3   2   8   8   5   8   0   5   9   2   5   1   4   2   8   1   2   9   7   5   1   9   8   8   3   7   4   2   3   5 
  2   8   9   9   4   2   2   7   3   3   8   6   8   1   7   7   6   1   1   8   3   4   2   4   5   3   1   0   8   3   6   3   3   5   6   7   6   5   6   9   9   5   4   6   8   7   4   3   2   3 
  7   1   2   8   1   8   7   2   2   2   4   9   1   8   5   2   5   4   6   4   8   3   4   1   4   8   9   9   0   6   9   3   2   6   9   1   2   5   7   5   4   1   5   1   3   9   5   9   1   1 
  2   3   9   2   2   4   2   7   5   4   5   2   9   9   1   5   1   4   7   7   8   3   8   2   1   5   8   5   2   0   5   5   5   4   3   5   8   8   4   6   3   3   3   3   7   4   8   5   7   8 
  1   9   4   9   8   6   2   5   7   9   1   3   1   3   7   5   7   7   3   5   4   8   5   9   8   1   7   8   7   1   0   3   4   1   2   3   5   3   3   8   8   8   9   6   8   4   6   9   2   4 
  8   4   4   9   5   8   7   1   6   9   1   3   6   3   7   2   1   5   6   2   7   6   8   7   5   2   6   7   4   5   8   0   4   3   1   4   3   3   5   5   6   9   7   8   9   5   5   6   7   6 
  8   8   1   3   2   2   8   5   7   2   1   8   5   9   8   5   1   8   8   7   2   1   3   9   6   9   5   3   7   7   1   5   0   8   9   8   5   6   3   4   5   1   5   2   3   4   6   8   3   1 
  7   5   9   3   7   7   6   4   9   8   6   1   4   9   7   3   4   1   3   2   6   2   2   1   8   2   4   7   3   5   3   9   8   0   8   6   5   1   3   6   9   8   8   2   9   4   8   7   9   9 
  7   5   1   2   5   7   1   2   3   2   6   7   1   3   6   8   5   9   8   6   2   4   6   2   4   9   8   6   3   4   2   9   2   9   0   4   1   3   7   4   5   6   8   2   4   1   2   5   7   8 
  1   3   6   7   7   4   3   9   8   9   7   5   2   9   6   2   7   2   5   8   5   6   5   3   7   4   1   8   9   8   8   6   9   9   2   0   7   8   5   3   2   6   7   2   6   5   6   2   8   9 
  5   3   7   4   1   7   1   8   2   7   5   3   8   7   7   9   6   8   7   8   8   5   8   1   9   2   5   2   2   2   5   9   5   8   2   7   0   5   1   7   5   9   5   1   1   2   6   8   5   5 
  4   2   2   6   9   8   6   6   7   2   7   8   5   2   6   2   1   5   7   7   3   2   6   8   4   2   4   3   8   3   5   7   2   3   2   8   5   0   4   9   6   6   1   9   1   1   4   8   2   4 
  3   7   7   3   9   6   5   1   4   8   8   7   2   6   2   2   8   2   3   2   6   4   8   8   8   6   7   2   6   8   9   2   3   5   7   7   5   3   0   9   4   6   3   6   5   6   5   3   4   4 
  3   6   9   5   4   3   4   8   5   9   1   9   7   2   3   4   7   7   5   6   7   6   9   3   3   5   9   4   3   6   8   9   5   8   6   5   9   8   2   0   3   1   3   7   8   3   1   4   7   4 
  6   4   8   9   8   9   1   2   4   1   8   1   9   9   9   4   1   2   8   7   1   8   1   4   8   7   8   1   3   8   4   9   7   8   1   1   5   7   3   7   0   8   3   9   8   7   4   1   1   8 
  5   8   3   1   3   1   1   9   4   9   7   8   1   9   7   9   5   1   9   3   4   1   9   5   6   1   5   7   3   4   1   5   5   5   4   1   9   8   7   9   9   0   7   7   8   5   5   2   8   6 
  9   6   8   5   6   7   6   3   9   6   8   3   2   3   5   6   5   5   1   7   5   6   6   6   5   5   5   6   8   8   7   7   1   9   1   9   7   3   1   6   8   6   0   9   1   3   6   6   3   6 
  1   3   9   1   2   8   1   4   2   7   2   6   9   9   7   7   1   1   1   4   4   2   6   9   3   3   7   8   2   8   5   8   5   5   3   1   2   6   4   7   3   2   7   0   1   2   8   5   4   8 
  6   6   9   1   9   4   3   6   8   4   7   1   3   4   2   7   6   8   7   4   2   3   6   5   9   1   7   5   8   4   4   9   8   5   3   3   2   9   3   9   6   2   2   9   0   3   6   3   3   5 
  5   9   6   2   4   9   1   3   3   8   9   8   8   9   2   6   8   5   2   8   8   9   7   4   5   8   2   5   2   3   7   2   7   8   9   3   8   7   7   1   6   4   7   2   3   0   1   8   3   4 
  2   7   5   8   2   9   2   3   8   2   4   2   7   9   5   8   5   7   3   7   4   2   5   6   6   8   4   4   6   3   7   3   3   4   9   8   8   6   8   1   7   7   1   3   8   2   0   5   9   9 
  4   9   2   8   6   9   8   2   6   1   9   6   3   8   5   9   6   6   9   1   5   6   4   4   2   3   2   9   8   7   3   5   5   2   5   6   6   5   6   7   8   6   3   9   9   4   8   0   4   6 
  4   8   8   8   1   1   8   8   9   2   4   5   4   5   2   6   1   6   7   6   3   2   4   8   3   8   4   9   6   9   1   5   3   4   7   8   2   2   4   7   3   9   1   6   8   8   4   2   0   5 
  6   4   1   9   4   5   9   1   6   1   5   4   3   5   4   9   8   2   3   9   6   3   8   9   7   9   2   7   2   6   3   8   7   3   6   5   5   1   3   2   7   1   2   1   3   1   3   1   6   0 
M4
  0   4   1   6   1   7   8   2   8   6   1   6   1   2   3   1   3   8   2   3   3   9   3   2   7   7   6   4   2   7   5   3   7   2   1   9   5   4   6   2   6   7   3   5   2   1   1   5   1   3 
  9   0   1   6   4   7   2   2   3   9   5   7   4   7   8   5   4   9   6   1   8   1   6   5   6   9   8   8   9   9   3   4   3   6   1   5   6   6   8   5   8   3   7   1   3   3   5   7   2   9 
  7   2   0   2   8   2   4   4   9   2   1   4   8   6   4   1   5   2   7   8   3   1   4   6   1   2   2   9   2   1   6   3   9   2   9   3   9   8   9   6   1   7   4   9   4   8   3   6   2   3 
  1   9   8   0   5   2   6   7   3   2   6   7   7   6   5   9   6   8   4   7   8   5   7   7   9   2   8   1   3   8   6   7   4   8   2   9   9   7   3   1   9   5   7   1   6   2   1   9   2   5 
  8   4   1   5   0   8   8   5   2   5   8   4   6   5   8   1   6   4   7   4   2   7   8   5   5   1   3   7   8   9   2   9   3   4   8   2   9   8   6   4   9   4   8   6   8   1   1   2   6   8 
  9   1   7   7   6   0   1   1   5   6   7   2   9   8   1   1   2   4   1   1   6   6   5   7   2   5   2   5   8   3   8   8   7   3   2   6   9   1   3   9   3   5   8   5   9   2   2   9   7   5 
  2   4   5   4   8   9   0   1   7   6   8   1   7   9   3   9   3   5   3   8   9   1   2   8   2   5   2   2   5   9   4   2   6   8   3   2   5   5   3   7   2   2   3   9   8   4   3   3   5   4 
  6   7   4   2   3   7   9   0   7   8   9   8   1   2   8   7   8   7   4   5   5   6   5   9   6   7   6   2   5   6   9   4   8   3   5   6   6   5   7   7   2   7   5   5   8   1   1   6   7   8 
  3   1   7   8   3   9   8   7   0   4   5   2   7   3   6   3   5   1   7   1   2   9   1   1   1   9   9   6   4   2   4   4   8   2   3   6   5   5   4   4   8   4   5   9   4   8   8   5   2   5 
  6   3   6   3   7   3   5   3   9   0   9   8   8   9   8   3   9   6   1   1   5   7   6   7   9   6   1   4   1   2   8   6   4   8   8   2   6   3   1   4   5   6   8   2   4   7   9   5   3   8 
  5   6   3   2   5   4   6   3   8   9   0   9   2   1   7   8   7   6   6   9   7   6   7   9   4   8   6   2   7   3   7   2   9   6   6   4   6   8   9   5   9   4   7   5   2   3   5   9   1   4 
  6   4   3   8   5   5   7   7   9   8   7   0   4   9   6   9   2   5   9   4   6   4   4   5   8   6   8   4   6   2   3   2   4   1   5   2   4   1   3   9   6   2   9   1   2   1   5   3   3   8 
  9   2   7   6   2   4   4   3   8   7   2   6   0   5   3   7   4   6   1   9   8   7   3   1   8   1   4   7   5   1   6   9   5   9   2   5   4   9   7   7   6   5   7   9   7   8   2   5   1   7 
  3   9   2   7   7   1   1   7   6   2   5   4   9   0   5   7   9   6   1   4   5   4   3   2   5   8   4   5   7   1   2   3   8   1   2   9   7   7   1   3   8   8   5   2   8   5   8   1   5   3 
  2   6   7   1   7   4   2   9   4   7   3   4   2   9   0   6   5   2   7   7   7   1   9   1   9   6   3   1   7   3   8   8   3   3   7   5   4   9   9   6   6   9   7   5   2   7   2   3   2   8 
  5   4   8   1   5   4   8   7   2   4   2   5   4   8   1   0   1   3   2   6   6   4   5   4   5   6   7   5   7   7   3   4   4   9   2   5   7   9   2   4   6   9   2   6   4   4   6   5   8   9 
  4   8   6   7   9   9   4   4   2   9   7   2   6   7   3   3   0   2   8   4   7   2   4   1   6   6   2   9   8   7   9   6   6   7   7   8   5   1   9   4   4   6   4   8   5   3   4   6   5   1 
  5   6   6   6   6   9   1   7   7   9   7   9   7   7   4   8   4   0   1   4   6   9   3   9   4   5   3   6   8   6   8   7   6   1   7   6   2   8   9   2   9   6   2   4   7   5   7   6   8   7 
  1   2   5   9   1   6   6   1   5   9   9   7   2   2   6   7   6   6   0   1   2   1   9   7   9   2   2   3   4   3   9   5   3   6   7   1   1   4   8   5   7   4   3   8   9   2   6   9   4   1 
  7   6   7   3   9   7   6   2   2   6   3   7   9   3   3   6   4   1   8   0   3   3   4   9   1   8   1   6   2   4   9   9   7   9   2   3   9   7   3   2   8   8   1   4   8   2   4   6   4   4 
  1   1   1   4   3   2   7   3   2   4   1   4   2   3   9   6   2   9   5   7   0   4   8   5   1   8   8   9   6   9   9   2   6   7   4   2   7   5   6   6   2   9   2   4   5   5   5   5   6   1 
  4   8   1   9   1   2   2   2   3   9   3   8   8   1   1   9   3   3   1   3   9   0   8   2   4   8   9   9   8   8   7   8   8   8   4   8   5   4   8   7   2   5   2   2   1   8   8   1   2   1 
  3   3   1   2   9   5   9   5   6   5   5   8   6   6   2   6   1   3   8   3   1   4   0   4   5   4   3   5   2   1   2   9   3   2   3   3   9   7   6   3   4   9   6   5   8   8   6   5   2   5 
  5   6   9   2   5   3   1   2   4   1   9   9   6   7   1   1   7   2   8   1   2   3   9   0   3   1   6   4   3   9   5   3   6   5   3   2   1   8   6   4   8   4   5   3   4   3   6   2   6   3 
  6   5   1   4   8   2   6   6   4   4   9   9   4   8   7   6   1   6   3   3   4   7   4   4   0   8   4   1   4   4   8   5   9   7   2   2   5   3   1   4   6   7   7   5   9   9   6   8   4   2 
  8   7   8   9   9   2   2   2   6   6   2   4   4   5   7   3   5   1   8   7   8   6   7   3   6   0   4   8   8   8   2   4   3   3   2   7   3   1   7   9   4   4   2   2   2   6   3   6   8   7 
  2   3   4   8   9   6   6   4   1   5   1   1   1   5   2   1   2   6   3   2   3   2   8   8   5   8   0   5   9   2   5   1   4   2   8   1   2   9   7   5   1   9   8   8   3   7   4   2   3   5 
  2   8   9   9   4   2   2   7   3   3   8   6   8   1   7   7   6   1   1   8   3   4   2   4   5   3   1   0   8   3   6   3   3   5   6   7   6   5   6   9   9   5   4   6   8   7   4   3   2   3 
  7   1   2   8   1   8   7   2   2   2   4   9   1   8   5   2   5   4   6   4   8   3   4   1   4   8   9   9   0   6   9   3   2   6   9   1   2   5   7   5   4   1   5   1   3   9   5   9   1   1 
  2   3   9   2   2   4   2   7   5   4   5   2   9   9   1   5   1   4   7   7   8   3   8   2   1   5   8   5   2   0   5   5   5   4   3   5   8   8   4   6   3   3   3   3   7   4   8   5   7   8 
  1   9   4   9   8   6   2   5   7   9   1   3   1   3   7   5   7   7   3   5   4   8   5   9   8   1   7   8   7   1   0   3   4   1   2   3   5   3   3   8   8   8   9   6   8   4   6   9   2   4 
  8   4   4   9   5   8   7   1   6   9   1   3   6   3   7   2   1   5   6   2   7   6   8   7   5   2   6   7   4   5   8   0   4   3   1   4   3   3   5   5   6   9   7   8   9   5   5   6   7   6 
  8   8   1   3   2   2   8   5   7   2   1   8   5   9   8   5   1   8   8   7   2   1   3   9   6   9   5   3   7   7   1   5   0   8   9   8   5   6   3   4   5   1   5   2   3   4   6   8   3   1 
  7   5   9   3   7   7   6   4   9   8   6   1   4   9   7   3   4   1   3   2   6   2   2   1   8   2   4   7   3   5   3   9   8   0   8   6   5   1   3   6   9   8   8   2   9   4   8   7   9   9 
  7   5   1   2   5   7   1   2   3   2   6   7   1   3   6   8   5   9   8   6   2   4   6   2   4   9   8   6   3   4   2   9   2   9   0   4   1   3   7   4   5   6   8   2   4   1   2   5   7   8 
  1   3   6   7   7   4   3   9   8   9   7   5   2   9   6   2   7   2   5   8   5   6   5   3   7   4   1   8   9   8   8   6   9   9   2   0   7   8   5   3   2   6   7   2   6   5   6   2   8   9 
  5   3   7   4   1   7   1   8   2   7   5   3   8   7   7   9   6   8   7   8   8   5   8   1   9   2   5   2   2   2   5   9   5   8   2   7   0   5   1   7   5   9   5   1   1   2   6   8   5   5 
  4   2   2   6   9   8   6   6   7   2   7   8   5   2   6   2   1   5   7   7   3   2   6   8   4   2   4   3   8   3   5   7   2   3   2   8   5   0   4   9   6   6   1   9   1   1   4   8   2   4 
  3   7   7   3   9   6   5   1   4   8   8   7   2   6   2   2   8   2   3   2   6   4   8   8   8   6   7   2   6   8   9   2   3   5   7   7   5   3   0   9   4   6   3   6   5   6   5   3   4   4 
  3   6   9   5   4   3   4   8   5   9   1   9   7   2   3   4   7   7   5   6   7   6   9   3   3   5   9   4   3   6   8   9   5   8   6   5   9   8   2   0   3   1   3   7   8   3   1   4   7   4 
  6   4   8   9   8   9   1   2   4   1   8   1   9   9   9   4   1   2   8   7   1   8   1   4   8   7   8   1   3   8   4   9   7   8   1   1   5   7   3   7   0   8   3   9   8   7   4   1   1   8 
  5   8   3   1   3   1   1   9   4   9   7   8   1   9   7   9   5   1   9   3   4   1   9   5   6   1   5   7   3   4   1   5   5   5   4   1   9   8   7   9   9   0   7   7   8   5   5   2   8   6 
  9   6   8   5   6   7   6   3   9   6   8   3   2   3   5   6   5   5   1   7   5   6   6   6   5   5   5   6   8   8   7   7   1   9   1   9   7   3   1   6   8   6   0   9   1   3   6   6   3   6 
  1   3   9   1   2   8   1   4   2   7   2   6   9   9   7   7   1   1   1   4   4   2   6   9   3   3   7   8   2   8   5   8   5   5   3   1   2   6   4   7   3   2   7   0   1   2   8   5   4   8 
  6   6   9   1   9   4   3   6   8   4   7   1   3   4   2   7   6   8   7   4   2   3   6   5   9   1   7   5   8   4   4   9   8   5   3   3   2   9   3   9   6   2   2   9   0   3   6   3   3   5 
  5   9   6   2   4   9   1   3   3   8   9   8   8   9   2   6   8   5   2   8   8   9   7   4   5   8   2   5   2   3   7   2   7   8   9   3   8   7   7   1   6   4   7   2   3   0   1   8   3   4 
  2   7   5   8   2   9   2   3   8   2   4   2   7   9   5   8   5   7   3   7   4   2   5   6   6   8   4   4   6   3   7   3   3   4   9   8   8   6   8   1   7   7   1   3   8   2   0   5   9   9 
  4   9   2   8   6   9   8   2   6   1   9   6   3   8   5   9   6   6   9   1   5   6   4   4   2   3   2   9   8   7   3   5   5   2   5   6   6   5   6   7   8   6   3   9   9   4   8   0   4   6 
  4   8   8   8   1   1   8   8   9   2   4   5   4   5   2   6   1   6   7   6   3   2   4   8   3   8   4   9   6   9   1   5   3   4   7   8   2   2   4   7   3   9   1   6   8   8   4   2   0   5 
  6   4   1   9   4   5   9   1   6   1   5   4   3   5   4   9   8   2   3   9   6   3   8   9   7   9   2   7   2   6   3   8   7   3   6   5   5   1   3   2   7   1   2   1   3   1   3   1   6   0 
Reldue
  524    9    5
  916    1    7
  468    6    3
 1176    9    8
  833    4    7
  591    2    4
  781    5    6
  317    4    7
 1351    5    7
 1082    9    4
 1041    5    7
  365    6    2
  746    9    5
 1153    1    2
  879    1    6
 1266    5    8
  641    4    2
  741    8    4
  647    4    2
  964    7    8
  418    9    2
  937    6    9
  672    2    8
 1303    6    8
  595    8    6
  353    7    5
  644    6    3
 1099    7    5
  878    5    7
  278    2    8
  915    7    3
  390    3    2
 1076    5    5
  760    3    3
  403    2    5
  789    9    4
  632    4    7
 1173    7    3
 1359    9    8
  777    6    3
  435    6    6
  849    4    3
 1089    6    7
  427    2    3
  369    2    9
  522    8    5
  437    1    4
  440    7    9
 1190    9    1
  362    4    8
DDW
  493   555
  834   997
  444   493
 1074  1278
  790   876
  543   639
  725   837
  286   348
 1218  1485
  984  1180
  948  1134
  334   395
  675   817
 1086  1219
  803   955
 1183  1349
  590   692
  696   785
  615   680
  895  1032
  384   451
  884   989
  624   720
 1215  1390
  540   650
  318   387
  611   677
 1013  1185
  803   954
  251   306
  824  1005
  365   415
  974  1177
  720   800
  365   441
  748   830
  577   687
 1059  1287
 1250  1468
  701   853
  399   471
  803   895
 1002  1177
  404   449
  339   399
  489   556
  411   463
  415   464
 1111  1268
  335   390
