20   8
MD
  5  5  5  4  5  3  4  3
PT
 45  58  29   2  69  66  36   8  67  17  67  20   6  83  29   3  85  88  45  86 
 84   4  38   1  45  60   3  85  15  84  72  44  60  50  59  23  30  91  50  94 
 30  25  77  36  63  18   2  84  87  55  99  64  88  65   1  27  76  76  43  23 
 42   8  53  46  73  36  54  61  89  92  51  63  54  23  21  35  23  91  75  77 
 51  23  78  26   6  27  15  58  38   5  16  94  29   8  47  64  37  59  58  11 
 37  52  31  50  11  22  66  40  58  12  54  37  64  67  72  98   7  65  22  36 
 49  24  97  29  21  32  13  45   2  48  48  42  89  38  77  54   2  58  68  76 
 50  73  31  20   8  70  65  15  31  37  61  70  63  51  76  75  87  49  63   8 
SSD
M0
  0   2   3   5   1   4   2   9   3   2   5   6   1   1   4   6   8   2   3   5 
  5   0   1   4   3   9   8   9   9   7   5   1   4   9   9   4   7   9   4   1 
  5   4   0   6   5   5   9   6   1   9   2   1   2   4   9   9   2   3   9   9 
  4   9   6   0   2   1   5   8   2   6   7   1   6   8   2   4   4   5   1   1 
  2   9   9   4   0   7   8   6   4   7   5   9   8   6   6   9   2   8   5   6 
  1   8   1   3   8   0   6   6   9   4   5   5   1   4   1   5   9   4   5   5 
  6   4   5   1   6   4   0   2   3   2   3   1   9   4   3   2   3   9   4   1 
  1   8   1   6   4   7   8   0   8   5   7   3   6   1   8   9   7   7   9   8 
  3   1   3   3   8   9   6   5   0   3   5   2   2   3   6   2   7   3   3   6 
  9   7   6   9   1   2   8   8   5   0   8   6   3   7   4   4   2   6   3   5 
  5   8   6   5   6   8   1   6   1   3   0   9   7   5   1   8   5   5   5   2 
  3   5   6   1   1   3   1   9   6   7   2   0   8   8   6   4   4   4   2   7 
  2   6   5   3   5   5   1   4   5   5   1   8   0   3   1   6   8   2   6   6 
  4   5   8   5   7   9   4   6   7   2   9   4   4   0   8   3   2   9   1   8 
  9   3   6   6   2   1   2   3   6   9   5   5   6   5   0   7   7   6   8   3 
  1   8   5   5   5   8   3   9   8   2   7   8   4   4   6   0   8   2   5   4 
  8   5   8   7   9   8   2   2   8   9   9   5   7   9   9   1   0   5   6   9 
  6   2   1   1   6   4   4   9   7   6   2   3   2   2   4   5   7   0   1   7 
  7   7   7   1   9   1   8   1   3   8   8   3   4   6   2   8   3   8   0   4 
  7   2   2   3   1   1   3   3   5   5   2   6   4   9   1   2   8   3   7   0 
M1
  0   2   3   5   1   4   2   9   3   2   5   6   1   1   4   6   8   2   3   5 
  5   0   1   4   3   9   8   9   9   7   5   1   4   9   9   4   7   9   4   1 
  5   4   0   6   5   5   9   6   1   9   2   1   2   4   9   9   2   3   9   9 
  4   9   6   0   2   1   5   8   2   6   7   1   6   8   2   4   4   5   1   1 
  2   9   9   4   0   7   8   6   4   7   5   9   8   6   6   9   2   8   5   6 
  1   8   1   3   8   0   6   6   9   4   5   5   1   4   1   5   9   4   5   5 
  6   4   5   1   6   4   0   2   3   2   3   1   9   4   3   2   3   9   4   1 
  1   8   1   6   4   7   8   0   8   5   7   3   6   1   8   9   7   7   9   8 
  3   1   3   3   8   9   6   5   0   3   5   2   2   3   6   2   7   3   3   6 
  9   7   6   9   1   2   8   8   5   0   8   6   3   7   4   4   2   6   3   5 
  5   8   6   5   6   8   1   6   1   3   0   9   7   5   1   8   5   5   5   2 
  3   5   6   1   1   3   1   9   6   7   2   0   8   8   6   4   4   4   2   7 
  2   6   5   3   5   5   1   4   5   5   1   8   0   3   1   6   8   2   6   6 
  4   5   8   5   7   9   4   6   7   2   9   4   4   0   8   3   2   9   1   8 
  9   3   6   6   2   1   2   3   6   9   5   5   6   5   0   7   7   6   8   3 
  1   8   5   5   5   8   3   9   8   2   7   8   4   4   6   0   8   2   5   4 
  8   5   8   7   9   8   2   2   8   9   9   5   7   9   9   1   0   5   6   9 
  6   2   1   1   6   4   4   9   7   6   2   3   2   2   4   5   7   0   1   7 
  7   7   7   1   9   1   8   1   3   8   8   3   4   6   2   8   3   8   0   4 
  7   2   2   3   1   1   3   3   5   5   2   6   4   9   1   2   8   3   7   0 
M2
  0   2   3   5   1   4   2   9   3   2   5   6   1   1   4   6   8   2   3   5 
  5   0   1   4   3   9   8   9   9   7   5   1   4   9   9   4   7   9   4   1 
  5   4   0   6   5   5   9   6   1   9   2   1   2   4   9   9   2   3   9   9 
  4   9   6   0   2   1   5   8   2   6   7   1   6   8   2   4   4   5   1   1 
  2   9   9   4   0   7   8   6   4   7   5   9   8   6   6   9   2   8   5   6 
  1   8   1   3   8   0   6   6   9   4   5   5   1   4   1   5   9   4   5   5 
  6   4   5   1   6   4   0   2   3   2   3   1   9   4   3   2   3   9   4   1 
  1   8   1   6   4   7   8   0   8   5   7   3   6   1   8   9   7   7   9   8 
  3   1   3   3   8   9   6   5   0   3   5   2   2   3   6   2   7   3   3   6 
  9   7   6   9   1   2   8   8   5   0   8   6   3   7   4   4   2   6   3   5 
  5   8   6   5   6   8   1   6   1   3   0   9   7   5   1   8   5   5   5   2 
  3   5   6   1   1   3   1   9   6   7   2   0   8   8   6   4   4   4   2   7 
  2   6   5   3   5   5   1   4   5   5   1   8   0   3   1   6   8   2   6   6 
  4   5   8   5   7   9   4   6   7   2   9   4   4   0   8   3   2   9   1   8 
  9   3   6   6   2   1   2   3   6   9   5   5   6   5   0   7   7   6   8   3 
  1   8   5   5   5   8   3   9   8   2   7   8   4   4   6   0   8   2   5   4 
  8   5   8   7   9   8   2   2   8   9   9   5   7   9   9   1   0   5   6   9 
  6   2   1   1   6   4   4   9   7   6   2   3   2   2   4   5   7   0   1   7 
  7   7   7   1   9   1   8   1   3   8   8   3   4   6   2   8   3   8   0   4 
  7   2   2   3   1   1   3   3   5   5   2   6   4   9   1   2   8   3   7   0 
M3
  0   2   3   5   1   4   2   9   3   2   5   6   1   1   4   6   8   2   3   5 
  5   0   1   4   3   9   8   9   9   7   5   1   4   9   9   4   7   9   4   1 
  5   4   0   6   5   5   9   6   1   9   2   1   2   4   9   9   2   3   9   9 
  4   9   6   0   2   1   5   8   2   6   7   1   6   8   2   4   4   5   1   1 
  2   9   9   4   0   7   8   6   4   7   5   9   8   6   6   9   2   8   5   6 
  1   8   1   3   8   0   6   6   9   4   5   5   1   4   1   5   9   4   5   5 
  6   4   5   1   6   4   0   2   3   2   3   1   9   4   3   2   3   9   4   1 
  1   8   1   6   4   7   8   0   8   5   7   3   6   1   8   9   7   7   9   8 
  3   1   3   3   8   9   6   5   0   3   5   2   2   3   6   2   7   3   3   6 
  9   7   6   9   1   2   8   8   5   0   8   6   3   7   4   4   2   6   3   5 
  5   8   6   5   6   8   1   6   1   3   0   9   7   5   1   8   5   5   5   2 
  3   5   6   1   1   3   1   9   6   7   2   0   8   8   6   4   4   4   2   7 
  2   6   5   3   5   5   1   4   5   5   1   8   0   3   1   6   8   2   6   6 
  4   5   8   5   7   9   4   6   7   2   9   4   4   0   8   3   2   9   1   8 
  9   3   6   6   2   1   2   3   6   9   5   5   6   5   0   7   7   6   8   3 
  1   8   5   5   5   8   3   9   8   2   7   8   4   4   6   0   8   2   5   4 
  8   5   8   7   9   8   2   2   8   9   9   5   7   9   9   1   0   5   6   9 
  6   2   1   1   6   4   4   9   7   6   2   3   2   2   4   5   7   0   1   7 
  7   7   7   1   9   1   8   1   3   8   8   3   4   6   2   8   3   8   0   4 
  7   2   2   3   1   1   3   3   5   5   2   6   4   9   1   2   8   3   7   0 
M4
  0   2   3   5   1   4   2   9   3   2   5   6   1   1   4   6   8   2   3   5 
  5   0   1   4   3   9   8   9   9   7   5   1   4   9   9   4   7   9   4   1 
  5   4   0   6   5   5   9   6   1   9   2   1   2   4   9   9   2   3   9   9 
  4   9   6   0   2   1   5   8   2   6   7   1   6   8   2   4   4   5   1   1 
  2   9   9   4   0   7   8   6   4   7   5   9   8   6   6   9   2   8   5   6 
  1   8   1   3   8   0   6   6   9   4   5   5   1   4   1   5   9   4   5   5 
  6   4   5   1   6   4   0   2   3   2   3   1   9   4   3   2   3   9   4   1 
  1   8   1   6   4   7   8   0   8   5   7   3   6   1   8   9   7   7   9   8 
  3   1   3   3   8   9   6   5   0   3   5   2   2   3   6   2   7   3   3   6 
  9   7   6   9   1   2   8   8   5   0   8   6   3   7   4   4   2   6   3   5 
  5   8   6   5   6   8   1   6   1   3   0   9   7   5   1   8   5   5   5   2 
  3   5   6   1   1   3   1   9   6   7   2   0   8   8   6   4   4   4   2   7 
  2   6   5   3   5   5   1   4   5   5   1   8   0   3   1   6   8   2   6   6 
  4   5   8   5   7   9   4   6   7   2   9   4   4   0   8   3   2   9   1   8 
  9   3   6   6   2   1   2   3   6   9   5   5   6   5   0   7   7   6   8   3 
  1   8   5   5   5   8   3   9   8   2   7   8   4   4   6   0   8   2   5   4 
  8   5   8   7   9   8   2   2   8   9   9   5   7   9   9   1   0   5   6   9 
  6   2   1   1   6   4   4   9   7   6   2   3   2   2   4   5   7   0   1   7 
  7   7   7   1   9   1   8   1   3   8   8   3   4   6   2   8   3   8   0   4 
  7   2   2   3   1   1   3   3   5   5   2   6   4   9   1   2   8   3   7   0 
M5
  0   2   3   5   1   4   2   9   3   2   5   6   1   1   4   6   8   2   3   5 
  5   0   1   4   3   9   8   9   9   7   5   1   4   9   9   4   7   9   4   1 
  5   4   0   6   5   5   9   6   1   9   2   1   2   4   9   9   2   3   9   9 
  4   9   6   0   2   1   5   8   2   6   7   1   6   8   2   4   4   5   1   1 
  2   9   9   4   0   7   8   6   4   7   5   9   8   6   6   9   2   8   5   6 
  1   8   1   3   8   0   6   6   9   4   5   5   1   4   1   5   9   4   5   5 
  6   4   5   1   6   4   0   2   3   2   3   1   9   4   3   2   3   9   4   1 
  1   8   1   6   4   7   8   0   8   5   7   3   6   1   8   9   7   7   9   8 
  3   1   3   3   8   9   6   5   0   3   5   2   2   3   6   2   7   3   3   6 
  9   7   6   9   1   2   8   8   5   0   8   6   3   7   4   4   2   6   3   5 
  5   8   6   5   6   8   1   6   1   3   0   9   7   5   1   8   5   5   5   2 
  3   5   6   1   1   3   1   9   6   7   2   0   8   8   6   4   4   4   2   7 
  2   6   5   3   5   5   1   4   5   5   1   8   0   3   1   6   8   2   6   6 
  4   5   8   5   7   9   4   6   7   2   9   4   4   0   8   3   2   9   1   8 
  9   3   6   6   2   1   2   3   6   9   5   5   6   5   0   7   7   6   8   3 
  1   8   5   5   5   8   3   9   8   2   7   8   4   4   6   0   8   2   5   4 
  8   5   8   7   9   8   2   2   8   9   9   5   7   9   9   1   0   5   6   9 
  6   2   1   1   6   4   4   9   7   6   2   3   2   2   4   5   7   0   1   7 
  7   7   7   1   9   1   8   1   3   8   8   3   4   6   2   8   3   8   0   4 
  7   2   2   3   1   1   3   3   5   5   2   6   4   9   1   2   8   3   7   0 
M6
  0   2   3   5   1   4   2   9   3   2   5   6   1   1   4   6   8   2   3   5 
  5   0   1   4   3   9   8   9   9   7   5   1   4   9   9   4   7   9   4   1 
  5   4   0   6   5   5   9   6   1   9   2   1   2   4   9   9   2   3   9   9 
  4   9   6   0   2   1   5   8   2   6   7   1   6   8   2   4   4   5   1   1 
  2   9   9   4   0   7   8   6   4   7   5   9   8   6   6   9   2   8   5   6 
  1   8   1   3   8   0   6   6   9   4   5   5   1   4   1   5   9   4   5   5 
  6   4   5   1   6   4   0   2   3   2   3   1   9   4   3   2   3   9   4   1 
  1   8   1   6   4   7   8   0   8   5   7   3   6   1   8   9   7   7   9   8 
  3   1   3   3   8   9   6   5   0   3   5   2   2   3   6   2   7   3   3   6 
  9   7   6   9   1   2   8   8   5   0   8   6   3   7   4   4   2   6   3   5 
  5   8   6   5   6   8   1   6   1   3   0   9   7   5   1   8   5   5   5   2 
  3   5   6   1   1   3   1   9   6   7   2   0   8   8   6   4   4   4   2   7 
  2   6   5   3   5   5   1   4   5   5   1   8   0   3   1   6   8   2   6   6 
  4   5   8   5   7   9   4   6   7   2   9   4   4   0   8   3   2   9   1   8 
  9   3   6   6   2   1   2   3   6   9   5   5   6   5   0   7   7   6   8   3 
  1   8   5   5   5   8   3   9   8   2   7   8   4   4   6   0   8   2   5   4 
  8   5   8   7   9   8   2   2   8   9   9   5   7   9   9   1   0   5   6   9 
  6   2   1   1   6   4   4   9   7   6   2   3   2   2   4   5   7   0   1   7 
  7   7   7   1   9   1   8   1   3   8   8   3   4   6   2   8   3   8   0   4 
  7   2   2   3   1   1   3   3   5   5   2   6   4   9   1   2   8   3   7   0 
M7
  0   2   3   5   1   4   2   9   3   2   5   6   1   1   4   6   8   2   3   5 
  5   0   1   4   3   9   8   9   9   7   5   1   4   9   9   4   7   9   4   1 
  5   4   0   6   5   5   9   6   1   9   2   1   2   4   9   9   2   3   9   9 
  4   9   6   0   2   1   5   8   2   6   7   1   6   8   2   4   4   5   1   1 
  2   9   9   4   0   7   8   6   4   7   5   9   8   6   6   9   2   8   5   6 
  1   8   1   3   8   0   6   6   9   4   5   5   1   4   1   5   9   4   5   5 
  6   4   5   1   6   4   0   2   3   2   3   1   9   4   3   2   3   9   4   1 
  1   8   1   6   4   7   8   0   8   5   7   3   6   1   8   9   7   7   9   8 
  3   1   3   3   8   9   6   5   0   3   5   2   2   3   6   2   7   3   3   6 
  9   7   6   9   1   2   8   8   5   0   8   6   3   7   4   4   2   6   3   5 
  5   8   6   5   6   8   1   6   1   3   0   9   7   5   1   8   5   5   5   2 
  3   5   6   1   1   3   1   9   6   7   2   0   8   8   6   4   4   4   2   7 
  2   6   5   3   5   5   1   4   5   5   1   8   0   3   1   6   8   2   6   6 
  4   5   8   5   7   9   4   6   7   2   9   4   4   0   8   3   2   9   1   8 
  9   3   6   6   2   1   2   3   6   9   5   5   6   5   0   7   7   6   8   3 
  1   8   5   5   5   8   3   9   8   2   7   8   4   4   6   0   8   2   5   4 
  8   5   8   7   9   8   2   2   8   9   9   5   7   9   9   1   0   5   6   9 
  6   2   1   1   6   4   4   9   7   6   2   3   2   2   4   5   7   0   1   7 
  7   7   7   1   9   1   8   1   3   8   8   3   4   6   2   8   3   8   0   4 
  7   2   2   3   1   1   3   3   5   5   2   6   4   9   1   2   8   3   7   0 
Reldue
 1234    4    9
  906    5    7
  999    3    9
  546    8    2
  722    2    5
 1413    4    2
 1054    7    2
  632    7    6
  570    9    3
 1542    6    1
  899    4    6
  882    8    8
  566    2    8
  929    1    6
  744    4    7
 1554    7    5
  462    6    4
  890    8    6
 1243    7    5
 1033    5    1
DDW
 1131  1338
  846   966
  904  1093
  508   584
  673   771
 1281  1545
  958  1151
  582   681
  518   623
 1446  1638
  853   945
  821   942
  528   604
  865   994
  675   813
 1470  1638
  437   487
  825   955
 1158  1329
  946  1120
