50   8
MD
  3  4  2  5  3  5  3  4
PT
 71  82  75  10  28  75  20  74  98  98  41  73  10  49  11  76  83  58  74  31   7  22  76  68  21  20  11   4  51   5  66  55  34  42  93  81  39  13  21  22   3  94  13  29  59  86  86  74  22  31 
 47  71  44  56  61  54  63  29  89  26   8  99  79  68  51  10  93  56  70  51  43  23  41  71  50   4  66  19  12  57  79  78  49  76  96  24  54  97  55  78  39  22  86  12  30   1  20  84  96  87 
 77  14  34  98  42  26  83  32   1  43  13  38  28   7  13  20   1   1   4  27  17  33  14   3  20  13  53  46  82  86  73  62  66  17  99  78  75  64  87  51  74  67  41  18  76   9  17  79  97   9 
 89  60  23  78  66  56  24  15  96  36  69  61  25  15  27  69   6  94   2   7  87  56  46  73  61  36  99   1  84  78  41  82  71  14  76   7  51  34  51  70  36  85  63  72  65  60  79  39  28  40 
 25  52  60   4  36  19  74  92  58  47  24  26  10  87  32  69  18  66  14  48  23   8  34  38  16  31   2  90  37   9  74  32  79  64   8  70   6  61  62  28   7  38  88  67  88   8  33  70  40   9 
 32  38  63  91  32  61  35  85  36  29  31  40  81  69  21  23  74  73  35  42  16  76  63  58  70   6   7  81  54  68  55  66  71  62  90   4  12  50   8   8  23  84  69  65  73  16  38  77  29  55 
  5  28  28  23  53  57  24  10  52  50  97   5  66  21   2  35   3  81  30  23  53  39   6  30  49  65  41  56  77  85  29  60  68   3  78  63  10  17  25  78  94  30  15  27   3  76  15  31  28  77 
 32  25  59  67  10  63  99  98  26  23  84  77  40  70  83  54  11  88   5   9  64  21   2  46  69  34  70  61  94  83  83  64  17   8  98  97  96  62  20  98  95   3  57  89  24  35  55  95   6  33 
SSD
M0
  0   4   4   9   6   2   9   5   2   4   4   3   4   9   5   6   4   6   1   8   2   9   4   1   1   3   2   4   7   9   2   7   9   6   9   8   4   8   6   3   3   7   1   4   5   6   6   2   3   9 
  1   0   3   5   7   6   6   5   4   1   5   4   9   5   6   7   2   4   5   8   8   9   8   9   5   9   8   6   7   3   3   7   7   3   1   3   6   1   2   3   9   2   1   8   2   6   3   7   8   3 
  8   2   0   2   4   4   3   9   5   9   1   8   7   5   8   8   1   2   1   3   1   5   3   3   6   3   2   5   5   8   2   7   6   3   2   5   6   3   2   5   5   6   7   1   3   1   8   6   5   7 
  9   4   8   0   6   3   3   1   7   2   2   5   7   7   8   3   3   9   2   2   2   9   1   2   7   2   4   4   3   6   6   9   5   7   5   2   2   5   5   3   4   9   8   8   2   6   2   7   9   6 
  6   1   8   4   0   6   7   5   3   3   5   5   4   2   8   8   2   3   5   9   2   5   2   9   3   7   1   1   3   4   7   5   9   8   1   8   6   6   9   3   3   3   4   8   7   8   1   1   5   5 
  8   7   8   4   8   0   2   7   7   3   5   7   5   7   6   9   1   9   3   8   9   5   1   2   9   4   3   5   8   3   4   3   2   4   9   7   9   3   4   4   6   5   1   8   1   6   4   2   1   1 
  1   2   7   8   6   7   0   3   9   3   7   2   6   8   4   9   2   1   8   2   4   4   3   8   3   1   7   2   2   9   4   1   4   4   2   9   1   9   7   2   3   6   7   1   7   9   4   9   2   3 
  4   6   9   5   9   3   5   0   6   7   4   9   3   4   9   6   9   7   2   3   8   2   6   1   4   1   7   1   6   3   9   8   7   2   5   9   7   2   3   9   1   7   9   2   8   6   2   6   6   1 
  4   9   4   2   8   7   7   3   0   5   1   8   8   4   4   3   5   9   2   9   7   9   3   6   8   9   7   1   5   4   8   1   4   4   6   7   3   9   2   7   9   4   4   4   3   5   6   8   4   2 
  2   1   8   2   4   9   1   6   2   0   1   7   7   5   9   7   5   6   6   8   5   7   8   8   3   6   9   6   6   9   8   4   3   6   2   9   1   8   8   3   8   1   9   2   6   2   8   1   4   7 
  1   3   1   9   3   6   8   1   4   2   0   4   3   9   8   9   8   3   9   2   3   7   1   8   2   2   7   9   9   1   7   6   3   3   2   2   3   7   4   1   8   7   9   5   3   3   7   3   5   5 
  9   7   4   6   4   7   2   1   5   6   5   0   3   6   8   3   5   7   1   6   9   7   5   4   1   4   4   4   6   4   1   3   3   8   2   9   5   3   9   4   1   6   3   7   9   2   7   9   5   4 
  1   6   2   2   5   5   3   2   6   7   1   1   0   8   6   1   1   3   2   6   4   3   4   8   6   3   3   6   3   9   2   3   3   5   4   3   9   4   2   5   5   5   7   3   1   7   2   6   5   5 
  7   1   6   2   9   8   9   1   3   4   5   6   5   0   1   3   8   3   7   2   8   7   1   6   6   5   1   7   9   6   7   5   6   8   4   2   9   7   7   6   3   3   9   7   6   1   7   6   1   4 
  3   4   3   5   5   3   1   1   1   7   7   4   6   4   0   1   2   5   8   4   8   4   1   3   9   5   6   5   6   2   9   7   4   4   5   7   5   4   2   4   2   2   4   9   6   9   4   3   4   9 
  5   1   7   1   6   6   1   7   3   9   6   9   5   5   5   0   8   4   9   6   2   6   7   6   8   5   3   2   3   6   4   8   2   3   4   5   8   6   2   4   8   3   6   2   4   3   5   3   3   2 
  8   9   2   6   6   2   2   4   4   4   6   5   6   6   7   2   0   1   1   4   1   1   5   1   6   1   7   7   4   7   2   2   6   1   1   3   3   6   9   5   5   2   1   3   2   5   9   9   8   3 
  1   1   8   3   4   4   6   3   1   4   7   4   2   7   1   8   9   0   3   9   4   8   9   8   1   7   7   5   8   1   3   7   2   4   8   8   6   3   5   2   7   9   1   3   4   8   4   7   1   8 
  8   6   1   7   3   1   9   1   7   6   1   6   3   3   6   5   4   1   0   8   1   3   5   4   2   1   9   3   6   1   5   4   1   9   2   3   4   4   6   5   8   2   2   4   4   6   3   7   2   8 
  9   3   5   4   9   2   7   2   2   2   3   2   6   1   8   3   5   5   8   0   7   8   1   9   5   1   3   7   6   1   8   5   5   9   7   8   3   2   2   3   9   8   8   9   8   1   2   3   3   8 
  8   8   9   5   2   2   1   1   3   2   8   7   4   8   9   8   7   2   9   5   0   3   5   2   5   8   3   1   2   5   6   4   3   2   1   9   4   3   9   5   9   5   5   2   4   1   7   8   8   2 
  4   1   5   8   9   2   6   9   3   5   9   5   9   8   1   8   9   2   2   5   6   0   2   9   6   6   9   1   7   5   5   4   7   4   2   1   2   1   3   5   6   2   5   7   3   4   4   6   2   5 
  5   2   3   4   3   1   2   7   2   5   9   2   3   1   3   8   7   7   2   1   8   4   0   3   6   5   2   1   4   2   9   1   1   3   8   1   2   5   3   5   8   1   4   5   7   8   7   8   5   5 
  1   1   6   7   4   7   5   6   3   7   5   3   6   6   4   1   1   1   1   9   6   8   1   0   8   7   1   4   2   1   4   4   9   6   4   2   7   2   9   9   7   3   9   5   5   6   3   5   4   3 
  1   5   9   2   3   8   1   8   2   5   4   2   6   5   9   2   7   8   7   5   5   3   4   5   0   7   8   4   7   8   5   8   6   9   7   9   7   5   5   1   8   6   6   7   8   2   4   3   7   7 
  7   4   6   4   6   4   3   3   3   8   1   9   7   7   5   9   2   6   1   4   3   6   4   3   2   0   4   7   3   1   8   3   7   8   3   4   8   6   2   7   2   7   4   5   4   5   1   4   5   8 
  9   5   6   2   4   5   2   7   2   3   3   9   9   1   3   9   3   4   2   4   5   4   1   4   9   5   0   3   9   9   8   2   7   7   7   4   1   5   5   7   3   9   8   8   2   3   7   5   3   9 
  5   2   2   2   4   2   1   1   9   6   5   7   5   8   7   2   9   1   7   2   8   6   5   8   2   9   4   0   2   7   9   2   2   7   7   5   8   1   5   9   7   5   6   2   1   2   6   5   2   5 
  2   2   3   5   8   7   4   6   5   8   3   3   5   7   5   8   1   9   5   8   9   8   1   8   5   9   9   1   0   6   1   7   9   3   7   5   5   8   7   8   6   6   4   7   2   5   9   3   8   7 
  6   2   7   2   4   2   9   6   5   9   2   6   8   6   8   3   9   5   7   5   7   9   9   3   5   4   4   4   1   0   6   4   2   5   9   7   6   3   3   7   5   3   9   6   7   3   5   5   4   7 
  6   3   4   9   3   1   4   5   9   9   4   6   8   6   4   2   4   6   8   3   8   9   3   5   4   6   7   9   9   8   0   9   6   7   5   9   4   3   4   3   9   7   2   5   7   5   8   6   4   7 
  4   2   4   7   3   8   6   7   3   6   9   4   5   5   6   7   2   2   9   7   7   6   5   4   8   3   3   4   5   5   3   0   2   9   1   1   3   2   1   5   9   3   8   2   3   7   1   4   1   5 
  3   7   4   1   3   3   3   6   1   2   3   7   2   7   4   5   2   9   3   6   7   3   3   7   8   7   8   6   9   3   1   9   0   6   3   9   3   3   5   1   2   5   1   8   6   2   4   4   2   3 
  6   4   7   9   8   4   8   3   9   2   2   5   8   7   6   2   8   3   5   7   9   8   8   9   2   1   9   9   9   5   9   4   6   0   1   6   5   1   5   3   7   5   8   7   9   1   4   9   6   8 
  3   1   7   6   1   3   1   7   2   7   7   8   4   5   2   9   4   3   4   2   3   6   3   1   4   8   7   2   4   6   6   1   8   8   0   6   2   9   2   3   1   9   4   3   5   5   4   8   5   5 
  6   6   6   8   8   3   2   8   8   8   6   6   8   9   6   8   8   8   3   4   9   2   9   5   5   9   2   4   9   8   1   5   5   8   5   0   3   6   2   6   8   6   5   4   6   4   3   2   9   9 
  4   5   9   6   7   4   4   1   7   2   7   8   5   6   5   1   7   7   9   7   5   2   9   2   1   9   3   4   3   5   4   3   5   8   2   4   0   7   6   9   2   5   3   3   9   4   7   7   7   4 
  2   1   7   2   8   8   7   9   2   7   9   6   4   8   7   3   6   1   4   7   8   7   1   1   5   8   2   3   8   7   5   5   7   2   1   2   8   0   5   8   5   7   1   5   4   5   2   5   2   4 
  5   7   1   2   2   9   9   9   8   3   3   5   7   2   3   7   5   9   8   6   8   5   7   6   4   3   7   2   7   3   3   5   1   6   1   6   6   7   0   9   9   9   6   5   6   6   7   8   3   5 
  9   5   5   3   6   8   6   8   4   6   9   3   1   8   1   1   6   4   7   5   3   5   6   5   4   6   5   9   6   9   2   8   6   2   5   1   4   1   8   0   9   8   7   8   7   1   1   2   4   9 
  5   6   5   9   5   5   4   1   4   7   1   1   4   1   6   8   8   8   3   3   1   3   9   9   1   7   2   2   5   2   3   4   3   8   2   4   6   9   2   7   0   8   3   7   3   2   8   4   1   9 
  9   5   2   1   3   5   2   5   2   1   3   1   8   8   6   3   6   7   4   9   1   8   8   8   8   9   9   9   6   2   8   8   6   4   3   8   8   9   3   4   9   0   9   7   2   6   2   9   1   9 
  3   2   5   9   6   1   8   3   8   7   4   8   7   7   4   5   8   8   9   7   2   2   6   4   7   5   5   5   2   9   1   2   3   7   7   2   4   8   4   2   3   9   0   9   9   1   7   2   4   6 
  6   4   6   4   2   6   2   4   7   3   6   1   5   4   6   6   1   6   1   7   2   9   6   3   8   3   7   1   6   2   2   9   1   5   1   5   2   3   3   3   4   8   2   0   3   8   5   1   8   5 
  5   8   6   4   6   5   8   4   7   3   5   6   6   7   2   3   7   7   4   4   2   8   6   8   2   3   1   5   1   8   4   6   7   4   1   5   8   8   7   4   5   7   1   2   0   4   4   8   5   8 
  8   9   8   8   7   2   1   7   7   2   1   5   2   7   6   7   3   2   2   9   4   1   3   8   4   4   3   4   1   7   6   2   4   1   2   6   2   3   4   5   5   2   8   8   9   0   6   3   3   8 
  6   1   5   5   7   4   6   8   3   6   5   5   1   9   3   7   7   2   5   7   6   2   5   7   8   2   9   3   7   3   3   6   9   6   6   7   6   2   5   5   9   5   3   3   4   9   0   6   4   6 
  6   6   1   6   1   3   2   3   1   2   6   3   4   3   7   8   9   7   1   3   4   3   6   6   4   3   5   1   3   9   1   9   3   6   4   9   4   5   9   8   1   3   5   7   5   7   1   0   6   3 
  9   2   9   2   9   4   9   5   3   9   3   2   6   9   6   5   4   7   5   4   3   5   3   2   1   7   7   7   5   8   2   5   1   7   4   5   7   8   4   3   5   8   5   7   6   8   6   3   0   5 
  3   7   9   5   6   6   3   3   2   3   7   2   7   4   8   1   7   9   1   4   6   6   6   3   4   9   2   1   6   9   7   7   6   3   6   4   5   6   3   5   4   8   4   7   7   8   5   7   2   0 
M1
  0   4   4   9   6   2   9   5   2   4   4   3   4   9   5   6   4   6   1   8   2   9   4   1   1   3   2   4   7   9   2   7   9   6   9   8   4   8   6   3   3   7   1   4   5   6   6   2   3   9 
  1   0   3   5   7   6   6   5   4   1   5   4   9   5   6   7   2   4   5   8   8   9   8   9   5   9   8   6   7   3   3   7   7   3   1   3   6   1   2   3   9   2   1   8   2   6   3   7   8   3 
  8   2   0   2   4   4   3   9   5   9   1   8   7   5   8   8   1   2   1   3   1   5   3   3   6   3   2   5   5   8   2   7   6   3   2   5   6   3   2   5   5   6   7   1   3   1   8   6   5   7 
  9   4   8   0   6   3   3   1   7   2   2   5   7   7   8   3   3   9   2   2   2   9   1   2   7   2   4   4   3   6   6   9   5   7   5   2   2   5   5   3   4   9   8   8   2   6   2   7   9   6 
  6   1   8   4   0   6   7   5   3   3   5   5   4   2   8   8   2   3   5   9   2   5   2   9   3   7   1   1   3   4   7   5   9   8   1   8   6   6   9   3   3   3   4   8   7   8   1   1   5   5 
  8   7   8   4   8   0   2   7   7   3   5   7   5   7   6   9   1   9   3   8   9   5   1   2   9   4   3   5   8   3   4   3   2   4   9   7   9   3   4   4   6   5   1   8   1   6   4   2   1   1 
  1   2   7   8   6   7   0   3   9   3   7   2   6   8   4   9   2   1   8   2   4   4   3   8   3   1   7   2   2   9   4   1   4   4   2   9   1   9   7   2   3   6   7   1   7   9   4   9   2   3 
  4   6   9   5   9   3   5   0   6   7   4   9   3   4   9   6   9   7   2   3   8   2   6   1   4   1   7   1   6   3   9   8   7   2   5   9   7   2   3   9   1   7   9   2   8   6   2   6   6   1 
  4   9   4   2   8   7   7   3   0   5   1   8   8   4   4   3   5   9   2   9   7   9   3   6   8   9   7   1   5   4   8   1   4   4   6   7   3   9   2   7   9   4   4   4   3   5   6   8   4   2 
  2   1   8   2   4   9   1   6   2   0   1   7   7   5   9   7   5   6   6   8   5   7   8   8   3   6   9   6   6   9   8   4   3   6   2   9   1   8   8   3   8   1   9   2   6   2   8   1   4   7 
  1   3   1   9   3   6   8   1   4   2   0   4   3   9   8   9   8   3   9   2   3   7   1   8   2   2   7   9   9   1   7   6   3   3   2   2   3   7   4   1   8   7   9   5   3   3   7   3   5   5 
  9   7   4   6   4   7   2   1   5   6   5   0   3   6   8   3   5   7   1   6   9   7   5   4   1   4   4   4   6   4   1   3   3   8   2   9   5   3   9   4   1   6   3   7   9   2   7   9   5   4 
  1   6   2   2   5   5   3   2   6   7   1   1   0   8   6   1   1   3   2   6   4   3   4   8   6   3   3   6   3   9   2   3   3   5   4   3   9   4   2   5   5   5   7   3   1   7   2   6   5   5 
  7   1   6   2   9   8   9   1   3   4   5   6   5   0   1   3   8   3   7   2   8   7   1   6   6   5   1   7   9   6   7   5   6   8   4   2   9   7   7   6   3   3   9   7   6   1   7   6   1   4 
  3   4   3   5   5   3   1   1   1   7   7   4   6   4   0   1   2   5   8   4   8   4   1   3   9   5   6   5   6   2   9   7   4   4   5   7   5   4   2   4   2   2   4   9   6   9   4   3   4   9 
  5   1   7   1   6   6   1   7   3   9   6   9   5   5   5   0   8   4   9   6   2   6   7   6   8   5   3   2   3   6   4   8   2   3   4   5   8   6   2   4   8   3   6   2   4   3   5   3   3   2 
  8   9   2   6   6   2   2   4   4   4   6   5   6   6   7   2   0   1   1   4   1   1   5   1   6   1   7   7   4   7   2   2   6   1   1   3   3   6   9   5   5   2   1   3   2   5   9   9   8   3 
  1   1   8   3   4   4   6   3   1   4   7   4   2   7   1   8   9   0   3   9   4   8   9   8   1   7   7   5   8   1   3   7   2   4   8   8   6   3   5   2   7   9   1   3   4   8   4   7   1   8 
  8   6   1   7   3   1   9   1   7   6   1   6   3   3   6   5   4   1   0   8   1   3   5   4   2   1   9   3   6   1   5   4   1   9   2   3   4   4   6   5   8   2   2   4   4   6   3   7   2   8 
  9   3   5   4   9   2   7   2   2   2   3   2   6   1   8   3   5   5   8   0   7   8   1   9   5   1   3   7   6   1   8   5   5   9   7   8   3   2   2   3   9   8   8   9   8   1   2   3   3   8 
  8   8   9   5   2   2   1   1   3   2   8   7   4   8   9   8   7   2   9   5   0   3   5   2   5   8   3   1   2   5   6   4   3   2   1   9   4   3   9   5   9   5   5   2   4   1   7   8   8   2 
  4   1   5   8   9   2   6   9   3   5   9   5   9   8   1   8   9   2   2   5   6   0   2   9   6   6   9   1   7   5   5   4   7   4   2   1   2   1   3   5   6   2   5   7   3   4   4   6   2   5 
  5   2   3   4   3   1   2   7   2   5   9   2   3   1   3   8   7   7   2   1   8   4   0   3   6   5   2   1   4   2   9   1   1   3   8   1   2   5   3   5   8   1   4   5   7   8   7   8   5   5 
  1   1   6   7   4   7   5   6   3   7   5   3   6   6   4   1   1   1   1   9   6   8   1   0   8   7   1   4   2   1   4   4   9   6   4   2   7   2   9   9   7   3   9   5   5   6   3   5   4   3 
  1   5   9   2   3   8   1   8   2   5   4   2   6   5   9   2   7   8   7   5   5   3   4   5   0   7   8   4   7   8   5   8   6   9   7   9   7   5   5   1   8   6   6   7   8   2   4   3   7   7 
  7   4   6   4   6   4   3   3   3   8   1   9   7   7   5   9   2   6   1   4   3   6   4   3   2   0   4   7   3   1   8   3   7   8   3   4   8   6   2   7   2   7   4   5   4   5   1   4   5   8 
  9   5   6   2   4   5   2   7   2   3   3   9   9   1   3   9   3   4   2   4   5   4   1   4   9   5   0   3   9   9   8   2   7   7   7   4   1   5   5   7   3   9   8   8   2   3   7   5   3   9 
  5   2   2   2   4   2   1   1   9   6   5   7   5   8   7   2   9   1   7   2   8   6   5   8   2   9   4   0   2   7   9   2   2   7   7   5   8   1   5   9   7   5   6   2   1   2   6   5   2   5 
  2   2   3   5   8   7   4   6   5   8   3   3   5   7   5   8   1   9   5   8   9   8   1   8   5   9   9   1   0   6   1   7   9   3   7   5   5   8   7   8   6   6   4   7   2   5   9   3   8   7 
  6   2   7   2   4   2   9   6   5   9   2   6   8   6   8   3   9   5   7   5   7   9   9   3   5   4   4   4   1   0   6   4   2   5   9   7   6   3   3   7   5   3   9   6   7   3   5   5   4   7 
  6   3   4   9   3   1   4   5   9   9   4   6   8   6   4   2   4   6   8   3   8   9   3   5   4   6   7   9   9   8   0   9   6   7   5   9   4   3   4   3   9   7   2   5   7   5   8   6   4   7 
  4   2   4   7   3   8   6   7   3   6   9   4   5   5   6   7   2   2   9   7   7   6   5   4   8   3   3   4   5   5   3   0   2   9   1   1   3   2   1   5   9   3   8   2   3   7   1   4   1   5 
  3   7   4   1   3   3   3   6   1   2   3   7   2   7   4   5   2   9   3   6   7   3   3   7   8   7   8   6   9   3   1   9   0   6   3   9   3   3   5   1   2   5   1   8   6   2   4   4   2   3 
  6   4   7   9   8   4   8   3   9   2   2   5   8   7   6   2   8   3   5   7   9   8   8   9   2   1   9   9   9   5   9   4   6   0   1   6   5   1   5   3   7   5   8   7   9   1   4   9   6   8 
  3   1   7   6   1   3   1   7   2   7   7   8   4   5   2   9   4   3   4   2   3   6   3   1   4   8   7   2   4   6   6   1   8   8   0   6   2   9   2   3   1   9   4   3   5   5   4   8   5   5 
  6   6   6   8   8   3   2   8   8   8   6   6   8   9   6   8   8   8   3   4   9   2   9   5   5   9   2   4   9   8   1   5   5   8   5   0   3   6   2   6   8   6   5   4   6   4   3   2   9   9 
  4   5   9   6   7   4   4   1   7   2   7   8   5   6   5   1   7   7   9   7   5   2   9   2   1   9   3   4   3   5   4   3   5   8   2   4   0   7   6   9   2   5   3   3   9   4   7   7   7   4 
  2   1   7   2   8   8   7   9   2   7   9   6   4   8   7   3   6   1   4   7   8   7   1   1   5   8   2   3   8   7   5   5   7   2   1   2   8   0   5   8   5   7   1   5   4   5   2   5   2   4 
  5   7   1   2   2   9   9   9   8   3   3   5   7   2   3   7   5   9   8   6   8   5   7   6   4   3   7   2   7   3   3   5   1   6   1   6   6   7   0   9   9   9   6   5   6   6   7   8   3   5 
  9   5   5   3   6   8   6   8   4   6   9   3   1   8   1   1   6   4   7   5   3   5   6   5   4   6   5   9   6   9   2   8   6   2   5   1   4   1   8   0   9   8   7   8   7   1   1   2   4   9 
  5   6   5   9   5   5   4   1   4   7   1   1   4   1   6   8   8   8   3   3   1   3   9   9   1   7   2   2   5   2   3   4   3   8   2   4   6   9   2   7   0   8   3   7   3   2   8   4   1   9 
  9   5   2   1   3   5   2   5   2   1   3   1   8   8   6   3   6   7   4   9   1   8   8   8   8   9   9   9   6   2   8   8   6   4   3   8   8   9   3   4   9   0   9   7   2   6   2   9   1   9 
  3   2   5   9   6   1   8   3   8   7   4   8   7   7   4   5   8   8   9   7   2   2   6   4   7   5   5   5   2   9   1   2   3   7   7   2   4   8   4   2   3   9   0   9   9   1   7   2   4   6 
  6   4   6   4   2   6   2   4   7   3   6   1   5   4   6   6   1   6   1   7   2   9   6   3   8   3   7   1   6   2   2   9   1   5   1   5   2   3   3   3   4   8   2   0   3   8   5   1   8   5 
  5   8   6   4   6   5   8   4   7   3   5   6   6   7   2   3   7   7   4   4   2   8   6   8   2   3   1   5   1   8   4   6   7   4   1   5   8   8   7   4   5   7   1   2   0   4   4   8   5   8 
  8   9   8   8   7   2   1   7   7   2   1   5   2   7   6   7   3   2   2   9   4   1   3   8   4   4   3   4   1   7   6   2   4   1   2   6   2   3   4   5   5   2   8   8   9   0   6   3   3   8 
  6   1   5   5   7   4   6   8   3   6   5   5   1   9   3   7   7   2   5   7   6   2   5   7   8   2   9   3   7   3   3   6   9   6   6   7   6   2   5   5   9   5   3   3   4   9   0   6   4   6 
  6   6   1   6   1   3   2   3   1   2   6   3   4   3   7   8   9   7   1   3   4   3   6   6   4   3   5   1   3   9   1   9   3   6   4   9   4   5   9   8   1   3   5   7   5   7   1   0   6   3 
  9   2   9   2   9   4   9   5   3   9   3   2   6   9   6   5   4   7   5   4   3   5   3   2   1   7   7   7   5   8   2   5   1   7   4   5   7   8   4   3   5   8   5   7   6   8   6   3   0   5 
  3   7   9   5   6   6   3   3   2   3   7   2   7   4   8   1   7   9   1   4   6   6   6   3   4   9   2   1   6   9   7   7   6   3   6   4   5   6   3   5   4   8   4   7   7   8   5   7   2   0 
M2
  0   4   4   9   6   2   9   5   2   4   4   3   4   9   5   6   4   6   1   8   2   9   4   1   1   3   2   4   7   9   2   7   9   6   9   8   4   8   6   3   3   7   1   4   5   6   6   2   3   9 
  1   0   3   5   7   6   6   5   4   1   5   4   9   5   6   7   2   4   5   8   8   9   8   9   5   9   8   6   7   3   3   7   7   3   1   3   6   1   2   3   9   2   1   8   2   6   3   7   8   3 
  8   2   0   2   4   4   3   9   5   9   1   8   7   5   8   8   1   2   1   3   1   5   3   3   6   3   2   5   5   8   2   7   6   3   2   5   6   3   2   5   5   6   7   1   3   1   8   6   5   7 
  9   4   8   0   6   3   3   1   7   2   2   5   7   7   8   3   3   9   2   2   2   9   1   2   7   2   4   4   3   6   6   9   5   7   5   2   2   5   5   3   4   9   8   8   2   6   2   7   9   6 
  6   1   8   4   0   6   7   5   3   3   5   5   4   2   8   8   2   3   5   9   2   5   2   9   3   7   1   1   3   4   7   5   9   8   1   8   6   6   9   3   3   3   4   8   7   8   1   1   5   5 
  8   7   8   4   8   0   2   7   7   3   5   7   5   7   6   9   1   9   3   8   9   5   1   2   9   4   3   5   8   3   4   3   2   4   9   7   9   3   4   4   6   5   1   8   1   6   4   2   1   1 
  1   2   7   8   6   7   0   3   9   3   7   2   6   8   4   9   2   1   8   2   4   4   3   8   3   1   7   2   2   9   4   1   4   4   2   9   1   9   7   2   3   6   7   1   7   9   4   9   2   3 
  4   6   9   5   9   3   5   0   6   7   4   9   3   4   9   6   9   7   2   3   8   2   6   1   4   1   7   1   6   3   9   8   7   2   5   9   7   2   3   9   1   7   9   2   8   6   2   6   6   1 
  4   9   4   2   8   7   7   3   0   5   1   8   8   4   4   3   5   9   2   9   7   9   3   6   8   9   7   1   5   4   8   1   4   4   6   7   3   9   2   7   9   4   4   4   3   5   6   8   4   2 
  2   1   8   2   4   9   1   6   2   0   1   7   7   5   9   7   5   6   6   8   5   7   8   8   3   6   9   6   6   9   8   4   3   6   2   9   1   8   8   3   8   1   9   2   6   2   8   1   4   7 
  1   3   1   9   3   6   8   1   4   2   0   4   3   9   8   9   8   3   9   2   3   7   1   8   2   2   7   9   9   1   7   6   3   3   2   2   3   7   4   1   8   7   9   5   3   3   7   3   5   5 
  9   7   4   6   4   7   2   1   5   6   5   0   3   6   8   3   5   7   1   6   9   7   5   4   1   4   4   4   6   4   1   3   3   8   2   9   5   3   9   4   1   6   3   7   9   2   7   9   5   4 
  1   6   2   2   5   5   3   2   6   7   1   1   0   8   6   1   1   3   2   6   4   3   4   8   6   3   3   6   3   9   2   3   3   5   4   3   9   4   2   5   5   5   7   3   1   7   2   6   5   5 
  7   1   6   2   9   8   9   1   3   4   5   6   5   0   1   3   8   3   7   2   8   7   1   6   6   5   1   7   9   6   7   5   6   8   4   2   9   7   7   6   3   3   9   7   6   1   7   6   1   4 
  3   4   3   5   5   3   1   1   1   7   7   4   6   4   0   1   2   5   8   4   8   4   1   3   9   5   6   5   6   2   9   7   4   4   5   7   5   4   2   4   2   2   4   9   6   9   4   3   4   9 
  5   1   7   1   6   6   1   7   3   9   6   9   5   5   5   0   8   4   9   6   2   6   7   6   8   5   3   2   3   6   4   8   2   3   4   5   8   6   2   4   8   3   6   2   4   3   5   3   3   2 
  8   9   2   6   6   2   2   4   4   4   6   5   6   6   7   2   0   1   1   4   1   1   5   1   6   1   7   7   4   7   2   2   6   1   1   3   3   6   9   5   5   2   1   3   2   5   9   9   8   3 
  1   1   8   3   4   4   6   3   1   4   7   4   2   7   1   8   9   0   3   9   4   8   9   8   1   7   7   5   8   1   3   7   2   4   8   8   6   3   5   2   7   9   1   3   4   8   4   7   1   8 
  8   6   1   7   3   1   9   1   7   6   1   6   3   3   6   5   4   1   0   8   1   3   5   4   2   1   9   3   6   1   5   4   1   9   2   3   4   4   6   5   8   2   2   4   4   6   3   7   2   8 
  9   3   5   4   9   2   7   2   2   2   3   2   6   1   8   3   5   5   8   0   7   8   1   9   5   1   3   7   6   1   8   5   5   9   7   8   3   2   2   3   9   8   8   9   8   1   2   3   3   8 
  8   8   9   5   2   2   1   1   3   2   8   7   4   8   9   8   7   2   9   5   0   3   5   2   5   8   3   1   2   5   6   4   3   2   1   9   4   3   9   5   9   5   5   2   4   1   7   8   8   2 
  4   1   5   8   9   2   6   9   3   5   9   5   9   8   1   8   9   2   2   5   6   0   2   9   6   6   9   1   7   5   5   4   7   4   2   1   2   1   3   5   6   2   5   7   3   4   4   6   2   5 
  5   2   3   4   3   1   2   7   2   5   9   2   3   1   3   8   7   7   2   1   8   4   0   3   6   5   2   1   4   2   9   1   1   3   8   1   2   5   3   5   8   1   4   5   7   8   7   8   5   5 
  1   1   6   7   4   7   5   6   3   7   5   3   6   6   4   1   1   1   1   9   6   8   1   0   8   7   1   4   2   1   4   4   9   6   4   2   7   2   9   9   7   3   9   5   5   6   3   5   4   3 
  1   5   9   2   3   8   1   8   2   5   4   2   6   5   9   2   7   8   7   5   5   3   4   5   0   7   8   4   7   8   5   8   6   9   7   9   7   5   5   1   8   6   6   7   8   2   4   3   7   7 
  7   4   6   4   6   4   3   3   3   8   1   9   7   7   5   9   2   6   1   4   3   6   4   3   2   0   4   7   3   1   8   3   7   8   3   4   8   6   2   7   2   7   4   5   4   5   1   4   5   8 
  9   5   6   2   4   5   2   7   2   3   3   9   9   1   3   9   3   4   2   4   5   4   1   4   9   5   0   3   9   9   8   2   7   7   7   4   1   5   5   7   3   9   8   8   2   3   7   5   3   9 
  5   2   2   2   4   2   1   1   9   6   5   7   5   8   7   2   9   1   7   2   8   6   5   8   2   9   4   0   2   7   9   2   2   7   7   5   8   1   5   9   7   5   6   2   1   2   6   5   2   5 
  2   2   3   5   8   7   4   6   5   8   3   3   5   7   5   8   1   9   5   8   9   8   1   8   5   9   9   1   0   6   1   7   9   3   7   5   5   8   7   8   6   6   4   7   2   5   9   3   8   7 
  6   2   7   2   4   2   9   6   5   9   2   6   8   6   8   3   9   5   7   5   7   9   9   3   5   4   4   4   1   0   6   4   2   5   9   7   6   3   3   7   5   3   9   6   7   3   5   5   4   7 
  6   3   4   9   3   1   4   5   9   9   4   6   8   6   4   2   4   6   8   3   8   9   3   5   4   6   7   9   9   8   0   9   6   7   5   9   4   3   4   3   9   7   2   5   7   5   8   6   4   7 
  4   2   4   7   3   8   6   7   3   6   9   4   5   5   6   7   2   2   9   7   7   6   5   4   8   3   3   4   5   5   3   0   2   9   1   1   3   2   1   5   9   3   8   2   3   7   1   4   1   5 
  3   7   4   1   3   3   3   6   1   2   3   7   2   7   4   5   2   9   3   6   7   3   3   7   8   7   8   6   9   3   1   9   0   6   3   9   3   3   5   1   2   5   1   8   6   2   4   4   2   3 
  6   4   7   9   8   4   8   3   9   2   2   5   8   7   6   2   8   3   5   7   9   8   8   9   2   1   9   9   9   5   9   4   6   0   1   6   5   1   5   3   7   5   8   7   9   1   4   9   6   8 
  3   1   7   6   1   3   1   7   2   7   7   8   4   5   2   9   4   3   4   2   3   6   3   1   4   8   7   2   4   6   6   1   8   8   0   6   2   9   2   3   1   9   4   3   5   5   4   8   5   5 
  6   6   6   8   8   3   2   8   8   8   6   6   8   9   6   8   8   8   3   4   9   2   9   5   5   9   2   4   9   8   1   5   5   8   5   0   3   6   2   6   8   6   5   4   6   4   3   2   9   9 
  4   5   9   6   7   4   4   1   7   2   7   8   5   6   5   1   7   7   9   7   5   2   9   2   1   9   3   4   3   5   4   3   5   8   2   4   0   7   6   9   2   5   3   3   9   4   7   7   7   4 
  2   1   7   2   8   8   7   9   2   7   9   6   4   8   7   3   6   1   4   7   8   7   1   1   5   8   2   3   8   7   5   5   7   2   1   2   8   0   5   8   5   7   1   5   4   5   2   5   2   4 
  5   7   1   2   2   9   9   9   8   3   3   5   7   2   3   7   5   9   8   6   8   5   7   6   4   3   7   2   7   3   3   5   1   6   1   6   6   7   0   9   9   9   6   5   6   6   7   8   3   5 
  9   5   5   3   6   8   6   8   4   6   9   3   1   8   1   1   6   4   7   5   3   5   6   5   4   6   5   9   6   9   2   8   6   2   5   1   4   1   8   0   9   8   7   8   7   1   1   2   4   9 
  5   6   5   9   5   5   4   1   4   7   1   1   4   1   6   8   8   8   3   3   1   3   9   9   1   7   2   2   5   2   3   4   3   8   2   4   6   9   2   7   0   8   3   7   3   2   8   4   1   9 
  9   5   2   1   3   5   2   5   2   1   3   1   8   8   6   3   6   7   4   9   1   8   8   8   8   9   9   9   6   2   8   8   6   4   3   8   8   9   3   4   9   0   9   7   2   6   2   9   1   9 
  3   2   5   9   6   1   8   3   8   7   4   8   7   7   4   5   8   8   9   7   2   2   6   4   7   5   5   5   2   9   1   2   3   7   7   2   4   8   4   2   3   9   0   9   9   1   7   2   4   6 
  6   4   6   4   2   6   2   4   7   3   6   1   5   4   6   6   1   6   1   7   2   9   6   3   8   3   7   1   6   2   2   9   1   5   1   5   2   3   3   3   4   8   2   0   3   8   5   1   8   5 
  5   8   6   4   6   5   8   4   7   3   5   6   6   7   2   3   7   7   4   4   2   8   6   8   2   3   1   5   1   8   4   6   7   4   1   5   8   8   7   4   5   7   1   2   0   4   4   8   5   8 
  8   9   8   8   7   2   1   7   7   2   1   5   2   7   6   7   3   2   2   9   4   1   3   8   4   4   3   4   1   7   6   2   4   1   2   6   2   3   4   5   5   2   8   8   9   0   6   3   3   8 
  6   1   5   5   7   4   6   8   3   6   5   5   1   9   3   7   7   2   5   7   6   2   5   7   8   2   9   3   7   3   3   6   9   6   6   7   6   2   5   5   9   5   3   3   4   9   0   6   4   6 
  6   6   1   6   1   3   2   3   1   2   6   3   4   3   7   8   9   7   1   3   4   3   6   6   4   3   5   1   3   9   1   9   3   6   4   9   4   5   9   8   1   3   5   7   5   7   1   0   6   3 
  9   2   9   2   9   4   9   5   3   9   3   2   6   9   6   5   4   7   5   4   3   5   3   2   1   7   7   7   5   8   2   5   1   7   4   5   7   8   4   3   5   8   5   7   6   8   6   3   0   5 
  3   7   9   5   6   6   3   3   2   3   7   2   7   4   8   1   7   9   1   4   6   6   6   3   4   9   2   1   6   9   7   7   6   3   6   4   5   6   3   5   4   8   4   7   7   8   5   7   2   0 
M3
  0   4   4   9   6   2   9   5   2   4   4   3   4   9   5   6   4   6   1   8   2   9   4   1   1   3   2   4   7   9   2   7   9   6   9   8   4   8   6   3   3   7   1   4   5   6   6   2   3   9 
  1   0   3   5   7   6   6   5   4   1   5   4   9   5   6   7   2   4   5   8   8   9   8   9   5   9   8   6   7   3   3   7   7   3   1   3   6   1   2   3   9   2   1   8   2   6   3   7   8   3 
  8   2   0   2   4   4   3   9   5   9   1   8   7   5   8   8   1   2   1   3   1   5   3   3   6   3   2   5   5   8   2   7   6   3   2   5   6   3   2   5   5   6   7   1   3   1   8   6   5   7 
  9   4   8   0   6   3   3   1   7   2   2   5   7   7   8   3   3   9   2   2   2   9   1   2   7   2   4   4   3   6   6   9   5   7   5   2   2   5   5   3   4   9   8   8   2   6   2   7   9   6 
  6   1   8   4   0   6   7   5   3   3   5   5   4   2   8   8   2   3   5   9   2   5   2   9   3   7   1   1   3   4   7   5   9   8   1   8   6   6   9   3   3   3   4   8   7   8   1   1   5   5 
  8   7   8   4   8   0   2   7   7   3   5   7   5   7   6   9   1   9   3   8   9   5   1   2   9   4   3   5   8   3   4   3   2   4   9   7   9   3   4   4   6   5   1   8   1   6   4   2   1   1 
  1   2   7   8   6   7   0   3   9   3   7   2   6   8   4   9   2   1   8   2   4   4   3   8   3   1   7   2   2   9   4   1   4   4   2   9   1   9   7   2   3   6   7   1   7   9   4   9   2   3 
  4   6   9   5   9   3   5   0   6   7   4   9   3   4   9   6   9   7   2   3   8   2   6   1   4   1   7   1   6   3   9   8   7   2   5   9   7   2   3   9   1   7   9   2   8   6   2   6   6   1 
  4   9   4   2   8   7   7   3   0   5   1   8   8   4   4   3   5   9   2   9   7   9   3   6   8   9   7   1   5   4   8   1   4   4   6   7   3   9   2   7   9   4   4   4   3   5   6   8   4   2 
  2   1   8   2   4   9   1   6   2   0   1   7   7   5   9   7   5   6   6   8   5   7   8   8   3   6   9   6   6   9   8   4   3   6   2   9   1   8   8   3   8   1   9   2   6   2   8   1   4   7 
  1   3   1   9   3   6   8   1   4   2   0   4   3   9   8   9   8   3   9   2   3   7   1   8   2   2   7   9   9   1   7   6   3   3   2   2   3   7   4   1   8   7   9   5   3   3   7   3   5   5 
  9   7   4   6   4   7   2   1   5   6   5   0   3   6   8   3   5   7   1   6   9   7   5   4   1   4   4   4   6   4   1   3   3   8   2   9   5   3   9   4   1   6   3   7   9   2   7   9   5   4 
  1   6   2   2   5   5   3   2   6   7   1   1   0   8   6   1   1   3   2   6   4   3   4   8   6   3   3   6   3   9   2   3   3   5   4   3   9   4   2   5   5   5   7   3   1   7   2   6   5   5 
  7   1   6   2   9   8   9   1   3   4   5   6   5   0   1   3   8   3   7   2   8   7   1   6   6   5   1   7   9   6   7   5   6   8   4   2   9   7   7   6   3   3   9   7   6   1   7   6   1   4 
  3   4   3   5   5   3   1   1   1   7   7   4   6   4   0   1   2   5   8   4   8   4   1   3   9   5   6   5   6   2   9   7   4   4   5   7   5   4   2   4   2   2   4   9   6   9   4   3   4   9 
  5   1   7   1   6   6   1   7   3   9   6   9   5   5   5   0   8   4   9   6   2   6   7   6   8   5   3   2   3   6   4   8   2   3   4   5   8   6   2   4   8   3   6   2   4   3   5   3   3   2 
  8   9   2   6   6   2   2   4   4   4   6   5   6   6   7   2   0   1   1   4   1   1   5   1   6   1   7   7   4   7   2   2   6   1   1   3   3   6   9   5   5   2   1   3   2   5   9   9   8   3 
  1   1   8   3   4   4   6   3   1   4   7   4   2   7   1   8   9   0   3   9   4   8   9   8   1   7   7   5   8   1   3   7   2   4   8   8   6   3   5   2   7   9   1   3   4   8   4   7   1   8 
  8   6   1   7   3   1   9   1   7   6   1   6   3   3   6   5   4   1   0   8   1   3   5   4   2   1   9   3   6   1   5   4   1   9   2   3   4   4   6   5   8   2   2   4   4   6   3   7   2   8 
  9   3   5   4   9   2   7   2   2   2   3   2   6   1   8   3   5   5   8   0   7   8   1   9   5   1   3   7   6   1   8   5   5   9   7   8   3   2   2   3   9   8   8   9   8   1   2   3   3   8 
  8   8   9   5   2   2   1   1   3   2   8   7   4   8   9   8   7   2   9   5   0   3   5   2   5   8   3   1   2   5   6   4   3   2   1   9   4   3   9   5   9   5   5   2   4   1   7   8   8   2 
  4   1   5   8   9   2   6   9   3   5   9   5   9   8   1   8   9   2   2   5   6   0   2   9   6   6   9   1   7   5   5   4   7   4   2   1   2   1   3   5   6   2   5   7   3   4   4   6   2   5 
  5   2   3   4   3   1   2   7   2   5   9   2   3   1   3   8   7   7   2   1   8   4   0   3   6   5   2   1   4   2   9   1   1   3   8   1   2   5   3   5   8   1   4   5   7   8   7   8   5   5 
  1   1   6   7   4   7   5   6   3   7   5   3   6   6   4   1   1   1   1   9   6   8   1   0   8   7   1   4   2   1   4   4   9   6   4   2   7   2   9   9   7   3   9   5   5   6   3   5   4   3 
  1   5   9   2   3   8   1   8   2   5   4   2   6   5   9   2   7   8   7   5   5   3   4   5   0   7   8   4   7   8   5   8   6   9   7   9   7   5   5   1   8   6   6   7   8   2   4   3   7   7 
  7   4   6   4   6   4   3   3   3   8   1   9   7   7   5   9   2   6   1   4   3   6   4   3   2   0   4   7   3   1   8   3   7   8   3   4   8   6   2   7   2   7   4   5   4   5   1   4   5   8 
  9   5   6   2   4   5   2   7   2   3   3   9   9   1   3   9   3   4   2   4   5   4   1   4   9   5   0   3   9   9   8   2   7   7   7   4   1   5   5   7   3   9   8   8   2   3   7   5   3   9 
  5   2   2   2   4   2   1   1   9   6   5   7   5   8   7   2   9   1   7   2   8   6   5   8   2   9   4   0   2   7   9   2   2   7   7   5   8   1   5   9   7   5   6   2   1   2   6   5   2   5 
  2   2   3   5   8   7   4   6   5   8   3   3   5   7   5   8   1   9   5   8   9   8   1   8   5   9   9   1   0   6   1   7   9   3   7   5   5   8   7   8   6   6   4   7   2   5   9   3   8   7 
  6   2   7   2   4   2   9   6   5   9   2   6   8   6   8   3   9   5   7   5   7   9   9   3   5   4   4   4   1   0   6   4   2   5   9   7   6   3   3   7   5   3   9   6   7   3   5   5   4   7 
  6   3   4   9   3   1   4   5   9   9   4   6   8   6   4   2   4   6   8   3   8   9   3   5   4   6   7   9   9   8   0   9   6   7   5   9   4   3   4   3   9   7   2   5   7   5   8   6   4   7 
  4   2   4   7   3   8   6   7   3   6   9   4   5   5   6   7   2   2   9   7   7   6   5   4   8   3   3   4   5   5   3   0   2   9   1   1   3   2   1   5   9   3   8   2   3   7   1   4   1   5 
  3   7   4   1   3   3   3   6   1   2   3   7   2   7   4   5   2   9   3   6   7   3   3   7   8   7   8   6   9   3   1   9   0   6   3   9   3   3   5   1   2   5   1   8   6   2   4   4   2   3 
  6   4   7   9   8   4   8   3   9   2   2   5   8   7   6   2   8   3   5   7   9   8   8   9   2   1   9   9   9   5   9   4   6   0   1   6   5   1   5   3   7   5   8   7   9   1   4   9   6   8 
  3   1   7   6   1   3   1   7   2   7   7   8   4   5   2   9   4   3   4   2   3   6   3   1   4   8   7   2   4   6   6   1   8   8   0   6   2   9   2   3   1   9   4   3   5   5   4   8   5   5 
  6   6   6   8   8   3   2   8   8   8   6   6   8   9   6   8   8   8   3   4   9   2   9   5   5   9   2   4   9   8   1   5   5   8   5   0   3   6   2   6   8   6   5   4   6   4   3   2   9   9 
  4   5   9   6   7   4   4   1   7   2   7   8   5   6   5   1   7   7   9   7   5   2   9   2   1   9   3   4   3   5   4   3   5   8   2   4   0   7   6   9   2   5   3   3   9   4   7   7   7   4 
  2   1   7   2   8   8   7   9   2   7   9   6   4   8   7   3   6   1   4   7   8   7   1   1   5   8   2   3   8   7   5   5   7   2   1   2   8   0   5   8   5   7   1   5   4   5   2   5   2   4 
  5   7   1   2   2   9   9   9   8   3   3   5   7   2   3   7   5   9   8   6   8   5   7   6   4   3   7   2   7   3   3   5   1   6   1   6   6   7   0   9   9   9   6   5   6   6   7   8   3   5 
  9   5   5   3   6   8   6   8   4   6   9   3   1   8   1   1   6   4   7   5   3   5   6   5   4   6   5   9   6   9   2   8   6   2   5   1   4   1   8   0   9   8   7   8   7   1   1   2   4   9 
  5   6   5   9   5   5   4   1   4   7   1   1   4   1   6   8   8   8   3   3   1   3   9   9   1   7   2   2   5   2   3   4   3   8   2   4   6   9   2   7   0   8   3   7   3   2   8   4   1   9 
  9   5   2   1   3   5   2   5   2   1   3   1   8   8   6   3   6   7   4   9   1   8   8   8   8   9   9   9   6   2   8   8   6   4   3   8   8   9   3   4   9   0   9   7   2   6   2   9   1   9 
  3   2   5   9   6   1   8   3   8   7   4   8   7   7   4   5   8   8   9   7   2   2   6   4   7   5   5   5   2   9   1   2   3   7   7   2   4   8   4   2   3   9   0   9   9   1   7   2   4   6 
  6   4   6   4   2   6   2   4   7   3   6   1   5   4   6   6   1   6   1   7   2   9   6   3   8   3   7   1   6   2   2   9   1   5   1   5   2   3   3   3   4   8   2   0   3   8   5   1   8   5 
  5   8   6   4   6   5   8   4   7   3   5   6   6   7   2   3   7   7   4   4   2   8   6   8   2   3   1   5   1   8   4   6   7   4   1   5   8   8   7   4   5   7   1   2   0   4   4   8   5   8 
  8   9   8   8   7   2   1   7   7   2   1   5   2   7   6   7   3   2   2   9   4   1   3   8   4   4   3   4   1   7   6   2   4   1   2   6   2   3   4   5   5   2   8   8   9   0   6   3   3   8 
  6   1   5   5   7   4   6   8   3   6   5   5   1   9   3   7   7   2   5   7   6   2   5   7   8   2   9   3   7   3   3   6   9   6   6   7   6   2   5   5   9   5   3   3   4   9   0   6   4   6 
  6   6   1   6   1   3   2   3   1   2   6   3   4   3   7   8   9   7   1   3   4   3   6   6   4   3   5   1   3   9   1   9   3   6   4   9   4   5   9   8   1   3   5   7   5   7   1   0   6   3 
  9   2   9   2   9   4   9   5   3   9   3   2   6   9   6   5   4   7   5   4   3   5   3   2   1   7   7   7   5   8   2   5   1   7   4   5   7   8   4   3   5   8   5   7   6   8   6   3   0   5 
  3   7   9   5   6   6   3   3   2   3   7   2   7   4   8   1   7   9   1   4   6   6   6   3   4   9   2   1   6   9   7   7   6   3   6   4   5   6   3   5   4   8   4   7   7   8   5   7   2   0 
M4
  0   4   4   9   6   2   9   5   2   4   4   3   4   9   5   6   4   6   1   8   2   9   4   1   1   3   2   4   7   9   2   7   9   6   9   8   4   8   6   3   3   7   1   4   5   6   6   2   3   9 
  1   0   3   5   7   6   6   5   4   1   5   4   9   5   6   7   2   4   5   8   8   9   8   9   5   9   8   6   7   3   3   7   7   3   1   3   6   1   2   3   9   2   1   8   2   6   3   7   8   3 
  8   2   0   2   4   4   3   9   5   9   1   8   7   5   8   8   1   2   1   3   1   5   3   3   6   3   2   5   5   8   2   7   6   3   2   5   6   3   2   5   5   6   7   1   3   1   8   6   5   7 
  9   4   8   0   6   3   3   1   7   2   2   5   7   7   8   3   3   9   2   2   2   9   1   2   7   2   4   4   3   6   6   9   5   7   5   2   2   5   5   3   4   9   8   8   2   6   2   7   9   6 
  6   1   8   4   0   6   7   5   3   3   5   5   4   2   8   8   2   3   5   9   2   5   2   9   3   7   1   1   3   4   7   5   9   8   1   8   6   6   9   3   3   3   4   8   7   8   1   1   5   5 
  8   7   8   4   8   0   2   7   7   3   5   7   5   7   6   9   1   9   3   8   9   5   1   2   9   4   3   5   8   3   4   3   2   4   9   7   9   3   4   4   6   5   1   8   1   6   4   2   1   1 
  1   2   7   8   6   7   0   3   9   3   7   2   6   8   4   9   2   1   8   2   4   4   3   8   3   1   7   2   2   9   4   1   4   4   2   9   1   9   7   2   3   6   7   1   7   9   4   9   2   3 
  4   6   9   5   9   3   5   0   6   7   4   9   3   4   9   6   9   7   2   3   8   2   6   1   4   1   7   1   6   3   9   8   7   2   5   9   7   2   3   9   1   7   9   2   8   6   2   6   6   1 
  4   9   4   2   8   7   7   3   0   5   1   8   8   4   4   3   5   9   2   9   7   9   3   6   8   9   7   1   5   4   8   1   4   4   6   7   3   9   2   7   9   4   4   4   3   5   6   8   4   2 
  2   1   8   2   4   9   1   6   2   0   1   7   7   5   9   7   5   6   6   8   5   7   8   8   3   6   9   6   6   9   8   4   3   6   2   9   1   8   8   3   8   1   9   2   6   2   8   1   4   7 
  1   3   1   9   3   6   8   1   4   2   0   4   3   9   8   9   8   3   9   2   3   7   1   8   2   2   7   9   9   1   7   6   3   3   2   2   3   7   4   1   8   7   9   5   3   3   7   3   5   5 
  9   7   4   6   4   7   2   1   5   6   5   0   3   6   8   3   5   7   1   6   9   7   5   4   1   4   4   4   6   4   1   3   3   8   2   9   5   3   9   4   1   6   3   7   9   2   7   9   5   4 
  1   6   2   2   5   5   3   2   6   7   1   1   0   8   6   1   1   3   2   6   4   3   4   8   6   3   3   6   3   9   2   3   3   5   4   3   9   4   2   5   5   5   7   3   1   7   2   6   5   5 
  7   1   6   2   9   8   9   1   3   4   5   6   5   0   1   3   8   3   7   2   8   7   1   6   6   5   1   7   9   6   7   5   6   8   4   2   9   7   7   6   3   3   9   7   6   1   7   6   1   4 
  3   4   3   5   5   3   1   1   1   7   7   4   6   4   0   1   2   5   8   4   8   4   1   3   9   5   6   5   6   2   9   7   4   4   5   7   5   4   2   4   2   2   4   9   6   9   4   3   4   9 
  5   1   7   1   6   6   1   7   3   9   6   9   5   5   5   0   8   4   9   6   2   6   7   6   8   5   3   2   3   6   4   8   2   3   4   5   8   6   2   4   8   3   6   2   4   3   5   3   3   2 
  8   9   2   6   6   2   2   4   4   4   6   5   6   6   7   2   0   1   1   4   1   1   5   1   6   1   7   7   4   7   2   2   6   1   1   3   3   6   9   5   5   2   1   3   2   5   9   9   8   3 
  1   1   8   3   4   4   6   3   1   4   7   4   2   7   1   8   9   0   3   9   4   8   9   8   1   7   7   5   8   1   3   7   2   4   8   8   6   3   5   2   7   9   1   3   4   8   4   7   1   8 
  8   6   1   7   3   1   9   1   7   6   1   6   3   3   6   5   4   1   0   8   1   3   5   4   2   1   9   3   6   1   5   4   1   9   2   3   4   4   6   5   8   2   2   4   4   6   3   7   2   8 
  9   3   5   4   9   2   7   2   2   2   3   2   6   1   8   3   5   5   8   0   7   8   1   9   5   1   3   7   6   1   8   5   5   9   7   8   3   2   2   3   9   8   8   9   8   1   2   3   3   8 
  8   8   9   5   2   2   1   1   3   2   8   7   4   8   9   8   7   2   9   5   0   3   5   2   5   8   3   1   2   5   6   4   3   2   1   9   4   3   9   5   9   5   5   2   4   1   7   8   8   2 
  4   1   5   8   9   2   6   9   3   5   9   5   9   8   1   8   9   2   2   5   6   0   2   9   6   6   9   1   7   5   5   4   7   4   2   1   2   1   3   5   6   2   5   7   3   4   4   6   2   5 
  5   2   3   4   3   1   2   7   2   5   9   2   3   1   3   8   7   7   2   1   8   4   0   3   6   5   2   1   4   2   9   1   1   3   8   1   2   5   3   5   8   1   4   5   7   8   7   8   5   5 
  1   1   6   7   4   7   5   6   3   7   5   3   6   6   4   1   1   1   1   9   6   8   1   0   8   7   1   4   2   1   4   4   9   6   4   2   7   2   9   9   7   3   9   5   5   6   3   5   4   3 
  1   5   9   2   3   8   1   8   2   5   4   2   6   5   9   2   7   8   7   5   5   3   4   5   0   7   8   4   7   8   5   8   6   9   7   9   7   5   5   1   8   6   6   7   8   2   4   3   7   7 
  7   4   6   4   6   4   3   3   3   8   1   9   7   7   5   9   2   6   1   4   3   6   4   3   2   0   4   7   3   1   8   3   7   8   3   4   8   6   2   7   2   7   4   5   4   5   1   4   5   8 
  9   5   6   2   4   5   2   7   2   3   3   9   9   1   3   9   3   4   2   4   5   4   1   4   9   5   0   3   9   9   8   2   7   7   7   4   1   5   5   7   3   9   8   8   2   3   7   5   3   9 
  5   2   2   2   4   2   1   1   9   6   5   7   5   8   7   2   9   1   7   2   8   6   5   8   2   9   4   0   2   7   9   2   2   7   7   5   8   1   5   9   7   5   6   2   1   2   6   5   2   5 
  2   2   3   5   8   7   4   6   5   8   3   3   5   7   5   8   1   9   5   8   9   8   1   8   5   9   9   1   0   6   1   7   9   3   7   5   5   8   7   8   6   6   4   7   2   5   9   3   8   7 
  6   2   7   2   4   2   9   6   5   9   2   6   8   6   8   3   9   5   7   5   7   9   9   3   5   4   4   4   1   0   6   4   2   5   9   7   6   3   3   7   5   3   9   6   7   3   5   5   4   7 
  6   3   4   9   3   1   4   5   9   9   4   6   8   6   4   2   4   6   8   3   8   9   3   5   4   6   7   9   9   8   0   9   6   7   5   9   4   3   4   3   9   7   2   5   7   5   8   6   4   7 
  4   2   4   7   3   8   6   7   3   6   9   4   5   5   6   7   2   2   9   7   7   6   5   4   8   3   3   4   5   5   3   0   2   9   1   1   3   2   1   5   9   3   8   2   3   7   1   4   1   5 
  3   7   4   1   3   3   3   6   1   2   3   7   2   7   4   5   2   9   3   6   7   3   3   7   8   7   8   6   9   3   1   9   0   6   3   9   3   3   5   1   2   5   1   8   6   2   4   4   2   3 
  6   4   7   9   8   4   8   3   9   2   2   5   8   7   6   2   8   3   5   7   9   8   8   9   2   1   9   9   9   5   9   4   6   0   1   6   5   1   5   3   7   5   8   7   9   1   4   9   6   8 
  3   1   7   6   1   3   1   7   2   7   7   8   4   5   2   9   4   3   4   2   3   6   3   1   4   8   7   2   4   6   6   1   8   8   0   6   2   9   2   3   1   9   4   3   5   5   4   8   5   5 
  6   6   6   8   8   3   2   8   8   8   6   6   8   9   6   8   8   8   3   4   9   2   9   5   5   9   2   4   9   8   1   5   5   8   5   0   3   6   2   6   8   6   5   4   6   4   3   2   9   9 
  4   5   9   6   7   4   4   1   7   2   7   8   5   6   5   1   7   7   9   7   5   2   9   2   1   9   3   4   3   5   4   3   5   8   2   4   0   7   6   9   2   5   3   3   9   4   7   7   7   4 
  2   1   7   2   8   8   7   9   2   7   9   6   4   8   7   3   6   1   4   7   8   7   1   1   5   8   2   3   8   7   5   5   7   2   1   2   8   0   5   8   5   7   1   5   4   5   2   5   2   4 
  5   7   1   2   2   9   9   9   8   3   3   5   7   2   3   7   5   9   8   6   8   5   7   6   4   3   7   2   7   3   3   5   1   6   1   6   6   7   0   9   9   9   6   5   6   6   7   8   3   5 
  9   5   5   3   6   8   6   8   4   6   9   3   1   8   1   1   6   4   7   5   3   5   6   5   4   6   5   9   6   9   2   8   6   2   5   1   4   1   8   0   9   8   7   8   7   1   1   2   4   9 
  5   6   5   9   5   5   4   1   4   7   1   1   4   1   6   8   8   8   3   3   1   3   9   9   1   7   2   2   5   2   3   4   3   8   2   4   6   9   2   7   0   8   3   7   3   2   8   4   1   9 
  9   5   2   1   3   5   2   5   2   1   3   1   8   8   6   3   6   7   4   9   1   8   8   8   8   9   9   9   6   2   8   8   6   4   3   8   8   9   3   4   9   0   9   7   2   6   2   9   1   9 
  3   2   5   9   6   1   8   3   8   7   4   8   7   7   4   5   8   8   9   7   2   2   6   4   7   5   5   5   2   9   1   2   3   7   7   2   4   8   4   2   3   9   0   9   9   1   7   2   4   6 
  6   4   6   4   2   6   2   4   7   3   6   1   5   4   6   6   1   6   1   7   2   9   6   3   8   3   7   1   6   2   2   9   1   5   1   5   2   3   3   3   4   8   2   0   3   8   5   1   8   5 
  5   8   6   4   6   5   8   4   7   3   5   6   6   7   2   3   7   7   4   4   2   8   6   8   2   3   1   5   1   8   4   6   7   4   1   5   8   8   7   4   5   7   1   2   0   4   4   8   5   8 
  8   9   8   8   7   2   1   7   7   2   1   5   2   7   6   7   3   2   2   9   4   1   3   8   4   4   3   4   1   7   6   2   4   1   2   6   2   3   4   5   5   2   8   8   9   0   6   3   3   8 
  6   1   5   5   7   4   6   8   3   6   5   5   1   9   3   7   7   2   5   7   6   2   5   7   8   2   9   3   7   3   3   6   9   6   6   7   6   2   5   5   9   5   3   3   4   9   0   6   4   6 
  6   6   1   6   1   3   2   3   1   2   6   3   4   3   7   8   9   7   1   3   4   3   6   6   4   3   5   1   3   9   1   9   3   6   4   9   4   5   9   8   1   3   5   7   5   7   1   0   6   3 
  9   2   9   2   9   4   9   5   3   9   3   2   6   9   6   5   4   7   5   4   3   5   3   2   1   7   7   7   5   8   2   5   1   7   4   5   7   8   4   3   5   8   5   7   6   8   6   3   0   5 
  3   7   9   5   6   6   3   3   2   3   7   2   7   4   8   1   7   9   1   4   6   6   6   3   4   9   2   1   6   9   7   7   6   3   6   4   5   6   3   5   4   8   4   7   7   8   5   7   2   0 
M5
  0   4   4   9   6   2   9   5   2   4   4   3   4   9   5   6   4   6   1   8   2   9   4   1   1   3   2   4   7   9   2   7   9   6   9   8   4   8   6   3   3   7   1   4   5   6   6   2   3   9 
  1   0   3   5   7   6   6   5   4   1   5   4   9   5   6   7   2   4   5   8   8   9   8   9   5   9   8   6   7   3   3   7   7   3   1   3   6   1   2   3   9   2   1   8   2   6   3   7   8   3 
  8   2   0   2   4   4   3   9   5   9   1   8   7   5   8   8   1   2   1   3   1   5   3   3   6   3   2   5   5   8   2   7   6   3   2   5   6   3   2   5   5   6   7   1   3   1   8   6   5   7 
  9   4   8   0   6   3   3   1   7   2   2   5   7   7   8   3   3   9   2   2   2   9   1   2   7   2   4   4   3   6   6   9   5   7   5   2   2   5   5   3   4   9   8   8   2   6   2   7   9   6 
  6   1   8   4   0   6   7   5   3   3   5   5   4   2   8   8   2   3   5   9   2   5   2   9   3   7   1   1   3   4   7   5   9   8   1   8   6   6   9   3   3   3   4   8   7   8   1   1   5   5 
  8   7   8   4   8   0   2   7   7   3   5   7   5   7   6   9   1   9   3   8   9   5   1   2   9   4   3   5   8   3   4   3   2   4   9   7   9   3   4   4   6   5   1   8   1   6   4   2   1   1 
  1   2   7   8   6   7   0   3   9   3   7   2   6   8   4   9   2   1   8   2   4   4   3   8   3   1   7   2   2   9   4   1   4   4   2   9   1   9   7   2   3   6   7   1   7   9   4   9   2   3 
  4   6   9   5   9   3   5   0   6   7   4   9   3   4   9   6   9   7   2   3   8   2   6   1   4   1   7   1   6   3   9   8   7   2   5   9   7   2   3   9   1   7   9   2   8   6   2   6   6   1 
  4   9   4   2   8   7   7   3   0   5   1   8   8   4   4   3   5   9   2   9   7   9   3   6   8   9   7   1   5   4   8   1   4   4   6   7   3   9   2   7   9   4   4   4   3   5   6   8   4   2 
  2   1   8   2   4   9   1   6   2   0   1   7   7   5   9   7   5   6   6   8   5   7   8   8   3   6   9   6   6   9   8   4   3   6   2   9   1   8   8   3   8   1   9   2   6   2   8   1   4   7 
  1   3   1   9   3   6   8   1   4   2   0   4   3   9   8   9   8   3   9   2   3   7   1   8   2   2   7   9   9   1   7   6   3   3   2   2   3   7   4   1   8   7   9   5   3   3   7   3   5   5 
  9   7   4   6   4   7   2   1   5   6   5   0   3   6   8   3   5   7   1   6   9   7   5   4   1   4   4   4   6   4   1   3   3   8   2   9   5   3   9   4   1   6   3   7   9   2   7   9   5   4 
  1   6   2   2   5   5   3   2   6   7   1   1   0   8   6   1   1   3   2   6   4   3   4   8   6   3   3   6   3   9   2   3   3   5   4   3   9   4   2   5   5   5   7   3   1   7   2   6   5   5 
  7   1   6   2   9   8   9   1   3   4   5   6   5   0   1   3   8   3   7   2   8   7   1   6   6   5   1   7   9   6   7   5   6   8   4   2   9   7   7   6   3   3   9   7   6   1   7   6   1   4 
  3   4   3   5   5   3   1   1   1   7   7   4   6   4   0   1   2   5   8   4   8   4   1   3   9   5   6   5   6   2   9   7   4   4   5   7   5   4   2   4   2   2   4   9   6   9   4   3   4   9 
  5   1   7   1   6   6   1   7   3   9   6   9   5   5   5   0   8   4   9   6   2   6   7   6   8   5   3   2   3   6   4   8   2   3   4   5   8   6   2   4   8   3   6   2   4   3   5   3   3   2 
  8   9   2   6   6   2   2   4   4   4   6   5   6   6   7   2   0   1   1   4   1   1   5   1   6   1   7   7   4   7   2   2   6   1   1   3   3   6   9   5   5   2   1   3   2   5   9   9   8   3 
  1   1   8   3   4   4   6   3   1   4   7   4   2   7   1   8   9   0   3   9   4   8   9   8   1   7   7   5   8   1   3   7   2   4   8   8   6   3   5   2   7   9   1   3   4   8   4   7   1   8 
  8   6   1   7   3   1   9   1   7   6   1   6   3   3   6   5   4   1   0   8   1   3   5   4   2   1   9   3   6   1   5   4   1   9   2   3   4   4   6   5   8   2   2   4   4   6   3   7   2   8 
  9   3   5   4   9   2   7   2   2   2   3   2   6   1   8   3   5   5   8   0   7   8   1   9   5   1   3   7   6   1   8   5   5   9   7   8   3   2   2   3   9   8   8   9   8   1   2   3   3   8 
  8   8   9   5   2   2   1   1   3   2   8   7   4   8   9   8   7   2   9   5   0   3   5   2   5   8   3   1   2   5   6   4   3   2   1   9   4   3   9   5   9   5   5   2   4   1   7   8   8   2 
  4   1   5   8   9   2   6   9   3   5   9   5   9   8   1   8   9   2   2   5   6   0   2   9   6   6   9   1   7   5   5   4   7   4   2   1   2   1   3   5   6   2   5   7   3   4   4   6   2   5 
  5   2   3   4   3   1   2   7   2   5   9   2   3   1   3   8   7   7   2   1   8   4   0   3   6   5   2   1   4   2   9   1   1   3   8   1   2   5   3   5   8   1   4   5   7   8   7   8   5   5 
  1   1   6   7   4   7   5   6   3   7   5   3   6   6   4   1   1   1   1   9   6   8   1   0   8   7   1   4   2   1   4   4   9   6   4   2   7   2   9   9   7   3   9   5   5   6   3   5   4   3 
  1   5   9   2   3   8   1   8   2   5   4   2   6   5   9   2   7   8   7   5   5   3   4   5   0   7   8   4   7   8   5   8   6   9   7   9   7   5   5   1   8   6   6   7   8   2   4   3   7   7 
  7   4   6   4   6   4   3   3   3   8   1   9   7   7   5   9   2   6   1   4   3   6   4   3   2   0   4   7   3   1   8   3   7   8   3   4   8   6   2   7   2   7   4   5   4   5   1   4   5   8 
  9   5   6   2   4   5   2   7   2   3   3   9   9   1   3   9   3   4   2   4   5   4   1   4   9   5   0   3   9   9   8   2   7   7   7   4   1   5   5   7   3   9   8   8   2   3   7   5   3   9 
  5   2   2   2   4   2   1   1   9   6   5   7   5   8   7   2   9   1   7   2   8   6   5   8   2   9   4   0   2   7   9   2   2   7   7   5   8   1   5   9   7   5   6   2   1   2   6   5   2   5 
  2   2   3   5   8   7   4   6   5   8   3   3   5   7   5   8   1   9   5   8   9   8   1   8   5   9   9   1   0   6   1   7   9   3   7   5   5   8   7   8   6   6   4   7   2   5   9   3   8   7 
  6   2   7   2   4   2   9   6   5   9   2   6   8   6   8   3   9   5   7   5   7   9   9   3   5   4   4   4   1   0   6   4   2   5   9   7   6   3   3   7   5   3   9   6   7   3   5   5   4   7 
  6   3   4   9   3   1   4   5   9   9   4   6   8   6   4   2   4   6   8   3   8   9   3   5   4   6   7   9   9   8   0   9   6   7   5   9   4   3   4   3   9   7   2   5   7   5   8   6   4   7 
  4   2   4   7   3   8   6   7   3   6   9   4   5   5   6   7   2   2   9   7   7   6   5   4   8   3   3   4   5   5   3   0   2   9   1   1   3   2   1   5   9   3   8   2   3   7   1   4   1   5 
  3   7   4   1   3   3   3   6   1   2   3   7   2   7   4   5   2   9   3   6   7   3   3   7   8   7   8   6   9   3   1   9   0   6   3   9   3   3   5   1   2   5   1   8   6   2   4   4   2   3 
  6   4   7   9   8   4   8   3   9   2   2   5   8   7   6   2   8   3   5   7   9   8   8   9   2   1   9   9   9   5   9   4   6   0   1   6   5   1   5   3   7   5   8   7   9   1   4   9   6   8 
  3   1   7   6   1   3   1   7   2   7   7   8   4   5   2   9   4   3   4   2   3   6   3   1   4   8   7   2   4   6   6   1   8   8   0   6   2   9   2   3   1   9   4   3   5   5   4   8   5   5 
  6   6   6   8   8   3   2   8   8   8   6   6   8   9   6   8   8   8   3   4   9   2   9   5   5   9   2   4   9   8   1   5   5   8   5   0   3   6   2   6   8   6   5   4   6   4   3   2   9   9 
  4   5   9   6   7   4   4   1   7   2   7   8   5   6   5   1   7   7   9   7   5   2   9   2   1   9   3   4   3   5   4   3   5   8   2   4   0   7   6   9   2   5   3   3   9   4   7   7   7   4 
  2   1   7   2   8   8   7   9   2   7   9   6   4   8   7   3   6   1   4   7   8   7   1   1   5   8   2   3   8   7   5   5   7   2   1   2   8   0   5   8   5   7   1   5   4   5   2   5   2   4 
  5   7   1   2   2   9   9   9   8   3   3   5   7   2   3   7   5   9   8   6   8   5   7   6   4   3   7   2   7   3   3   5   1   6   1   6   6   7   0   9   9   9   6   5   6   6   7   8   3   5 
  9   5   5   3   6   8   6   8   4   6   9   3   1   8   1   1   6   4   7   5   3   5   6   5   4   6   5   9   6   9   2   8   6   2   5   1   4   1   8   0   9   8   7   8   7   1   1   2   4   9 
  5   6   5   9   5   5   4   1   4   7   1   1   4   1   6   8   8   8   3   3   1   3   9   9   1   7   2   2   5   2   3   4   3   8   2   4   6   9   2   7   0   8   3   7   3   2   8   4   1   9 
  9   5   2   1   3   5   2   5   2   1   3   1   8   8   6   3   6   7   4   9   1   8   8   8   8   9   9   9   6   2   8   8   6   4   3   8   8   9   3   4   9   0   9   7   2   6   2   9   1   9 
  3   2   5   9   6   1   8   3   8   7   4   8   7   7   4   5   8   8   9   7   2   2   6   4   7   5   5   5   2   9   1   2   3   7   7   2   4   8   4   2   3   9   0   9   9   1   7   2   4   6 
  6   4   6   4   2   6   2   4   7   3   6   1   5   4   6   6   1   6   1   7   2   9   6   3   8   3   7   1   6   2   2   9   1   5   1   5   2   3   3   3   4   8   2   0   3   8   5   1   8   5 
  5   8   6   4   6   5   8   4   7   3   5   6   6   7   2   3   7   7   4   4   2   8   6   8   2   3   1   5   1   8   4   6   7   4   1   5   8   8   7   4   5   7   1   2   0   4   4   8   5   8 
  8   9   8   8   7   2   1   7   7   2   1   5   2   7   6   7   3   2   2   9   4   1   3   8   4   4   3   4   1   7   6   2   4   1   2   6   2   3   4   5   5   2   8   8   9   0   6   3   3   8 
  6   1   5   5   7   4   6   8   3   6   5   5   1   9   3   7   7   2   5   7   6   2   5   7   8   2   9   3   7   3   3   6   9   6   6   7   6   2   5   5   9   5   3   3   4   9   0   6   4   6 
  6   6   1   6   1   3   2   3   1   2   6   3   4   3   7   8   9   7   1   3   4   3   6   6   4   3   5   1   3   9   1   9   3   6   4   9   4   5   9   8   1   3   5   7   5   7   1   0   6   3 
  9   2   9   2   9   4   9   5   3   9   3   2   6   9   6   5   4   7   5   4   3   5   3   2   1   7   7   7   5   8   2   5   1   7   4   5   7   8   4   3   5   8   5   7   6   8   6   3   0   5 
  3   7   9   5   6   6   3   3   2   3   7   2   7   4   8   1   7   9   1   4   6   6   6   3   4   9   2   1   6   9   7   7   6   3   6   4   5   6   3   5   4   8   4   7   7   8   5   7   2   0 
M6
  0   4   4   9   6   2   9   5   2   4   4   3   4   9   5   6   4   6   1   8   2   9   4   1   1   3   2   4   7   9   2   7   9   6   9   8   4   8   6   3   3   7   1   4   5   6   6   2   3   9 
  1   0   3   5   7   6   6   5   4   1   5   4   9   5   6   7   2   4   5   8   8   9   8   9   5   9   8   6   7   3   3   7   7   3   1   3   6   1   2   3   9   2   1   8   2   6   3   7   8   3 
  8   2   0   2   4   4   3   9   5   9   1   8   7   5   8   8   1   2   1   3   1   5   3   3   6   3   2   5   5   8   2   7   6   3   2   5   6   3   2   5   5   6   7   1   3   1   8   6   5   7 
  9   4   8   0   6   3   3   1   7   2   2   5   7   7   8   3   3   9   2   2   2   9   1   2   7   2   4   4   3   6   6   9   5   7   5   2   2   5   5   3   4   9   8   8   2   6   2   7   9   6 
  6   1   8   4   0   6   7   5   3   3   5   5   4   2   8   8   2   3   5   9   2   5   2   9   3   7   1   1   3   4   7   5   9   8   1   8   6   6   9   3   3   3   4   8   7   8   1   1   5   5 
  8   7   8   4   8   0   2   7   7   3   5   7   5   7   6   9   1   9   3   8   9   5   1   2   9   4   3   5   8   3   4   3   2   4   9   7   9   3   4   4   6   5   1   8   1   6   4   2   1   1 
  1   2   7   8   6   7   0   3   9   3   7   2   6   8   4   9   2   1   8   2   4   4   3   8   3   1   7   2   2   9   4   1   4   4   2   9   1   9   7   2   3   6   7   1   7   9   4   9   2   3 
  4   6   9   5   9   3   5   0   6   7   4   9   3   4   9   6   9   7   2   3   8   2   6   1   4   1   7   1   6   3   9   8   7   2   5   9   7   2   3   9   1   7   9   2   8   6   2   6   6   1 
  4   9   4   2   8   7   7   3   0   5   1   8   8   4   4   3   5   9   2   9   7   9   3   6   8   9   7   1   5   4   8   1   4   4   6   7   3   9   2   7   9   4   4   4   3   5   6   8   4   2 
  2   1   8   2   4   9   1   6   2   0   1   7   7   5   9   7   5   6   6   8   5   7   8   8   3   6   9   6   6   9   8   4   3   6   2   9   1   8   8   3   8   1   9   2   6   2   8   1   4   7 
  1   3   1   9   3   6   8   1   4   2   0   4   3   9   8   9   8   3   9   2   3   7   1   8   2   2   7   9   9   1   7   6   3   3   2   2   3   7   4   1   8   7   9   5   3   3   7   3   5   5 
  9   7   4   6   4   7   2   1   5   6   5   0   3   6   8   3   5   7   1   6   9   7   5   4   1   4   4   4   6   4   1   3   3   8   2   9   5   3   9   4   1   6   3   7   9   2   7   9   5   4 
  1   6   2   2   5   5   3   2   6   7   1   1   0   8   6   1   1   3   2   6   4   3   4   8   6   3   3   6   3   9   2   3   3   5   4   3   9   4   2   5   5   5   7   3   1   7   2   6   5   5 
  7   1   6   2   9   8   9   1   3   4   5   6   5   0   1   3   8   3   7   2   8   7   1   6   6   5   1   7   9   6   7   5   6   8   4   2   9   7   7   6   3   3   9   7   6   1   7   6   1   4 
  3   4   3   5   5   3   1   1   1   7   7   4   6   4   0   1   2   5   8   4   8   4   1   3   9   5   6   5   6   2   9   7   4   4   5   7   5   4   2   4   2   2   4   9   6   9   4   3   4   9 
  5   1   7   1   6   6   1   7   3   9   6   9   5   5   5   0   8   4   9   6   2   6   7   6   8   5   3   2   3   6   4   8   2   3   4   5   8   6   2   4   8   3   6   2   4   3   5   3   3   2 
  8   9   2   6   6   2   2   4   4   4   6   5   6   6   7   2   0   1   1   4   1   1   5   1   6   1   7   7   4   7   2   2   6   1   1   3   3   6   9   5   5   2   1   3   2   5   9   9   8   3 
  1   1   8   3   4   4   6   3   1   4   7   4   2   7   1   8   9   0   3   9   4   8   9   8   1   7   7   5   8   1   3   7   2   4   8   8   6   3   5   2   7   9   1   3   4   8   4   7   1   8 
  8   6   1   7   3   1   9   1   7   6   1   6   3   3   6   5   4   1   0   8   1   3   5   4   2   1   9   3   6   1   5   4   1   9   2   3   4   4   6   5   8   2   2   4   4   6   3   7   2   8 
  9   3   5   4   9   2   7   2   2   2   3   2   6   1   8   3   5   5   8   0   7   8   1   9   5   1   3   7   6   1   8   5   5   9   7   8   3   2   2   3   9   8   8   9   8   1   2   3   3   8 
  8   8   9   5   2   2   1   1   3   2   8   7   4   8   9   8   7   2   9   5   0   3   5   2   5   8   3   1   2   5   6   4   3   2   1   9   4   3   9   5   9   5   5   2   4   1   7   8   8   2 
  4   1   5   8   9   2   6   9   3   5   9   5   9   8   1   8   9   2   2   5   6   0   2   9   6   6   9   1   7   5   5   4   7   4   2   1   2   1   3   5   6   2   5   7   3   4   4   6   2   5 
  5   2   3   4   3   1   2   7   2   5   9   2   3   1   3   8   7   7   2   1   8   4   0   3   6   5   2   1   4   2   9   1   1   3   8   1   2   5   3   5   8   1   4   5   7   8   7   8   5   5 
  1   1   6   7   4   7   5   6   3   7   5   3   6   6   4   1   1   1   1   9   6   8   1   0   8   7   1   4   2   1   4   4   9   6   4   2   7   2   9   9   7   3   9   5   5   6   3   5   4   3 
  1   5   9   2   3   8   1   8   2   5   4   2   6   5   9   2   7   8   7   5   5   3   4   5   0   7   8   4   7   8   5   8   6   9   7   9   7   5   5   1   8   6   6   7   8   2   4   3   7   7 
  7   4   6   4   6   4   3   3   3   8   1   9   7   7   5   9   2   6   1   4   3   6   4   3   2   0   4   7   3   1   8   3   7   8   3   4   8   6   2   7   2   7   4   5   4   5   1   4   5   8 
  9   5   6   2   4   5   2   7   2   3   3   9   9   1   3   9   3   4   2   4   5   4   1   4   9   5   0   3   9   9   8   2   7   7   7   4   1   5   5   7   3   9   8   8   2   3   7   5   3   9 
  5   2   2   2   4   2   1   1   9   6   5   7   5   8   7   2   9   1   7   2   8   6   5   8   2   9   4   0   2   7   9   2   2   7   7   5   8   1   5   9   7   5   6   2   1   2   6   5   2   5 
  2   2   3   5   8   7   4   6   5   8   3   3   5   7   5   8   1   9   5   8   9   8   1   8   5   9   9   1   0   6   1   7   9   3   7   5   5   8   7   8   6   6   4   7   2   5   9   3   8   7 
  6   2   7   2   4   2   9   6   5   9   2   6   8   6   8   3   9   5   7   5   7   9   9   3   5   4   4   4   1   0   6   4   2   5   9   7   6   3   3   7   5   3   9   6   7   3   5   5   4   7 
  6   3   4   9   3   1   4   5   9   9   4   6   8   6   4   2   4   6   8   3   8   9   3   5   4   6   7   9   9   8   0   9   6   7   5   9   4   3   4   3   9   7   2   5   7   5   8   6   4   7 
  4   2   4   7   3   8   6   7   3   6   9   4   5   5   6   7   2   2   9   7   7   6   5   4   8   3   3   4   5   5   3   0   2   9   1   1   3   2   1   5   9   3   8   2   3   7   1   4   1   5 
  3   7   4   1   3   3   3   6   1   2   3   7   2   7   4   5   2   9   3   6   7   3   3   7   8   7   8   6   9   3   1   9   0   6   3   9   3   3   5   1   2   5   1   8   6   2   4   4   2   3 
  6   4   7   9   8   4   8   3   9   2   2   5   8   7   6   2   8   3   5   7   9   8   8   9   2   1   9   9   9   5   9   4   6   0   1   6   5   1   5   3   7   5   8   7   9   1   4   9   6   8 
  3   1   7   6   1   3   1   7   2   7   7   8   4   5   2   9   4   3   4   2   3   6   3   1   4   8   7   2   4   6   6   1   8   8   0   6   2   9   2   3   1   9   4   3   5   5   4   8   5   5 
  6   6   6   8   8   3   2   8   8   8   6   6   8   9   6   8   8   8   3   4   9   2   9   5   5   9   2   4   9   8   1   5   5   8   5   0   3   6   2   6   8   6   5   4   6   4   3   2   9   9 
  4   5   9   6   7   4   4   1   7   2   7   8   5   6   5   1   7   7   9   7   5   2   9   2   1   9   3   4   3   5   4   3   5   8   2   4   0   7   6   9   2   5   3   3   9   4   7   7   7   4 
  2   1   7   2   8   8   7   9   2   7   9   6   4   8   7   3   6   1   4   7   8   7   1   1   5   8   2   3   8   7   5   5   7   2   1   2   8   0   5   8   5   7   1   5   4   5   2   5   2   4 
  5   7   1   2   2   9   9   9   8   3   3   5   7   2   3   7   5   9   8   6   8   5   7   6   4   3   7   2   7   3   3   5   1   6   1   6   6   7   0   9   9   9   6   5   6   6   7   8   3   5 
  9   5   5   3   6   8   6   8   4   6   9   3   1   8   1   1   6   4   7   5   3   5   6   5   4   6   5   9   6   9   2   8   6   2   5   1   4   1   8   0   9   8   7   8   7   1   1   2   4   9 
  5   6   5   9   5   5   4   1   4   7   1   1   4   1   6   8   8   8   3   3   1   3   9   9   1   7   2   2   5   2   3   4   3   8   2   4   6   9   2   7   0   8   3   7   3   2   8   4   1   9 
  9   5   2   1   3   5   2   5   2   1   3   1   8   8   6   3   6   7   4   9   1   8   8   8   8   9   9   9   6   2   8   8   6   4   3   8   8   9   3   4   9   0   9   7   2   6   2   9   1   9 
  3   2   5   9   6   1   8   3   8   7   4   8   7   7   4   5   8   8   9   7   2   2   6   4   7   5   5   5   2   9   1   2   3   7   7   2   4   8   4   2   3   9   0   9   9   1   7   2   4   6 
  6   4   6   4   2   6   2   4   7   3   6   1   5   4   6   6   1   6   1   7   2   9   6   3   8   3   7   1   6   2   2   9   1   5   1   5   2   3   3   3   4   8   2   0   3   8   5   1   8   5 
  5   8   6   4   6   5   8   4   7   3   5   6   6   7   2   3   7   7   4   4   2   8   6   8   2   3   1   5   1   8   4   6   7   4   1   5   8   8   7   4   5   7   1   2   0   4   4   8   5   8 
  8   9   8   8   7   2   1   7   7   2   1   5   2   7   6   7   3   2   2   9   4   1   3   8   4   4   3   4   1   7   6   2   4   1   2   6   2   3   4   5   5   2   8   8   9   0   6   3   3   8 
  6   1   5   5   7   4   6   8   3   6   5   5   1   9   3   7   7   2   5   7   6   2   5   7   8   2   9   3   7   3   3   6   9   6   6   7   6   2   5   5   9   5   3   3   4   9   0   6   4   6 
  6   6   1   6   1   3   2   3   1   2   6   3   4   3   7   8   9   7   1   3   4   3   6   6   4   3   5   1   3   9   1   9   3   6   4   9   4   5   9   8   1   3   5   7   5   7   1   0   6   3 
  9   2   9   2   9   4   9   5   3   9   3   2   6   9   6   5   4   7   5   4   3   5   3   2   1   7   7   7   5   8   2   5   1   7   4   5   7   8   4   3   5   8   5   7   6   8   6   3   0   5 
  3   7   9   5   6   6   3   3   2   3   7   2   7   4   8   1   7   9   1   4   6   6   6   3   4   9   2   1   6   9   7   7   6   3   6   4   5   6   3   5   4   8   4   7   7   8   5   7   2   0 
M7
  0   4   4   9   6   2   9   5   2   4   4   3   4   9   5   6   4   6   1   8   2   9   4   1   1   3   2   4   7   9   2   7   9   6   9   8   4   8   6   3   3   7   1   4   5   6   6   2   3   9 
  1   0   3   5   7   6   6   5   4   1   5   4   9   5   6   7   2   4   5   8   8   9   8   9   5   9   8   6   7   3   3   7   7   3   1   3   6   1   2   3   9   2   1   8   2   6   3   7   8   3 
  8   2   0   2   4   4   3   9   5   9   1   8   7   5   8   8   1   2   1   3   1   5   3   3   6   3   2   5   5   8   2   7   6   3   2   5   6   3   2   5   5   6   7   1   3   1   8   6   5   7 
  9   4   8   0   6   3   3   1   7   2   2   5   7   7   8   3   3   9   2   2   2   9   1   2   7   2   4   4   3   6   6   9   5   7   5   2   2   5   5   3   4   9   8   8   2   6   2   7   9   6 
  6   1   8   4   0   6   7   5   3   3   5   5   4   2   8   8   2   3   5   9   2   5   2   9   3   7   1   1   3   4   7   5   9   8   1   8   6   6   9   3   3   3   4   8   7   8   1   1   5   5 
  8   7   8   4   8   0   2   7   7   3   5   7   5   7   6   9   1   9   3   8   9   5   1   2   9   4   3   5   8   3   4   3   2   4   9   7   9   3   4   4   6   5   1   8   1   6   4   2   1   1 
  1   2   7   8   6   7   0   3   9   3   7   2   6   8   4   9   2   1   8   2   4   4   3   8   3   1   7   2   2   9   4   1   4   4   2   9   1   9   7   2   3   6   7   1   7   9   4   9   2   3 
  4   6   9   5   9   3   5   0   6   7   4   9   3   4   9   6   9   7   2   3   8   2   6   1   4   1   7   1   6   3   9   8   7   2   5   9   7   2   3   9   1   7   9   2   8   6   2   6   6   1 
  4   9   4   2   8   7   7   3   0   5   1   8   8   4   4   3   5   9   2   9   7   9   3   6   8   9   7   1   5   4   8   1   4   4   6   7   3   9   2   7   9   4   4   4   3   5   6   8   4   2 
  2   1   8   2   4   9   1   6   2   0   1   7   7   5   9   7   5   6   6   8   5   7   8   8   3   6   9   6   6   9   8   4   3   6   2   9   1   8   8   3   8   1   9   2   6   2   8   1   4   7 
  1   3   1   9   3   6   8   1   4   2   0   4   3   9   8   9   8   3   9   2   3   7   1   8   2   2   7   9   9   1   7   6   3   3   2   2   3   7   4   1   8   7   9   5   3   3   7   3   5   5 
  9   7   4   6   4   7   2   1   5   6   5   0   3   6   8   3   5   7   1   6   9   7   5   4   1   4   4   4   6   4   1   3   3   8   2   9   5   3   9   4   1   6   3   7   9   2   7   9   5   4 
  1   6   2   2   5   5   3   2   6   7   1   1   0   8   6   1   1   3   2   6   4   3   4   8   6   3   3   6   3   9   2   3   3   5   4   3   9   4   2   5   5   5   7   3   1   7   2   6   5   5 
  7   1   6   2   9   8   9   1   3   4   5   6   5   0   1   3   8   3   7   2   8   7   1   6   6   5   1   7   9   6   7   5   6   8   4   2   9   7   7   6   3   3   9   7   6   1   7   6   1   4 
  3   4   3   5   5   3   1   1   1   7   7   4   6   4   0   1   2   5   8   4   8   4   1   3   9   5   6   5   6   2   9   7   4   4   5   7   5   4   2   4   2   2   4   9   6   9   4   3   4   9 
  5   1   7   1   6   6   1   7   3   9   6   9   5   5   5   0   8   4   9   6   2   6   7   6   8   5   3   2   3   6   4   8   2   3   4   5   8   6   2   4   8   3   6   2   4   3   5   3   3   2 
  8   9   2   6   6   2   2   4   4   4   6   5   6   6   7   2   0   1   1   4   1   1   5   1   6   1   7   7   4   7   2   2   6   1   1   3   3   6   9   5   5   2   1   3   2   5   9   9   8   3 
  1   1   8   3   4   4   6   3   1   4   7   4   2   7   1   8   9   0   3   9   4   8   9   8   1   7   7   5   8   1   3   7   2   4   8   8   6   3   5   2   7   9   1   3   4   8   4   7   1   8 
  8   6   1   7   3   1   9   1   7   6   1   6   3   3   6   5   4   1   0   8   1   3   5   4   2   1   9   3   6   1   5   4   1   9   2   3   4   4   6   5   8   2   2   4   4   6   3   7   2   8 
  9   3   5   4   9   2   7   2   2   2   3   2   6   1   8   3   5   5   8   0   7   8   1   9   5   1   3   7   6   1   8   5   5   9   7   8   3   2   2   3   9   8   8   9   8   1   2   3   3   8 
  8   8   9   5   2   2   1   1   3   2   8   7   4   8   9   8   7   2   9   5   0   3   5   2   5   8   3   1   2   5   6   4   3   2   1   9   4   3   9   5   9   5   5   2   4   1   7   8   8   2 
  4   1   5   8   9   2   6   9   3   5   9   5   9   8   1   8   9   2   2   5   6   0   2   9   6   6   9   1   7   5   5   4   7   4   2   1   2   1   3   5   6   2   5   7   3   4   4   6   2   5 
  5   2   3   4   3   1   2   7   2   5   9   2   3   1   3   8   7   7   2   1   8   4   0   3   6   5   2   1   4   2   9   1   1   3   8   1   2   5   3   5   8   1   4   5   7   8   7   8   5   5 
  1   1   6   7   4   7   5   6   3   7   5   3   6   6   4   1   1   1   1   9   6   8   1   0   8   7   1   4   2   1   4   4   9   6   4   2   7   2   9   9   7   3   9   5   5   6   3   5   4   3 
  1   5   9   2   3   8   1   8   2   5   4   2   6   5   9   2   7   8   7   5   5   3   4   5   0   7   8   4   7   8   5   8   6   9   7   9   7   5   5   1   8   6   6   7   8   2   4   3   7   7 
  7   4   6   4   6   4   3   3   3   8   1   9   7   7   5   9   2   6   1   4   3   6   4   3   2   0   4   7   3   1   8   3   7   8   3   4   8   6   2   7   2   7   4   5   4   5   1   4   5   8 
  9   5   6   2   4   5   2   7   2   3   3   9   9   1   3   9   3   4   2   4   5   4   1   4   9   5   0   3   9   9   8   2   7   7   7   4   1   5   5   7   3   9   8   8   2   3   7   5   3   9 
  5   2   2   2   4   2   1   1   9   6   5   7   5   8   7   2   9   1   7   2   8   6   5   8   2   9   4   0   2   7   9   2   2   7   7   5   8   1   5   9   7   5   6   2   1   2   6   5   2   5 
  2   2   3   5   8   7   4   6   5   8   3   3   5   7   5   8   1   9   5   8   9   8   1   8   5   9   9   1   0   6   1   7   9   3   7   5   5   8   7   8   6   6   4   7   2   5   9   3   8   7 
  6   2   7   2   4   2   9   6   5   9   2   6   8   6   8   3   9   5   7   5   7   9   9   3   5   4   4   4   1   0   6   4   2   5   9   7   6   3   3   7   5   3   9   6   7   3   5   5   4   7 
  6   3   4   9   3   1   4   5   9   9   4   6   8   6   4   2   4   6   8   3   8   9   3   5   4   6   7   9   9   8   0   9   6   7   5   9   4   3   4   3   9   7   2   5   7   5   8   6   4   7 
  4   2   4   7   3   8   6   7   3   6   9   4   5   5   6   7   2   2   9   7   7   6   5   4   8   3   3   4   5   5   3   0   2   9   1   1   3   2   1   5   9   3   8   2   3   7   1   4   1   5 
  3   7   4   1   3   3   3   6   1   2   3   7   2   7   4   5   2   9   3   6   7   3   3   7   8   7   8   6   9   3   1   9   0   6   3   9   3   3   5   1   2   5   1   8   6   2   4   4   2   3 
  6   4   7   9   8   4   8   3   9   2   2   5   8   7   6   2   8   3   5   7   9   8   8   9   2   1   9   9   9   5   9   4   6   0   1   6   5   1   5   3   7   5   8   7   9   1   4   9   6   8 
  3   1   7   6   1   3   1   7   2   7   7   8   4   5   2   9   4   3   4   2   3   6   3   1   4   8   7   2   4   6   6   1   8   8   0   6   2   9   2   3   1   9   4   3   5   5   4   8   5   5 
  6   6   6   8   8   3   2   8   8   8   6   6   8   9   6   8   8   8   3   4   9   2   9   5   5   9   2   4   9   8   1   5   5   8   5   0   3   6   2   6   8   6   5   4   6   4   3   2   9   9 
  4   5   9   6   7   4   4   1   7   2   7   8   5   6   5   1   7   7   9   7   5   2   9   2   1   9   3   4   3   5   4   3   5   8   2   4   0   7   6   9   2   5   3   3   9   4   7   7   7   4 
  2   1   7   2   8   8   7   9   2   7   9   6   4   8   7   3   6   1   4   7   8   7   1   1   5   8   2   3   8   7   5   5   7   2   1   2   8   0   5   8   5   7   1   5   4   5   2   5   2   4 
  5   7   1   2   2   9   9   9   8   3   3   5   7   2   3   7   5   9   8   6   8   5   7   6   4   3   7   2   7   3   3   5   1   6   1   6   6   7   0   9   9   9   6   5   6   6   7   8   3   5 
  9   5   5   3   6   8   6   8   4   6   9   3   1   8   1   1   6   4   7   5   3   5   6   5   4   6   5   9   6   9   2   8   6   2   5   1   4   1   8   0   9   8   7   8   7   1   1   2   4   9 
  5   6   5   9   5   5   4   1   4   7   1   1   4   1   6   8   8   8   3   3   1   3   9   9   1   7   2   2   5   2   3   4   3   8   2   4   6   9   2   7   0   8   3   7   3   2   8   4   1   9 
  9   5   2   1   3   5   2   5   2   1   3   1   8   8   6   3   6   7   4   9   1   8   8   8   8   9   9   9   6   2   8   8   6   4   3   8   8   9   3   4   9   0   9   7   2   6   2   9   1   9 
  3   2   5   9   6   1   8   3   8   7   4   8   7   7   4   5   8   8   9   7   2   2   6   4   7   5   5   5   2   9   1   2   3   7   7   2   4   8   4   2   3   9   0   9   9   1   7   2   4   6 
  6   4   6   4   2   6   2   4   7   3   6   1   5   4   6   6   1   6   1   7   2   9   6   3   8   3   7   1   6   2   2   9   1   5   1   5   2   3   3   3   4   8   2   0   3   8   5   1   8   5 
  5   8   6   4   6   5   8   4   7   3   5   6   6   7   2   3   7   7   4   4   2   8   6   8   2   3   1   5   1   8   4   6   7   4   1   5   8   8   7   4   5   7   1   2   0   4   4   8   5   8 
  8   9   8   8   7   2   1   7   7   2   1   5   2   7   6   7   3   2   2   9   4   1   3   8   4   4   3   4   1   7   6   2   4   1   2   6   2   3   4   5   5   2   8   8   9   0   6   3   3   8 
  6   1   5   5   7   4   6   8   3   6   5   5   1   9   3   7   7   2   5   7   6   2   5   7   8   2   9   3   7   3   3   6   9   6   6   7   6   2   5   5   9   5   3   3   4   9   0   6   4   6 
  6   6   1   6   1   3   2   3   1   2   6   3   4   3   7   8   9   7   1   3   4   3   6   6   4   3   5   1   3   9   1   9   3   6   4   9   4   5   9   8   1   3   5   7   5   7   1   0   6   3 
  9   2   9   2   9   4   9   5   3   9   3   2   6   9   6   5   4   7   5   4   3   5   3   2   1   7   7   7   5   8   2   5   1   7   4   5   7   8   4   3   5   8   5   7   6   8   6   3   0   5 
  3   7   9   5   6   6   3   3   2   3   7   2   7   4   8   1   7   9   1   4   6   6   6   3   4   9   2   1   6   9   7   7   6   3   6   4   5   6   3   5   4   8   4   7   7   8   5   7   2   0 
Reldue
  878    8    7
  997    3    3
 1216    1    2
 1013    1    1
  793    1    3
 1123    2    4
 1747    1    3
  842    4    8
 1853    2    9
 1549    8    9
  957    4    6
 1591    9    8
  385    1    9
  606    6    6
  503    7    3
  835    4    5
  346    1    2
  662    6    1
  285    5    8
  558    2    1
  821    3    3
 1190    8    8
  475    6    9
  670    9    1
 1503    9    4
  338    6    6
 1443    4    8
 1120    5    2
 1837    6    3
 1127    6    4
  795    1    7
  625    4    9
 1669    6    3
  998    4    4
 2151    6    5
 1397    9    5
  695    2    2
 1141    9    7
 1268    8    5
 1745    5    2
 1633    1    2
 1725    2    9
 1548    3    6
  553    5    1
 1645    4    4
  620    1    9
  751    1    2
 2266    5    9
  568    9    5
 1019    4    1
DDW
  828   928
  906  1088
 1100  1332
  932  1094
  714   872
 1048  1199
 1659  1834
  761   924
 1740  1965
 1398  1699
  890  1024
 1492  1689
  355   415
  571   641
  457   548
  764   907
  320   372
  626   698
  271   300
  521   595
  764   877
 1089  1291
  436   513
  609   732
 1368  1638
  314   361
 1368  1518
 1060  1179
 1690  1984
 1051  1204
  741   849
  574   677
 1506  1832
  903  1093
 2020  2282
 1276  1517
  651   740
 1074  1209
 1184  1351
 1609  1881
 1477  1789
 1612  1839
 1399  1698
  517   590
 1508  1782
  576   664
  688   814
 2069  2462
  512   624
  959  1079
