20   5
MD
  4  3  3  2  2
PT
 52  93  17  25  39  72  47   9  45  39  61  43  83  18   3  39  52  68  85  93 
 55  94  93  23  93  31  64  82  64  85  42  65  43  49  20  67  46  87  76   1 
 94  49  13  34  34  96   1   2  40  49  13  46  50  14  13  83  72  20  42  72 
 93  22  83   9  45  42  17  68  78  77  77  49  61  80  20  15  68  70  46  32 
 47  16  49  83  31  51  91  13  27  50  47  67  49  43  41  43  53  95  60  92 
SSD
M0
  0   8   5   9   8   9   2   4   6   8   3   4   1   9   2   7   2   2   5   6 
  4   0   3   5   8   1   9   3   3   4   6   2   6   9   3   6   6   4   1   9 
  9   8   0   8   5   4   8   7   3   9   4   4   7   1   8   5   5   3   1   7 
  8   9   3   0   3   5   1   7   4   1   4   9   2   5   4   6   8   9   4   9 
  3   5   1   8   0   8   6   4   7   5   6   9   5   1   3   9   4   8   6   8 
  6   1   9   2   6   0   2   9   3   5   1   5   5   2   3   7   3   3   8   4 
  6   1   2   8   6   6   0   8   6   6   5   1   4   3   1   6   8   6   6   8 
  9   6   8   1   1   2   9   0   8   3   5   6   1   1   6   4   8   9   8   3 
  6   6   6   6   7   6   3   8   0   4   8   7   6   4   9   9   1   4   2   2 
  4   4   1   2   8   5   7   3   3   0   4   6   4   6   5   8   2   2   9   9 
  1   4   3   7   8   6   3   6   1   8   0   7   6   3   2   5   3   5   6   8 
  8   7   7   6   5   3   6   3   3   3   5   0   8   3   9   4   4   1   2   5 
  7   7   5   1   6   5   5   2   2   8   3   5   0   9   6   9   6   4   1   3 
  3   6   6   6   6   4   4   7   4   3   4   9   5   0   1   7   7   3   5   3 
  2   1   2   5   5   4   7   1   6   2   4   7   1   3   0   3   2   2   5   1 
  6   2   2   3   9   7   6   9   8   4   2   9   3   1   7   0   8   4   6   1 
  2   3   7   8   5   2   9   3   4   1   8   6   7   3   5   5   0   5   8   2 
  5   7   1   4   5   9   9   6   6   8   2   4   6   7   9   5   6   0   4   6 
  3   3   4   7   4   6   8   9   2   1   4   7   1   8   4   3   8   9   0   5 
  1   4   9   2   6   6   8   2   6   9   6   5   3   1   6   6   4   9   8   0 
M1
  0   8   5   9   8   9   2   4   6   8   3   4   1   9   2   7   2   2   5   6 
  4   0   3   5   8   1   9   3   3   4   6   2   6   9   3   6   6   4   1   9 
  9   8   0   8   5   4   8   7   3   9   4   4   7   1   8   5   5   3   1   7 
  8   9   3   0   3   5   1   7   4   1   4   9   2   5   4   6   8   9   4   9 
  3   5   1   8   0   8   6   4   7   5   6   9   5   1   3   9   4   8   6   8 
  6   1   9   2   6   0   2   9   3   5   1   5   5   2   3   7   3   3   8   4 
  6   1   2   8   6   6   0   8   6   6   5   1   4   3   1   6   8   6   6   8 
  9   6   8   1   1   2   9   0   8   3   5   6   1   1   6   4   8   9   8   3 
  6   6   6   6   7   6   3   8   0   4   8   7   6   4   9   9   1   4   2   2 
  4   4   1   2   8   5   7   3   3   0   4   6   4   6   5   8   2   2   9   9 
  1   4   3   7   8   6   3   6   1   8   0   7   6   3   2   5   3   5   6   8 
  8   7   7   6   5   3   6   3   3   3   5   0   8   3   9   4   4   1   2   5 
  7   7   5   1   6   5   5   2   2   8   3   5   0   9   6   9   6   4   1   3 
  3   6   6   6   6   4   4   7   4   3   4   9   5   0   1   7   7   3   5   3 
  2   1   2   5   5   4   7   1   6   2   4   7   1   3   0   3   2   2   5   1 
  6   2   2   3   9   7   6   9   8   4   2   9   3   1   7   0   8   4   6   1 
  2   3   7   8   5   2   9   3   4   1   8   6   7   3   5   5   0   5   8   2 
  5   7   1   4   5   9   9   6   6   8   2   4   6   7   9   5   6   0   4   6 
  3   3   4   7   4   6   8   9   2   1   4   7   1   8   4   3   8   9   0   5 
  1   4   9   2   6   6   8   2   6   9   6   5   3   1   6   6   4   9   8   0 
M2
  0   8   5   9   8   9   2   4   6   8   3   4   1   9   2   7   2   2   5   6 
  4   0   3   5   8   1   9   3   3   4   6   2   6   9   3   6   6   4   1   9 
  9   8   0   8   5   4   8   7   3   9   4   4   7   1   8   5   5   3   1   7 
  8   9   3   0   3   5   1   7   4   1   4   9   2   5   4   6   8   9   4   9 
  3   5   1   8   0   8   6   4   7   5   6   9   5   1   3   9   4   8   6   8 
  6   1   9   2   6   0   2   9   3   5   1   5   5   2   3   7   3   3   8   4 
  6   1   2   8   6   6   0   8   6   6   5   1   4   3   1   6   8   6   6   8 
  9   6   8   1   1   2   9   0   8   3   5   6   1   1   6   4   8   9   8   3 
  6   6   6   6   7   6   3   8   0   4   8   7   6   4   9   9   1   4   2   2 
  4   4   1   2   8   5   7   3   3   0   4   6   4   6   5   8   2   2   9   9 
  1   4   3   7   8   6   3   6   1   8   0   7   6   3   2   5   3   5   6   8 
  8   7   7   6   5   3   6   3   3   3   5   0   8   3   9   4   4   1   2   5 
  7   7   5   1   6   5   5   2   2   8   3   5   0   9   6   9   6   4   1   3 
  3   6   6   6   6   4   4   7   4   3   4   9   5   0   1   7   7   3   5   3 
  2   1   2   5   5   4   7   1   6   2   4   7   1   3   0   3   2   2   5   1 
  6   2   2   3   9   7   6   9   8   4   2   9   3   1   7   0   8   4   6   1 
  2   3   7   8   5   2   9   3   4   1   8   6   7   3   5   5   0   5   8   2 
  5   7   1   4   5   9   9   6   6   8   2   4   6   7   9   5   6   0   4   6 
  3   3   4   7   4   6   8   9   2   1   4   7   1   8   4   3   8   9   0   5 
  1   4   9   2   6   6   8   2   6   9   6   5   3   1   6   6   4   9   8   0 
M3
  0   8   5   9   8   9   2   4   6   8   3   4   1   9   2   7   2   2   5   6 
  4   0   3   5   8   1   9   3   3   4   6   2   6   9   3   6   6   4   1   9 
  9   8   0   8   5   4   8   7   3   9   4   4   7   1   8   5   5   3   1   7 
  8   9   3   0   3   5   1   7   4   1   4   9   2   5   4   6   8   9   4   9 
  3   5   1   8   0   8   6   4   7   5   6   9   5   1   3   9   4   8   6   8 
  6   1   9   2   6   0   2   9   3   5   1   5   5   2   3   7   3   3   8   4 
  6   1   2   8   6   6   0   8   6   6   5   1   4   3   1   6   8   6   6   8 
  9   6   8   1   1   2   9   0   8   3   5   6   1   1   6   4   8   9   8   3 
  6   6   6   6   7   6   3   8   0   4   8   7   6   4   9   9   1   4   2   2 
  4   4   1   2   8   5   7   3   3   0   4   6   4   6   5   8   2   2   9   9 
  1   4   3   7   8   6   3   6   1   8   0   7   6   3   2   5   3   5   6   8 
  8   7   7   6   5   3   6   3   3   3   5   0   8   3   9   4   4   1   2   5 
  7   7   5   1   6   5   5   2   2   8   3   5   0   9   6   9   6   4   1   3 
  3   6   6   6   6   4   4   7   4   3   4   9   5   0   1   7   7   3   5   3 
  2   1   2   5   5   4   7   1   6   2   4   7   1   3   0   3   2   2   5   1 
  6   2   2   3   9   7   6   9   8   4   2   9   3   1   7   0   8   4   6   1 
  2   3   7   8   5   2   9   3   4   1   8   6   7   3   5   5   0   5   8   2 
  5   7   1   4   5   9   9   6   6   8   2   4   6   7   9   5   6   0   4   6 
  3   3   4   7   4   6   8   9   2   1   4   7   1   8   4   3   8   9   0   5 
  1   4   9   2   6   6   8   2   6   9   6   5   3   1   6   6   4   9   8   0 
M4
  0   8   5   9   8   9   2   4   6   8   3   4   1   9   2   7   2   2   5   6 
  4   0   3   5   8   1   9   3   3   4   6   2   6   9   3   6   6   4   1   9 
  9   8   0   8   5   4   8   7   3   9   4   4   7   1   8   5   5   3   1   7 
  8   9   3   0   3   5   1   7   4   1   4   9   2   5   4   6   8   9   4   9 
  3   5   1   8   0   8   6   4   7   5   6   9   5   1   3   9   4   8   6   8 
  6   1   9   2   6   0   2   9   3   5   1   5   5   2   3   7   3   3   8   4 
  6   1   2   8   6   6   0   8   6   6   5   1   4   3   1   6   8   6   6   8 
  9   6   8   1   1   2   9   0   8   3   5   6   1   1   6   4   8   9   8   3 
  6   6   6   6   7   6   3   8   0   4   8   7   6   4   9   9   1   4   2   2 
  4   4   1   2   8   5   7   3   3   0   4   6   4   6   5   8   2   2   9   9 
  1   4   3   7   8   6   3   6   1   8   0   7   6   3   2   5   3   5   6   8 
  8   7   7   6   5   3   6   3   3   3   5   0   8   3   9   4   4   1   2   5 
  7   7   5   1   6   5   5   2   2   8   3   5   0   9   6   9   6   4   1   3 
  3   6   6   6   6   4   4   7   4   3   4   9   5   0   1   7   7   3   5   3 
  2   1   2   5   5   4   7   1   6   2   4   7   1   3   0   3   2   2   5   1 
  6   2   2   3   9   7   6   9   8   4   2   9   3   1   7   0   8   4   6   1 
  2   3   7   8   5   2   9   3   4   1   8   6   7   3   5   5   0   5   8   2 
  5   7   1   4   5   9   9   6   6   8   2   4   6   7   9   5   6   0   4   6 
  3   3   4   7   4   6   8   9   2   1   4   7   1   8   4   3   8   9   0   5 
  1   4   9   2   6   6   8   2   6   9   6   5   3   1   6   6   4   9   8   0 
Reldue
  449    4    3
  362    2    3
  537    1    2
  527    1    5
  422    5    8
  918    3    1
  629    5    4
  604    2    6
  650    4    7
  436    8    4
  852    1    7
  593    1    8
  727    2    6
  783    6    2
  453    3    9
  417    8    6
 1215    8    3
  873    9    4
 1307    5    6
 1182    4    1
DDW
  417   482
  335   388
  498   576
  491   563
  383   461
  848   988
  576   682
  565   643
  610   690
  413   458
  797   908
  552   633
  654   799
  721   845
  419   487
  393   442
 1105  1324
  806   939
 1234  1380
 1103  1261
