20   5
MD
  4  3  5  4  2
PT
 53  37  44  58   5  66  61  72  23  69  62  48  78  87  63  78  89  36  25  59 
  9  85  91  98  37  36  87  68  99  18  66  98  54  37  13  20  48  65  70  35 
 64  26  16  97  86  96  46  29  91  62  16  40  19  98  82  85  44  76  57  61 
 84  97  30  76   1  24  25  91  20  80  93  70  72  81  32  84  42  20  81  92 
 87  61  58  95  39   7  71  67  94  29  30  47  17  12  44  28  12  87  36  43 
SSD
M0
  0   5   2   6   7   5   2   2   8   2   7   4   1   1   8   8   3   5   2   9 
  1   0   3   1   2   4   8   3   6   8   3   2   4   7   6   4   2   7   5   3 
  4   1   0   1   1   8   5   9   4   5   2   2   4   9   3   1   9   5   8   4 
  7   3   2   0   3   9   2   8   7   6   2   2   2   6   4   5   3   7   6   2 
  8   4   2   3   0   1   6   3   4   1   5   7   5   2   8   8   6   5   6   8 
  6   1   7   4   6   0   8   7   6   2   6   4   3   6   3   8   5   6   2   5 
  1   8   4   9   5   3   0   1   2   8   8   9   2   4   9   5   7   4   4   9 
  9   4   4   4   6   2   2   0   8   9   5   2   9   1   4   2   6   3   7   6 
  2   2   3   8   7   6   1   3   0   1   3   4   4   1   5   7   2   4   4   1 
  3   6   6   8   8   3   3   9   6   0   7   8   6   7   6   9   2   7   5   6 
  1   4   4   6   8   8   8   5   2   4   0   5   6   6   3   9   3   1   7   7 
  2   2   7   4   5   9   7   7   8   3   7   0   4   5   1   2   8   6   3   4 
  1   8   8   2   3   2   3   9   3   4   5   3   0   3   6   3   2   7   2   7 
  2   8   9   7   3   8   4   3   8   5   7   4   7   0   6   6   5   1   2   4 
  1   2   6   3   7   9   6   8   5   6   1   6   2   4   0   9   6   5   1   2 
  8   6   9   8   6   8   6   2   8   2   2   2   2   1   6   0   3   9   7   3 
  8   3   9   2   6   3   7   7   5   3   1   2   2   1   2   2   0   2   6   5 
  6   1   5   7   1   2   1   6   8   1   8   9   4   9   1   5   5   0   6   6 
  2   7   1   5   8   3   2   6   4   8   5   8   8   1   1   6   8   4   0   4 
  5   4   7   2   4   7   1   1   4   4   2   5   5   2   3   2   8   8   5   0 
M1
  0   5   2   6   7   5   2   2   8   2   7   4   1   1   8   8   3   5   2   9 
  1   0   3   1   2   4   8   3   6   8   3   2   4   7   6   4   2   7   5   3 
  4   1   0   1   1   8   5   9   4   5   2   2   4   9   3   1   9   5   8   4 
  7   3   2   0   3   9   2   8   7   6   2   2   2   6   4   5   3   7   6   2 
  8   4   2   3   0   1   6   3   4   1   5   7   5   2   8   8   6   5   6   8 
  6   1   7   4   6   0   8   7   6   2   6   4   3   6   3   8   5   6   2   5 
  1   8   4   9   5   3   0   1   2   8   8   9   2   4   9   5   7   4   4   9 
  9   4   4   4   6   2   2   0   8   9   5   2   9   1   4   2   6   3   7   6 
  2   2   3   8   7   6   1   3   0   1   3   4   4   1   5   7   2   4   4   1 
  3   6   6   8   8   3   3   9   6   0   7   8   6   7   6   9   2   7   5   6 
  1   4   4   6   8   8   8   5   2   4   0   5   6   6   3   9   3   1   7   7 
  2   2   7   4   5   9   7   7   8   3   7   0   4   5   1   2   8   6   3   4 
  1   8   8   2   3   2   3   9   3   4   5   3   0   3   6   3   2   7   2   7 
  2   8   9   7   3   8   4   3   8   5   7   4   7   0   6   6   5   1   2   4 
  1   2   6   3   7   9   6   8   5   6   1   6   2   4   0   9   6   5   1   2 
  8   6   9   8   6   8   6   2   8   2   2   2   2   1   6   0   3   9   7   3 
  8   3   9   2   6   3   7   7   5   3   1   2   2   1   2   2   0   2   6   5 
  6   1   5   7   1   2   1   6   8   1   8   9   4   9   1   5   5   0   6   6 
  2   7   1   5   8   3   2   6   4   8   5   8   8   1   1   6   8   4   0   4 
  5   4   7   2   4   7   1   1   4   4   2   5   5   2   3   2   8   8   5   0 
M2
  0   5   2   6   7   5   2   2   8   2   7   4   1   1   8   8   3   5   2   9 
  1   0   3   1   2   4   8   3   6   8   3   2   4   7   6   4   2   7   5   3 
  4   1   0   1   1   8   5   9   4   5   2   2   4   9   3   1   9   5   8   4 
  7   3   2   0   3   9   2   8   7   6   2   2   2   6   4   5   3   7   6   2 
  8   4   2   3   0   1   6   3   4   1   5   7   5   2   8   8   6   5   6   8 
  6   1   7   4   6   0   8   7   6   2   6   4   3   6   3   8   5   6   2   5 
  1   8   4   9   5   3   0   1   2   8   8   9   2   4   9   5   7   4   4   9 
  9   4   4   4   6   2   2   0   8   9   5   2   9   1   4   2   6   3   7   6 
  2   2   3   8   7   6   1   3   0   1   3   4   4   1   5   7   2   4   4   1 
  3   6   6   8   8   3   3   9   6   0   7   8   6   7   6   9   2   7   5   6 
  1   4   4   6   8   8   8   5   2   4   0   5   6   6   3   9   3   1   7   7 
  2   2   7   4   5   9   7   7   8   3   7   0   4   5   1   2   8   6   3   4 
  1   8   8   2   3   2   3   9   3   4   5   3   0   3   6   3   2   7   2   7 
  2   8   9   7   3   8   4   3   8   5   7   4   7   0   6   6   5   1   2   4 
  1   2   6   3   7   9   6   8   5   6   1   6   2   4   0   9   6   5   1   2 
  8   6   9   8   6   8   6   2   8   2   2   2   2   1   6   0   3   9   7   3 
  8   3   9   2   6   3   7   7   5   3   1   2   2   1   2   2   0   2   6   5 
  6   1   5   7   1   2   1   6   8   1   8   9   4   9   1   5   5   0   6   6 
  2   7   1   5   8   3   2   6   4   8   5   8   8   1   1   6   8   4   0   4 
  5   4   7   2   4   7   1   1   4   4   2   5   5   2   3   2   8   8   5   0 
M3
  0   5   2   6   7   5   2   2   8   2   7   4   1   1   8   8   3   5   2   9 
  1   0   3   1   2   4   8   3   6   8   3   2   4   7   6   4   2   7   5   3 
  4   1   0   1   1   8   5   9   4   5   2   2   4   9   3   1   9   5   8   4 
  7   3   2   0   3   9   2   8   7   6   2   2   2   6   4   5   3   7   6   2 
  8   4   2   3   0   1   6   3   4   1   5   7   5   2   8   8   6   5   6   8 
  6   1   7   4   6   0   8   7   6   2   6   4   3   6   3   8   5   6   2   5 
  1   8   4   9   5   3   0   1   2   8   8   9   2   4   9   5   7   4   4   9 
  9   4   4   4   6   2   2   0   8   9   5   2   9   1   4   2   6   3   7   6 
  2   2   3   8   7   6   1   3   0   1   3   4   4   1   5   7   2   4   4   1 
  3   6   6   8   8   3   3   9   6   0   7   8   6   7   6   9   2   7   5   6 
  1   4   4   6   8   8   8   5   2   4   0   5   6   6   3   9   3   1   7   7 
  2   2   7   4   5   9   7   7   8   3   7   0   4   5   1   2   8   6   3   4 
  1   8   8   2   3   2   3   9   3   4   5   3   0   3   6   3   2   7   2   7 
  2   8   9   7   3   8   4   3   8   5   7   4   7   0   6   6   5   1   2   4 
  1   2   6   3   7   9   6   8   5   6   1   6   2   4   0   9   6   5   1   2 
  8   6   9   8   6   8   6   2   8   2   2   2   2   1   6   0   3   9   7   3 
  8   3   9   2   6   3   7   7   5   3   1   2   2   1   2   2   0   2   6   5 
  6   1   5   7   1   2   1   6   8   1   8   9   4   9   1   5   5   0   6   6 
  2   7   1   5   8   3   2   6   4   8   5   8   8   1   1   6   8   4   0   4 
  5   4   7   2   4   7   1   1   4   4   2   5   5   2   3   2   8   8   5   0 
M4
  0   5   2   6   7   5   2   2   8   2   7   4   1   1   8   8   3   5   2   9 
  1   0   3   1   2   4   8   3   6   8   3   2   4   7   6   4   2   7   5   3 
  4   1   0   1   1   8   5   9   4   5   2   2   4   9   3   1   9   5   8   4 
  7   3   2   0   3   9   2   8   7   6   2   2   2   6   4   5   3   7   6   2 
  8   4   2   3   0   1   6   3   4   1   5   7   5   2   8   8   6   5   6   8 
  6   1   7   4   6   0   8   7   6   2   6   4   3   6   3   8   5   6   2   5 
  1   8   4   9   5   3   0   1   2   8   8   9   2   4   9   5   7   4   4   9 
  9   4   4   4   6   2   2   0   8   9   5   2   9   1   4   2   6   3   7   6 
  2   2   3   8   7   6   1   3   0   1   3   4   4   1   5   7   2   4   4   1 
  3   6   6   8   8   3   3   9   6   0   7   8   6   7   6   9   2   7   5   6 
  1   4   4   6   8   8   8   5   2   4   0   5   6   6   3   9   3   1   7   7 
  2   2   7   4   5   9   7   7   8   3   7   0   4   5   1   2   8   6   3   4 
  1   8   8   2   3   2   3   9   3   4   5   3   0   3   6   3   2   7   2   7 
  2   8   9   7   3   8   4   3   8   5   7   4   7   0   6   6   5   1   2   4 
  1   2   6   3   7   9   6   8   5   6   1   6   2   4   0   9   6   5   1   2 
  8   6   9   8   6   8   6   2   8   2   2   2   2   1   6   0   3   9   7   3 
  8   3   9   2   6   3   7   7   5   3   1   2   2   1   2   2   0   2   6   5 
  6   1   5   7   1   2   1   6   8   1   8   9   4   9   1   5   5   0   6   6 
  2   7   1   5   8   3   2   6   4   8   5   8   8   1   1   6   8   4   0   4 
  5   4   7   2   4   7   1   1   4   4   2   5   5   2   3   2   8   8   5   0 
Reldue
  834    5    6
  814    2    1
  631    7    2
 1496    8    5
  524    5    1
  695    9    6
 1223    6    4
  857    2    3
 1343    7    6
  509    1    9
  944    6    8
  461    3    8
  283    2    9
 1316    6    6
  857    5    7
 1105    6    6
 1014    6    8
  430    4    5
  375    3    7
  960    8    5
DDW
  782   885
  768   860
  589   674
 1409  1583
  495   552
  626   764
 1128  1318
  794   921
 1253  1434
  464   553
  882  1006
  416   507
  258   308
 1245  1387
  807   907
 1005  1204
  915  1112
  408   451
  339   411
  903  1018
