20   8
MD
  3  4  3  4  3  2  2  2
PT
 51  95  30  86  26  80  22  51  31  53  27  74  53  37  87  20  62  71  24  85 
 85  87  48  53  66  86  92  19  52  65  51  84  90  48  36  69  72  62  90  62 
 72  17  86  13  63  97  12  20  38  27  45  82  94  75  97  13  74  22  49  85 
 26  77  89  13  35  10  30   5  25  65  89   4  42  41  96  87  29  58  98  19 
  9  44  93  89  85  19  66  76  94   1  42  27   8  18  23  90  34   4   9   8 
 41  87  25  16  81  72  60  10  21  77   2   3  93  20  62   9  93  51  64  71 
 28  22  43  70  97  13  84  29  71  54  87  95  81  89  52  37  27  91  44  96 
 51   2  60   5  12  69  18  69  96  22  91  39  53  28  29  58   4  24  51  10 
SSD
M0
  0   5   6   9   3   1   2   5   6   8   1   6   5   5   6   3   3   2   9   8 
  9   0   5   2   7   3   2   1   7   1   6   5   1   2   2   8   4   8   5   6 
  2   3   0   4   4   2   7   3   8   4   8   5   5   4   7   1   7   1   9   5 
  9   6   8   0   8   4   4   9   5   6   1   8   2   7   6   8   5   1   2   9 
  9   5   9   4   0   4   7   6   5   9   7   3   7   2   2   1   7   1   2   7 
  5   8   9   1   1   0   2   2   6   6   7   9   6   7   8   4   9   8   6   7 
  5   1   4   8   1   8   0   2   8   1   6   3   8   2   7   7   2   7   1   4 
  5   7   2   7   7   9   1   0   7   8   8   8   4   3   8   5   8   2   7   8 
  8   2   6   6   4   5   3   9   0   8   2   3   5   2   9   3   9   9   5   7 
  6   4   3   1   3   2   4   9   2   0   4   9   6   3   7   3   3   4   7   2 
  8   1   3   7   5   6   1   2   1   9   0   2   8   2   5   5   1   1   2   2 
  1   8   3   9   7   9   7   5   4   5   4   0   5   6   7   4   7   3   6   6 
  3   4   5   4   9   3   6   9   6   8   8   2   0   7   5   7   4   6   8   7 
  4   8   9   7   9   7   3   7   1   8   5   9   5   0   8   8   2   7   5   3 
  3   4   9   6   9   7   5   4   7   4   6   4   5   2   0   2   6   1   9   2 
  7   8   5   3   4   3   6   3   1   3   7   1   2   7   2   0   6   6   9   7 
  9   3   6   9   4   6   7   6   3   3   6   7   7   3   1   4   0   2   4   5 
  1   9   6   2   8   8   7   8   1   3   2   8   4   9   3   1   4   0   5   1 
  9   9   6   1   9   2   5   3   9   9   9   7   1   4   3   6   1   5   0   5 
  5   8   2   2   5   3   3   3   2   8   8   6   2   3   6   6   2   1   8   0 
M1
  0   5   6   9   3   1   2   5   6   8   1   6   5   5   6   3   3   2   9   8 
  9   0   5   2   7   3   2   1   7   1   6   5   1   2   2   8   4   8   5   6 
  2   3   0   4   4   2   7   3   8   4   8   5   5   4   7   1   7   1   9   5 
  9   6   8   0   8   4   4   9   5   6   1   8   2   7   6   8   5   1   2   9 
  9   5   9   4   0   4   7   6   5   9   7   3   7   2   2   1   7   1   2   7 
  5   8   9   1   1   0   2   2   6   6   7   9   6   7   8   4   9   8   6   7 
  5   1   4   8   1   8   0   2   8   1   6   3   8   2   7   7   2   7   1   4 
  5   7   2   7   7   9   1   0   7   8   8   8   4   3   8   5   8   2   7   8 
  8   2   6   6   4   5   3   9   0   8   2   3   5   2   9   3   9   9   5   7 
  6   4   3   1   3   2   4   9   2   0   4   9   6   3   7   3   3   4   7   2 
  8   1   3   7   5   6   1   2   1   9   0   2   8   2   5   5   1   1   2   2 
  1   8   3   9   7   9   7   5   4   5   4   0   5   6   7   4   7   3   6   6 
  3   4   5   4   9   3   6   9   6   8   8   2   0   7   5   7   4   6   8   7 
  4   8   9   7   9   7   3   7   1   8   5   9   5   0   8   8   2   7   5   3 
  3   4   9   6   9   7   5   4   7   4   6   4   5   2   0   2   6   1   9   2 
  7   8   5   3   4   3   6   3   1   3   7   1   2   7   2   0   6   6   9   7 
  9   3   6   9   4   6   7   6   3   3   6   7   7   3   1   4   0   2   4   5 
  1   9   6   2   8   8   7   8   1   3   2   8   4   9   3   1   4   0   5   1 
  9   9   6   1   9   2   5   3   9   9   9   7   1   4   3   6   1   5   0   5 
  5   8   2   2   5   3   3   3   2   8   8   6   2   3   6   6   2   1   8   0 
M2
  0   5   6   9   3   1   2   5   6   8   1   6   5   5   6   3   3   2   9   8 
  9   0   5   2   7   3   2   1   7   1   6   5   1   2   2   8   4   8   5   6 
  2   3   0   4   4   2   7   3   8   4   8   5   5   4   7   1   7   1   9   5 
  9   6   8   0   8   4   4   9   5   6   1   8   2   7   6   8   5   1   2   9 
  9   5   9   4   0   4   7   6   5   9   7   3   7   2   2   1   7   1   2   7 
  5   8   9   1   1   0   2   2   6   6   7   9   6   7   8   4   9   8   6   7 
  5   1   4   8   1   8   0   2   8   1   6   3   8   2   7   7   2   7   1   4 
  5   7   2   7   7   9   1   0   7   8   8   8   4   3   8   5   8   2   7   8 
  8   2   6   6   4   5   3   9   0   8   2   3   5   2   9   3   9   9   5   7 
  6   4   3   1   3   2   4   9   2   0   4   9   6   3   7   3   3   4   7   2 
  8   1   3   7   5   6   1   2   1   9   0   2   8   2   5   5   1   1   2   2 
  1   8   3   9   7   9   7   5   4   5   4   0   5   6   7   4   7   3   6   6 
  3   4   5   4   9   3   6   9   6   8   8   2   0   7   5   7   4   6   8   7 
  4   8   9   7   9   7   3   7   1   8   5   9   5   0   8   8   2   7   5   3 
  3   4   9   6   9   7   5   4   7   4   6   4   5   2   0   2   6   1   9   2 
  7   8   5   3   4   3   6   3   1   3   7   1   2   7   2   0   6   6   9   7 
  9   3   6   9   4   6   7   6   3   3   6   7   7   3   1   4   0   2   4   5 
  1   9   6   2   8   8   7   8   1   3   2   8   4   9   3   1   4   0   5   1 
  9   9   6   1   9   2   5   3   9   9   9   7   1   4   3   6   1   5   0   5 
  5   8   2   2   5   3   3   3   2   8   8   6   2   3   6   6   2   1   8   0 
M3
  0   5   6   9   3   1   2   5   6   8   1   6   5   5   6   3   3   2   9   8 
  9   0   5   2   7   3   2   1   7   1   6   5   1   2   2   8   4   8   5   6 
  2   3   0   4   4   2   7   3   8   4   8   5   5   4   7   1   7   1   9   5 
  9   6   8   0   8   4   4   9   5   6   1   8   2   7   6   8   5   1   2   9 
  9   5   9   4   0   4   7   6   5   9   7   3   7   2   2   1   7   1   2   7 
  5   8   9   1   1   0   2   2   6   6   7   9   6   7   8   4   9   8   6   7 
  5   1   4   8   1   8   0   2   8   1   6   3   8   2   7   7   2   7   1   4 
  5   7   2   7   7   9   1   0   7   8   8   8   4   3   8   5   8   2   7   8 
  8   2   6   6   4   5   3   9   0   8   2   3   5   2   9   3   9   9   5   7 
  6   4   3   1   3   2   4   9   2   0   4   9   6   3   7   3   3   4   7   2 
  8   1   3   7   5   6   1   2   1   9   0   2   8   2   5   5   1   1   2   2 
  1   8   3   9   7   9   7   5   4   5   4   0   5   6   7   4   7   3   6   6 
  3   4   5   4   9   3   6   9   6   8   8   2   0   7   5   7   4   6   8   7 
  4   8   9   7   9   7   3   7   1   8   5   9   5   0   8   8   2   7   5   3 
  3   4   9   6   9   7   5   4   7   4   6   4   5   2   0   2   6   1   9   2 
  7   8   5   3   4   3   6   3   1   3   7   1   2   7   2   0   6   6   9   7 
  9   3   6   9   4   6   7   6   3   3   6   7   7   3   1   4   0   2   4   5 
  1   9   6   2   8   8   7   8   1   3   2   8   4   9   3   1   4   0   5   1 
  9   9   6   1   9   2   5   3   9   9   9   7   1   4   3   6   1   5   0   5 
  5   8   2   2   5   3   3   3   2   8   8   6   2   3   6   6   2   1   8   0 
M4
  0   5   6   9   3   1   2   5   6   8   1   6   5   5   6   3   3   2   9   8 
  9   0   5   2   7   3   2   1   7   1   6   5   1   2   2   8   4   8   5   6 
  2   3   0   4   4   2   7   3   8   4   8   5   5   4   7   1   7   1   9   5 
  9   6   8   0   8   4   4   9   5   6   1   8   2   7   6   8   5   1   2   9 
  9   5   9   4   0   4   7   6   5   9   7   3   7   2   2   1   7   1   2   7 
  5   8   9   1   1   0   2   2   6   6   7   9   6   7   8   4   9   8   6   7 
  5   1   4   8   1   8   0   2   8   1   6   3   8   2   7   7   2   7   1   4 
  5   7   2   7   7   9   1   0   7   8   8   8   4   3   8   5   8   2   7   8 
  8   2   6   6   4   5   3   9   0   8   2   3   5   2   9   3   9   9   5   7 
  6   4   3   1   3   2   4   9   2   0   4   9   6   3   7   3   3   4   7   2 
  8   1   3   7   5   6   1   2   1   9   0   2   8   2   5   5   1   1   2   2 
  1   8   3   9   7   9   7   5   4   5   4   0   5   6   7   4   7   3   6   6 
  3   4   5   4   9   3   6   9   6   8   8   2   0   7   5   7   4   6   8   7 
  4   8   9   7   9   7   3   7   1   8   5   9   5   0   8   8   2   7   5   3 
  3   4   9   6   9   7   5   4   7   4   6   4   5   2   0   2   6   1   9   2 
  7   8   5   3   4   3   6   3   1   3   7   1   2   7   2   0   6   6   9   7 
  9   3   6   9   4   6   7   6   3   3   6   7   7   3   1   4   0   2   4   5 
  1   9   6   2   8   8   7   8   1   3   2   8   4   9   3   1   4   0   5   1 
  9   9   6   1   9   2   5   3   9   9   9   7   1   4   3   6   1   5   0   5 
  5   8   2   2   5   3   3   3   2   8   8   6   2   3   6   6   2   1   8   0 
M5
  0   5   6   9   3   1   2   5   6   8   1   6   5   5   6   3   3   2   9   8 
  9   0   5   2   7   3   2   1   7   1   6   5   1   2   2   8   4   8   5   6 
  2   3   0   4   4   2   7   3   8   4   8   5   5   4   7   1   7   1   9   5 
  9   6   8   0   8   4   4   9   5   6   1   8   2   7   6   8   5   1   2   9 
  9   5   9   4   0   4   7   6   5   9   7   3   7   2   2   1   7   1   2   7 
  5   8   9   1   1   0   2   2   6   6   7   9   6   7   8   4   9   8   6   7 
  5   1   4   8   1   8   0   2   8   1   6   3   8   2   7   7   2   7   1   4 
  5   7   2   7   7   9   1   0   7   8   8   8   4   3   8   5   8   2   7   8 
  8   2   6   6   4   5   3   9   0   8   2   3   5   2   9   3   9   9   5   7 
  6   4   3   1   3   2   4   9   2   0   4   9   6   3   7   3   3   4   7   2 
  8   1   3   7   5   6   1   2   1   9   0   2   8   2   5   5   1   1   2   2 
  1   8   3   9   7   9   7   5   4   5   4   0   5   6   7   4   7   3   6   6 
  3   4   5   4   9   3   6   9   6   8   8   2   0   7   5   7   4   6   8   7 
  4   8   9   7   9   7   3   7   1   8   5   9   5   0   8   8   2   7   5   3 
  3   4   9   6   9   7   5   4   7   4   6   4   5   2   0   2   6   1   9   2 
  7   8   5   3   4   3   6   3   1   3   7   1   2   7   2   0   6   6   9   7 
  9   3   6   9   4   6   7   6   3   3   6   7   7   3   1   4   0   2   4   5 
  1   9   6   2   8   8   7   8   1   3   2   8   4   9   3   1   4   0   5   1 
  9   9   6   1   9   2   5   3   9   9   9   7   1   4   3   6   1   5   0   5 
  5   8   2   2   5   3   3   3   2   8   8   6   2   3   6   6   2   1   8   0 
M6
  0   5   6   9   3   1   2   5   6   8   1   6   5   5   6   3   3   2   9   8 
  9   0   5   2   7   3   2   1   7   1   6   5   1   2   2   8   4   8   5   6 
  2   3   0   4   4   2   7   3   8   4   8   5   5   4   7   1   7   1   9   5 
  9   6   8   0   8   4   4   9   5   6   1   8   2   7   6   8   5   1   2   9 
  9   5   9   4   0   4   7   6   5   9   7   3   7   2   2   1   7   1   2   7 
  5   8   9   1   1   0   2   2   6   6   7   9   6   7   8   4   9   8   6   7 
  5   1   4   8   1   8   0   2   8   1   6   3   8   2   7   7   2   7   1   4 
  5   7   2   7   7   9   1   0   7   8   8   8   4   3   8   5   8   2   7   8 
  8   2   6   6   4   5   3   9   0   8   2   3   5   2   9   3   9   9   5   7 
  6   4   3   1   3   2   4   9   2   0   4   9   6   3   7   3   3   4   7   2 
  8   1   3   7   5   6   1   2   1   9   0   2   8   2   5   5   1   1   2   2 
  1   8   3   9   7   9   7   5   4   5   4   0   5   6   7   4   7   3   6   6 
  3   4   5   4   9   3   6   9   6   8   8   2   0   7   5   7   4   6   8   7 
  4   8   9   7   9   7   3   7   1   8   5   9   5   0   8   8   2   7   5   3 
  3   4   9   6   9   7   5   4   7   4   6   4   5   2   0   2   6   1   9   2 
  7   8   5   3   4   3   6   3   1   3   7   1   2   7   2   0   6   6   9   7 
  9   3   6   9   4   6   7   6   3   3   6   7   7   3   1   4   0   2   4   5 
  1   9   6   2   8   8   7   8   1   3   2   8   4   9   3   1   4   0   5   1 
  9   9   6   1   9   2   5   3   9   9   9   7   1   4   3   6   1   5   0   5 
  5   8   2   2   5   3   3   3   2   8   8   6   2   3   6   6   2   1   8   0 
M7
  0   5   6   9   3   1   2   5   6   8   1   6   5   5   6   3   3   2   9   8 
  9   0   5   2   7   3   2   1   7   1   6   5   1   2   2   8   4   8   5   6 
  2   3   0   4   4   2   7   3   8   4   8   5   5   4   7   1   7   1   9   5 
  9   6   8   0   8   4   4   9   5   6   1   8   2   7   6   8   5   1   2   9 
  9   5   9   4   0   4   7   6   5   9   7   3   7   2   2   1   7   1   2   7 
  5   8   9   1   1   0   2   2   6   6   7   9   6   7   8   4   9   8   6   7 
  5   1   4   8   1   8   0   2   8   1   6   3   8   2   7   7   2   7   1   4 
  5   7   2   7   7   9   1   0   7   8   8   8   4   3   8   5   8   2   7   8 
  8   2   6   6   4   5   3   9   0   8   2   3   5   2   9   3   9   9   5   7 
  6   4   3   1   3   2   4   9   2   0   4   9   6   3   7   3   3   4   7   2 
  8   1   3   7   5   6   1   2   1   9   0   2   8   2   5   5   1   1   2   2 
  1   8   3   9   7   9   7   5   4   5   4   0   5   6   7   4   7   3   6   6 
  3   4   5   4   9   3   6   9   6   8   8   2   0   7   5   7   4   6   8   7 
  4   8   9   7   9   7   3   7   1   8   5   9   5   0   8   8   2   7   5   3 
  3   4   9   6   9   7   5   4   7   4   6   4   5   2   0   2   6   1   9   2 
  7   8   5   3   4   3   6   3   1   3   7   1   2   7   2   0   6   6   9   7 
  9   3   6   9   4   6   7   6   3   3   6   7   7   3   1   4   0   2   4   5 
  1   9   6   2   8   8   7   8   1   3   2   8   4   9   3   1   4   0   5   1 
  9   9   6   1   9   2   5   3   9   9   9   7   1   4   3   6   1   5   0   5 
  5   8   2   2   5   3   3   3   2   8   8   6   2   3   6   6   2   1   8   0 
Reldue
  420    8    7
 1022    5    8
 1678    8    3
  504    1    8
 1468    6    1
  620    6    4
  995    7    4
  905    7    6
 1425    2    2
  467    9    9
  913    4    4
  834    2    5
 1197    7    2
 1072    3    1
 1691    3    2
  622    9    5
 1487    6    2
  486    3    5
 1118    8    9
  957    3    4
DDW
  391   449
  949  1094
 1592  1763
  460   549
 1332  1605
  578   661
  923  1067
  857   953
 1348  1503
  442   493
  862   965
  772   897
 1120  1274
 1014  1129
 1571  1811
  589   656
 1361  1612
  448   523
 1028  1208
  886  1027
