50   5
MD
  2  5  3  5  4
PT
 70  62   2  75  43  84  53  89  66  12  21  14  47  26  61  54  92  66  16  26   7  38  16  54  46   5  84  53   1  55  34  23  89  79  12  12  37  58  38  78  82  53  19  95  36  34  64  39  14  39 
 73  19  68  92  72  14  88  39  48  38  46  49  57  22  21  84  55  40  27  32  98  54  32  80  19  10  51  55  14  56  15  27  67  47  40  75  39  77  30  55  47  99  79  72  57  40   9  39  24  48 
 60  73  94  67  74  22  51  59  64  58  99   5  94  88  42  79  48  76  97  86  57  67  50  29  87  66   2  20  80  93  21  76  24  97  58  83  96  40  33  52  60  70   7  11  36  88  97  13  66  97 
 71  18  34   2  28  66  80  36  49  56  35  69  63  44  19  74  83  37  18  57  63  54  94  94  96  46  34  96  88  59  31  89  56  41  99  46  24  49  73  91  19  99  12  97  62  12  98  28  62  88 
 19  33  24  52  42   7  37  33  93  98  45  14  71  19  12  81   5  46  74  82  45  76  47  29  53  82  93  49  78  82  47  83  97  88  94  22  12  30  42  28  69  21  85  54  50  81  13  39  42  60 
SSD
M0
  0   5   7   2   5   6   4   4   3   7   8   9   6   6   8   9   9   9   3   5   1   2   7   1   1   7   7   4   4   6   1   2   8   9   6   8   1   9   8   5   3   5   6   2   5   8   9   8   6   7 
  7   0   5   1   2   3   6   9   5   2   4   7   5   2   7   4   4   6   5   6   7   5   6   8   8   9   8   6   8   2   6   2   2   7   9   9   7   7   6   8   7   3   6   9   2   1   5   6   7   4 
  5   3   0   7   9   6   6   3   6   1   7   5   7   7   7   5   6   6   3   9   5   1   6   2   3   9   1   5   8   9   4   9   5   5   2   7   3   2   8   2   8   6   1   8   8   8   9   6   4   6 
  1   9   4   0   5   3   2   4   8   2   6   4   6   8   8   4   7   4   6   6   7   6   6   9   1   2   7   9   1   3   4   8   9   2   3   7   2   9   6   1   4   3   9   7   4   6   4   9   1   5 
  8   8   6   7   0   3   6   5   5   3   2   2   3   3   3   9   1   2   8   5   1   7   3   4   2   4   9   4   5   4   5   6   1   1   1   7   7   9   9   7   5   3   4   5   3   1   9   6   6   3 
  9   5   2   9   5   0   5   3   3   8   2   6   3   8   7   1   3   7   3   5   5   1   6   4   9   1   2   6   1   9   8   4   3   9   2   5   3   7   6   3   4   4   1   7   4   6   6   2   4   2 
  6   4   4   9   8   6   0   5   4   7   4   9   9   8   6   7   3   8   1   7   4   1   8   1   3   8   2   4   4   1   9   7   1   3   1   5   1   3   9   9   2   9   1   9   9   1   1   4   8   3 
  6   6   5   7   1   4   3   0   4   8   2   1   1   4   3   8   4   6   4   7   1   1   6   8   3   3   4   2   3   9   6   1   3   5   9   2   5   9   4   3   4   2   7   8   6   4   9   6   3   1 
  8   3   7   2   8   8   9   6   0   9   3   3   5   3   6   9   6   9   4   8   2   8   9   2   1   9   6   4   6   3   9   4   9   6   3   1   7   6   6   5   3   4   7   4   4   1   9   4   3   2 
  8   5   3   5   7   2   9   9   2   0   8   6   2   7   8   4   9   8   4   8   4   2   6   4   6   1   4   5   7   1   4   1   4   8   9   5   6   9   3   4   6   2   4   3   1   7   4   6   7   3 
  3   9   6   5   7   8   8   6   9   6   0   5   2   3   9   6   1   7   8   4   6   5   4   6   5   2   9   1   6   8   7   9   7   7   5   7   9   7   7   7   3   3   2   5   8   5   9   4   2   3 
  4   3   9   8   9   9   6   7   4   1   6   0   2   6   1   2   4   5   6   7   2   7   5   7   2   6   2   8   8   7   1   2   5   6   9   8   3   4   9   3   3   3   7   9   8   5   9   1   2   3 
  7   9   1   6   4   3   1   6   4   5   5   3   0   2   6   9   1   6   5   7   9   5   6   2   7   9   9   5   8   9   1   7   1   1   8   3   5   5   5   2   8   3   8   6   1   4   5   8   5   5 
  8   8   2   7   4   9   7   3   8   8   7   7   8   0   7   8   9   5   4   5   3   8   8   1   1   3   8   9   7   7   3   5   7   2   3   9   9   2   4   8   6   1   7   5   6   2   5   3   6   4 
  3   8   3   5   6   1   3   7   4   9   1   5   2   8   0   2   8   6   9   2   6   1   2   2   4   3   1   1   6   5   5   6   2   7   5   7   7   9   9   1   3   5   7   9   9   5   5   8   1   7 
  4   5   4   4   4   1   3   7   2   7   1   3   8   7   7   0   7   5   3   4   7   3   4   1   1   6   3   6   1   1   3   6   5   1   4   2   6   7   5   3   5   7   5   3   2   4   7   3   5   7 
  2   8   4   5   6   8   7   3   1   9   6   3   2   2   2   4   0   4   6   5   8   4   3   6   5   7   5   1   4   1   2   2   7   8   1   5   5   4   7   4   3   2   2   9   2   1   7   5   7   8 
  8   8   5   1   3   4   5   5   2   4   1   8   7   4   8   5   6   0   7   6   5   7   3   7   9   6   7   1   4   5   7   7   9   7   5   9   4   2   9   3   5   2   3   2   3   6   2   6   8   4 
  2   5   3   8   7   6   9   3   8   1   3   9   2   2   2   8   2   9   0   6   3   7   1   1   9   9   2   1   7   5   1   5   9   2   4   7   7   1   9   7   1   4   2   7   2   1   2   3   7   2 
  5   7   1   1   8   4   9   3   1   6   6   9   8   5   3   8   3   1   4   0   2   8   3   3   1   8   7   5   8   6   8   6   6   1   8   8   6   2   4   3   8   8   4   4   7   7   4   6   6   8 
  3   8   3   9   7   8   6   1   9   8   7   8   5   4   8   9   2   4   1   5   0   9   2   2   5   4   2   5   8   1   2   8   4   7   1   7   8   4   4   4   8   3   6   4   7   2   1   1   3   7 
  2   8   6   1   3   9   7   5   6   5   2   5   2   4   7   8   5   8   1   7   7   0   9   5   2   4   4   8   5   9   5   1   4   8   4   9   6   9   6   7   1   5   4   3   2   9   9   8   4   4 
  3   2   7   1   4   7   2   6   5   1   2   3   1   8   3   7   3   1   9   1   8   5   0   4   8   4   7   9   2   3   5   9   2   3   7   6   5   7   7   2   6   2   9   1   3   6   2   5   8   5 
  2   9   4   9   6   3   6   9   5   1   9   3   4   1   7   5   7   4   1   8   6   4   1   0   4   5   6   8   2   9   7   9   7   8   6   7   6   3   8   9   7   4   1   3   1   7   9   7   3   9 
  6   2   6   9   6   4   5   7   1   6   6   6   9   1   3   7   5   1   8   7   9   9   2   8   0   1   3   9   6   8   4   7   3   1   1   7   7   3   4   6   7   5   1   9   8   5   7   7   2   7 
  7   4   4   2   9   3   1   7   8   6   9   7   5   3   4   2   1   3   2   4   4   7   3   9   3   0   7   9   7   6   2   1   5   5   9   6   5   8   4   4   2   9   3   4   3   7   1   1   8   8 
  8   1   2   2   6   4   2   2   5   9   6   5   3   6   4   8   7   9   6   5   5   2   6   6   9   6   0   6   4   9   5   8   7   3   8   5   6   9   2   3   7   4   2   2   2   8   2   4   7   5 
  1   6   4   9   1   4   2   1   3   7   6   8   8   5   2   2   7   3   9   7   3   7   1   7   7   5   4   0   8   9   6   9   6   1   9   5   4   3   8   3   2   7   2   6   7   7   9   8   7   8 
  8   9   2   8   4   7   1   4   7   6   8   1   7   4   6   6   7   4   3   8   1   5   4   5   7   6   1   9   0   3   8   9   3   8   3   5   8   2   9   5   7   1   5   3   8   3   9   4   5   1 
  7   2   6   6   5   7   8   9   3   3   1   2   4   6   8   9   8   3   3   4   4   6   6   3   1   8   5   5   7   0   6   3   3   8   4   3   2   3   4   6   7   7   6   5   7   5   5   6   2   1 
  8   6   8   7   5   4   1   8   7   4   6   1   1   8   4   8   1   4   7   7   9   9   2   2   7   7   7   9   8   6   0   7   9   6   5   2   7   6   3   9   3   8   9   1   3   7   5   4   5   1 
  9   2   5   7   7   1   5   4   5   2   1   9   9   3   5   5   7   4   7   7   7   1   3   5   6   1   6   1   1   5   9   0   9   1   2   3   5   3   1   8   1   1   8   2   3   6   3   6   6   9 
  9   8   8   1   8   4   5   3   1   6   8   2   9   1   1   4   6   5   5   1   8   3   4   4   1   5   8   5   7   6   8   8   0   5   4   1   7   8   1   3   1   5   6   7   8   9   7   8   4   6 
  9   4   8   4   7   5   3   3   9   9   1   7   1   5   6   2   6   8   2   4   7   4   5   5   6   9   1   4   5   7   8   6   8   0   9   6   6   7   6   3   1   9   2   1   6   3   6   7   9   2 
  7   7   6   4   7   1   4   5   4   5   5   8   4   8   9   8   3   4   6   5   2   9   6   6   9   1   9   8   5   1   5   7   3   8   0   3   2   8   6   3   7   9   3   5   5   6   2   1   9   8 
  6   7   7   9   5   9   4   3   4   7   2   3   9   4   1   2   7   8   3   5   1   3   2   9   9   2   8   3   4   9   1   6   4   9   8   0   5   4   6   7   4   1   7   9   6   1   2   5   4   9 
  3   6   8   7   8   9   7   1   8   6   6   7   1   1   6   8   6   7   5   7   5   3   5   9   1   4   6   9   4   1   7   7   7   1   9   9   0   7   8   5   5   9   5   9   8   4   9   8   8   9 
  2   4   5   3   2   5   7   3   2   3   1   2   8   5   7   4   7   7   5   3   1   7   4   6   3   9   1   6   8   2   6   6   2   7   9   9   5   0   5   1   9   8   3   2   2   4   5   7   1   1 
  3   9   5   2   6   1   4   3   5   1   4   6   7   8   1   6   4   4   4   4   5   6   3   7   2   5   3   3   4   3   5   7   9   8   9   3   7   7   0   3   1   9   4   8   2   3   1   3   8   3 
  6   9   6   8   4   8   3   7   1   2   4   8   8   4   1   6   2   3   3   2   1   4   5   9   2   5   7   4   7   5   2   3   6   2   2   2   5   4   7   0   2   9   3   4   5   3   4   2   7   5 
  6   1   6   9   6   7   5   3   9   1   9   6   7   5   3   8   9   6   3   9   7   2   8   8   2   1   1   4   5   7   5   6   9   5   4   8   8   3   9   9   0   2   5   8   3   5   9   9   9   8 
  5   9   5   1   1   6   9   2   4   9   6   8   5   4   1   2   5   5   3   7   7   1   3   8   2   4   5   5   7   4   6   5   7   8   9   6   4   4   3   2   3   0   3   6   4   4   1   1   9   3 
  5   9   4   9   9   3   7   9   8   6   1   1   2   2   7   3   5   9   8   6   9   8   9   8   6   9   4   6   2   5   4   2   5   9   5   8   9   2   4   3   7   3   0   4   2   3   4   5   6   8 
  6   6   3   9   7   9   8   3   7   4   5   1   7   1   3   4   7   5   5   9   1   3   9   5   9   1   5   4   2   2   2   8   7   5   8   9   7   7   1   2   7   7   6   0   5   1   7   1   7   6 
  7   9   9   6   9   7   4   3   4   6   3   5   9   9   7   9   6   5   9   5   4   8   3   4   1   1   8   4   1   3   5   8   2   7   5   2   3   4   4   5   1   6   8   3   0   6   1   5   2   3 
  3   3   5   7   8   5   1   6   7   9   8   7   9   2   2   5   8   1   7   5   6   1   8   8   9   4   3   6   3   8   1   8   7   2   4   7   5   6   5   8   8   3   6   2   4   0   9   3   8   1 
  7   6   5   7   1   9   3   2   3   1   3   1   9   7   3   4   3   6   1   5   8   7   5   3   2   4   4   2   1   2   9   7   6   3   9   6   8   5   5   4   3   2   1   2   6   9   0   3   4   8 
  2   3   9   2   6   6   2   3   6   4   6   4   2   4   4   7   6   6   1   3   7   4   2   7   1   4   2   9   3   2   7   6   3   6   4   5   9   7   1   6   2   2   5   3   8   6   4   0   3   8 
  5   5   4   9   8   6   9   4   3   7   8   2   8   5   7   1   4   6   7   2   2   1   2   9   6   1   4   5   6   5   7   2   8   2   7   8   6   8   7   5   7   2   9   2   1   8   8   2   0   2 
  8   5   2   5   5   1   1   2   7   7   9   6   1   1   3   4   7   7   7   2   5   3   9   8   1   6   2   7   4   6   7   2   6   4   7   1   5   2   8   7   1   3   4   7   2   5   3   3   8   0 
M1
  0   5   7   2   5   6   4   4   3   7   8   9   6   6   8   9   9   9   3   5   1   2   7   1   1   7   7   4   4   6   1   2   8   9   6   8   1   9   8   5   3   5   6   2   5   8   9   8   6   7 
  7   0   5   1   2   3   6   9   5   2   4   7   5   2   7   4   4   6   5   6   7   5   6   8   8   9   8   6   8   2   6   2   2   7   9   9   7   7   6   8   7   3   6   9   2   1   5   6   7   4 
  5   3   0   7   9   6   6   3   6   1   7   5   7   7   7   5   6   6   3   9   5   1   6   2   3   9   1   5   8   9   4   9   5   5   2   7   3   2   8   2   8   6   1   8   8   8   9   6   4   6 
  1   9   4   0   5   3   2   4   8   2   6   4   6   8   8   4   7   4   6   6   7   6   6   9   1   2   7   9   1   3   4   8   9   2   3   7   2   9   6   1   4   3   9   7   4   6   4   9   1   5 
  8   8   6   7   0   3   6   5   5   3   2   2   3   3   3   9   1   2   8   5   1   7   3   4   2   4   9   4   5   4   5   6   1   1   1   7   7   9   9   7   5   3   4   5   3   1   9   6   6   3 
  9   5   2   9   5   0   5   3   3   8   2   6   3   8   7   1   3   7   3   5   5   1   6   4   9   1   2   6   1   9   8   4   3   9   2   5   3   7   6   3   4   4   1   7   4   6   6   2   4   2 
  6   4   4   9   8   6   0   5   4   7   4   9   9   8   6   7   3   8   1   7   4   1   8   1   3   8   2   4   4   1   9   7   1   3   1   5   1   3   9   9   2   9   1   9   9   1   1   4   8   3 
  6   6   5   7   1   4   3   0   4   8   2   1   1   4   3   8   4   6   4   7   1   1   6   8   3   3   4   2   3   9   6   1   3   5   9   2   5   9   4   3   4   2   7   8   6   4   9   6   3   1 
  8   3   7   2   8   8   9   6   0   9   3   3   5   3   6   9   6   9   4   8   2   8   9   2   1   9   6   4   6   3   9   4   9   6   3   1   7   6   6   5   3   4   7   4   4   1   9   4   3   2 
  8   5   3   5   7   2   9   9   2   0   8   6   2   7   8   4   9   8   4   8   4   2   6   4   6   1   4   5   7   1   4   1   4   8   9   5   6   9   3   4   6   2   4   3   1   7   4   6   7   3 
  3   9   6   5   7   8   8   6   9   6   0   5   2   3   9   6   1   7   8   4   6   5   4   6   5   2   9   1   6   8   7   9   7   7   5   7   9   7   7   7   3   3   2   5   8   5   9   4   2   3 
  4   3   9   8   9   9   6   7   4   1   6   0   2   6   1   2   4   5   6   7   2   7   5   7   2   6   2   8   8   7   1   2   5   6   9   8   3   4   9   3   3   3   7   9   8   5   9   1   2   3 
  7   9   1   6   4   3   1   6   4   5   5   3   0   2   6   9   1   6   5   7   9   5   6   2   7   9   9   5   8   9   1   7   1   1   8   3   5   5   5   2   8   3   8   6   1   4   5   8   5   5 
  8   8   2   7   4   9   7   3   8   8   7   7   8   0   7   8   9   5   4   5   3   8   8   1   1   3   8   9   7   7   3   5   7   2   3   9   9   2   4   8   6   1   7   5   6   2   5   3   6   4 
  3   8   3   5   6   1   3   7   4   9   1   5   2   8   0   2   8   6   9   2   6   1   2   2   4   3   1   1   6   5   5   6   2   7   5   7   7   9   9   1   3   5   7   9   9   5   5   8   1   7 
  4   5   4   4   4   1   3   7   2   7   1   3   8   7   7   0   7   5   3   4   7   3   4   1   1   6   3   6   1   1   3   6   5   1   4   2   6   7   5   3   5   7   5   3   2   4   7   3   5   7 
  2   8   4   5   6   8   7   3   1   9   6   3   2   2   2   4   0   4   6   5   8   4   3   6   5   7   5   1   4   1   2   2   7   8   1   5   5   4   7   4   3   2   2   9   2   1   7   5   7   8 
  8   8   5   1   3   4   5   5   2   4   1   8   7   4   8   5   6   0   7   6   5   7   3   7   9   6   7   1   4   5   7   7   9   7   5   9   4   2   9   3   5   2   3   2   3   6   2   6   8   4 
  2   5   3   8   7   6   9   3   8   1   3   9   2   2   2   8   2   9   0   6   3   7   1   1   9   9   2   1   7   5   1   5   9   2   4   7   7   1   9   7   1   4   2   7   2   1   2   3   7   2 
  5   7   1   1   8   4   9   3   1   6   6   9   8   5   3   8   3   1   4   0   2   8   3   3   1   8   7   5   8   6   8   6   6   1   8   8   6   2   4   3   8   8   4   4   7   7   4   6   6   8 
  3   8   3   9   7   8   6   1   9   8   7   8   5   4   8   9   2   4   1   5   0   9   2   2   5   4   2   5   8   1   2   8   4   7   1   7   8   4   4   4   8   3   6   4   7   2   1   1   3   7 
  2   8   6   1   3   9   7   5   6   5   2   5   2   4   7   8   5   8   1   7   7   0   9   5   2   4   4   8   5   9   5   1   4   8   4   9   6   9   6   7   1   5   4   3   2   9   9   8   4   4 
  3   2   7   1   4   7   2   6   5   1   2   3   1   8   3   7   3   1   9   1   8   5   0   4   8   4   7   9   2   3   5   9   2   3   7   6   5   7   7   2   6   2   9   1   3   6   2   5   8   5 
  2   9   4   9   6   3   6   9   5   1   9   3   4   1   7   5   7   4   1   8   6   4   1   0   4   5   6   8   2   9   7   9   7   8   6   7   6   3   8   9   7   4   1   3   1   7   9   7   3   9 
  6   2   6   9   6   4   5   7   1   6   6   6   9   1   3   7   5   1   8   7   9   9   2   8   0   1   3   9   6   8   4   7   3   1   1   7   7   3   4   6   7   5   1   9   8   5   7   7   2   7 
  7   4   4   2   9   3   1   7   8   6   9   7   5   3   4   2   1   3   2   4   4   7   3   9   3   0   7   9   7   6   2   1   5   5   9   6   5   8   4   4   2   9   3   4   3   7   1   1   8   8 
  8   1   2   2   6   4   2   2   5   9   6   5   3   6   4   8   7   9   6   5   5   2   6   6   9   6   0   6   4   9   5   8   7   3   8   5   6   9   2   3   7   4   2   2   2   8   2   4   7   5 
  1   6   4   9   1   4   2   1   3   7   6   8   8   5   2   2   7   3   9   7   3   7   1   7   7   5   4   0   8   9   6   9   6   1   9   5   4   3   8   3   2   7   2   6   7   7   9   8   7   8 
  8   9   2   8   4   7   1   4   7   6   8   1   7   4   6   6   7   4   3   8   1   5   4   5   7   6   1   9   0   3   8   9   3   8   3   5   8   2   9   5   7   1   5   3   8   3   9   4   5   1 
  7   2   6   6   5   7   8   9   3   3   1   2   4   6   8   9   8   3   3   4   4   6   6   3   1   8   5   5   7   0   6   3   3   8   4   3   2   3   4   6   7   7   6   5   7   5   5   6   2   1 
  8   6   8   7   5   4   1   8   7   4   6   1   1   8   4   8   1   4   7   7   9   9   2   2   7   7   7   9   8   6   0   7   9   6   5   2   7   6   3   9   3   8   9   1   3   7   5   4   5   1 
  9   2   5   7   7   1   5   4   5   2   1   9   9   3   5   5   7   4   7   7   7   1   3   5   6   1   6   1   1   5   9   0   9   1   2   3   5   3   1   8   1   1   8   2   3   6   3   6   6   9 
  9   8   8   1   8   4   5   3   1   6   8   2   9   1   1   4   6   5   5   1   8   3   4   4   1   5   8   5   7   6   8   8   0   5   4   1   7   8   1   3   1   5   6   7   8   9   7   8   4   6 
  9   4   8   4   7   5   3   3   9   9   1   7   1   5   6   2   6   8   2   4   7   4   5   5   6   9   1   4   5   7   8   6   8   0   9   6   6   7   6   3   1   9   2   1   6   3   6   7   9   2 
  7   7   6   4   7   1   4   5   4   5   5   8   4   8   9   8   3   4   6   5   2   9   6   6   9   1   9   8   5   1   5   7   3   8   0   3   2   8   6   3   7   9   3   5   5   6   2   1   9   8 
  6   7   7   9   5   9   4   3   4   7   2   3   9   4   1   2   7   8   3   5   1   3   2   9   9   2   8   3   4   9   1   6   4   9   8   0   5   4   6   7   4   1   7   9   6   1   2   5   4   9 
  3   6   8   7   8   9   7   1   8   6   6   7   1   1   6   8   6   7   5   7   5   3   5   9   1   4   6   9   4   1   7   7   7   1   9   9   0   7   8   5   5   9   5   9   8   4   9   8   8   9 
  2   4   5   3   2   5   7   3   2   3   1   2   8   5   7   4   7   7   5   3   1   7   4   6   3   9   1   6   8   2   6   6   2   7   9   9   5   0   5   1   9   8   3   2   2   4   5   7   1   1 
  3   9   5   2   6   1   4   3   5   1   4   6   7   8   1   6   4   4   4   4   5   6   3   7   2   5   3   3   4   3   5   7   9   8   9   3   7   7   0   3   1   9   4   8   2   3   1   3   8   3 
  6   9   6   8   4   8   3   7   1   2   4   8   8   4   1   6   2   3   3   2   1   4   5   9   2   5   7   4   7   5   2   3   6   2   2   2   5   4   7   0   2   9   3   4   5   3   4   2   7   5 
  6   1   6   9   6   7   5   3   9   1   9   6   7   5   3   8   9   6   3   9   7   2   8   8   2   1   1   4   5   7   5   6   9   5   4   8   8   3   9   9   0   2   5   8   3   5   9   9   9   8 
  5   9   5   1   1   6   9   2   4   9   6   8   5   4   1   2   5   5   3   7   7   1   3   8   2   4   5   5   7   4   6   5   7   8   9   6   4   4   3   2   3   0   3   6   4   4   1   1   9   3 
  5   9   4   9   9   3   7   9   8   6   1   1   2   2   7   3   5   9   8   6   9   8   9   8   6   9   4   6   2   5   4   2   5   9   5   8   9   2   4   3   7   3   0   4   2   3   4   5   6   8 
  6   6   3   9   7   9   8   3   7   4   5   1   7   1   3   4   7   5   5   9   1   3   9   5   9   1   5   4   2   2   2   8   7   5   8   9   7   7   1   2   7   7   6   0   5   1   7   1   7   6 
  7   9   9   6   9   7   4   3   4   6   3   5   9   9   7   9   6   5   9   5   4   8   3   4   1   1   8   4   1   3   5   8   2   7   5   2   3   4   4   5   1   6   8   3   0   6   1   5   2   3 
  3   3   5   7   8   5   1   6   7   9   8   7   9   2   2   5   8   1   7   5   6   1   8   8   9   4   3   6   3   8   1   8   7   2   4   7   5   6   5   8   8   3   6   2   4   0   9   3   8   1 
  7   6   5   7   1   9   3   2   3   1   3   1   9   7   3   4   3   6   1   5   8   7   5   3   2   4   4   2   1   2   9   7   6   3   9   6   8   5   5   4   3   2   1   2   6   9   0   3   4   8 
  2   3   9   2   6   6   2   3   6   4   6   4   2   4   4   7   6   6   1   3   7   4   2   7   1   4   2   9   3   2   7   6   3   6   4   5   9   7   1   6   2   2   5   3   8   6   4   0   3   8 
  5   5   4   9   8   6   9   4   3   7   8   2   8   5   7   1   4   6   7   2   2   1   2   9   6   1   4   5   6   5   7   2   8   2   7   8   6   8   7   5   7   2   9   2   1   8   8   2   0   2 
  8   5   2   5   5   1   1   2   7   7   9   6   1   1   3   4   7   7   7   2   5   3   9   8   1   6   2   7   4   6   7   2   6   4   7   1   5   2   8   7   1   3   4   7   2   5   3   3   8   0 
M2
  0   5   7   2   5   6   4   4   3   7   8   9   6   6   8   9   9   9   3   5   1   2   7   1   1   7   7   4   4   6   1   2   8   9   6   8   1   9   8   5   3   5   6   2   5   8   9   8   6   7 
  7   0   5   1   2   3   6   9   5   2   4   7   5   2   7   4   4   6   5   6   7   5   6   8   8   9   8   6   8   2   6   2   2   7   9   9   7   7   6   8   7   3   6   9   2   1   5   6   7   4 
  5   3   0   7   9   6   6   3   6   1   7   5   7   7   7   5   6   6   3   9   5   1   6   2   3   9   1   5   8   9   4   9   5   5   2   7   3   2   8   2   8   6   1   8   8   8   9   6   4   6 
  1   9   4   0   5   3   2   4   8   2   6   4   6   8   8   4   7   4   6   6   7   6   6   9   1   2   7   9   1   3   4   8   9   2   3   7   2   9   6   1   4   3   9   7   4   6   4   9   1   5 
  8   8   6   7   0   3   6   5   5   3   2   2   3   3   3   9   1   2   8   5   1   7   3   4   2   4   9   4   5   4   5   6   1   1   1   7   7   9   9   7   5   3   4   5   3   1   9   6   6   3 
  9   5   2   9   5   0   5   3   3   8   2   6   3   8   7   1   3   7   3   5   5   1   6   4   9   1   2   6   1   9   8   4   3   9   2   5   3   7   6   3   4   4   1   7   4   6   6   2   4   2 
  6   4   4   9   8   6   0   5   4   7   4   9   9   8   6   7   3   8   1   7   4   1   8   1   3   8   2   4   4   1   9   7   1   3   1   5   1   3   9   9   2   9   1   9   9   1   1   4   8   3 
  6   6   5   7   1   4   3   0   4   8   2   1   1   4   3   8   4   6   4   7   1   1   6   8   3   3   4   2   3   9   6   1   3   5   9   2   5   9   4   3   4   2   7   8   6   4   9   6   3   1 
  8   3   7   2   8   8   9   6   0   9   3   3   5   3   6   9   6   9   4   8   2   8   9   2   1   9   6   4   6   3   9   4   9   6   3   1   7   6   6   5   3   4   7   4   4   1   9   4   3   2 
  8   5   3   5   7   2   9   9   2   0   8   6   2   7   8   4   9   8   4   8   4   2   6   4   6   1   4   5   7   1   4   1   4   8   9   5   6   9   3   4   6   2   4   3   1   7   4   6   7   3 
  3   9   6   5   7   8   8   6   9   6   0   5   2   3   9   6   1   7   8   4   6   5   4   6   5   2   9   1   6   8   7   9   7   7   5   7   9   7   7   7   3   3   2   5   8   5   9   4   2   3 
  4   3   9   8   9   9   6   7   4   1   6   0   2   6   1   2   4   5   6   7   2   7   5   7   2   6   2   8   8   7   1   2   5   6   9   8   3   4   9   3   3   3   7   9   8   5   9   1   2   3 
  7   9   1   6   4   3   1   6   4   5   5   3   0   2   6   9   1   6   5   7   9   5   6   2   7   9   9   5   8   9   1   7   1   1   8   3   5   5   5   2   8   3   8   6   1   4   5   8   5   5 
  8   8   2   7   4   9   7   3   8   8   7   7   8   0   7   8   9   5   4   5   3   8   8   1   1   3   8   9   7   7   3   5   7   2   3   9   9   2   4   8   6   1   7   5   6   2   5   3   6   4 
  3   8   3   5   6   1   3   7   4   9   1   5   2   8   0   2   8   6   9   2   6   1   2   2   4   3   1   1   6   5   5   6   2   7   5   7   7   9   9   1   3   5   7   9   9   5   5   8   1   7 
  4   5   4   4   4   1   3   7   2   7   1   3   8   7   7   0   7   5   3   4   7   3   4   1   1   6   3   6   1   1   3   6   5   1   4   2   6   7   5   3   5   7   5   3   2   4   7   3   5   7 
  2   8   4   5   6   8   7   3   1   9   6   3   2   2   2   4   0   4   6   5   8   4   3   6   5   7   5   1   4   1   2   2   7   8   1   5   5   4   7   4   3   2   2   9   2   1   7   5   7   8 
  8   8   5   1   3   4   5   5   2   4   1   8   7   4   8   5   6   0   7   6   5   7   3   7   9   6   7   1   4   5   7   7   9   7   5   9   4   2   9   3   5   2   3   2   3   6   2   6   8   4 
  2   5   3   8   7   6   9   3   8   1   3   9   2   2   2   8   2   9   0   6   3   7   1   1   9   9   2   1   7   5   1   5   9   2   4   7   7   1   9   7   1   4   2   7   2   1   2   3   7   2 
  5   7   1   1   8   4   9   3   1   6   6   9   8   5   3   8   3   1   4   0   2   8   3   3   1   8   7   5   8   6   8   6   6   1   8   8   6   2   4   3   8   8   4   4   7   7   4   6   6   8 
  3   8   3   9   7   8   6   1   9   8   7   8   5   4   8   9   2   4   1   5   0   9   2   2   5   4   2   5   8   1   2   8   4   7   1   7   8   4   4   4   8   3   6   4   7   2   1   1   3   7 
  2   8   6   1   3   9   7   5   6   5   2   5   2   4   7   8   5   8   1   7   7   0   9   5   2   4   4   8   5   9   5   1   4   8   4   9   6   9   6   7   1   5   4   3   2   9   9   8   4   4 
  3   2   7   1   4   7   2   6   5   1   2   3   1   8   3   7   3   1   9   1   8   5   0   4   8   4   7   9   2   3   5   9   2   3   7   6   5   7   7   2   6   2   9   1   3   6   2   5   8   5 
  2   9   4   9   6   3   6   9   5   1   9   3   4   1   7   5   7   4   1   8   6   4   1   0   4   5   6   8   2   9   7   9   7   8   6   7   6   3   8   9   7   4   1   3   1   7   9   7   3   9 
  6   2   6   9   6   4   5   7   1   6   6   6   9   1   3   7   5   1   8   7   9   9   2   8   0   1   3   9   6   8   4   7   3   1   1   7   7   3   4   6   7   5   1   9   8   5   7   7   2   7 
  7   4   4   2   9   3   1   7   8   6   9   7   5   3   4   2   1   3   2   4   4   7   3   9   3   0   7   9   7   6   2   1   5   5   9   6   5   8   4   4   2   9   3   4   3   7   1   1   8   8 
  8   1   2   2   6   4   2   2   5   9   6   5   3   6   4   8   7   9   6   5   5   2   6   6   9   6   0   6   4   9   5   8   7   3   8   5   6   9   2   3   7   4   2   2   2   8   2   4   7   5 
  1   6   4   9   1   4   2   1   3   7   6   8   8   5   2   2   7   3   9   7   3   7   1   7   7   5   4   0   8   9   6   9   6   1   9   5   4   3   8   3   2   7   2   6   7   7   9   8   7   8 
  8   9   2   8   4   7   1   4   7   6   8   1   7   4   6   6   7   4   3   8   1   5   4   5   7   6   1   9   0   3   8   9   3   8   3   5   8   2   9   5   7   1   5   3   8   3   9   4   5   1 
  7   2   6   6   5   7   8   9   3   3   1   2   4   6   8   9   8   3   3   4   4   6   6   3   1   8   5   5   7   0   6   3   3   8   4   3   2   3   4   6   7   7   6   5   7   5   5   6   2   1 
  8   6   8   7   5   4   1   8   7   4   6   1   1   8   4   8   1   4   7   7   9   9   2   2   7   7   7   9   8   6   0   7   9   6   5   2   7   6   3   9   3   8   9   1   3   7   5   4   5   1 
  9   2   5   7   7   1   5   4   5   2   1   9   9   3   5   5   7   4   7   7   7   1   3   5   6   1   6   1   1   5   9   0   9   1   2   3   5   3   1   8   1   1   8   2   3   6   3   6   6   9 
  9   8   8   1   8   4   5   3   1   6   8   2   9   1   1   4   6   5   5   1   8   3   4   4   1   5   8   5   7   6   8   8   0   5   4   1   7   8   1   3   1   5   6   7   8   9   7   8   4   6 
  9   4   8   4   7   5   3   3   9   9   1   7   1   5   6   2   6   8   2   4   7   4   5   5   6   9   1   4   5   7   8   6   8   0   9   6   6   7   6   3   1   9   2   1   6   3   6   7   9   2 
  7   7   6   4   7   1   4   5   4   5   5   8   4   8   9   8   3   4   6   5   2   9   6   6   9   1   9   8   5   1   5   7   3   8   0   3   2   8   6   3   7   9   3   5   5   6   2   1   9   8 
  6   7   7   9   5   9   4   3   4   7   2   3   9   4   1   2   7   8   3   5   1   3   2   9   9   2   8   3   4   9   1   6   4   9   8   0   5   4   6   7   4   1   7   9   6   1   2   5   4   9 
  3   6   8   7   8   9   7   1   8   6   6   7   1   1   6   8   6   7   5   7   5   3   5   9   1   4   6   9   4   1   7   7   7   1   9   9   0   7   8   5   5   9   5   9   8   4   9   8   8   9 
  2   4   5   3   2   5   7   3   2   3   1   2   8   5   7   4   7   7   5   3   1   7   4   6   3   9   1   6   8   2   6   6   2   7   9   9   5   0   5   1   9   8   3   2   2   4   5   7   1   1 
  3   9   5   2   6   1   4   3   5   1   4   6   7   8   1   6   4   4   4   4   5   6   3   7   2   5   3   3   4   3   5   7   9   8   9   3   7   7   0   3   1   9   4   8   2   3   1   3   8   3 
  6   9   6   8   4   8   3   7   1   2   4   8   8   4   1   6   2   3   3   2   1   4   5   9   2   5   7   4   7   5   2   3   6   2   2   2   5   4   7   0   2   9   3   4   5   3   4   2   7   5 
  6   1   6   9   6   7   5   3   9   1   9   6   7   5   3   8   9   6   3   9   7   2   8   8   2   1   1   4   5   7   5   6   9   5   4   8   8   3   9   9   0   2   5   8   3   5   9   9   9   8 
  5   9   5   1   1   6   9   2   4   9   6   8   5   4   1   2   5   5   3   7   7   1   3   8   2   4   5   5   7   4   6   5   7   8   9   6   4   4   3   2   3   0   3   6   4   4   1   1   9   3 
  5   9   4   9   9   3   7   9   8   6   1   1   2   2   7   3   5   9   8   6   9   8   9   8   6   9   4   6   2   5   4   2   5   9   5   8   9   2   4   3   7   3   0   4   2   3   4   5   6   8 
  6   6   3   9   7   9   8   3   7   4   5   1   7   1   3   4   7   5   5   9   1   3   9   5   9   1   5   4   2   2   2   8   7   5   8   9   7   7   1   2   7   7   6   0   5   1   7   1   7   6 
  7   9   9   6   9   7   4   3   4   6   3   5   9   9   7   9   6   5   9   5   4   8   3   4   1   1   8   4   1   3   5   8   2   7   5   2   3   4   4   5   1   6   8   3   0   6   1   5   2   3 
  3   3   5   7   8   5   1   6   7   9   8   7   9   2   2   5   8   1   7   5   6   1   8   8   9   4   3   6   3   8   1   8   7   2   4   7   5   6   5   8   8   3   6   2   4   0   9   3   8   1 
  7   6   5   7   1   9   3   2   3   1   3   1   9   7   3   4   3   6   1   5   8   7   5   3   2   4   4   2   1   2   9   7   6   3   9   6   8   5   5   4   3   2   1   2   6   9   0   3   4   8 
  2   3   9   2   6   6   2   3   6   4   6   4   2   4   4   7   6   6   1   3   7   4   2   7   1   4   2   9   3   2   7   6   3   6   4   5   9   7   1   6   2   2   5   3   8   6   4   0   3   8 
  5   5   4   9   8   6   9   4   3   7   8   2   8   5   7   1   4   6   7   2   2   1   2   9   6   1   4   5   6   5   7   2   8   2   7   8   6   8   7   5   7   2   9   2   1   8   8   2   0   2 
  8   5   2   5   5   1   1   2   7   7   9   6   1   1   3   4   7   7   7   2   5   3   9   8   1   6   2   7   4   6   7   2   6   4   7   1   5   2   8   7   1   3   4   7   2   5   3   3   8   0 
M3
  0   5   7   2   5   6   4   4   3   7   8   9   6   6   8   9   9   9   3   5   1   2   7   1   1   7   7   4   4   6   1   2   8   9   6   8   1   9   8   5   3   5   6   2   5   8   9   8   6   7 
  7   0   5   1   2   3   6   9   5   2   4   7   5   2   7   4   4   6   5   6   7   5   6   8   8   9   8   6   8   2   6   2   2   7   9   9   7   7   6   8   7   3   6   9   2   1   5   6   7   4 
  5   3   0   7   9   6   6   3   6   1   7   5   7   7   7   5   6   6   3   9   5   1   6   2   3   9   1   5   8   9   4   9   5   5   2   7   3   2   8   2   8   6   1   8   8   8   9   6   4   6 
  1   9   4   0   5   3   2   4   8   2   6   4   6   8   8   4   7   4   6   6   7   6   6   9   1   2   7   9   1   3   4   8   9   2   3   7   2   9   6   1   4   3   9   7   4   6   4   9   1   5 
  8   8   6   7   0   3   6   5   5   3   2   2   3   3   3   9   1   2   8   5   1   7   3   4   2   4   9   4   5   4   5   6   1   1   1   7   7   9   9   7   5   3   4   5   3   1   9   6   6   3 
  9   5   2   9   5   0   5   3   3   8   2   6   3   8   7   1   3   7   3   5   5   1   6   4   9   1   2   6   1   9   8   4   3   9   2   5   3   7   6   3   4   4   1   7   4   6   6   2   4   2 
  6   4   4   9   8   6   0   5   4   7   4   9   9   8   6   7   3   8   1   7   4   1   8   1   3   8   2   4   4   1   9   7   1   3   1   5   1   3   9   9   2   9   1   9   9   1   1   4   8   3 
  6   6   5   7   1   4   3   0   4   8   2   1   1   4   3   8   4   6   4   7   1   1   6   8   3   3   4   2   3   9   6   1   3   5   9   2   5   9   4   3   4   2   7   8   6   4   9   6   3   1 
  8   3   7   2   8   8   9   6   0   9   3   3   5   3   6   9   6   9   4   8   2   8   9   2   1   9   6   4   6   3   9   4   9   6   3   1   7   6   6   5   3   4   7   4   4   1   9   4   3   2 
  8   5   3   5   7   2   9   9   2   0   8   6   2   7   8   4   9   8   4   8   4   2   6   4   6   1   4   5   7   1   4   1   4   8   9   5   6   9   3   4   6   2   4   3   1   7   4   6   7   3 
  3   9   6   5   7   8   8   6   9   6   0   5   2   3   9   6   1   7   8   4   6   5   4   6   5   2   9   1   6   8   7   9   7   7   5   7   9   7   7   7   3   3   2   5   8   5   9   4   2   3 
  4   3   9   8   9   9   6   7   4   1   6   0   2   6   1   2   4   5   6   7   2   7   5   7   2   6   2   8   8   7   1   2   5   6   9   8   3   4   9   3   3   3   7   9   8   5   9   1   2   3 
  7   9   1   6   4   3   1   6   4   5   5   3   0   2   6   9   1   6   5   7   9   5   6   2   7   9   9   5   8   9   1   7   1   1   8   3   5   5   5   2   8   3   8   6   1   4   5   8   5   5 
  8   8   2   7   4   9   7   3   8   8   7   7   8   0   7   8   9   5   4   5   3   8   8   1   1   3   8   9   7   7   3   5   7   2   3   9   9   2   4   8   6   1   7   5   6   2   5   3   6   4 
  3   8   3   5   6   1   3   7   4   9   1   5   2   8   0   2   8   6   9   2   6   1   2   2   4   3   1   1   6   5   5   6   2   7   5   7   7   9   9   1   3   5   7   9   9   5   5   8   1   7 
  4   5   4   4   4   1   3   7   2   7   1   3   8   7   7   0   7   5   3   4   7   3   4   1   1   6   3   6   1   1   3   6   5   1   4   2   6   7   5   3   5   7   5   3   2   4   7   3   5   7 
  2   8   4   5   6   8   7   3   1   9   6   3   2   2   2   4   0   4   6   5   8   4   3   6   5   7   5   1   4   1   2   2   7   8   1   5   5   4   7   4   3   2   2   9   2   1   7   5   7   8 
  8   8   5   1   3   4   5   5   2   4   1   8   7   4   8   5   6   0   7   6   5   7   3   7   9   6   7   1   4   5   7   7   9   7   5   9   4   2   9   3   5   2   3   2   3   6   2   6   8   4 
  2   5   3   8   7   6   9   3   8   1   3   9   2   2   2   8   2   9   0   6   3   7   1   1   9   9   2   1   7   5   1   5   9   2   4   7   7   1   9   7   1   4   2   7   2   1   2   3   7   2 
  5   7   1   1   8   4   9   3   1   6   6   9   8   5   3   8   3   1   4   0   2   8   3   3   1   8   7   5   8   6   8   6   6   1   8   8   6   2   4   3   8   8   4   4   7   7   4   6   6   8 
  3   8   3   9   7   8   6   1   9   8   7   8   5   4   8   9   2   4   1   5   0   9   2   2   5   4   2   5   8   1   2   8   4   7   1   7   8   4   4   4   8   3   6   4   7   2   1   1   3   7 
  2   8   6   1   3   9   7   5   6   5   2   5   2   4   7   8   5   8   1   7   7   0   9   5   2   4   4   8   5   9   5   1   4   8   4   9   6   9   6   7   1   5   4   3   2   9   9   8   4   4 
  3   2   7   1   4   7   2   6   5   1   2   3   1   8   3   7   3   1   9   1   8   5   0   4   8   4   7   9   2   3   5   9   2   3   7   6   5   7   7   2   6   2   9   1   3   6   2   5   8   5 
  2   9   4   9   6   3   6   9   5   1   9   3   4   1   7   5   7   4   1   8   6   4   1   0   4   5   6   8   2   9   7   9   7   8   6   7   6   3   8   9   7   4   1   3   1   7   9   7   3   9 
  6   2   6   9   6   4   5   7   1   6   6   6   9   1   3   7   5   1   8   7   9   9   2   8   0   1   3   9   6   8   4   7   3   1   1   7   7   3   4   6   7   5   1   9   8   5   7   7   2   7 
  7   4   4   2   9   3   1   7   8   6   9   7   5   3   4   2   1   3   2   4   4   7   3   9   3   0   7   9   7   6   2   1   5   5   9   6   5   8   4   4   2   9   3   4   3   7   1   1   8   8 
  8   1   2   2   6   4   2   2   5   9   6   5   3   6   4   8   7   9   6   5   5   2   6   6   9   6   0   6   4   9   5   8   7   3   8   5   6   9   2   3   7   4   2   2   2   8   2   4   7   5 
  1   6   4   9   1   4   2   1   3   7   6   8   8   5   2   2   7   3   9   7   3   7   1   7   7   5   4   0   8   9   6   9   6   1   9   5   4   3   8   3   2   7   2   6   7   7   9   8   7   8 
  8   9   2   8   4   7   1   4   7   6   8   1   7   4   6   6   7   4   3   8   1   5   4   5   7   6   1   9   0   3   8   9   3   8   3   5   8   2   9   5   7   1   5   3   8   3   9   4   5   1 
  7   2   6   6   5   7   8   9   3   3   1   2   4   6   8   9   8   3   3   4   4   6   6   3   1   8   5   5   7   0   6   3   3   8   4   3   2   3   4   6   7   7   6   5   7   5   5   6   2   1 
  8   6   8   7   5   4   1   8   7   4   6   1   1   8   4   8   1   4   7   7   9   9   2   2   7   7   7   9   8   6   0   7   9   6   5   2   7   6   3   9   3   8   9   1   3   7   5   4   5   1 
  9   2   5   7   7   1   5   4   5   2   1   9   9   3   5   5   7   4   7   7   7   1   3   5   6   1   6   1   1   5   9   0   9   1   2   3   5   3   1   8   1   1   8   2   3   6   3   6   6   9 
  9   8   8   1   8   4   5   3   1   6   8   2   9   1   1   4   6   5   5   1   8   3   4   4   1   5   8   5   7   6   8   8   0   5   4   1   7   8   1   3   1   5   6   7   8   9   7   8   4   6 
  9   4   8   4   7   5   3   3   9   9   1   7   1   5   6   2   6   8   2   4   7   4   5   5   6   9   1   4   5   7   8   6   8   0   9   6   6   7   6   3   1   9   2   1   6   3   6   7   9   2 
  7   7   6   4   7   1   4   5   4   5   5   8   4   8   9   8   3   4   6   5   2   9   6   6   9   1   9   8   5   1   5   7   3   8   0   3   2   8   6   3   7   9   3   5   5   6   2   1   9   8 
  6   7   7   9   5   9   4   3   4   7   2   3   9   4   1   2   7   8   3   5   1   3   2   9   9   2   8   3   4   9   1   6   4   9   8   0   5   4   6   7   4   1   7   9   6   1   2   5   4   9 
  3   6   8   7   8   9   7   1   8   6   6   7   1   1   6   8   6   7   5   7   5   3   5   9   1   4   6   9   4   1   7   7   7   1   9   9   0   7   8   5   5   9   5   9   8   4   9   8   8   9 
  2   4   5   3   2   5   7   3   2   3   1   2   8   5   7   4   7   7   5   3   1   7   4   6   3   9   1   6   8   2   6   6   2   7   9   9   5   0   5   1   9   8   3   2   2   4   5   7   1   1 
  3   9   5   2   6   1   4   3   5   1   4   6   7   8   1   6   4   4   4   4   5   6   3   7   2   5   3   3   4   3   5   7   9   8   9   3   7   7   0   3   1   9   4   8   2   3   1   3   8   3 
  6   9   6   8   4   8   3   7   1   2   4   8   8   4   1   6   2   3   3   2   1   4   5   9   2   5   7   4   7   5   2   3   6   2   2   2   5   4   7   0   2   9   3   4   5   3   4   2   7   5 
  6   1   6   9   6   7   5   3   9   1   9   6   7   5   3   8   9   6   3   9   7   2   8   8   2   1   1   4   5   7   5   6   9   5   4   8   8   3   9   9   0   2   5   8   3   5   9   9   9   8 
  5   9   5   1   1   6   9   2   4   9   6   8   5   4   1   2   5   5   3   7   7   1   3   8   2   4   5   5   7   4   6   5   7   8   9   6   4   4   3   2   3   0   3   6   4   4   1   1   9   3 
  5   9   4   9   9   3   7   9   8   6   1   1   2   2   7   3   5   9   8   6   9   8   9   8   6   9   4   6   2   5   4   2   5   9   5   8   9   2   4   3   7   3   0   4   2   3   4   5   6   8 
  6   6   3   9   7   9   8   3   7   4   5   1   7   1   3   4   7   5   5   9   1   3   9   5   9   1   5   4   2   2   2   8   7   5   8   9   7   7   1   2   7   7   6   0   5   1   7   1   7   6 
  7   9   9   6   9   7   4   3   4   6   3   5   9   9   7   9   6   5   9   5   4   8   3   4   1   1   8   4   1   3   5   8   2   7   5   2   3   4   4   5   1   6   8   3   0   6   1   5   2   3 
  3   3   5   7   8   5   1   6   7   9   8   7   9   2   2   5   8   1   7   5   6   1   8   8   9   4   3   6   3   8   1   8   7   2   4   7   5   6   5   8   8   3   6   2   4   0   9   3   8   1 
  7   6   5   7   1   9   3   2   3   1   3   1   9   7   3   4   3   6   1   5   8   7   5   3   2   4   4   2   1   2   9   7   6   3   9   6   8   5   5   4   3   2   1   2   6   9   0   3   4   8 
  2   3   9   2   6   6   2   3   6   4   6   4   2   4   4   7   6   6   1   3   7   4   2   7   1   4   2   9   3   2   7   6   3   6   4   5   9   7   1   6   2   2   5   3   8   6   4   0   3   8 
  5   5   4   9   8   6   9   4   3   7   8   2   8   5   7   1   4   6   7   2   2   1   2   9   6   1   4   5   6   5   7   2   8   2   7   8   6   8   7   5   7   2   9   2   1   8   8   2   0   2 
  8   5   2   5   5   1   1   2   7   7   9   6   1   1   3   4   7   7   7   2   5   3   9   8   1   6   2   7   4   6   7   2   6   4   7   1   5   2   8   7   1   3   4   7   2   5   3   3   8   0 
M4
  0   5   7   2   5   6   4   4   3   7   8   9   6   6   8   9   9   9   3   5   1   2   7   1   1   7   7   4   4   6   1   2   8   9   6   8   1   9   8   5   3   5   6   2   5   8   9   8   6   7 
  7   0   5   1   2   3   6   9   5   2   4   7   5   2   7   4   4   6   5   6   7   5   6   8   8   9   8   6   8   2   6   2   2   7   9   9   7   7   6   8   7   3   6   9   2   1   5   6   7   4 
  5   3   0   7   9   6   6   3   6   1   7   5   7   7   7   5   6   6   3   9   5   1   6   2   3   9   1   5   8   9   4   9   5   5   2   7   3   2   8   2   8   6   1   8   8   8   9   6   4   6 
  1   9   4   0   5   3   2   4   8   2   6   4   6   8   8   4   7   4   6   6   7   6   6   9   1   2   7   9   1   3   4   8   9   2   3   7   2   9   6   1   4   3   9   7   4   6   4   9   1   5 
  8   8   6   7   0   3   6   5   5   3   2   2   3   3   3   9   1   2   8   5   1   7   3   4   2   4   9   4   5   4   5   6   1   1   1   7   7   9   9   7   5   3   4   5   3   1   9   6   6   3 
  9   5   2   9   5   0   5   3   3   8   2   6   3   8   7   1   3   7   3   5   5   1   6   4   9   1   2   6   1   9   8   4   3   9   2   5   3   7   6   3   4   4   1   7   4   6   6   2   4   2 
  6   4   4   9   8   6   0   5   4   7   4   9   9   8   6   7   3   8   1   7   4   1   8   1   3   8   2   4   4   1   9   7   1   3   1   5   1   3   9   9   2   9   1   9   9   1   1   4   8   3 
  6   6   5   7   1   4   3   0   4   8   2   1   1   4   3   8   4   6   4   7   1   1   6   8   3   3   4   2   3   9   6   1   3   5   9   2   5   9   4   3   4   2   7   8   6   4   9   6   3   1 
  8   3   7   2   8   8   9   6   0   9   3   3   5   3   6   9   6   9   4   8   2   8   9   2   1   9   6   4   6   3   9   4   9   6   3   1   7   6   6   5   3   4   7   4   4   1   9   4   3   2 
  8   5   3   5   7   2   9   9   2   0   8   6   2   7   8   4   9   8   4   8   4   2   6   4   6   1   4   5   7   1   4   1   4   8   9   5   6   9   3   4   6   2   4   3   1   7   4   6   7   3 
  3   9   6   5   7   8   8   6   9   6   0   5   2   3   9   6   1   7   8   4   6   5   4   6   5   2   9   1   6   8   7   9   7   7   5   7   9   7   7   7   3   3   2   5   8   5   9   4   2   3 
  4   3   9   8   9   9   6   7   4   1   6   0   2   6   1   2   4   5   6   7   2   7   5   7   2   6   2   8   8   7   1   2   5   6   9   8   3   4   9   3   3   3   7   9   8   5   9   1   2   3 
  7   9   1   6   4   3   1   6   4   5   5   3   0   2   6   9   1   6   5   7   9   5   6   2   7   9   9   5   8   9   1   7   1   1   8   3   5   5   5   2   8   3   8   6   1   4   5   8   5   5 
  8   8   2   7   4   9   7   3   8   8   7   7   8   0   7   8   9   5   4   5   3   8   8   1   1   3   8   9   7   7   3   5   7   2   3   9   9   2   4   8   6   1   7   5   6   2   5   3   6   4 
  3   8   3   5   6   1   3   7   4   9   1   5   2   8   0   2   8   6   9   2   6   1   2   2   4   3   1   1   6   5   5   6   2   7   5   7   7   9   9   1   3   5   7   9   9   5   5   8   1   7 
  4   5   4   4   4   1   3   7   2   7   1   3   8   7   7   0   7   5   3   4   7   3   4   1   1   6   3   6   1   1   3   6   5   1   4   2   6   7   5   3   5   7   5   3   2   4   7   3   5   7 
  2   8   4   5   6   8   7   3   1   9   6   3   2   2   2   4   0   4   6   5   8   4   3   6   5   7   5   1   4   1   2   2   7   8   1   5   5   4   7   4   3   2   2   9   2   1   7   5   7   8 
  8   8   5   1   3   4   5   5   2   4   1   8   7   4   8   5   6   0   7   6   5   7   3   7   9   6   7   1   4   5   7   7   9   7   5   9   4   2   9   3   5   2   3   2   3   6   2   6   8   4 
  2   5   3   8   7   6   9   3   8   1   3   9   2   2   2   8   2   9   0   6   3   7   1   1   9   9   2   1   7   5   1   5   9   2   4   7   7   1   9   7   1   4   2   7   2   1   2   3   7   2 
  5   7   1   1   8   4   9   3   1   6   6   9   8   5   3   8   3   1   4   0   2   8   3   3   1   8   7   5   8   6   8   6   6   1   8   8   6   2   4   3   8   8   4   4   7   7   4   6   6   8 
  3   8   3   9   7   8   6   1   9   8   7   8   5   4   8   9   2   4   1   5   0   9   2   2   5   4   2   5   8   1   2   8   4   7   1   7   8   4   4   4   8   3   6   4   7   2   1   1   3   7 
  2   8   6   1   3   9   7   5   6   5   2   5   2   4   7   8   5   8   1   7   7   0   9   5   2   4   4   8   5   9   5   1   4   8   4   9   6   9   6   7   1   5   4   3   2   9   9   8   4   4 
  3   2   7   1   4   7   2   6   5   1   2   3   1   8   3   7   3   1   9   1   8   5   0   4   8   4   7   9   2   3   5   9   2   3   7   6   5   7   7   2   6   2   9   1   3   6   2   5   8   5 
  2   9   4   9   6   3   6   9   5   1   9   3   4   1   7   5   7   4   1   8   6   4   1   0   4   5   6   8   2   9   7   9   7   8   6   7   6   3   8   9   7   4   1   3   1   7   9   7   3   9 
  6   2   6   9   6   4   5   7   1   6   6   6   9   1   3   7   5   1   8   7   9   9   2   8   0   1   3   9   6   8   4   7   3   1   1   7   7   3   4   6   7   5   1   9   8   5   7   7   2   7 
  7   4   4   2   9   3   1   7   8   6   9   7   5   3   4   2   1   3   2   4   4   7   3   9   3   0   7   9   7   6   2   1   5   5   9   6   5   8   4   4   2   9   3   4   3   7   1   1   8   8 
  8   1   2   2   6   4   2   2   5   9   6   5   3   6   4   8   7   9   6   5   5   2   6   6   9   6   0   6   4   9   5   8   7   3   8   5   6   9   2   3   7   4   2   2   2   8   2   4   7   5 
  1   6   4   9   1   4   2   1   3   7   6   8   8   5   2   2   7   3   9   7   3   7   1   7   7   5   4   0   8   9   6   9   6   1   9   5   4   3   8   3   2   7   2   6   7   7   9   8   7   8 
  8   9   2   8   4   7   1   4   7   6   8   1   7   4   6   6   7   4   3   8   1   5   4   5   7   6   1   9   0   3   8   9   3   8   3   5   8   2   9   5   7   1   5   3   8   3   9   4   5   1 
  7   2   6   6   5   7   8   9   3   3   1   2   4   6   8   9   8   3   3   4   4   6   6   3   1   8   5   5   7   0   6   3   3   8   4   3   2   3   4   6   7   7   6   5   7   5   5   6   2   1 
  8   6   8   7   5   4   1   8   7   4   6   1   1   8   4   8   1   4   7   7   9   9   2   2   7   7   7   9   8   6   0   7   9   6   5   2   7   6   3   9   3   8   9   1   3   7   5   4   5   1 
  9   2   5   7   7   1   5   4   5   2   1   9   9   3   5   5   7   4   7   7   7   1   3   5   6   1   6   1   1   5   9   0   9   1   2   3   5   3   1   8   1   1   8   2   3   6   3   6   6   9 
  9   8   8   1   8   4   5   3   1   6   8   2   9   1   1   4   6   5   5   1   8   3   4   4   1   5   8   5   7   6   8   8   0   5   4   1   7   8   1   3   1   5   6   7   8   9   7   8   4   6 
  9   4   8   4   7   5   3   3   9   9   1   7   1   5   6   2   6   8   2   4   7   4   5   5   6   9   1   4   5   7   8   6   8   0   9   6   6   7   6   3   1   9   2   1   6   3   6   7   9   2 
  7   7   6   4   7   1   4   5   4   5   5   8   4   8   9   8   3   4   6   5   2   9   6   6   9   1   9   8   5   1   5   7   3   8   0   3   2   8   6   3   7   9   3   5   5   6   2   1   9   8 
  6   7   7   9   5   9   4   3   4   7   2   3   9   4   1   2   7   8   3   5   1   3   2   9   9   2   8   3   4   9   1   6   4   9   8   0   5   4   6   7   4   1   7   9   6   1   2   5   4   9 
  3   6   8   7   8   9   7   1   8   6   6   7   1   1   6   8   6   7   5   7   5   3   5   9   1   4   6   9   4   1   7   7   7   1   9   9   0   7   8   5   5   9   5   9   8   4   9   8   8   9 
  2   4   5   3   2   5   7   3   2   3   1   2   8   5   7   4   7   7   5   3   1   7   4   6   3   9   1   6   8   2   6   6   2   7   9   9   5   0   5   1   9   8   3   2   2   4   5   7   1   1 
  3   9   5   2   6   1   4   3   5   1   4   6   7   8   1   6   4   4   4   4   5   6   3   7   2   5   3   3   4   3   5   7   9   8   9   3   7   7   0   3   1   9   4   8   2   3   1   3   8   3 
  6   9   6   8   4   8   3   7   1   2   4   8   8   4   1   6   2   3   3   2   1   4   5   9   2   5   7   4   7   5   2   3   6   2   2   2   5   4   7   0   2   9   3   4   5   3   4   2   7   5 
  6   1   6   9   6   7   5   3   9   1   9   6   7   5   3   8   9   6   3   9   7   2   8   8   2   1   1   4   5   7   5   6   9   5   4   8   8   3   9   9   0   2   5   8   3   5   9   9   9   8 
  5   9   5   1   1   6   9   2   4   9   6   8   5   4   1   2   5   5   3   7   7   1   3   8   2   4   5   5   7   4   6   5   7   8   9   6   4   4   3   2   3   0   3   6   4   4   1   1   9   3 
  5   9   4   9   9   3   7   9   8   6   1   1   2   2   7   3   5   9   8   6   9   8   9   8   6   9   4   6   2   5   4   2   5   9   5   8   9   2   4   3   7   3   0   4   2   3   4   5   6   8 
  6   6   3   9   7   9   8   3   7   4   5   1   7   1   3   4   7   5   5   9   1   3   9   5   9   1   5   4   2   2   2   8   7   5   8   9   7   7   1   2   7   7   6   0   5   1   7   1   7   6 
  7   9   9   6   9   7   4   3   4   6   3   5   9   9   7   9   6   5   9   5   4   8   3   4   1   1   8   4   1   3   5   8   2   7   5   2   3   4   4   5   1   6   8   3   0   6   1   5   2   3 
  3   3   5   7   8   5   1   6   7   9   8   7   9   2   2   5   8   1   7   5   6   1   8   8   9   4   3   6   3   8   1   8   7   2   4   7   5   6   5   8   8   3   6   2   4   0   9   3   8   1 
  7   6   5   7   1   9   3   2   3   1   3   1   9   7   3   4   3   6   1   5   8   7   5   3   2   4   4   2   1   2   9   7   6   3   9   6   8   5   5   4   3   2   1   2   6   9   0   3   4   8 
  2   3   9   2   6   6   2   3   6   4   6   4   2   4   4   7   6   6   1   3   7   4   2   7   1   4   2   9   3   2   7   6   3   6   4   5   9   7   1   6   2   2   5   3   8   6   4   0   3   8 
  5   5   4   9   8   6   9   4   3   7   8   2   8   5   7   1   4   6   7   2   2   1   2   9   6   1   4   5   6   5   7   2   8   2   7   8   6   8   7   5   7   2   9   2   1   8   8   2   0   2 
  8   5   2   5   5   1   1   2   7   7   9   6   1   1   3   4   7   7   7   2   5   3   9   8   1   6   2   7   4   6   7   2   6   4   7   1   5   2   8   7   1   3   4   7   2   5   3   3   8   0 
Reldue
 1162    7    3
  488    5    2
  975    4    6
 1172    5    1
  377    9    4
  295    8    2
  432    4    6
  371    7    7
 1058    2    7
  447    5    6
  788    3    4
  450    2    1
  473    7    8
  567    5    2
  335    6    2
  806    3    5
  487    2    5
  550    5    1
  274    3    2
  909    6    1
  807    3    2
  767    4    2
  696    3    8
  887    8    5
 1273    3    4
  468    5    3
  665    3    7
  443    7    5
  794    5    1
  442    1    4
  561    7    9
 1113    5    8
  492    9    3
 1061    2    8
  674    7    7
  760    4    5
  364    1    9
  550    2    3
  826    5    9
  888    2    1
 1184    8    4
  923    4    3
  471    7    9
  444    7    8
  644    6    2
 1027    5    5
  441    1    5
  459    7    7
  512    6    5
  995    5    9
DDW
 1086  1238
  452   524
  891  1059
 1113  1231
  343   411
  277   314
  401   463
  342   401
  984  1133
  415   479
  728   847
  408   492
  445   500
  538   595
  314   355
  736   876
  450   525
  497   602
  247   301
  838   980
  739   876
  705   828
  651   742
  838   935
 1171  1375
  433   504
  603   726
  404   483
  731   856
  409   475
  525   597
 1043  1183
  466   519
  978  1145
  614   735
  688   832
  327   400
  522   579
  763   889
  825   952
 1115  1253
  864   982
  433   510
  407   480
  611   677
  943  1111
  406   477
  433   484
  473   550
  932  1057
