50   8
MD
  2  2  5  2  2  2  5  4
PT
 19  48  71  82  46  85  40  62  27  95  36  16  35  36  91  29  76  59  84  48  90  66  28  98  61  17  24  57  30  57  53  59  18  61  66  14  77  23  64  36  84  70  29  85  97  22  73  48  51  66 
 17  31  66   6  55   9  71  36   4  53   3  38  62  15  33  30  55  65  77  21  58  24  28  46  58  87  66  75  31  68  27  36  93  63  17  41  71  96  70  44  22  32  63  52  73  11  59  67  53  11 
 42  17  13  59  16   6  52  54  91  68  99  55  54  71  71  32  59  62  69  87  66  97  68  95  92  20  81  34  24  58  11  54  25  39  70  87   9  46  52  42  39  39  68   6  34  50  35  70  49  40 
 91  47  60  26  42  36  46  17  58  20  98  26  57  83  37  39  12  45  26  46  76  56  72   5   4  70  58  15  88  98  12  82  37  19  20  73   5  34   4  80  44  20  15  72  40  77  43  25  97  15 
 58  40  76   8  44  11  61  10  76  39  61  18  16  22  19  37  31   5  83  42   3  64  12  23  41  71  85  25  13  73  43  96  96  64  43  16  70  83  75  99  98  17  33  94  53  66  64  54  95   9 
 78  24  84  53  98  55  85  63  73  92  92  78  77  46  71  88  32  83  43  13  37  97  36  50  66  80  85  13  54  65  10  17  71  96  47  67  30  79  66  59  45  66  58  72  76  34   3  28  16  77 
 26  53  31  99  51  85  96  62  98  82  18  47  50  84  65  77  15  97  13  34  52   1  56  39  77  15  59   1  83   4  68  38  70  37  67   8  67  89  41  91  97  82  14  51  41  85  11  35  68  60 
 29  72   5  16  35  73  56  62  95  16  27   3  18   7   3  28  48  22  64  54  42  83  98  26  75   3  96  48  96  21   4  24  60   2  61  97  57  79  23   7  42  52  41  41  19  53  58  42  10  37 
SSD
M0
  0   3   4   7   6   9   6   9   5   2   5   9   1   6   4   1   5   3   2   9   8   2   3   3   3   2   5   7   1   7   3   1   8   9   7   2   9   9   7   9   9   2   8   2   1   8   6   5   9   4 
  4   0   4   1   9   3   1   7   4   4   1   2   5   8   4   9   6   2   3   7   8   7   8   5   3   9   2   1   1   9   3   7   2   6   1   6   5   2   5   5   4   4   3   7   5   4   4   7   4   5 
  8   1   0   9   3   3   3   8   1   2   3   1   5   5   9   8   2   9   7   7   9   3   7   6   2   1   1   6   1   7   9   5   1   5   6   7   2   8   9   3   9   7   5   9   7   6   2   5   9   6 
  1   4   8   0   2   7   1   6   7   1   2   9   1   6   5   4   5   3   8   4   4   9   1   6   4   1   1   1   6   1   3   8   2   6   1   8   2   9   3   2   5   4   4   3   5   1   5   7   8   4 
  7   2   5   6   0   2   4   2   7   7   1   3   9   2   1   4   4   7   5   3   8   5   8   6   5   3   2   5   5   4   2   9   6   4   2   8   2   7   7   7   4   1   1   5   5   1   3   2   5   6 
  2   3   2   1   1   0   7   9   1   2   7   7   4   4   3   8   7   5   6   2   9   8   3   4   1   2   2   6   8   5   3   6   1   7   6   1   7   9   1   6   1   9   8   3   8   3   3   3   2   8 
  1   2   7   3   8   6   0   3   2   5   4   5   5   1   9   2   2   9   7   9   4   1   8   7   3   1   3   4   6   4   5   3   3   9   8   6   4   7   8   2   4   1   2   3   5   5   1   2   1   4 
  9   3   9   9   6   3   4   0   4   3   9   8   6   5   1   4   8   2   2   9   8   1   7   6   3   3   7   7   9   4   6   9   9   5   5   3   1   2   8   2   5   4   4   9   7   6   6   2   7   6 
  3   9   5   3   4   1   9   5   0   6   4   1   5   8   9   2   1   4   2   4   5   1   5   3   2   6   7   5   1   1   3   2   4   2   8   3   1   7   6   3   4   2   3   2   2   9   2   7   6   2 
  3   8   6   9   9   1   9   8   2   0   2   6   6   5   6   2   4   2   7   6   3   1   9   2   6   1   5   2   2   5   1   4   7   9   5   6   9   7   1   8   6   5   8   7   8   9   8   3   5   8 
  2   8   3   2   5   4   1   7   6   1   0   4   8   3   5   8   2   6   7   2   3   9   5   3   6   1   9   5   6   5   6   8   4   6   1   9   4   5   3   6   1   8   2   7   6   2   4   8   6   4 
  8   3   8   6   9   5   4   9   1   1   6   0   6   4   2   7   1   1   8   3   3   2   8   7   4   9   8   7   5   2   9   4   9   7   4   5   1   4   4   1   2   5   6   4   6   4   5   9   3   4 
  6   9   3   1   5   6   8   9   2   8   1   2   0   4   7   3   9   9   6   4   2   7   5   8   6   9   4   3   2   7   5   9   4   7   9   4   2   2   3   5   7   6   2   9   8   1   6   8   9   6 
  8   1   5   1   7   1   6   9   6   2   5   1   8   0   4   7   6   4   1   9   7   5   2   2   9   6   5   3   4   2   4   1   1   9   8   8   1   9   3   8   2   2   9   1   6   6   1   8   2   7 
  9   8   2   1   9   1   9   9   6   7   4   3   3   9   0   4   3   2   8   6   8   1   9   5   2   1   9   7   4   8   9   7   6   9   9   4   1   8   3   7   4   4   3   4   3   9   8   9   6   7 
  2   1   5   4   5   7   1   7   7   4   2   7   4   1   2   0   7   7   9   2   8   4   3   5   5   3   6   6   1   6   1   3   5   4   3   7   5   7   6   6   2   2   2   6   8   7   8   9   1   6 
  1   2   6   9   8   4   6   6   6   5   3   9   2   2   4   8   0   4   5   9   1   3   5   4   9   7   6   1   5   8   1   2   9   9   5   3   4   9   8   1   3   8   7   9   3   1   2   6   8   8 
  2   1   4   4   3   9   3   8   8   2   9   8   5   4   8   3   8   0   9   5   6   8   1   5   1   5   1   7   7   7   8   1   7   1   2   8   8   6   5   6   7   9   5   7   1   5   7   1   7   3 
  3   9   6   9   7   5   6   1   7   6   3   4   7   5   9   1   7   2   0   1   3   2   3   3   9   8   7   3   1   8   1   4   4   1   5   3   1   4   1   5   6   8   4   2   7   1   9   5   7   1 
  8   4   1   4   4   5   4   1   1   1   8   7   9   4   3   1   3   1   1   0   3   4   9   3   1   7   4   6   6   8   8   2   2   1   4   4   6   9   5   9   8   7   2   1   7   9   6   7   1   5 
  6   8   4   6   4   9   1   3   4   1   9   7   8   8   2   1   8   5   1   6   0   8   5   1   3   3   9   8   4   2   8   9   9   8   4   9   9   3   7   6   3   2   6   3   9   2   6   9   1   9 
  3   5   7   8   7   2   4   5   4   2   4   6   9   9   9   6   3   2   4   2   2   0   4   4   7   6   6   9   5   8   2   6   1   1   6   3   6   3   9   4   7   9   6   8   9   9   6   5   4   5 
  5   6   1   9   5   7   2   2   6   3   2   2   4   2   4   9   1   3   9   6   1   4   0   1   6   3   3   9   9   9   9   6   3   6   2   5   4   9   3   3   7   6   8   3   3   4   4   6   2   1 
  3   3   4   8   9   9   8   5   4   9   1   7   6   1   8   7   8   6   5   1   8   7   1   0   8   2   5   1   8   9   9   4   5   7   7   3   4   8   7   8   9   1   2   3   3   6   4   9   9   4 
  6   8   7   3   2   7   5   7   4   8   9   2   8   2   8   7   6   9   4   6   6   7   5   9   0   9   8   7   7   1   5   4   6   9   5   1   6   3   4   5   9   9   3   7   9   6   7   4   9   6 
  6   8   5   6   1   7   7   2   5   9   7   3   3   2   4   7   1   2   1   3   5   3   7   3   3   0   1   2   3   9   7   9   7   1   3   7   8   9   3   4   1   4   4   8   3   7   8   9   4   4 
  6   2   9   4   6   6   6   3   7   1   8   9   2   6   2   8   2   5   6   1   9   3   6   7   4   6   0   3   7   1   7   6   6   2   3   5   3   2   5   1   1   7   3   6   2   2   2   1   5   5 
  5   7   3   5   1   8   7   6   2   5   7   7   3   1   6   8   8   5   6   7   5   3   3   2   7   5   1   0   4   4   7   9   8   8   7   4   3   5   7   6   7   1   6   5   5   8   9   1   7   3 
  9   2   7   7   4   1   4   9   4   3   4   4   6   6   9   6   2   3   5   7   5   6   4   3   4   7   4   1   0   1   6   8   8   9   1   6   3   2   2   4   4   1   1   3   9   8   2   1   9   4 
  9   8   4   5   5   3   4   5   7   9   2   6   1   2   3   5   1   3   6   4   1   1   4   3   8   5   1   7   9   0   7   8   8   9   2   6   9   4   6   3   5   2   8   1   1   6   4   4   8   4 
  4   6   4   9   8   3   6   7   8   7   7   9   4   9   3   2   5   9   2   6   2   8   1   9   4   7   5   1   2   8   0   9   2   1   8   6   5   6   6   7   2   9   3   9   3   3   4   4   4   2 
  8   2   9   4   1   6   9   3   5   3   7   1   1   8   7   8   2   6   2   2   7   8   3   2   1   6   2   5   6   8   3   0   4   9   2   8   9   7   9   6   5   5   5   6   4   8   2   7   9   8 
  9   2   5   1   3   2   5   9   5   6   9   3   3   6   3   2   1   8   4   5   3   1   4   6   2   6   7   6   4   6   1   2   0   5   6   6   5   3   7   6   8   6   9   5   3   7   3   7   3   5 
  5   9   6   9   7   7   5   3   3   4   8   4   8   5   9   6   6   5   5   1   4   5   2   2   5   1   4   2   1   2   1   5   2   0   9   6   2   2   3   3   5   1   8   3   1   6   1   4   1   1 
  7   9   5   9   6   5   3   8   5   6   4   8   1   2   3   4   5   5   8   9   4   1   5   3   5   5   8   2   8   9   7   7   1   5   0   4   6   4   8   1   2   1   5   6   5   3   3   1   9   1 
  1   5   5   3   3   9   7   1   2   7   8   5   3   2   1   4   9   7   9   5   5   5   5   1   4   1   1   8   9   5   9   4   8   5   8   0   4   2   3   8   8   1   2   6   8   4   8   3   6   3 
  8   4   5   6   1   7   9   2   6   5   9   3   5   9   6   6   8   1   6   5   7   5   8   7   4   9   1   4   6   4   8   5   3   3   1   9   0   8   4   8   1   2   8   9   1   3   1   4   6   1 
  5   9   2   7   2   5   7   8   1   9   5   8   1   1   7   4   1   8   4   6   5   5   5   8   3   6   3   9   2   3   4   3   8   1   5   7   5   0   6   8   3   5   8   9   2   7   1   3   1   7 
  9   4   7   8   9   9   7   7   3   2   9   6   9   2   9   2   2   4   7   7   3   5   9   6   4   4   1   3   2   2   6   4   6   5   9   3   8   9   0   6   4   6   6   4   2   8   1   1   3   2 
  6   3   5   1   4   5   3   4   7   3   7   2   6   9   6   9   1   7   4   3   6   9   3   3   2   5   1   4   9   2   2   7   8   4   6   9   2   7   7   0   2   5   8   3   1   8   7   5   8   2 
  2   2   2   7   5   1   5   6   6   4   2   7   7   5   4   4   1   3   8   3   3   1   2   2   1   9   6   3   1   2   7   3   5   3   1   5   9   4   3   5   0   1   7   6   9   6   2   8   2   6 
  8   1   6   4   9   7   7   2   8   7   9   6   3   9   1   7   1   2   9   9   5   1   4   2   8   4   4   9   8   5   3   6   5   2   9   3   7   4   8   5   8   0   4   7   9   3   7   9   7   1 
  7   7   8   6   5   4   5   5   3   8   2   8   9   2   6   2   1   2   6   7   9   6   5   9   7   9   6   2   5   1   6   5   8   3   3   9   3   3   8   4   9   7   0   2   9   8   7   4   1   9 
  5   3   8   8   5   8   4   7   4   1   4   5   8   1   4   3   6   6   5   2   9   7   2   8   4   2   1   3   7   6   6   1   9   5   4   3   3   4   1   8   3   4   7   0   1   8   3   4   8   2 
  3   4   4   4   5   9   8   6   5   7   5   7   6   7   8   3   6   1   7   5   5   2   4   6   7   7   4   9   7   5   7   1   3   1   4   2   1   1   4   2   2   8   7   7   0   6   9   2   3   7 
  2   8   4   5   3   7   7   7   5   6   8   9   6   8   5   7   8   6   4   2   3   5   2   6   6   8   4   7   7   5   2   3   2   2   4   8   7   7   6   6   1   3   8   3   1   0   7   9   3   2 
  7   2   9   7   8   4   8   8   9   7   1   2   3   7   7   6   4   1   3   6   4   6   4   7   9   6   5   6   9   5   9   3   5   1   9   2   8   1   6   2   3   8   1   7   4   2   0   7   3   3 
  5   3   5   9   9   6   6   2   1   2   3   7   2   6   7   1   8   8   3   4   8   8   1   4   8   6   2   6   9   1   4   3   6   7   6   8   7   1   1   8   2   1   1   5   3   5   9   0   5   3 
  8   1   9   2   9   8   6   9   9   7   1   5   6   5   3   5   1   2   8   4   5   7   3   4   6   2   1   3   7   5   4   8   5   6   9   3   4   3   6   2   4   8   2   5   7   5   7   6   0   1 
  3   8   7   1   1   1   9   3   7   5   2   5   8   7   9   9   2   5   5   8   4   7   3   2   6   5   8   1   4   4   5   6   1   9   3   3   6   9   7   6   1   5   7   6   4   2   1   9   7   0 
M1
  0   3   4   7   6   9   6   9   5   2   5   9   1   6   4   1   5   3   2   9   8   2   3   3   3   2   5   7   1   7   3   1   8   9   7   2   9   9   7   9   9   2   8   2   1   8   6   5   9   4 
  4   0   4   1   9   3   1   7   4   4   1   2   5   8   4   9   6   2   3   7   8   7   8   5   3   9   2   1   1   9   3   7   2   6   1   6   5   2   5   5   4   4   3   7   5   4   4   7   4   5 
  8   1   0   9   3   3   3   8   1   2   3   1   5   5   9   8   2   9   7   7   9   3   7   6   2   1   1   6   1   7   9   5   1   5   6   7   2   8   9   3   9   7   5   9   7   6   2   5   9   6 
  1   4   8   0   2   7   1   6   7   1   2   9   1   6   5   4   5   3   8   4   4   9   1   6   4   1   1   1   6   1   3   8   2   6   1   8   2   9   3   2   5   4   4   3   5   1   5   7   8   4 
  7   2   5   6   0   2   4   2   7   7   1   3   9   2   1   4   4   7   5   3   8   5   8   6   5   3   2   5   5   4   2   9   6   4   2   8   2   7   7   7   4   1   1   5   5   1   3   2   5   6 
  2   3   2   1   1   0   7   9   1   2   7   7   4   4   3   8   7   5   6   2   9   8   3   4   1   2   2   6   8   5   3   6   1   7   6   1   7   9   1   6   1   9   8   3   8   3   3   3   2   8 
  1   2   7   3   8   6   0   3   2   5   4   5   5   1   9   2   2   9   7   9   4   1   8   7   3   1   3   4   6   4   5   3   3   9   8   6   4   7   8   2   4   1   2   3   5   5   1   2   1   4 
  9   3   9   9   6   3   4   0   4   3   9   8   6   5   1   4   8   2   2   9   8   1   7   6   3   3   7   7   9   4   6   9   9   5   5   3   1   2   8   2   5   4   4   9   7   6   6   2   7   6 
  3   9   5   3   4   1   9   5   0   6   4   1   5   8   9   2   1   4   2   4   5   1   5   3   2   6   7   5   1   1   3   2   4   2   8   3   1   7   6   3   4   2   3   2   2   9   2   7   6   2 
  3   8   6   9   9   1   9   8   2   0   2   6   6   5   6   2   4   2   7   6   3   1   9   2   6   1   5   2   2   5   1   4   7   9   5   6   9   7   1   8   6   5   8   7   8   9   8   3   5   8 
  2   8   3   2   5   4   1   7   6   1   0   4   8   3   5   8   2   6   7   2   3   9   5   3   6   1   9   5   6   5   6   8   4   6   1   9   4   5   3   6   1   8   2   7   6   2   4   8   6   4 
  8   3   8   6   9   5   4   9   1   1   6   0   6   4   2   7   1   1   8   3   3   2   8   7   4   9   8   7   5   2   9   4   9   7   4   5   1   4   4   1   2   5   6   4   6   4   5   9   3   4 
  6   9   3   1   5   6   8   9   2   8   1   2   0   4   7   3   9   9   6   4   2   7   5   8   6   9   4   3   2   7   5   9   4   7   9   4   2   2   3   5   7   6   2   9   8   1   6   8   9   6 
  8   1   5   1   7   1   6   9   6   2   5   1   8   0   4   7   6   4   1   9   7   5   2   2   9   6   5   3   4   2   4   1   1   9   8   8   1   9   3   8   2   2   9   1   6   6   1   8   2   7 
  9   8   2   1   9   1   9   9   6   7   4   3   3   9   0   4   3   2   8   6   8   1   9   5   2   1   9   7   4   8   9   7   6   9   9   4   1   8   3   7   4   4   3   4   3   9   8   9   6   7 
  2   1   5   4   5   7   1   7   7   4   2   7   4   1   2   0   7   7   9   2   8   4   3   5   5   3   6   6   1   6   1   3   5   4   3   7   5   7   6   6   2   2   2   6   8   7   8   9   1   6 
  1   2   6   9   8   4   6   6   6   5   3   9   2   2   4   8   0   4   5   9   1   3   5   4   9   7   6   1   5   8   1   2   9   9   5   3   4   9   8   1   3   8   7   9   3   1   2   6   8   8 
  2   1   4   4   3   9   3   8   8   2   9   8   5   4   8   3   8   0   9   5   6   8   1   5   1   5   1   7   7   7   8   1   7   1   2   8   8   6   5   6   7   9   5   7   1   5   7   1   7   3 
  3   9   6   9   7   5   6   1   7   6   3   4   7   5   9   1   7   2   0   1   3   2   3   3   9   8   7   3   1   8   1   4   4   1   5   3   1   4   1   5   6   8   4   2   7   1   9   5   7   1 
  8   4   1   4   4   5   4   1   1   1   8   7   9   4   3   1   3   1   1   0   3   4   9   3   1   7   4   6   6   8   8   2   2   1   4   4   6   9   5   9   8   7   2   1   7   9   6   7   1   5 
  6   8   4   6   4   9   1   3   4   1   9   7   8   8   2   1   8   5   1   6   0   8   5   1   3   3   9   8   4   2   8   9   9   8   4   9   9   3   7   6   3   2   6   3   9   2   6   9   1   9 
  3   5   7   8   7   2   4   5   4   2   4   6   9   9   9   6   3   2   4   2   2   0   4   4   7   6   6   9   5   8   2   6   1   1   6   3   6   3   9   4   7   9   6   8   9   9   6   5   4   5 
  5   6   1   9   5   7   2   2   6   3   2   2   4   2   4   9   1   3   9   6   1   4   0   1   6   3   3   9   9   9   9   6   3   6   2   5   4   9   3   3   7   6   8   3   3   4   4   6   2   1 
  3   3   4   8   9   9   8   5   4   9   1   7   6   1   8   7   8   6   5   1   8   7   1   0   8   2   5   1   8   9   9   4   5   7   7   3   4   8   7   8   9   1   2   3   3   6   4   9   9   4 
  6   8   7   3   2   7   5   7   4   8   9   2   8   2   8   7   6   9   4   6   6   7   5   9   0   9   8   7   7   1   5   4   6   9   5   1   6   3   4   5   9   9   3   7   9   6   7   4   9   6 
  6   8   5   6   1   7   7   2   5   9   7   3   3   2   4   7   1   2   1   3   5   3   7   3   3   0   1   2   3   9   7   9   7   1   3   7   8   9   3   4   1   4   4   8   3   7   8   9   4   4 
  6   2   9   4   6   6   6   3   7   1   8   9   2   6   2   8   2   5   6   1   9   3   6   7   4   6   0   3   7   1   7   6   6   2   3   5   3   2   5   1   1   7   3   6   2   2   2   1   5   5 
  5   7   3   5   1   8   7   6   2   5   7   7   3   1   6   8   8   5   6   7   5   3   3   2   7   5   1   0   4   4   7   9   8   8   7   4   3   5   7   6   7   1   6   5   5   8   9   1   7   3 
  9   2   7   7   4   1   4   9   4   3   4   4   6   6   9   6   2   3   5   7   5   6   4   3   4   7   4   1   0   1   6   8   8   9   1   6   3   2   2   4   4   1   1   3   9   8   2   1   9   4 
  9   8   4   5   5   3   4   5   7   9   2   6   1   2   3   5   1   3   6   4   1   1   4   3   8   5   1   7   9   0   7   8   8   9   2   6   9   4   6   3   5   2   8   1   1   6   4   4   8   4 
  4   6   4   9   8   3   6   7   8   7   7   9   4   9   3   2   5   9   2   6   2   8   1   9   4   7   5   1   2   8   0   9   2   1   8   6   5   6   6   7   2   9   3   9   3   3   4   4   4   2 
  8   2   9   4   1   6   9   3   5   3   7   1   1   8   7   8   2   6   2   2   7   8   3   2   1   6   2   5   6   8   3   0   4   9   2   8   9   7   9   6   5   5   5   6   4   8   2   7   9   8 
  9   2   5   1   3   2   5   9   5   6   9   3   3   6   3   2   1   8   4   5   3   1   4   6   2   6   7   6   4   6   1   2   0   5   6   6   5   3   7   6   8   6   9   5   3   7   3   7   3   5 
  5   9   6   9   7   7   5   3   3   4   8   4   8   5   9   6   6   5   5   1   4   5   2   2   5   1   4   2   1   2   1   5   2   0   9   6   2   2   3   3   5   1   8   3   1   6   1   4   1   1 
  7   9   5   9   6   5   3   8   5   6   4   8   1   2   3   4   5   5   8   9   4   1   5   3   5   5   8   2   8   9   7   7   1   5   0   4   6   4   8   1   2   1   5   6   5   3   3   1   9   1 
  1   5   5   3   3   9   7   1   2   7   8   5   3   2   1   4   9   7   9   5   5   5   5   1   4   1   1   8   9   5   9   4   8   5   8   0   4   2   3   8   8   1   2   6   8   4   8   3   6   3 
  8   4   5   6   1   7   9   2   6   5   9   3   5   9   6   6   8   1   6   5   7   5   8   7   4   9   1   4   6   4   8   5   3   3   1   9   0   8   4   8   1   2   8   9   1   3   1   4   6   1 
  5   9   2   7   2   5   7   8   1   9   5   8   1   1   7   4   1   8   4   6   5   5   5   8   3   6   3   9   2   3   4   3   8   1   5   7   5   0   6   8   3   5   8   9   2   7   1   3   1   7 
  9   4   7   8   9   9   7   7   3   2   9   6   9   2   9   2   2   4   7   7   3   5   9   6   4   4   1   3   2   2   6   4   6   5   9   3   8   9   0   6   4   6   6   4   2   8   1   1   3   2 
  6   3   5   1   4   5   3   4   7   3   7   2   6   9   6   9   1   7   4   3   6   9   3   3   2   5   1   4   9   2   2   7   8   4   6   9   2   7   7   0   2   5   8   3   1   8   7   5   8   2 
  2   2   2   7   5   1   5   6   6   4   2   7   7   5   4   4   1   3   8   3   3   1   2   2   1   9   6   3   1   2   7   3   5   3   1   5   9   4   3   5   0   1   7   6   9   6   2   8   2   6 
  8   1   6   4   9   7   7   2   8   7   9   6   3   9   1   7   1   2   9   9   5   1   4   2   8   4   4   9   8   5   3   6   5   2   9   3   7   4   8   5   8   0   4   7   9   3   7   9   7   1 
  7   7   8   6   5   4   5   5   3   8   2   8   9   2   6   2   1   2   6   7   9   6   5   9   7   9   6   2   5   1   6   5   8   3   3   9   3   3   8   4   9   7   0   2   9   8   7   4   1   9 
  5   3   8   8   5   8   4   7   4   1   4   5   8   1   4   3   6   6   5   2   9   7   2   8   4   2   1   3   7   6   6   1   9   5   4   3   3   4   1   8   3   4   7   0   1   8   3   4   8   2 
  3   4   4   4   5   9   8   6   5   7   5   7   6   7   8   3   6   1   7   5   5   2   4   6   7   7   4   9   7   5   7   1   3   1   4   2   1   1   4   2   2   8   7   7   0   6   9   2   3   7 
  2   8   4   5   3   7   7   7   5   6   8   9   6   8   5   7   8   6   4   2   3   5   2   6   6   8   4   7   7   5   2   3   2   2   4   8   7   7   6   6   1   3   8   3   1   0   7   9   3   2 
  7   2   9   7   8   4   8   8   9   7   1   2   3   7   7   6   4   1   3   6   4   6   4   7   9   6   5   6   9   5   9   3   5   1   9   2   8   1   6   2   3   8   1   7   4   2   0   7   3   3 
  5   3   5   9   9   6   6   2   1   2   3   7   2   6   7   1   8   8   3   4   8   8   1   4   8   6   2   6   9   1   4   3   6   7   6   8   7   1   1   8   2   1   1   5   3   5   9   0   5   3 
  8   1   9   2   9   8   6   9   9   7   1   5   6   5   3   5   1   2   8   4   5   7   3   4   6   2   1   3   7   5   4   8   5   6   9   3   4   3   6   2   4   8   2   5   7   5   7   6   0   1 
  3   8   7   1   1   1   9   3   7   5   2   5   8   7   9   9   2   5   5   8   4   7   3   2   6   5   8   1   4   4   5   6   1   9   3   3   6   9   7   6   1   5   7   6   4   2   1   9   7   0 
M2
  0   3   4   7   6   9   6   9   5   2   5   9   1   6   4   1   5   3   2   9   8   2   3   3   3   2   5   7   1   7   3   1   8   9   7   2   9   9   7   9   9   2   8   2   1   8   6   5   9   4 
  4   0   4   1   9   3   1   7   4   4   1   2   5   8   4   9   6   2   3   7   8   7   8   5   3   9   2   1   1   9   3   7   2   6   1   6   5   2   5   5   4   4   3   7   5   4   4   7   4   5 
  8   1   0   9   3   3   3   8   1   2   3   1   5   5   9   8   2   9   7   7   9   3   7   6   2   1   1   6   1   7   9   5   1   5   6   7   2   8   9   3   9   7   5   9   7   6   2   5   9   6 
  1   4   8   0   2   7   1   6   7   1   2   9   1   6   5   4   5   3   8   4   4   9   1   6   4   1   1   1   6   1   3   8   2   6   1   8   2   9   3   2   5   4   4   3   5   1   5   7   8   4 
  7   2   5   6   0   2   4   2   7   7   1   3   9   2   1   4   4   7   5   3   8   5   8   6   5   3   2   5   5   4   2   9   6   4   2   8   2   7   7   7   4   1   1   5   5   1   3   2   5   6 
  2   3   2   1   1   0   7   9   1   2   7   7   4   4   3   8   7   5   6   2   9   8   3   4   1   2   2   6   8   5   3   6   1   7   6   1   7   9   1   6   1   9   8   3   8   3   3   3   2   8 
  1   2   7   3   8   6   0   3   2   5   4   5   5   1   9   2   2   9   7   9   4   1   8   7   3   1   3   4   6   4   5   3   3   9   8   6   4   7   8   2   4   1   2   3   5   5   1   2   1   4 
  9   3   9   9   6   3   4   0   4   3   9   8   6   5   1   4   8   2   2   9   8   1   7   6   3   3   7   7   9   4   6   9   9   5   5   3   1   2   8   2   5   4   4   9   7   6   6   2   7   6 
  3   9   5   3   4   1   9   5   0   6   4   1   5   8   9   2   1   4   2   4   5   1   5   3   2   6   7   5   1   1   3   2   4   2   8   3   1   7   6   3   4   2   3   2   2   9   2   7   6   2 
  3   8   6   9   9   1   9   8   2   0   2   6   6   5   6   2   4   2   7   6   3   1   9   2   6   1   5   2   2   5   1   4   7   9   5   6   9   7   1   8   6   5   8   7   8   9   8   3   5   8 
  2   8   3   2   5   4   1   7   6   1   0   4   8   3   5   8   2   6   7   2   3   9   5   3   6   1   9   5   6   5   6   8   4   6   1   9   4   5   3   6   1   8   2   7   6   2   4   8   6   4 
  8   3   8   6   9   5   4   9   1   1   6   0   6   4   2   7   1   1   8   3   3   2   8   7   4   9   8   7   5   2   9   4   9   7   4   5   1   4   4   1   2   5   6   4   6   4   5   9   3   4 
  6   9   3   1   5   6   8   9   2   8   1   2   0   4   7   3   9   9   6   4   2   7   5   8   6   9   4   3   2   7   5   9   4   7   9   4   2   2   3   5   7   6   2   9   8   1   6   8   9   6 
  8   1   5   1   7   1   6   9   6   2   5   1   8   0   4   7   6   4   1   9   7   5   2   2   9   6   5   3   4   2   4   1   1   9   8   8   1   9   3   8   2   2   9   1   6   6   1   8   2   7 
  9   8   2   1   9   1   9   9   6   7   4   3   3   9   0   4   3   2   8   6   8   1   9   5   2   1   9   7   4   8   9   7   6   9   9   4   1   8   3   7   4   4   3   4   3   9   8   9   6   7 
  2   1   5   4   5   7   1   7   7   4   2   7   4   1   2   0   7   7   9   2   8   4   3   5   5   3   6   6   1   6   1   3   5   4   3   7   5   7   6   6   2   2   2   6   8   7   8   9   1   6 
  1   2   6   9   8   4   6   6   6   5   3   9   2   2   4   8   0   4   5   9   1   3   5   4   9   7   6   1   5   8   1   2   9   9   5   3   4   9   8   1   3   8   7   9   3   1   2   6   8   8 
  2   1   4   4   3   9   3   8   8   2   9   8   5   4   8   3   8   0   9   5   6   8   1   5   1   5   1   7   7   7   8   1   7   1   2   8   8   6   5   6   7   9   5   7   1   5   7   1   7   3 
  3   9   6   9   7   5   6   1   7   6   3   4   7   5   9   1   7   2   0   1   3   2   3   3   9   8   7   3   1   8   1   4   4   1   5   3   1   4   1   5   6   8   4   2   7   1   9   5   7   1 
  8   4   1   4   4   5   4   1   1   1   8   7   9   4   3   1   3   1   1   0   3   4   9   3   1   7   4   6   6   8   8   2   2   1   4   4   6   9   5   9   8   7   2   1   7   9   6   7   1   5 
  6   8   4   6   4   9   1   3   4   1   9   7   8   8   2   1   8   5   1   6   0   8   5   1   3   3   9   8   4   2   8   9   9   8   4   9   9   3   7   6   3   2   6   3   9   2   6   9   1   9 
  3   5   7   8   7   2   4   5   4   2   4   6   9   9   9   6   3   2   4   2   2   0   4   4   7   6   6   9   5   8   2   6   1   1   6   3   6   3   9   4   7   9   6   8   9   9   6   5   4   5 
  5   6   1   9   5   7   2   2   6   3   2   2   4   2   4   9   1   3   9   6   1   4   0   1   6   3   3   9   9   9   9   6   3   6   2   5   4   9   3   3   7   6   8   3   3   4   4   6   2   1 
  3   3   4   8   9   9   8   5   4   9   1   7   6   1   8   7   8   6   5   1   8   7   1   0   8   2   5   1   8   9   9   4   5   7   7   3   4   8   7   8   9   1   2   3   3   6   4   9   9   4 
  6   8   7   3   2   7   5   7   4   8   9   2   8   2   8   7   6   9   4   6   6   7   5   9   0   9   8   7   7   1   5   4   6   9   5   1   6   3   4   5   9   9   3   7   9   6   7   4   9   6 
  6   8   5   6   1   7   7   2   5   9   7   3   3   2   4   7   1   2   1   3   5   3   7   3   3   0   1   2   3   9   7   9   7   1   3   7   8   9   3   4   1   4   4   8   3   7   8   9   4   4 
  6   2   9   4   6   6   6   3   7   1   8   9   2   6   2   8   2   5   6   1   9   3   6   7   4   6   0   3   7   1   7   6   6   2   3   5   3   2   5   1   1   7   3   6   2   2   2   1   5   5 
  5   7   3   5   1   8   7   6   2   5   7   7   3   1   6   8   8   5   6   7   5   3   3   2   7   5   1   0   4   4   7   9   8   8   7   4   3   5   7   6   7   1   6   5   5   8   9   1   7   3 
  9   2   7   7   4   1   4   9   4   3   4   4   6   6   9   6   2   3   5   7   5   6   4   3   4   7   4   1   0   1   6   8   8   9   1   6   3   2   2   4   4   1   1   3   9   8   2   1   9   4 
  9   8   4   5   5   3   4   5   7   9   2   6   1   2   3   5   1   3   6   4   1   1   4   3   8   5   1   7   9   0   7   8   8   9   2   6   9   4   6   3   5   2   8   1   1   6   4   4   8   4 
  4   6   4   9   8   3   6   7   8   7   7   9   4   9   3   2   5   9   2   6   2   8   1   9   4   7   5   1   2   8   0   9   2   1   8   6   5   6   6   7   2   9   3   9   3   3   4   4   4   2 
  8   2   9   4   1   6   9   3   5   3   7   1   1   8   7   8   2   6   2   2   7   8   3   2   1   6   2   5   6   8   3   0   4   9   2   8   9   7   9   6   5   5   5   6   4   8   2   7   9   8 
  9   2   5   1   3   2   5   9   5   6   9   3   3   6   3   2   1   8   4   5   3   1   4   6   2   6   7   6   4   6   1   2   0   5   6   6   5   3   7   6   8   6   9   5   3   7   3   7   3   5 
  5   9   6   9   7   7   5   3   3   4   8   4   8   5   9   6   6   5   5   1   4   5   2   2   5   1   4   2   1   2   1   5   2   0   9   6   2   2   3   3   5   1   8   3   1   6   1   4   1   1 
  7   9   5   9   6   5   3   8   5   6   4   8   1   2   3   4   5   5   8   9   4   1   5   3   5   5   8   2   8   9   7   7   1   5   0   4   6   4   8   1   2   1   5   6   5   3   3   1   9   1 
  1   5   5   3   3   9   7   1   2   7   8   5   3   2   1   4   9   7   9   5   5   5   5   1   4   1   1   8   9   5   9   4   8   5   8   0   4   2   3   8   8   1   2   6   8   4   8   3   6   3 
  8   4   5   6   1   7   9   2   6   5   9   3   5   9   6   6   8   1   6   5   7   5   8   7   4   9   1   4   6   4   8   5   3   3   1   9   0   8   4   8   1   2   8   9   1   3   1   4   6   1 
  5   9   2   7   2   5   7   8   1   9   5   8   1   1   7   4   1   8   4   6   5   5   5   8   3   6   3   9   2   3   4   3   8   1   5   7   5   0   6   8   3   5   8   9   2   7   1   3   1   7 
  9   4   7   8   9   9   7   7   3   2   9   6   9   2   9   2   2   4   7   7   3   5   9   6   4   4   1   3   2   2   6   4   6   5   9   3   8   9   0   6   4   6   6   4   2   8   1   1   3   2 
  6   3   5   1   4   5   3   4   7   3   7   2   6   9   6   9   1   7   4   3   6   9   3   3   2   5   1   4   9   2   2   7   8   4   6   9   2   7   7   0   2   5   8   3   1   8   7   5   8   2 
  2   2   2   7   5   1   5   6   6   4   2   7   7   5   4   4   1   3   8   3   3   1   2   2   1   9   6   3   1   2   7   3   5   3   1   5   9   4   3   5   0   1   7   6   9   6   2   8   2   6 
  8   1   6   4   9   7   7   2   8   7   9   6   3   9   1   7   1   2   9   9   5   1   4   2   8   4   4   9   8   5   3   6   5   2   9   3   7   4   8   5   8   0   4   7   9   3   7   9   7   1 
  7   7   8   6   5   4   5   5   3   8   2   8   9   2   6   2   1   2   6   7   9   6   5   9   7   9   6   2   5   1   6   5   8   3   3   9   3   3   8   4   9   7   0   2   9   8   7   4   1   9 
  5   3   8   8   5   8   4   7   4   1   4   5   8   1   4   3   6   6   5   2   9   7   2   8   4   2   1   3   7   6   6   1   9   5   4   3   3   4   1   8   3   4   7   0   1   8   3   4   8   2 
  3   4   4   4   5   9   8   6   5   7   5   7   6   7   8   3   6   1   7   5   5   2   4   6   7   7   4   9   7   5   7   1   3   1   4   2   1   1   4   2   2   8   7   7   0   6   9   2   3   7 
  2   8   4   5   3   7   7   7   5   6   8   9   6   8   5   7   8   6   4   2   3   5   2   6   6   8   4   7   7   5   2   3   2   2   4   8   7   7   6   6   1   3   8   3   1   0   7   9   3   2 
  7   2   9   7   8   4   8   8   9   7   1   2   3   7   7   6   4   1   3   6   4   6   4   7   9   6   5   6   9   5   9   3   5   1   9   2   8   1   6   2   3   8   1   7   4   2   0   7   3   3 
  5   3   5   9   9   6   6   2   1   2   3   7   2   6   7   1   8   8   3   4   8   8   1   4   8   6   2   6   9   1   4   3   6   7   6   8   7   1   1   8   2   1   1   5   3   5   9   0   5   3 
  8   1   9   2   9   8   6   9   9   7   1   5   6   5   3   5   1   2   8   4   5   7   3   4   6   2   1   3   7   5   4   8   5   6   9   3   4   3   6   2   4   8   2   5   7   5   7   6   0   1 
  3   8   7   1   1   1   9   3   7   5   2   5   8   7   9   9   2   5   5   8   4   7   3   2   6   5   8   1   4   4   5   6   1   9   3   3   6   9   7   6   1   5   7   6   4   2   1   9   7   0 
M3
  0   3   4   7   6   9   6   9   5   2   5   9   1   6   4   1   5   3   2   9   8   2   3   3   3   2   5   7   1   7   3   1   8   9   7   2   9   9   7   9   9   2   8   2   1   8   6   5   9   4 
  4   0   4   1   9   3   1   7   4   4   1   2   5   8   4   9   6   2   3   7   8   7   8   5   3   9   2   1   1   9   3   7   2   6   1   6   5   2   5   5   4   4   3   7   5   4   4   7   4   5 
  8   1   0   9   3   3   3   8   1   2   3   1   5   5   9   8   2   9   7   7   9   3   7   6   2   1   1   6   1   7   9   5   1   5   6   7   2   8   9   3   9   7   5   9   7   6   2   5   9   6 
  1   4   8   0   2   7   1   6   7   1   2   9   1   6   5   4   5   3   8   4   4   9   1   6   4   1   1   1   6   1   3   8   2   6   1   8   2   9   3   2   5   4   4   3   5   1   5   7   8   4 
  7   2   5   6   0   2   4   2   7   7   1   3   9   2   1   4   4   7   5   3   8   5   8   6   5   3   2   5   5   4   2   9   6   4   2   8   2   7   7   7   4   1   1   5   5   1   3   2   5   6 
  2   3   2   1   1   0   7   9   1   2   7   7   4   4   3   8   7   5   6   2   9   8   3   4   1   2   2   6   8   5   3   6   1   7   6   1   7   9   1   6   1   9   8   3   8   3   3   3   2   8 
  1   2   7   3   8   6   0   3   2   5   4   5   5   1   9   2   2   9   7   9   4   1   8   7   3   1   3   4   6   4   5   3   3   9   8   6   4   7   8   2   4   1   2   3   5   5   1   2   1   4 
  9   3   9   9   6   3   4   0   4   3   9   8   6   5   1   4   8   2   2   9   8   1   7   6   3   3   7   7   9   4   6   9   9   5   5   3   1   2   8   2   5   4   4   9   7   6   6   2   7   6 
  3   9   5   3   4   1   9   5   0   6   4   1   5   8   9   2   1   4   2   4   5   1   5   3   2   6   7   5   1   1   3   2   4   2   8   3   1   7   6   3   4   2   3   2   2   9   2   7   6   2 
  3   8   6   9   9   1   9   8   2   0   2   6   6   5   6   2   4   2   7   6   3   1   9   2   6   1   5   2   2   5   1   4   7   9   5   6   9   7   1   8   6   5   8   7   8   9   8   3   5   8 
  2   8   3   2   5   4   1   7   6   1   0   4   8   3   5   8   2   6   7   2   3   9   5   3   6   1   9   5   6   5   6   8   4   6   1   9   4   5   3   6   1   8   2   7   6   2   4   8   6   4 
  8   3   8   6   9   5   4   9   1   1   6   0   6   4   2   7   1   1   8   3   3   2   8   7   4   9   8   7   5   2   9   4   9   7   4   5   1   4   4   1   2   5   6   4   6   4   5   9   3   4 
  6   9   3   1   5   6   8   9   2   8   1   2   0   4   7   3   9   9   6   4   2   7   5   8   6   9   4   3   2   7   5   9   4   7   9   4   2   2   3   5   7   6   2   9   8   1   6   8   9   6 
  8   1   5   1   7   1   6   9   6   2   5   1   8   0   4   7   6   4   1   9   7   5   2   2   9   6   5   3   4   2   4   1   1   9   8   8   1   9   3   8   2   2   9   1   6   6   1   8   2   7 
  9   8   2   1   9   1   9   9   6   7   4   3   3   9   0   4   3   2   8   6   8   1   9   5   2   1   9   7   4   8   9   7   6   9   9   4   1   8   3   7   4   4   3   4   3   9   8   9   6   7 
  2   1   5   4   5   7   1   7   7   4   2   7   4   1   2   0   7   7   9   2   8   4   3   5   5   3   6   6   1   6   1   3   5   4   3   7   5   7   6   6   2   2   2   6   8   7   8   9   1   6 
  1   2   6   9   8   4   6   6   6   5   3   9   2   2   4   8   0   4   5   9   1   3   5   4   9   7   6   1   5   8   1   2   9   9   5   3   4   9   8   1   3   8   7   9   3   1   2   6   8   8 
  2   1   4   4   3   9   3   8   8   2   9   8   5   4   8   3   8   0   9   5   6   8   1   5   1   5   1   7   7   7   8   1   7   1   2   8   8   6   5   6   7   9   5   7   1   5   7   1   7   3 
  3   9   6   9   7   5   6   1   7   6   3   4   7   5   9   1   7   2   0   1   3   2   3   3   9   8   7   3   1   8   1   4   4   1   5   3   1   4   1   5   6   8   4   2   7   1   9   5   7   1 
  8   4   1   4   4   5   4   1   1   1   8   7   9   4   3   1   3   1   1   0   3   4   9   3   1   7   4   6   6   8   8   2   2   1   4   4   6   9   5   9   8   7   2   1   7   9   6   7   1   5 
  6   8   4   6   4   9   1   3   4   1   9   7   8   8   2   1   8   5   1   6   0   8   5   1   3   3   9   8   4   2   8   9   9   8   4   9   9   3   7   6   3   2   6   3   9   2   6   9   1   9 
  3   5   7   8   7   2   4   5   4   2   4   6   9   9   9   6   3   2   4   2   2   0   4   4   7   6   6   9   5   8   2   6   1   1   6   3   6   3   9   4   7   9   6   8   9   9   6   5   4   5 
  5   6   1   9   5   7   2   2   6   3   2   2   4   2   4   9   1   3   9   6   1   4   0   1   6   3   3   9   9   9   9   6   3   6   2   5   4   9   3   3   7   6   8   3   3   4   4   6   2   1 
  3   3   4   8   9   9   8   5   4   9   1   7   6   1   8   7   8   6   5   1   8   7   1   0   8   2   5   1   8   9   9   4   5   7   7   3   4   8   7   8   9   1   2   3   3   6   4   9   9   4 
  6   8   7   3   2   7   5   7   4   8   9   2   8   2   8   7   6   9   4   6   6   7   5   9   0   9   8   7   7   1   5   4   6   9   5   1   6   3   4   5   9   9   3   7   9   6   7   4   9   6 
  6   8   5   6   1   7   7   2   5   9   7   3   3   2   4   7   1   2   1   3   5   3   7   3   3   0   1   2   3   9   7   9   7   1   3   7   8   9   3   4   1   4   4   8   3   7   8   9   4   4 
  6   2   9   4   6   6   6   3   7   1   8   9   2   6   2   8   2   5   6   1   9   3   6   7   4   6   0   3   7   1   7   6   6   2   3   5   3   2   5   1   1   7   3   6   2   2   2   1   5   5 
  5   7   3   5   1   8   7   6   2   5   7   7   3   1   6   8   8   5   6   7   5   3   3   2   7   5   1   0   4   4   7   9   8   8   7   4   3   5   7   6   7   1   6   5   5   8   9   1   7   3 
  9   2   7   7   4   1   4   9   4   3   4   4   6   6   9   6   2   3   5   7   5   6   4   3   4   7   4   1   0   1   6   8   8   9   1   6   3   2   2   4   4   1   1   3   9   8   2   1   9   4 
  9   8   4   5   5   3   4   5   7   9   2   6   1   2   3   5   1   3   6   4   1   1   4   3   8   5   1   7   9   0   7   8   8   9   2   6   9   4   6   3   5   2   8   1   1   6   4   4   8   4 
  4   6   4   9   8   3   6   7   8   7   7   9   4   9   3   2   5   9   2   6   2   8   1   9   4   7   5   1   2   8   0   9   2   1   8   6   5   6   6   7   2   9   3   9   3   3   4   4   4   2 
  8   2   9   4   1   6   9   3   5   3   7   1   1   8   7   8   2   6   2   2   7   8   3   2   1   6   2   5   6   8   3   0   4   9   2   8   9   7   9   6   5   5   5   6   4   8   2   7   9   8 
  9   2   5   1   3   2   5   9   5   6   9   3   3   6   3   2   1   8   4   5   3   1   4   6   2   6   7   6   4   6   1   2   0   5   6   6   5   3   7   6   8   6   9   5   3   7   3   7   3   5 
  5   9   6   9   7   7   5   3   3   4   8   4   8   5   9   6   6   5   5   1   4   5   2   2   5   1   4   2   1   2   1   5   2   0   9   6   2   2   3   3   5   1   8   3   1   6   1   4   1   1 
  7   9   5   9   6   5   3   8   5   6   4   8   1   2   3   4   5   5   8   9   4   1   5   3   5   5   8   2   8   9   7   7   1   5   0   4   6   4   8   1   2   1   5   6   5   3   3   1   9   1 
  1   5   5   3   3   9   7   1   2   7   8   5   3   2   1   4   9   7   9   5   5   5   5   1   4   1   1   8   9   5   9   4   8   5   8   0   4   2   3   8   8   1   2   6   8   4   8   3   6   3 
  8   4   5   6   1   7   9   2   6   5   9   3   5   9   6   6   8   1   6   5   7   5   8   7   4   9   1   4   6   4   8   5   3   3   1   9   0   8   4   8   1   2   8   9   1   3   1   4   6   1 
  5   9   2   7   2   5   7   8   1   9   5   8   1   1   7   4   1   8   4   6   5   5   5   8   3   6   3   9   2   3   4   3   8   1   5   7   5   0   6   8   3   5   8   9   2   7   1   3   1   7 
  9   4   7   8   9   9   7   7   3   2   9   6   9   2   9   2   2   4   7   7   3   5   9   6   4   4   1   3   2   2   6   4   6   5   9   3   8   9   0   6   4   6   6   4   2   8   1   1   3   2 
  6   3   5   1   4   5   3   4   7   3   7   2   6   9   6   9   1   7   4   3   6   9   3   3   2   5   1   4   9   2   2   7   8   4   6   9   2   7   7   0   2   5   8   3   1   8   7   5   8   2 
  2   2   2   7   5   1   5   6   6   4   2   7   7   5   4   4   1   3   8   3   3   1   2   2   1   9   6   3   1   2   7   3   5   3   1   5   9   4   3   5   0   1   7   6   9   6   2   8   2   6 
  8   1   6   4   9   7   7   2   8   7   9   6   3   9   1   7   1   2   9   9   5   1   4   2   8   4   4   9   8   5   3   6   5   2   9   3   7   4   8   5   8   0   4   7   9   3   7   9   7   1 
  7   7   8   6   5   4   5   5   3   8   2   8   9   2   6   2   1   2   6   7   9   6   5   9   7   9   6   2   5   1   6   5   8   3   3   9   3   3   8   4   9   7   0   2   9   8   7   4   1   9 
  5   3   8   8   5   8   4   7   4   1   4   5   8   1   4   3   6   6   5   2   9   7   2   8   4   2   1   3   7   6   6   1   9   5   4   3   3   4   1   8   3   4   7   0   1   8   3   4   8   2 
  3   4   4   4   5   9   8   6   5   7   5   7   6   7   8   3   6   1   7   5   5   2   4   6   7   7   4   9   7   5   7   1   3   1   4   2   1   1   4   2   2   8   7   7   0   6   9   2   3   7 
  2   8   4   5   3   7   7   7   5   6   8   9   6   8   5   7   8   6   4   2   3   5   2   6   6   8   4   7   7   5   2   3   2   2   4   8   7   7   6   6   1   3   8   3   1   0   7   9   3   2 
  7   2   9   7   8   4   8   8   9   7   1   2   3   7   7   6   4   1   3   6   4   6   4   7   9   6   5   6   9   5   9   3   5   1   9   2   8   1   6   2   3   8   1   7   4   2   0   7   3   3 
  5   3   5   9   9   6   6   2   1   2   3   7   2   6   7   1   8   8   3   4   8   8   1   4   8   6   2   6   9   1   4   3   6   7   6   8   7   1   1   8   2   1   1   5   3   5   9   0   5   3 
  8   1   9   2   9   8   6   9   9   7   1   5   6   5   3   5   1   2   8   4   5   7   3   4   6   2   1   3   7   5   4   8   5   6   9   3   4   3   6   2   4   8   2   5   7   5   7   6   0   1 
  3   8   7   1   1   1   9   3   7   5   2   5   8   7   9   9   2   5   5   8   4   7   3   2   6   5   8   1   4   4   5   6   1   9   3   3   6   9   7   6   1   5   7   6   4   2   1   9   7   0 
M4
  0   3   4   7   6   9   6   9   5   2   5   9   1   6   4   1   5   3   2   9   8   2   3   3   3   2   5   7   1   7   3   1   8   9   7   2   9   9   7   9   9   2   8   2   1   8   6   5   9   4 
  4   0   4   1   9   3   1   7   4   4   1   2   5   8   4   9   6   2   3   7   8   7   8   5   3   9   2   1   1   9   3   7   2   6   1   6   5   2   5   5   4   4   3   7   5   4   4   7   4   5 
  8   1   0   9   3   3   3   8   1   2   3   1   5   5   9   8   2   9   7   7   9   3   7   6   2   1   1   6   1   7   9   5   1   5   6   7   2   8   9   3   9   7   5   9   7   6   2   5   9   6 
  1   4   8   0   2   7   1   6   7   1   2   9   1   6   5   4   5   3   8   4   4   9   1   6   4   1   1   1   6   1   3   8   2   6   1   8   2   9   3   2   5   4   4   3   5   1   5   7   8   4 
  7   2   5   6   0   2   4   2   7   7   1   3   9   2   1   4   4   7   5   3   8   5   8   6   5   3   2   5   5   4   2   9   6   4   2   8   2   7   7   7   4   1   1   5   5   1   3   2   5   6 
  2   3   2   1   1   0   7   9   1   2   7   7   4   4   3   8   7   5   6   2   9   8   3   4   1   2   2   6   8   5   3   6   1   7   6   1   7   9   1   6   1   9   8   3   8   3   3   3   2   8 
  1   2   7   3   8   6   0   3   2   5   4   5   5   1   9   2   2   9   7   9   4   1   8   7   3   1   3   4   6   4   5   3   3   9   8   6   4   7   8   2   4   1   2   3   5   5   1   2   1   4 
  9   3   9   9   6   3   4   0   4   3   9   8   6   5   1   4   8   2   2   9   8   1   7   6   3   3   7   7   9   4   6   9   9   5   5   3   1   2   8   2   5   4   4   9   7   6   6   2   7   6 
  3   9   5   3   4   1   9   5   0   6   4   1   5   8   9   2   1   4   2   4   5   1   5   3   2   6   7   5   1   1   3   2   4   2   8   3   1   7   6   3   4   2   3   2   2   9   2   7   6   2 
  3   8   6   9   9   1   9   8   2   0   2   6   6   5   6   2   4   2   7   6   3   1   9   2   6   1   5   2   2   5   1   4   7   9   5   6   9   7   1   8   6   5   8   7   8   9   8   3   5   8 
  2   8   3   2   5   4   1   7   6   1   0   4   8   3   5   8   2   6   7   2   3   9   5   3   6   1   9   5   6   5   6   8   4   6   1   9   4   5   3   6   1   8   2   7   6   2   4   8   6   4 
  8   3   8   6   9   5   4   9   1   1   6   0   6   4   2   7   1   1   8   3   3   2   8   7   4   9   8   7   5   2   9   4   9   7   4   5   1   4   4   1   2   5   6   4   6   4   5   9   3   4 
  6   9   3   1   5   6   8   9   2   8   1   2   0   4   7   3   9   9   6   4   2   7   5   8   6   9   4   3   2   7   5   9   4   7   9   4   2   2   3   5   7   6   2   9   8   1   6   8   9   6 
  8   1   5   1   7   1   6   9   6   2   5   1   8   0   4   7   6   4   1   9   7   5   2   2   9   6   5   3   4   2   4   1   1   9   8   8   1   9   3   8   2   2   9   1   6   6   1   8   2   7 
  9   8   2   1   9   1   9   9   6   7   4   3   3   9   0   4   3   2   8   6   8   1   9   5   2   1   9   7   4   8   9   7   6   9   9   4   1   8   3   7   4   4   3   4   3   9   8   9   6   7 
  2   1   5   4   5   7   1   7   7   4   2   7   4   1   2   0   7   7   9   2   8   4   3   5   5   3   6   6   1   6   1   3   5   4   3   7   5   7   6   6   2   2   2   6   8   7   8   9   1   6 
  1   2   6   9   8   4   6   6   6   5   3   9   2   2   4   8   0   4   5   9   1   3   5   4   9   7   6   1   5   8   1   2   9   9   5   3   4   9   8   1   3   8   7   9   3   1   2   6   8   8 
  2   1   4   4   3   9   3   8   8   2   9   8   5   4   8   3   8   0   9   5   6   8   1   5   1   5   1   7   7   7   8   1   7   1   2   8   8   6   5   6   7   9   5   7   1   5   7   1   7   3 
  3   9   6   9   7   5   6   1   7   6   3   4   7   5   9   1   7   2   0   1   3   2   3   3   9   8   7   3   1   8   1   4   4   1   5   3   1   4   1   5   6   8   4   2   7   1   9   5   7   1 
  8   4   1   4   4   5   4   1   1   1   8   7   9   4   3   1   3   1   1   0   3   4   9   3   1   7   4   6   6   8   8   2   2   1   4   4   6   9   5   9   8   7   2   1   7   9   6   7   1   5 
  6   8   4   6   4   9   1   3   4   1   9   7   8   8   2   1   8   5   1   6   0   8   5   1   3   3   9   8   4   2   8   9   9   8   4   9   9   3   7   6   3   2   6   3   9   2   6   9   1   9 
  3   5   7   8   7   2   4   5   4   2   4   6   9   9   9   6   3   2   4   2   2   0   4   4   7   6   6   9   5   8   2   6   1   1   6   3   6   3   9   4   7   9   6   8   9   9   6   5   4   5 
  5   6   1   9   5   7   2   2   6   3   2   2   4   2   4   9   1   3   9   6   1   4   0   1   6   3   3   9   9   9   9   6   3   6   2   5   4   9   3   3   7   6   8   3   3   4   4   6   2   1 
  3   3   4   8   9   9   8   5   4   9   1   7   6   1   8   7   8   6   5   1   8   7   1   0   8   2   5   1   8   9   9   4   5   7   7   3   4   8   7   8   9   1   2   3   3   6   4   9   9   4 
  6   8   7   3   2   7   5   7   4   8   9   2   8   2   8   7   6   9   4   6   6   7   5   9   0   9   8   7   7   1   5   4   6   9   5   1   6   3   4   5   9   9   3   7   9   6   7   4   9   6 
  6   8   5   6   1   7   7   2   5   9   7   3   3   2   4   7   1   2   1   3   5   3   7   3   3   0   1   2   3   9   7   9   7   1   3   7   8   9   3   4   1   4   4   8   3   7   8   9   4   4 
  6   2   9   4   6   6   6   3   7   1   8   9   2   6   2   8   2   5   6   1   9   3   6   7   4   6   0   3   7   1   7   6   6   2   3   5   3   2   5   1   1   7   3   6   2   2   2   1   5   5 
  5   7   3   5   1   8   7   6   2   5   7   7   3   1   6   8   8   5   6   7   5   3   3   2   7   5   1   0   4   4   7   9   8   8   7   4   3   5   7   6   7   1   6   5   5   8   9   1   7   3 
  9   2   7   7   4   1   4   9   4   3   4   4   6   6   9   6   2   3   5   7   5   6   4   3   4   7   4   1   0   1   6   8   8   9   1   6   3   2   2   4   4   1   1   3   9   8   2   1   9   4 
  9   8   4   5   5   3   4   5   7   9   2   6   1   2   3   5   1   3   6   4   1   1   4   3   8   5   1   7   9   0   7   8   8   9   2   6   9   4   6   3   5   2   8   1   1   6   4   4   8   4 
  4   6   4   9   8   3   6   7   8   7   7   9   4   9   3   2   5   9   2   6   2   8   1   9   4   7   5   1   2   8   0   9   2   1   8   6   5   6   6   7   2   9   3   9   3   3   4   4   4   2 
  8   2   9   4   1   6   9   3   5   3   7   1   1   8   7   8   2   6   2   2   7   8   3   2   1   6   2   5   6   8   3   0   4   9   2   8   9   7   9   6   5   5   5   6   4   8   2   7   9   8 
  9   2   5   1   3   2   5   9   5   6   9   3   3   6   3   2   1   8   4   5   3   1   4   6   2   6   7   6   4   6   1   2   0   5   6   6   5   3   7   6   8   6   9   5   3   7   3   7   3   5 
  5   9   6   9   7   7   5   3   3   4   8   4   8   5   9   6   6   5   5   1   4   5   2   2   5   1   4   2   1   2   1   5   2   0   9   6   2   2   3   3   5   1   8   3   1   6   1   4   1   1 
  7   9   5   9   6   5   3   8   5   6   4   8   1   2   3   4   5   5   8   9   4   1   5   3   5   5   8   2   8   9   7   7   1   5   0   4   6   4   8   1   2   1   5   6   5   3   3   1   9   1 
  1   5   5   3   3   9   7   1   2   7   8   5   3   2   1   4   9   7   9   5   5   5   5   1   4   1   1   8   9   5   9   4   8   5   8   0   4   2   3   8   8   1   2   6   8   4   8   3   6   3 
  8   4   5   6   1   7   9   2   6   5   9   3   5   9   6   6   8   1   6   5   7   5   8   7   4   9   1   4   6   4   8   5   3   3   1   9   0   8   4   8   1   2   8   9   1   3   1   4   6   1 
  5   9   2   7   2   5   7   8   1   9   5   8   1   1   7   4   1   8   4   6   5   5   5   8   3   6   3   9   2   3   4   3   8   1   5   7   5   0   6   8   3   5   8   9   2   7   1   3   1   7 
  9   4   7   8   9   9   7   7   3   2   9   6   9   2   9   2   2   4   7   7   3   5   9   6   4   4   1   3   2   2   6   4   6   5   9   3   8   9   0   6   4   6   6   4   2   8   1   1   3   2 
  6   3   5   1   4   5   3   4   7   3   7   2   6   9   6   9   1   7   4   3   6   9   3   3   2   5   1   4   9   2   2   7   8   4   6   9   2   7   7   0   2   5   8   3   1   8   7   5   8   2 
  2   2   2   7   5   1   5   6   6   4   2   7   7   5   4   4   1   3   8   3   3   1   2   2   1   9   6   3   1   2   7   3   5   3   1   5   9   4   3   5   0   1   7   6   9   6   2   8   2   6 
  8   1   6   4   9   7   7   2   8   7   9   6   3   9   1   7   1   2   9   9   5   1   4   2   8   4   4   9   8   5   3   6   5   2   9   3   7   4   8   5   8   0   4   7   9   3   7   9   7   1 
  7   7   8   6   5   4   5   5   3   8   2   8   9   2   6   2   1   2   6   7   9   6   5   9   7   9   6   2   5   1   6   5   8   3   3   9   3   3   8   4   9   7   0   2   9   8   7   4   1   9 
  5   3   8   8   5   8   4   7   4   1   4   5   8   1   4   3   6   6   5   2   9   7   2   8   4   2   1   3   7   6   6   1   9   5   4   3   3   4   1   8   3   4   7   0   1   8   3   4   8   2 
  3   4   4   4   5   9   8   6   5   7   5   7   6   7   8   3   6   1   7   5   5   2   4   6   7   7   4   9   7   5   7   1   3   1   4   2   1   1   4   2   2   8   7   7   0   6   9   2   3   7 
  2   8   4   5   3   7   7   7   5   6   8   9   6   8   5   7   8   6   4   2   3   5   2   6   6   8   4   7   7   5   2   3   2   2   4   8   7   7   6   6   1   3   8   3   1   0   7   9   3   2 
  7   2   9   7   8   4   8   8   9   7   1   2   3   7   7   6   4   1   3   6   4   6   4   7   9   6   5   6   9   5   9   3   5   1   9   2   8   1   6   2   3   8   1   7   4   2   0   7   3   3 
  5   3   5   9   9   6   6   2   1   2   3   7   2   6   7   1   8   8   3   4   8   8   1   4   8   6   2   6   9   1   4   3   6   7   6   8   7   1   1   8   2   1   1   5   3   5   9   0   5   3 
  8   1   9   2   9   8   6   9   9   7   1   5   6   5   3   5   1   2   8   4   5   7   3   4   6   2   1   3   7   5   4   8   5   6   9   3   4   3   6   2   4   8   2   5   7   5   7   6   0   1 
  3   8   7   1   1   1   9   3   7   5   2   5   8   7   9   9   2   5   5   8   4   7   3   2   6   5   8   1   4   4   5   6   1   9   3   3   6   9   7   6   1   5   7   6   4   2   1   9   7   0 
M5
  0   3   4   7   6   9   6   9   5   2   5   9   1   6   4   1   5   3   2   9   8   2   3   3   3   2   5   7   1   7   3   1   8   9   7   2   9   9   7   9   9   2   8   2   1   8   6   5   9   4 
  4   0   4   1   9   3   1   7   4   4   1   2   5   8   4   9   6   2   3   7   8   7   8   5   3   9   2   1   1   9   3   7   2   6   1   6   5   2   5   5   4   4   3   7   5   4   4   7   4   5 
  8   1   0   9   3   3   3   8   1   2   3   1   5   5   9   8   2   9   7   7   9   3   7   6   2   1   1   6   1   7   9   5   1   5   6   7   2   8   9   3   9   7   5   9   7   6   2   5   9   6 
  1   4   8   0   2   7   1   6   7   1   2   9   1   6   5   4   5   3   8   4   4   9   1   6   4   1   1   1   6   1   3   8   2   6   1   8   2   9   3   2   5   4   4   3   5   1   5   7   8   4 
  7   2   5   6   0   2   4   2   7   7   1   3   9   2   1   4   4   7   5   3   8   5   8   6   5   3   2   5   5   4   2   9   6   4   2   8   2   7   7   7   4   1   1   5   5   1   3   2   5   6 
  2   3   2   1   1   0   7   9   1   2   7   7   4   4   3   8   7   5   6   2   9   8   3   4   1   2   2   6   8   5   3   6   1   7   6   1   7   9   1   6   1   9   8   3   8   3   3   3   2   8 
  1   2   7   3   8   6   0   3   2   5   4   5   5   1   9   2   2   9   7   9   4   1   8   7   3   1   3   4   6   4   5   3   3   9   8   6   4   7   8   2   4   1   2   3   5   5   1   2   1   4 
  9   3   9   9   6   3   4   0   4   3   9   8   6   5   1   4   8   2   2   9   8   1   7   6   3   3   7   7   9   4   6   9   9   5   5   3   1   2   8   2   5   4   4   9   7   6   6   2   7   6 
  3   9   5   3   4   1   9   5   0   6   4   1   5   8   9   2   1   4   2   4   5   1   5   3   2   6   7   5   1   1   3   2   4   2   8   3   1   7   6   3   4   2   3   2   2   9   2   7   6   2 
  3   8   6   9   9   1   9   8   2   0   2   6   6   5   6   2   4   2   7   6   3   1   9   2   6   1   5   2   2   5   1   4   7   9   5   6   9   7   1   8   6   5   8   7   8   9   8   3   5   8 
  2   8   3   2   5   4   1   7   6   1   0   4   8   3   5   8   2   6   7   2   3   9   5   3   6   1   9   5   6   5   6   8   4   6   1   9   4   5   3   6   1   8   2   7   6   2   4   8   6   4 
  8   3   8   6   9   5   4   9   1   1   6   0   6   4   2   7   1   1   8   3   3   2   8   7   4   9   8   7   5   2   9   4   9   7   4   5   1   4   4   1   2   5   6   4   6   4   5   9   3   4 
  6   9   3   1   5   6   8   9   2   8   1   2   0   4   7   3   9   9   6   4   2   7   5   8   6   9   4   3   2   7   5   9   4   7   9   4   2   2   3   5   7   6   2   9   8   1   6   8   9   6 
  8   1   5   1   7   1   6   9   6   2   5   1   8   0   4   7   6   4   1   9   7   5   2   2   9   6   5   3   4   2   4   1   1   9   8   8   1   9   3   8   2   2   9   1   6   6   1   8   2   7 
  9   8   2   1   9   1   9   9   6   7   4   3   3   9   0   4   3   2   8   6   8   1   9   5   2   1   9   7   4   8   9   7   6   9   9   4   1   8   3   7   4   4   3   4   3   9   8   9   6   7 
  2   1   5   4   5   7   1   7   7   4   2   7   4   1   2   0   7   7   9   2   8   4   3   5   5   3   6   6   1   6   1   3   5   4   3   7   5   7   6   6   2   2   2   6   8   7   8   9   1   6 
  1   2   6   9   8   4   6   6   6   5   3   9   2   2   4   8   0   4   5   9   1   3   5   4   9   7   6   1   5   8   1   2   9   9   5   3   4   9   8   1   3   8   7   9   3   1   2   6   8   8 
  2   1   4   4   3   9   3   8   8   2   9   8   5   4   8   3   8   0   9   5   6   8   1   5   1   5   1   7   7   7   8   1   7   1   2   8   8   6   5   6   7   9   5   7   1   5   7   1   7   3 
  3   9   6   9   7   5   6   1   7   6   3   4   7   5   9   1   7   2   0   1   3   2   3   3   9   8   7   3   1   8   1   4   4   1   5   3   1   4   1   5   6   8   4   2   7   1   9   5   7   1 
  8   4   1   4   4   5   4   1   1   1   8   7   9   4   3   1   3   1   1   0   3   4   9   3   1   7   4   6   6   8   8   2   2   1   4   4   6   9   5   9   8   7   2   1   7   9   6   7   1   5 
  6   8   4   6   4   9   1   3   4   1   9   7   8   8   2   1   8   5   1   6   0   8   5   1   3   3   9   8   4   2   8   9   9   8   4   9   9   3   7   6   3   2   6   3   9   2   6   9   1   9 
  3   5   7   8   7   2   4   5   4   2   4   6   9   9   9   6   3   2   4   2   2   0   4   4   7   6   6   9   5   8   2   6   1   1   6   3   6   3   9   4   7   9   6   8   9   9   6   5   4   5 
  5   6   1   9   5   7   2   2   6   3   2   2   4   2   4   9   1   3   9   6   1   4   0   1   6   3   3   9   9   9   9   6   3   6   2   5   4   9   3   3   7   6   8   3   3   4   4   6   2   1 
  3   3   4   8   9   9   8   5   4   9   1   7   6   1   8   7   8   6   5   1   8   7   1   0   8   2   5   1   8   9   9   4   5   7   7   3   4   8   7   8   9   1   2   3   3   6   4   9   9   4 
  6   8   7   3   2   7   5   7   4   8   9   2   8   2   8   7   6   9   4   6   6   7   5   9   0   9   8   7   7   1   5   4   6   9   5   1   6   3   4   5   9   9   3   7   9   6   7   4   9   6 
  6   8   5   6   1   7   7   2   5   9   7   3   3   2   4   7   1   2   1   3   5   3   7   3   3   0   1   2   3   9   7   9   7   1   3   7   8   9   3   4   1   4   4   8   3   7   8   9   4   4 
  6   2   9   4   6   6   6   3   7   1   8   9   2   6   2   8   2   5   6   1   9   3   6   7   4   6   0   3   7   1   7   6   6   2   3   5   3   2   5   1   1   7   3   6   2   2   2   1   5   5 
  5   7   3   5   1   8   7   6   2   5   7   7   3   1   6   8   8   5   6   7   5   3   3   2   7   5   1   0   4   4   7   9   8   8   7   4   3   5   7   6   7   1   6   5   5   8   9   1   7   3 
  9   2   7   7   4   1   4   9   4   3   4   4   6   6   9   6   2   3   5   7   5   6   4   3   4   7   4   1   0   1   6   8   8   9   1   6   3   2   2   4   4   1   1   3   9   8   2   1   9   4 
  9   8   4   5   5   3   4   5   7   9   2   6   1   2   3   5   1   3   6   4   1   1   4   3   8   5   1   7   9   0   7   8   8   9   2   6   9   4   6   3   5   2   8   1   1   6   4   4   8   4 
  4   6   4   9   8   3   6   7   8   7   7   9   4   9   3   2   5   9   2   6   2   8   1   9   4   7   5   1   2   8   0   9   2   1   8   6   5   6   6   7   2   9   3   9   3   3   4   4   4   2 
  8   2   9   4   1   6   9   3   5   3   7   1   1   8   7   8   2   6   2   2   7   8   3   2   1   6   2   5   6   8   3   0   4   9   2   8   9   7   9   6   5   5   5   6   4   8   2   7   9   8 
  9   2   5   1   3   2   5   9   5   6   9   3   3   6   3   2   1   8   4   5   3   1   4   6   2   6   7   6   4   6   1   2   0   5   6   6   5   3   7   6   8   6   9   5   3   7   3   7   3   5 
  5   9   6   9   7   7   5   3   3   4   8   4   8   5   9   6   6   5   5   1   4   5   2   2   5   1   4   2   1   2   1   5   2   0   9   6   2   2   3   3   5   1   8   3   1   6   1   4   1   1 
  7   9   5   9   6   5   3   8   5   6   4   8   1   2   3   4   5   5   8   9   4   1   5   3   5   5   8   2   8   9   7   7   1   5   0   4   6   4   8   1   2   1   5   6   5   3   3   1   9   1 
  1   5   5   3   3   9   7   1   2   7   8   5   3   2   1   4   9   7   9   5   5   5   5   1   4   1   1   8   9   5   9   4   8   5   8   0   4   2   3   8   8   1   2   6   8   4   8   3   6   3 
  8   4   5   6   1   7   9   2   6   5   9   3   5   9   6   6   8   1   6   5   7   5   8   7   4   9   1   4   6   4   8   5   3   3   1   9   0   8   4   8   1   2   8   9   1   3   1   4   6   1 
  5   9   2   7   2   5   7   8   1   9   5   8   1   1   7   4   1   8   4   6   5   5   5   8   3   6   3   9   2   3   4   3   8   1   5   7   5   0   6   8   3   5   8   9   2   7   1   3   1   7 
  9   4   7   8   9   9   7   7   3   2   9   6   9   2   9   2   2   4   7   7   3   5   9   6   4   4   1   3   2   2   6   4   6   5   9   3   8   9   0   6   4   6   6   4   2   8   1   1   3   2 
  6   3   5   1   4   5   3   4   7   3   7   2   6   9   6   9   1   7   4   3   6   9   3   3   2   5   1   4   9   2   2   7   8   4   6   9   2   7   7   0   2   5   8   3   1   8   7   5   8   2 
  2   2   2   7   5   1   5   6   6   4   2   7   7   5   4   4   1   3   8   3   3   1   2   2   1   9   6   3   1   2   7   3   5   3   1   5   9   4   3   5   0   1   7   6   9   6   2   8   2   6 
  8   1   6   4   9   7   7   2   8   7   9   6   3   9   1   7   1   2   9   9   5   1   4   2   8   4   4   9   8   5   3   6   5   2   9   3   7   4   8   5   8   0   4   7   9   3   7   9   7   1 
  7   7   8   6   5   4   5   5   3   8   2   8   9   2   6   2   1   2   6   7   9   6   5   9   7   9   6   2   5   1   6   5   8   3   3   9   3   3   8   4   9   7   0   2   9   8   7   4   1   9 
  5   3   8   8   5   8   4   7   4   1   4   5   8   1   4   3   6   6   5   2   9   7   2   8   4   2   1   3   7   6   6   1   9   5   4   3   3   4   1   8   3   4   7   0   1   8   3   4   8   2 
  3   4   4   4   5   9   8   6   5   7   5   7   6   7   8   3   6   1   7   5   5   2   4   6   7   7   4   9   7   5   7   1   3   1   4   2   1   1   4   2   2   8   7   7   0   6   9   2   3   7 
  2   8   4   5   3   7   7   7   5   6   8   9   6   8   5   7   8   6   4   2   3   5   2   6   6   8   4   7   7   5   2   3   2   2   4   8   7   7   6   6   1   3   8   3   1   0   7   9   3   2 
  7   2   9   7   8   4   8   8   9   7   1   2   3   7   7   6   4   1   3   6   4   6   4   7   9   6   5   6   9   5   9   3   5   1   9   2   8   1   6   2   3   8   1   7   4   2   0   7   3   3 
  5   3   5   9   9   6   6   2   1   2   3   7   2   6   7   1   8   8   3   4   8   8   1   4   8   6   2   6   9   1   4   3   6   7   6   8   7   1   1   8   2   1   1   5   3   5   9   0   5   3 
  8   1   9   2   9   8   6   9   9   7   1   5   6   5   3   5   1   2   8   4   5   7   3   4   6   2   1   3   7   5   4   8   5   6   9   3   4   3   6   2   4   8   2   5   7   5   7   6   0   1 
  3   8   7   1   1   1   9   3   7   5   2   5   8   7   9   9   2   5   5   8   4   7   3   2   6   5   8   1   4   4   5   6   1   9   3   3   6   9   7   6   1   5   7   6   4   2   1   9   7   0 
M6
  0   3   4   7   6   9   6   9   5   2   5   9   1   6   4   1   5   3   2   9   8   2   3   3   3   2   5   7   1   7   3   1   8   9   7   2   9   9   7   9   9   2   8   2   1   8   6   5   9   4 
  4   0   4   1   9   3   1   7   4   4   1   2   5   8   4   9   6   2   3   7   8   7   8   5   3   9   2   1   1   9   3   7   2   6   1   6   5   2   5   5   4   4   3   7   5   4   4   7   4   5 
  8   1   0   9   3   3   3   8   1   2   3   1   5   5   9   8   2   9   7   7   9   3   7   6   2   1   1   6   1   7   9   5   1   5   6   7   2   8   9   3   9   7   5   9   7   6   2   5   9   6 
  1   4   8   0   2   7   1   6   7   1   2   9   1   6   5   4   5   3   8   4   4   9   1   6   4   1   1   1   6   1   3   8   2   6   1   8   2   9   3   2   5   4   4   3   5   1   5   7   8   4 
  7   2   5   6   0   2   4   2   7   7   1   3   9   2   1   4   4   7   5   3   8   5   8   6   5   3   2   5   5   4   2   9   6   4   2   8   2   7   7   7   4   1   1   5   5   1   3   2   5   6 
  2   3   2   1   1   0   7   9   1   2   7   7   4   4   3   8   7   5   6   2   9   8   3   4   1   2   2   6   8   5   3   6   1   7   6   1   7   9   1   6   1   9   8   3   8   3   3   3   2   8 
  1   2   7   3   8   6   0   3   2   5   4   5   5   1   9   2   2   9   7   9   4   1   8   7   3   1   3   4   6   4   5   3   3   9   8   6   4   7   8   2   4   1   2   3   5   5   1   2   1   4 
  9   3   9   9   6   3   4   0   4   3   9   8   6   5   1   4   8   2   2   9   8   1   7   6   3   3   7   7   9   4   6   9   9   5   5   3   1   2   8   2   5   4   4   9   7   6   6   2   7   6 
  3   9   5   3   4   1   9   5   0   6   4   1   5   8   9   2   1   4   2   4   5   1   5   3   2   6   7   5   1   1   3   2   4   2   8   3   1   7   6   3   4   2   3   2   2   9   2   7   6   2 
  3   8   6   9   9   1   9   8   2   0   2   6   6   5   6   2   4   2   7   6   3   1   9   2   6   1   5   2   2   5   1   4   7   9   5   6   9   7   1   8   6   5   8   7   8   9   8   3   5   8 
  2   8   3   2   5   4   1   7   6   1   0   4   8   3   5   8   2   6   7   2   3   9   5   3   6   1   9   5   6   5   6   8   4   6   1   9   4   5   3   6   1   8   2   7   6   2   4   8   6   4 
  8   3   8   6   9   5   4   9   1   1   6   0   6   4   2   7   1   1   8   3   3   2   8   7   4   9   8   7   5   2   9   4   9   7   4   5   1   4   4   1   2   5   6   4   6   4   5   9   3   4 
  6   9   3   1   5   6   8   9   2   8   1   2   0   4   7   3   9   9   6   4   2   7   5   8   6   9   4   3   2   7   5   9   4   7   9   4   2   2   3   5   7   6   2   9   8   1   6   8   9   6 
  8   1   5   1   7   1   6   9   6   2   5   1   8   0   4   7   6   4   1   9   7   5   2   2   9   6   5   3   4   2   4   1   1   9   8   8   1   9   3   8   2   2   9   1   6   6   1   8   2   7 
  9   8   2   1   9   1   9   9   6   7   4   3   3   9   0   4   3   2   8   6   8   1   9   5   2   1   9   7   4   8   9   7   6   9   9   4   1   8   3   7   4   4   3   4   3   9   8   9   6   7 
  2   1   5   4   5   7   1   7   7   4   2   7   4   1   2   0   7   7   9   2   8   4   3   5   5   3   6   6   1   6   1   3   5   4   3   7   5   7   6   6   2   2   2   6   8   7   8   9   1   6 
  1   2   6   9   8   4   6   6   6   5   3   9   2   2   4   8   0   4   5   9   1   3   5   4   9   7   6   1   5   8   1   2   9   9   5   3   4   9   8   1   3   8   7   9   3   1   2   6   8   8 
  2   1   4   4   3   9   3   8   8   2   9   8   5   4   8   3   8   0   9   5   6   8   1   5   1   5   1   7   7   7   8   1   7   1   2   8   8   6   5   6   7   9   5   7   1   5   7   1   7   3 
  3   9   6   9   7   5   6   1   7   6   3   4   7   5   9   1   7   2   0   1   3   2   3   3   9   8   7   3   1   8   1   4   4   1   5   3   1   4   1   5   6   8   4   2   7   1   9   5   7   1 
  8   4   1   4   4   5   4   1   1   1   8   7   9   4   3   1   3   1   1   0   3   4   9   3   1   7   4   6   6   8   8   2   2   1   4   4   6   9   5   9   8   7   2   1   7   9   6   7   1   5 
  6   8   4   6   4   9   1   3   4   1   9   7   8   8   2   1   8   5   1   6   0   8   5   1   3   3   9   8   4   2   8   9   9   8   4   9   9   3   7   6   3   2   6   3   9   2   6   9   1   9 
  3   5   7   8   7   2   4   5   4   2   4   6   9   9   9   6   3   2   4   2   2   0   4   4   7   6   6   9   5   8   2   6   1   1   6   3   6   3   9   4   7   9   6   8   9   9   6   5   4   5 
  5   6   1   9   5   7   2   2   6   3   2   2   4   2   4   9   1   3   9   6   1   4   0   1   6   3   3   9   9   9   9   6   3   6   2   5   4   9   3   3   7   6   8   3   3   4   4   6   2   1 
  3   3   4   8   9   9   8   5   4   9   1   7   6   1   8   7   8   6   5   1   8   7   1   0   8   2   5   1   8   9   9   4   5   7   7   3   4   8   7   8   9   1   2   3   3   6   4   9   9   4 
  6   8   7   3   2   7   5   7   4   8   9   2   8   2   8   7   6   9   4   6   6   7   5   9   0   9   8   7   7   1   5   4   6   9   5   1   6   3   4   5   9   9   3   7   9   6   7   4   9   6 
  6   8   5   6   1   7   7   2   5   9   7   3   3   2   4   7   1   2   1   3   5   3   7   3   3   0   1   2   3   9   7   9   7   1   3   7   8   9   3   4   1   4   4   8   3   7   8   9   4   4 
  6   2   9   4   6   6   6   3   7   1   8   9   2   6   2   8   2   5   6   1   9   3   6   7   4   6   0   3   7   1   7   6   6   2   3   5   3   2   5   1   1   7   3   6   2   2   2   1   5   5 
  5   7   3   5   1   8   7   6   2   5   7   7   3   1   6   8   8   5   6   7   5   3   3   2   7   5   1   0   4   4   7   9   8   8   7   4   3   5   7   6   7   1   6   5   5   8   9   1   7   3 
  9   2   7   7   4   1   4   9   4   3   4   4   6   6   9   6   2   3   5   7   5   6   4   3   4   7   4   1   0   1   6   8   8   9   1   6   3   2   2   4   4   1   1   3   9   8   2   1   9   4 
  9   8   4   5   5   3   4   5   7   9   2   6   1   2   3   5   1   3   6   4   1   1   4   3   8   5   1   7   9   0   7   8   8   9   2   6   9   4   6   3   5   2   8   1   1   6   4   4   8   4 
  4   6   4   9   8   3   6   7   8   7   7   9   4   9   3   2   5   9   2   6   2   8   1   9   4   7   5   1   2   8   0   9   2   1   8   6   5   6   6   7   2   9   3   9   3   3   4   4   4   2 
  8   2   9   4   1   6   9   3   5   3   7   1   1   8   7   8   2   6   2   2   7   8   3   2   1   6   2   5   6   8   3   0   4   9   2   8   9   7   9   6   5   5   5   6   4   8   2   7   9   8 
  9   2   5   1   3   2   5   9   5   6   9   3   3   6   3   2   1   8   4   5   3   1   4   6   2   6   7   6   4   6   1   2   0   5   6   6   5   3   7   6   8   6   9   5   3   7   3   7   3   5 
  5   9   6   9   7   7   5   3   3   4   8   4   8   5   9   6   6   5   5   1   4   5   2   2   5   1   4   2   1   2   1   5   2   0   9   6   2   2   3   3   5   1   8   3   1   6   1   4   1   1 
  7   9   5   9   6   5   3   8   5   6   4   8   1   2   3   4   5   5   8   9   4   1   5   3   5   5   8   2   8   9   7   7   1   5   0   4   6   4   8   1   2   1   5   6   5   3   3   1   9   1 
  1   5   5   3   3   9   7   1   2   7   8   5   3   2   1   4   9   7   9   5   5   5   5   1   4   1   1   8   9   5   9   4   8   5   8   0   4   2   3   8   8   1   2   6   8   4   8   3   6   3 
  8   4   5   6   1   7   9   2   6   5   9   3   5   9   6   6   8   1   6   5   7   5   8   7   4   9   1   4   6   4   8   5   3   3   1   9   0   8   4   8   1   2   8   9   1   3   1   4   6   1 
  5   9   2   7   2   5   7   8   1   9   5   8   1   1   7   4   1   8   4   6   5   5   5   8   3   6   3   9   2   3   4   3   8   1   5   7   5   0   6   8   3   5   8   9   2   7   1   3   1   7 
  9   4   7   8   9   9   7   7   3   2   9   6   9   2   9   2   2   4   7   7   3   5   9   6   4   4   1   3   2   2   6   4   6   5   9   3   8   9   0   6   4   6   6   4   2   8   1   1   3   2 
  6   3   5   1   4   5   3   4   7   3   7   2   6   9   6   9   1   7   4   3   6   9   3   3   2   5   1   4   9   2   2   7   8   4   6   9   2   7   7   0   2   5   8   3   1   8   7   5   8   2 
  2   2   2   7   5   1   5   6   6   4   2   7   7   5   4   4   1   3   8   3   3   1   2   2   1   9   6   3   1   2   7   3   5   3   1   5   9   4   3   5   0   1   7   6   9   6   2   8   2   6 
  8   1   6   4   9   7   7   2   8   7   9   6   3   9   1   7   1   2   9   9   5   1   4   2   8   4   4   9   8   5   3   6   5   2   9   3   7   4   8   5   8   0   4   7   9   3   7   9   7   1 
  7   7   8   6   5   4   5   5   3   8   2   8   9   2   6   2   1   2   6   7   9   6   5   9   7   9   6   2   5   1   6   5   8   3   3   9   3   3   8   4   9   7   0   2   9   8   7   4   1   9 
  5   3   8   8   5   8   4   7   4   1   4   5   8   1   4   3   6   6   5   2   9   7   2   8   4   2   1   3   7   6   6   1   9   5   4   3   3   4   1   8   3   4   7   0   1   8   3   4   8   2 
  3   4   4   4   5   9   8   6   5   7   5   7   6   7   8   3   6   1   7   5   5   2   4   6   7   7   4   9   7   5   7   1   3   1   4   2   1   1   4   2   2   8   7   7   0   6   9   2   3   7 
  2   8   4   5   3   7   7   7   5   6   8   9   6   8   5   7   8   6   4   2   3   5   2   6   6   8   4   7   7   5   2   3   2   2   4   8   7   7   6   6   1   3   8   3   1   0   7   9   3   2 
  7   2   9   7   8   4   8   8   9   7   1   2   3   7   7   6   4   1   3   6   4   6   4   7   9   6   5   6   9   5   9   3   5   1   9   2   8   1   6   2   3   8   1   7   4   2   0   7   3   3 
  5   3   5   9   9   6   6   2   1   2   3   7   2   6   7   1   8   8   3   4   8   8   1   4   8   6   2   6   9   1   4   3   6   7   6   8   7   1   1   8   2   1   1   5   3   5   9   0   5   3 
  8   1   9   2   9   8   6   9   9   7   1   5   6   5   3   5   1   2   8   4   5   7   3   4   6   2   1   3   7   5   4   8   5   6   9   3   4   3   6   2   4   8   2   5   7   5   7   6   0   1 
  3   8   7   1   1   1   9   3   7   5   2   5   8   7   9   9   2   5   5   8   4   7   3   2   6   5   8   1   4   4   5   6   1   9   3   3   6   9   7   6   1   5   7   6   4   2   1   9   7   0 
M7
  0   3   4   7   6   9   6   9   5   2   5   9   1   6   4   1   5   3   2   9   8   2   3   3   3   2   5   7   1   7   3   1   8   9   7   2   9   9   7   9   9   2   8   2   1   8   6   5   9   4 
  4   0   4   1   9   3   1   7   4   4   1   2   5   8   4   9   6   2   3   7   8   7   8   5   3   9   2   1   1   9   3   7   2   6   1   6   5   2   5   5   4   4   3   7   5   4   4   7   4   5 
  8   1   0   9   3   3   3   8   1   2   3   1   5   5   9   8   2   9   7   7   9   3   7   6   2   1   1   6   1   7   9   5   1   5   6   7   2   8   9   3   9   7   5   9   7   6   2   5   9   6 
  1   4   8   0   2   7   1   6   7   1   2   9   1   6   5   4   5   3   8   4   4   9   1   6   4   1   1   1   6   1   3   8   2   6   1   8   2   9   3   2   5   4   4   3   5   1   5   7   8   4 
  7   2   5   6   0   2   4   2   7   7   1   3   9   2   1   4   4   7   5   3   8   5   8   6   5   3   2   5   5   4   2   9   6   4   2   8   2   7   7   7   4   1   1   5   5   1   3   2   5   6 
  2   3   2   1   1   0   7   9   1   2   7   7   4   4   3   8   7   5   6   2   9   8   3   4   1   2   2   6   8   5   3   6   1   7   6   1   7   9   1   6   1   9   8   3   8   3   3   3   2   8 
  1   2   7   3   8   6   0   3   2   5   4   5   5   1   9   2   2   9   7   9   4   1   8   7   3   1   3   4   6   4   5   3   3   9   8   6   4   7   8   2   4   1   2   3   5   5   1   2   1   4 
  9   3   9   9   6   3   4   0   4   3   9   8   6   5   1   4   8   2   2   9   8   1   7   6   3   3   7   7   9   4   6   9   9   5   5   3   1   2   8   2   5   4   4   9   7   6   6   2   7   6 
  3   9   5   3   4   1   9   5   0   6   4   1   5   8   9   2   1   4   2   4   5   1   5   3   2   6   7   5   1   1   3   2   4   2   8   3   1   7   6   3   4   2   3   2   2   9   2   7   6   2 
  3   8   6   9   9   1   9   8   2   0   2   6   6   5   6   2   4   2   7   6   3   1   9   2   6   1   5   2   2   5   1   4   7   9   5   6   9   7   1   8   6   5   8   7   8   9   8   3   5   8 
  2   8   3   2   5   4   1   7   6   1   0   4   8   3   5   8   2   6   7   2   3   9   5   3   6   1   9   5   6   5   6   8   4   6   1   9   4   5   3   6   1   8   2   7   6   2   4   8   6   4 
  8   3   8   6   9   5   4   9   1   1   6   0   6   4   2   7   1   1   8   3   3   2   8   7   4   9   8   7   5   2   9   4   9   7   4   5   1   4   4   1   2   5   6   4   6   4   5   9   3   4 
  6   9   3   1   5   6   8   9   2   8   1   2   0   4   7   3   9   9   6   4   2   7   5   8   6   9   4   3   2   7   5   9   4   7   9   4   2   2   3   5   7   6   2   9   8   1   6   8   9   6 
  8   1   5   1   7   1   6   9   6   2   5   1   8   0   4   7   6   4   1   9   7   5   2   2   9   6   5   3   4   2   4   1   1   9   8   8   1   9   3   8   2   2   9   1   6   6   1   8   2   7 
  9   8   2   1   9   1   9   9   6   7   4   3   3   9   0   4   3   2   8   6   8   1   9   5   2   1   9   7   4   8   9   7   6   9   9   4   1   8   3   7   4   4   3   4   3   9   8   9   6   7 
  2   1   5   4   5   7   1   7   7   4   2   7   4   1   2   0   7   7   9   2   8   4   3   5   5   3   6   6   1   6   1   3   5   4   3   7   5   7   6   6   2   2   2   6   8   7   8   9   1   6 
  1   2   6   9   8   4   6   6   6   5   3   9   2   2   4   8   0   4   5   9   1   3   5   4   9   7   6   1   5   8   1   2   9   9   5   3   4   9   8   1   3   8   7   9   3   1   2   6   8   8 
  2   1   4   4   3   9   3   8   8   2   9   8   5   4   8   3   8   0   9   5   6   8   1   5   1   5   1   7   7   7   8   1   7   1   2   8   8   6   5   6   7   9   5   7   1   5   7   1   7   3 
  3   9   6   9   7   5   6   1   7   6   3   4   7   5   9   1   7   2   0   1   3   2   3   3   9   8   7   3   1   8   1   4   4   1   5   3   1   4   1   5   6   8   4   2   7   1   9   5   7   1 
  8   4   1   4   4   5   4   1   1   1   8   7   9   4   3   1   3   1   1   0   3   4   9   3   1   7   4   6   6   8   8   2   2   1   4   4   6   9   5   9   8   7   2   1   7   9   6   7   1   5 
  6   8   4   6   4   9   1   3   4   1   9   7   8   8   2   1   8   5   1   6   0   8   5   1   3   3   9   8   4   2   8   9   9   8   4   9   9   3   7   6   3   2   6   3   9   2   6   9   1   9 
  3   5   7   8   7   2   4   5   4   2   4   6   9   9   9   6   3   2   4   2   2   0   4   4   7   6   6   9   5   8   2   6   1   1   6   3   6   3   9   4   7   9   6   8   9   9   6   5   4   5 
  5   6   1   9   5   7   2   2   6   3   2   2   4   2   4   9   1   3   9   6   1   4   0   1   6   3   3   9   9   9   9   6   3   6   2   5   4   9   3   3   7   6   8   3   3   4   4   6   2   1 
  3   3   4   8   9   9   8   5   4   9   1   7   6   1   8   7   8   6   5   1   8   7   1   0   8   2   5   1   8   9   9   4   5   7   7   3   4   8   7   8   9   1   2   3   3   6   4   9   9   4 
  6   8   7   3   2   7   5   7   4   8   9   2   8   2   8   7   6   9   4   6   6   7   5   9   0   9   8   7   7   1   5   4   6   9   5   1   6   3   4   5   9   9   3   7   9   6   7   4   9   6 
  6   8   5   6   1   7   7   2   5   9   7   3   3   2   4   7   1   2   1   3   5   3   7   3   3   0   1   2   3   9   7   9   7   1   3   7   8   9   3   4   1   4   4   8   3   7   8   9   4   4 
  6   2   9   4   6   6   6   3   7   1   8   9   2   6   2   8   2   5   6   1   9   3   6   7   4   6   0   3   7   1   7   6   6   2   3   5   3   2   5   1   1   7   3   6   2   2   2   1   5   5 
  5   7   3   5   1   8   7   6   2   5   7   7   3   1   6   8   8   5   6   7   5   3   3   2   7   5   1   0   4   4   7   9   8   8   7   4   3   5   7   6   7   1   6   5   5   8   9   1   7   3 
  9   2   7   7   4   1   4   9   4   3   4   4   6   6   9   6   2   3   5   7   5   6   4   3   4   7   4   1   0   1   6   8   8   9   1   6   3   2   2   4   4   1   1   3   9   8   2   1   9   4 
  9   8   4   5   5   3   4   5   7   9   2   6   1   2   3   5   1   3   6   4   1   1   4   3   8   5   1   7   9   0   7   8   8   9   2   6   9   4   6   3   5   2   8   1   1   6   4   4   8   4 
  4   6   4   9   8   3   6   7   8   7   7   9   4   9   3   2   5   9   2   6   2   8   1   9   4   7   5   1   2   8   0   9   2   1   8   6   5   6   6   7   2   9   3   9   3   3   4   4   4   2 
  8   2   9   4   1   6   9   3   5   3   7   1   1   8   7   8   2   6   2   2   7   8   3   2   1   6   2   5   6   8   3   0   4   9   2   8   9   7   9   6   5   5   5   6   4   8   2   7   9   8 
  9   2   5   1   3   2   5   9   5   6   9   3   3   6   3   2   1   8   4   5   3   1   4   6   2   6   7   6   4   6   1   2   0   5   6   6   5   3   7   6   8   6   9   5   3   7   3   7   3   5 
  5   9   6   9   7   7   5   3   3   4   8   4   8   5   9   6   6   5   5   1   4   5   2   2   5   1   4   2   1   2   1   5   2   0   9   6   2   2   3   3   5   1   8   3   1   6   1   4   1   1 
  7   9   5   9   6   5   3   8   5   6   4   8   1   2   3   4   5   5   8   9   4   1   5   3   5   5   8   2   8   9   7   7   1   5   0   4   6   4   8   1   2   1   5   6   5   3   3   1   9   1 
  1   5   5   3   3   9   7   1   2   7   8   5   3   2   1   4   9   7   9   5   5   5   5   1   4   1   1   8   9   5   9   4   8   5   8   0   4   2   3   8   8   1   2   6   8   4   8   3   6   3 
  8   4   5   6   1   7   9   2   6   5   9   3   5   9   6   6   8   1   6   5   7   5   8   7   4   9   1   4   6   4   8   5   3   3   1   9   0   8   4   8   1   2   8   9   1   3   1   4   6   1 
  5   9   2   7   2   5   7   8   1   9   5   8   1   1   7   4   1   8   4   6   5   5   5   8   3   6   3   9   2   3   4   3   8   1   5   7   5   0   6   8   3   5   8   9   2   7   1   3   1   7 
  9   4   7   8   9   9   7   7   3   2   9   6   9   2   9   2   2   4   7   7   3   5   9   6   4   4   1   3   2   2   6   4   6   5   9   3   8   9   0   6   4   6   6   4   2   8   1   1   3   2 
  6   3   5   1   4   5   3   4   7   3   7   2   6   9   6   9   1   7   4   3   6   9   3   3   2   5   1   4   9   2   2   7   8   4   6   9   2   7   7   0   2   5   8   3   1   8   7   5   8   2 
  2   2   2   7   5   1   5   6   6   4   2   7   7   5   4   4   1   3   8   3   3   1   2   2   1   9   6   3   1   2   7   3   5   3   1   5   9   4   3   5   0   1   7   6   9   6   2   8   2   6 
  8   1   6   4   9   7   7   2   8   7   9   6   3   9   1   7   1   2   9   9   5   1   4   2   8   4   4   9   8   5   3   6   5   2   9   3   7   4   8   5   8   0   4   7   9   3   7   9   7   1 
  7   7   8   6   5   4   5   5   3   8   2   8   9   2   6   2   1   2   6   7   9   6   5   9   7   9   6   2   5   1   6   5   8   3   3   9   3   3   8   4   9   7   0   2   9   8   7   4   1   9 
  5   3   8   8   5   8   4   7   4   1   4   5   8   1   4   3   6   6   5   2   9   7   2   8   4   2   1   3   7   6   6   1   9   5   4   3   3   4   1   8   3   4   7   0   1   8   3   4   8   2 
  3   4   4   4   5   9   8   6   5   7   5   7   6   7   8   3   6   1   7   5   5   2   4   6   7   7   4   9   7   5   7   1   3   1   4   2   1   1   4   2   2   8   7   7   0   6   9   2   3   7 
  2   8   4   5   3   7   7   7   5   6   8   9   6   8   5   7   8   6   4   2   3   5   2   6   6   8   4   7   7   5   2   3   2   2   4   8   7   7   6   6   1   3   8   3   1   0   7   9   3   2 
  7   2   9   7   8   4   8   8   9   7   1   2   3   7   7   6   4   1   3   6   4   6   4   7   9   6   5   6   9   5   9   3   5   1   9   2   8   1   6   2   3   8   1   7   4   2   0   7   3   3 
  5   3   5   9   9   6   6   2   1   2   3   7   2   6   7   1   8   8   3   4   8   8   1   4   8   6   2   6   9   1   4   3   6   7   6   8   7   1   1   8   2   1   1   5   3   5   9   0   5   3 
  8   1   9   2   9   8   6   9   9   7   1   5   6   5   3   5   1   2   8   4   5   7   3   4   6   2   1   3   7   5   4   8   5   6   9   3   4   3   6   2   4   8   2   5   7   5   7   6   0   1 
  3   8   7   1   1   1   9   3   7   5   2   5   8   7   9   9   2   5   5   8   4   7   3   2   6   5   8   1   4   4   5   6   1   9   3   3   6   9   7   6   1   5   7   6   4   2   1   9   7   0 
Reldue
 1245    3    8
 1382    1    7
  912    3    9
 1197    3    2
 1296    5    8
  621    4    3
 1439    5    4
 1029    6    5
 1297    2    3
 1797    6    2
  900    8    9
  424    9    1
 1010    5    6
 1406    4    5
 1549    2    7
  501    6    7
  885    9    9
 1646    5    9
 1156    3    7
  670    3    8
 1664    1    2
 1178    6    6
 1433    3    5
  703    2    4
  672    3    3
 1173    6    3
 1149    3    6
 1138    4    1
  569    7    4
  960    1    4
  955    9    4
 1540    3    1
  650    4    7
  829    2    1
 1054    1    7
  561    4    3
 1282    8    6
 1901    4    6
 1049    9    7
  726    5    8
 2006    4    9
 1275    6    4
 1151    6    3
 1679    8    7
 1380    9    9
 1407    4    2
 1231    1    5
 1232    7    5
  730    3    3
 1043    3    7
DDW
 1165  1325
 1258  1507
  846   979
 1128  1266
 1223  1369
  572   671
 1299  1580
  957  1101
 1181  1414
 1680  1914
  839   961
  383   466
  935  1084
 1301  1510
 1424  1675
  462   539
  805   965
 1536  1756
 1042  1269
  621   719
 1521  1808
 1072  1285
 1361  1505
  665   741
  634   710
 1089  1257
 1065  1232
 1048  1227
  537   602
  901  1020
  872  1038
 1440  1641
  599   702
  784   874
  982  1125
  508   614
 1186  1378
 1788  2014
  974  1123
  661   791
 1901  2111
 1160  1390
 1082  1220
 1512  1847
 1273  1488
 1274  1539
 1157  1304
 1123  1341
  664   795
  960  1127
