50   8
MD
  5  3  4  2  2  2  2  4
PT
 56  16  51  49  77  16  91  20  64  81   4  68  98  67   3  96  96   1  96  40  56  68  26  51  16  96  31   9  77  18  47  49  41  23  53  38  81  39  75  79  26  54   6  80  19  71  35  32  19   8 
 14  79  16  43  57  31  43  22  76  91   6   1  87   4  79  36  76   9  20  51   3  40   6   7  90  62  64  46  50  82  86  95  63  82  98  91  19  14  77  19  53  54  23  57  85  92  90  14  89  34 
 11  13  39  96  78  42  21  38  88  55  30  85  89  88  92  15  40  69  12  18  66  73  58  62  55  40   5  82  83  38  32  25  63  68  94  46  34  17  43  89  89  28  69  69   2  79  65  85   4  52 
 21  88  72  60  47   7  39  52   9  96  89  25  56  99  91  29  20  16   9   8  35  74  24  53  21  95   3  95  30  93  28  64  68  27  41  87  48  26  50  74  63  39   3  83  45   5  97  38  88  78 
 69  82   2  86   7  84  42  60  23  61  22  98  12  31  93  11  81  93  99  29  18  23  34  59  69  33  52  91  10  75  59  30  60  74   9  60  19  16  30  42   9  45  48  31  56  30  12   3  42  27 
 52  75  47  78  42   9  43  83  63  35   9  60  31  80  36  71  96  48  84  80  32  10   2  84  81  87  78  51  72  82  36  50  60  52  85  12  95  31  85  83  68  27  95  51  68  19   8  15  44  19 
 21  78  72   7  24  88  43  92  60  67  62  97  51  59  16  57  57  31  14  22  47  41  90   3   8  72   7  28  25  42  93  12  48  34  86  17  45   8   9  25  43  97   1  40   7  74  38  62  23  14 
 18   8  76  74  17  30  65  58  38  54  68   9  31  73  79  92   5  97   8  78   6  50  86  89  89  25   5  93  83   6  11  39  56  56  68  72  46   2  50   7   5  45  33  21  34  59  56  59  65  66 
SSD
M0
  0   7   9   2   3   8   7   3   8   2   1   3   9   5   3   1   2   2   9   9   1   6   4   3   8   1   5   4   7   8   4   5   6   5   5   5   5   8   7   7   3   5   8   6   3   8   6   4   9   6 
  9   0   4   7   9   7   3   1   5   3   3   2   9   6   7   5   4   5   3   3   1   1   5   1   6   8   7   8   2   9   2   9   9   1   7   7   9   3   9   4   1   6   6   2   1   3   4   9   6   5 
  2   3   0   7   9   4   5   9   3   6   7   2   9   1   9   2   5   8   7   2   2   9   7   2   9   1   3   9   4   7   2   7   2   5   8   7   3   9   9   7   5   7   9   2   3   5   1   2   6   9 
  9   8   4   0   2   8   9   2   7   6   9   3   9   5   4   2   1   1   6   3   2   2   3   8   8   9   3   5   7   2   9   2   4   7   4   9   7   7   7   5   5   5   2   9   5   3   7   2   8   4 
  3   3   2   2   0   9   2   4   3   3   8   1   6   1   9   2   4   4   7   3   8   7   5   9   3   3   3   3   9   5   7   3   1   6   9   6   7   4   4   2   4   6   2   7   9   4   6   2   4   7 
  4   5   1   3   4   0   8   1   8   9   3   3   1   9   3   5   6   7   5   8   2   4   7   9   5   5   8   5   2   8   2   9   1   9   4   4   2   7   7   2   2   5   3   4   1   3   5   7   9   7 
  8   2   3   8   6   9   0   6   6   6   7   7   3   7   1   6   1   8   5   3   7   2   2   7   9   5   8   8   7   6   4   5   4   5   3   2   2   2   9   9   6   7   1   8   8   4   9   6   3   6 
  1   2   1   1   3   9   5   0   2   3   4   6   9   2   4   9   1   8   2   6   1   1   2   3   5   1   2   7   8   5   9   1   6   5   8   3   6   3   7   5   8   3   9   5   6   5   6   1   6   3 
  1   8   4   2   5   5   1   9   0   2   1   9   9   7   3   6   5   4   7   3   4   5   5   1   5   5   5   2   7   7   2   3   4   2   8   9   8   3   8   2   9   2   2   7   8   8   5   3   4   4 
  6   1   1   5   1   7   6   5   5   0   6   8   3   7   3   7   7   4   3   6   5   3   7   2   6   7   1   6   9   4   5   9   2   1   5   2   6   9   7   6   4   2   7   4   5   4   3   3   2   5 
  4   4   3   1   4   1   8   7   6   1   0   2   8   4   2   6   7   1   5   8   2   9   5   7   2   2   7   3   1   9   5   1   3   2   2   5   4   7   3   6   6   3   3   2   9   3   4   8   1   5 
  1   3   9   2   2   6   3   5   7   3   9   0   4   1   7   9   1   4   1   3   5   3   5   7   7   6   4   4   6   3   9   7   9   7   5   4   8   9   9   2   3   5   6   8   5   9   5   8   9   5 
  3   1   2   9   1   9   6   3   8   5   5   4   0   1   4   7   9   2   7   9   3   3   1   6   8   5   5   1   7   4   3   7   5   1   6   4   4   3   7   4   9   6   2   4   1   8   2   8   2   5 
  4   3   4   8   5   2   9   5   4   4   3   2   4   0   8   2   1   8   9   5   1   9   9   9   6   5   4   8   5   2   6   3   4   2   7   4   9   5   7   9   8   8   7   3   1   2   1   6   5   6 
  3   6   5   2   1   3   3   6   7   9   7   7   3   1   0   5   6   5   1   7   5   6   9   2   3   1   6   2   6   6   2   6   6   8   1   4   1   4   7   3   9   7   3   2   9   6   1   9   5   5 
  8   7   6   5   3   5   6   7   7   9   2   8   3   8   2   0   2   1   4   3   7   8   6   7   3   3   4   5   5   2   7   5   4   9   5   4   1   8   3   9   1   7   7   9   2   6   2   4   9   9 
  7   7   2   9   8   8   7   8   3   4   1   2   2   9   4   2   0   7   3   3   2   7   3   1   2   9   6   7   7   7   3   9   5   8   7   6   6   9   7   1   2   7   2   3   9   2   1   8   5   1 
  2   2   9   2   1   2   7   7   6   5   9   4   1   3   2   1   6   0   4   3   9   1   9   1   7   7   2   2   6   4   2   7   9   4   1   9   9   2   5   4   7   8   1   6   9   9   5   4   8   3 
  9   8   3   2   5   1   8   4   4   3   1   3   5   4   3   3   1   4   0   2   1   9   5   2   9   2   6   1   1   1   8   9   2   4   7   6   6   7   7   6   2   6   2   3   7   3   4   8   3   8 
  2   1   6   7   1   4   9   6   4   3   9   6   2   6   4   9   2   4   3   0   5   8   2   7   3   3   3   1   3   1   6   7   3   2   9   8   2   7   3   1   3   6   1   4   8   3   4   9   4   7 
  3   8   9   4   9   6   7   3   5   6   9   9   6   6   7   2   7   6   5   4   0   3   2   6   5   1   2   1   1   7   3   3   4   7   5   3   7   9   2   3   7   7   4   4   9   4   1   3   2   9 
  3   8   7   2   7   5   3   3   1   2   6   8   4   9   6   5   6   5   9   6   5   0   4   8   6   1   5   8   6   8   2   5   3   5   1   2   1   7   9   5   8   2   7   7   5   7   2   4   8   5 
  9   1   9   6   7   5   2   3   7   2   1   5   5   5   7   5   6   4   7   4   8   4   0   5   9   1   2   2   8   6   2   3   1   2   7   6   9   9   4   4   6   3   8   3   5   2   8   2   1   8 
  3   7   6   3   5   8   5   7   3   8   8   4   1   4   9   9   3   3   9   6   8   3   3   0   7   8   9   3   7   8   8   3   3   6   5   2   3   2   3   1   7   7   4   2   2   1   4   7   6   9 
  8   6   3   5   6   8   8   2   7   3   5   1   6   3   2   8   9   3   7   9   7   8   5   3   0   9   3   8   4   3   8   1   2   4   9   6   4   8   4   6   8   4   6   8   7   1   6   4   2   2 
  1   6   9   9   2   9   8   3   8   2   2   4   2   2   3   4   8   8   7   5   7   6   7   7   8   0   1   8   5   2   7   8   5   5   9   1   3   3   4   6   8   3   9   6   7   6   1   5   7   3 
  6   3   5   7   8   4   1   4   3   6   8   4   8   7   6   4   6   6   5   1   8   9   2   8   2   5   0   6   6   5   6   7   2   6   1   8   6   9   4   9   7   1   4   4   9   8   1   6   1   4 
  7   8   9   4   4   2   5   1   2   4   5   6   7   8   3   5   6   4   4   2   7   4   6   2   2   6   1   0   6   5   1   9   5   7   1   4   9   6   5   2   3   2   9   4   5   4   3   5   1   9 
  6   2   6   9   1   1   3   4   2   2   8   6   9   2   8   4   9   7   6   1   4   7   3   3   4   9   2   4   0   7   9   8   1   2   6   3   7   8   1   4   1   6   6   4   6   9   9   7   6   1 
  7   2   2   7   4   5   9   4   9   8   8   6   5   9   8   3   7   7   1   9   7   3   9   8   2   4   8   5   4   0   2   9   3   7   8   2   1   1   5   5   2   9   9   4   6   8   9   1   1   9 
  5   6   5   3   7   6   8   9   7   4   4   8   3   5   1   6   9   6   1   9   4   8   6   8   5   2   2   9   7   2   0   1   5   7   7   2   5   7   1   9   1   1   7   3   9   5   5   3   2   5 
  3   2   8   6   5   1   9   2   2   9   2   1   4   3   5   1   3   9   5   3   5   5   3   4   1   5   2   1   3   9   7   0   5   7   4   5   4   1   1   1   8   7   9   9   6   8   9   7   5   8 
  7   4   9   1   9   1   1   8   5   2   6   2   7   6   8   6   2   7   9   4   4   6   3   2   6   2   5   9   4   4   8   6   0   2   6   5   6   4   3   4   9   2   6   3   7   1   6   4   9   1 
  6   4   7   5   4   2   5   3   7   3   2   2   7   6   7   4   4   2   3   8   2   3   2   1   6   1   8   4   7   6   3   9   9   0   8   1   5   3   3   9   2   9   9   2   7   6   2   3   4   8 
  8   3   1   5   4   1   6   9   4   2   2   1   9   3   6   1   2   8   9   5   6   1   2   2   6   6   6   2   3   1   2   1   7   4   0   1   8   3   7   1   1   1   9   2   8   6   8   7   5   6 
  3   9   4   1   5   7   5   1   6   1   3   8   4   1   5   5   8   7   2   5   2   8   7   3   6   4   6   3   8   8   5   7   8   8   9   0   8   5   5   7   9   2   1   6   4   3   5   3   2   8 
  1   8   3   7   6   6   9   2   6   3   5   9   8   4   5   2   1   8   1   4   1   3   2   3   1   7   1   2   6   2   8   6   2   7   4   2   0   5   1   6   9   7   9   1   2   1   9   5   9   8 
  6   5   2   4   6   1   7   4   2   9   3   8   5   9   9   6   6   2   9   6   3   3   8   4   9   6   8   3   6   6   1   5   9   1   4   8   4   0   1   5   3   7   6   3   1   9   6   8   7   5 
  5   6   9   3   2   4   4   1   1   4   3   1   7   6   6   6   9   4   2   9   9   3   3   5   2   1   4   8   2   1   7   6   4   1   1   4   8   5   0   4   6   1   8   7   5   3   5   8   5   2 
  8   8   4   5   8   7   9   9   5   5   8   8   5   9   8   4   6   7   4   3   4   1   4   3   3   7   4   3   8   6   9   8   5   2   7   8   2   3   3   0   8   9   6   4   2   2   6   3   9   2 
  6   1   3   3   5   2   3   7   9   9   5   3   7   6   1   2   8   8   5   9   8   9   6   9   1   8   8   6   4   1   1   6   3   2   9   6   9   1   3   1   0   6   6   1   8   5   6   7   2   3 
  3   2   3   3   9   6   4   3   1   7   4   2   1   7   9   7   4   9   5   8   1   1   2   5   2   6   7   7   8   5   2   8   5   9   1   4   3   5   8   8   9   0   3   6   6   2   7   2   8   5 
  6   4   3   4   3   4   2   7   7   6   8   1   4   6   1   8   6   5   5   2   1   7   1   8   1   2   7   2   4   1   6   6   7   3   5   1   8   2   1   5   8   4   0   6   3   7   1   5   3   5 
  8   5   7   1   2   6   4   7   8   4   2   8   3   7   1   8   4   1   3   6   1   6   7   5   1   8   5   7   8   4   2   9   5   2   9   7   2   6   9   5   5   7   8   0   3   7   1   5   6   5 
  1   3   4   2   4   7   5   3   5   1   4   6   5   3   2   2   5   7   5   8   1   8   5   3   3   1   8   3   8   6   3   5   6   4   3   6   7   2   5   8   8   5   3   9   0   1   6   4   6   3 
  6   4   8   7   9   1   3   2   1   6   6   7   4   3   3   4   7   5   2   4   8   7   8   8   3   4   7   3   9   4   4   7   7   9   3   8   2   7   2   7   6   3   1   7   7   0   5   8   2   3 
  8   6   9   6   3   8   4   4   6   8   9   8   7   3   2   7   9   6   9   9   5   5   3   8   8   8   8   9   5   9   5   8   4   8   1   8   4   9   6   7   3   3   3   3   4   3   0   3   3   9 
  9   7   9   9   9   6   6   8   9   7   5   9   7   1   9   8   2   8   2   3   7   7   2   9   1   9   9   2   1   5   4   4   8   7   4   2   4   8   5   8   9   3   9   2   2   2   2   0   3   9 
  4   6   3   2   5   6   5   7   4   6   4   6   4   8   2   1   3   8   5   4   4   3   2   5   6   2   3   2   5   5   7   1   8   8   6   7   3   1   3   6   2   6   9   2   8   8   7   5   0   2 
  8   8   4   3   1   8   9   9   2   8   5   7   5   1   4   8   5   9   4   6   3   1   9   6   1   5   1   6   7   9   2   9   1   5   1   9   4   2   3   1   3   6   2   1   5   4   5   2   1   0 
M1
  0   7   9   2   3   8   7   3   8   2   1   3   9   5   3   1   2   2   9   9   1   6   4   3   8   1   5   4   7   8   4   5   6   5   5   5   5   8   7   7   3   5   8   6   3   8   6   4   9   6 
  9   0   4   7   9   7   3   1   5   3   3   2   9   6   7   5   4   5   3   3   1   1   5   1   6   8   7   8   2   9   2   9   9   1   7   7   9   3   9   4   1   6   6   2   1   3   4   9   6   5 
  2   3   0   7   9   4   5   9   3   6   7   2   9   1   9   2   5   8   7   2   2   9   7   2   9   1   3   9   4   7   2   7   2   5   8   7   3   9   9   7   5   7   9   2   3   5   1   2   6   9 
  9   8   4   0   2   8   9   2   7   6   9   3   9   5   4   2   1   1   6   3   2   2   3   8   8   9   3   5   7   2   9   2   4   7   4   9   7   7   7   5   5   5   2   9   5   3   7   2   8   4 
  3   3   2   2   0   9   2   4   3   3   8   1   6   1   9   2   4   4   7   3   8   7   5   9   3   3   3   3   9   5   7   3   1   6   9   6   7   4   4   2   4   6   2   7   9   4   6   2   4   7 
  4   5   1   3   4   0   8   1   8   9   3   3   1   9   3   5   6   7   5   8   2   4   7   9   5   5   8   5   2   8   2   9   1   9   4   4   2   7   7   2   2   5   3   4   1   3   5   7   9   7 
  8   2   3   8   6   9   0   6   6   6   7   7   3   7   1   6   1   8   5   3   7   2   2   7   9   5   8   8   7   6   4   5   4   5   3   2   2   2   9   9   6   7   1   8   8   4   9   6   3   6 
  1   2   1   1   3   9   5   0   2   3   4   6   9   2   4   9   1   8   2   6   1   1   2   3   5   1   2   7   8   5   9   1   6   5   8   3   6   3   7   5   8   3   9   5   6   5   6   1   6   3 
  1   8   4   2   5   5   1   9   0   2   1   9   9   7   3   6   5   4   7   3   4   5   5   1   5   5   5   2   7   7   2   3   4   2   8   9   8   3   8   2   9   2   2   7   8   8   5   3   4   4 
  6   1   1   5   1   7   6   5   5   0   6   8   3   7   3   7   7   4   3   6   5   3   7   2   6   7   1   6   9   4   5   9   2   1   5   2   6   9   7   6   4   2   7   4   5   4   3   3   2   5 
  4   4   3   1   4   1   8   7   6   1   0   2   8   4   2   6   7   1   5   8   2   9   5   7   2   2   7   3   1   9   5   1   3   2   2   5   4   7   3   6   6   3   3   2   9   3   4   8   1   5 
  1   3   9   2   2   6   3   5   7   3   9   0   4   1   7   9   1   4   1   3   5   3   5   7   7   6   4   4   6   3   9   7   9   7   5   4   8   9   9   2   3   5   6   8   5   9   5   8   9   5 
  3   1   2   9   1   9   6   3   8   5   5   4   0   1   4   7   9   2   7   9   3   3   1   6   8   5   5   1   7   4   3   7   5   1   6   4   4   3   7   4   9   6   2   4   1   8   2   8   2   5 
  4   3   4   8   5   2   9   5   4   4   3   2   4   0   8   2   1   8   9   5   1   9   9   9   6   5   4   8   5   2   6   3   4   2   7   4   9   5   7   9   8   8   7   3   1   2   1   6   5   6 
  3   6   5   2   1   3   3   6   7   9   7   7   3   1   0   5   6   5   1   7   5   6   9   2   3   1   6   2   6   6   2   6   6   8   1   4   1   4   7   3   9   7   3   2   9   6   1   9   5   5 
  8   7   6   5   3   5   6   7   7   9   2   8   3   8   2   0   2   1   4   3   7   8   6   7   3   3   4   5   5   2   7   5   4   9   5   4   1   8   3   9   1   7   7   9   2   6   2   4   9   9 
  7   7   2   9   8   8   7   8   3   4   1   2   2   9   4   2   0   7   3   3   2   7   3   1   2   9   6   7   7   7   3   9   5   8   7   6   6   9   7   1   2   7   2   3   9   2   1   8   5   1 
  2   2   9   2   1   2   7   7   6   5   9   4   1   3   2   1   6   0   4   3   9   1   9   1   7   7   2   2   6   4   2   7   9   4   1   9   9   2   5   4   7   8   1   6   9   9   5   4   8   3 
  9   8   3   2   5   1   8   4   4   3   1   3   5   4   3   3   1   4   0   2   1   9   5   2   9   2   6   1   1   1   8   9   2   4   7   6   6   7   7   6   2   6   2   3   7   3   4   8   3   8 
  2   1   6   7   1   4   9   6   4   3   9   6   2   6   4   9   2   4   3   0   5   8   2   7   3   3   3   1   3   1   6   7   3   2   9   8   2   7   3   1   3   6   1   4   8   3   4   9   4   7 
  3   8   9   4   9   6   7   3   5   6   9   9   6   6   7   2   7   6   5   4   0   3   2   6   5   1   2   1   1   7   3   3   4   7   5   3   7   9   2   3   7   7   4   4   9   4   1   3   2   9 
  3   8   7   2   7   5   3   3   1   2   6   8   4   9   6   5   6   5   9   6   5   0   4   8   6   1   5   8   6   8   2   5   3   5   1   2   1   7   9   5   8   2   7   7   5   7   2   4   8   5 
  9   1   9   6   7   5   2   3   7   2   1   5   5   5   7   5   6   4   7   4   8   4   0   5   9   1   2   2   8   6   2   3   1   2   7   6   9   9   4   4   6   3   8   3   5   2   8   2   1   8 
  3   7   6   3   5   8   5   7   3   8   8   4   1   4   9   9   3   3   9   6   8   3   3   0   7   8   9   3   7   8   8   3   3   6   5   2   3   2   3   1   7   7   4   2   2   1   4   7   6   9 
  8   6   3   5   6   8   8   2   7   3   5   1   6   3   2   8   9   3   7   9   7   8   5   3   0   9   3   8   4   3   8   1   2   4   9   6   4   8   4   6   8   4   6   8   7   1   6   4   2   2 
  1   6   9   9   2   9   8   3   8   2   2   4   2   2   3   4   8   8   7   5   7   6   7   7   8   0   1   8   5   2   7   8   5   5   9   1   3   3   4   6   8   3   9   6   7   6   1   5   7   3 
  6   3   5   7   8   4   1   4   3   6   8   4   8   7   6   4   6   6   5   1   8   9   2   8   2   5   0   6   6   5   6   7   2   6   1   8   6   9   4   9   7   1   4   4   9   8   1   6   1   4 
  7   8   9   4   4   2   5   1   2   4   5   6   7   8   3   5   6   4   4   2   7   4   6   2   2   6   1   0   6   5   1   9   5   7   1   4   9   6   5   2   3   2   9   4   5   4   3   5   1   9 
  6   2   6   9   1   1   3   4   2   2   8   6   9   2   8   4   9   7   6   1   4   7   3   3   4   9   2   4   0   7   9   8   1   2   6   3   7   8   1   4   1   6   6   4   6   9   9   7   6   1 
  7   2   2   7   4   5   9   4   9   8   8   6   5   9   8   3   7   7   1   9   7   3   9   8   2   4   8   5   4   0   2   9   3   7   8   2   1   1   5   5   2   9   9   4   6   8   9   1   1   9 
  5   6   5   3   7   6   8   9   7   4   4   8   3   5   1   6   9   6   1   9   4   8   6   8   5   2   2   9   7   2   0   1   5   7   7   2   5   7   1   9   1   1   7   3   9   5   5   3   2   5 
  3   2   8   6   5   1   9   2   2   9   2   1   4   3   5   1   3   9   5   3   5   5   3   4   1   5   2   1   3   9   7   0   5   7   4   5   4   1   1   1   8   7   9   9   6   8   9   7   5   8 
  7   4   9   1   9   1   1   8   5   2   6   2   7   6   8   6   2   7   9   4   4   6   3   2   6   2   5   9   4   4   8   6   0   2   6   5   6   4   3   4   9   2   6   3   7   1   6   4   9   1 
  6   4   7   5   4   2   5   3   7   3   2   2   7   6   7   4   4   2   3   8   2   3   2   1   6   1   8   4   7   6   3   9   9   0   8   1   5   3   3   9   2   9   9   2   7   6   2   3   4   8 
  8   3   1   5   4   1   6   9   4   2   2   1   9   3   6   1   2   8   9   5   6   1   2   2   6   6   6   2   3   1   2   1   7   4   0   1   8   3   7   1   1   1   9   2   8   6   8   7   5   6 
  3   9   4   1   5   7   5   1   6   1   3   8   4   1   5   5   8   7   2   5   2   8   7   3   6   4   6   3   8   8   5   7   8   8   9   0   8   5   5   7   9   2   1   6   4   3   5   3   2   8 
  1   8   3   7   6   6   9   2   6   3   5   9   8   4   5   2   1   8   1   4   1   3   2   3   1   7   1   2   6   2   8   6   2   7   4   2   0   5   1   6   9   7   9   1   2   1   9   5   9   8 
  6   5   2   4   6   1   7   4   2   9   3   8   5   9   9   6   6   2   9   6   3   3   8   4   9   6   8   3   6   6   1   5   9   1   4   8   4   0   1   5   3   7   6   3   1   9   6   8   7   5 
  5   6   9   3   2   4   4   1   1   4   3   1   7   6   6   6   9   4   2   9   9   3   3   5   2   1   4   8   2   1   7   6   4   1   1   4   8   5   0   4   6   1   8   7   5   3   5   8   5   2 
  8   8   4   5   8   7   9   9   5   5   8   8   5   9   8   4   6   7   4   3   4   1   4   3   3   7   4   3   8   6   9   8   5   2   7   8   2   3   3   0   8   9   6   4   2   2   6   3   9   2 
  6   1   3   3   5   2   3   7   9   9   5   3   7   6   1   2   8   8   5   9   8   9   6   9   1   8   8   6   4   1   1   6   3   2   9   6   9   1   3   1   0   6   6   1   8   5   6   7   2   3 
  3   2   3   3   9   6   4   3   1   7   4   2   1   7   9   7   4   9   5   8   1   1   2   5   2   6   7   7   8   5   2   8   5   9   1   4   3   5   8   8   9   0   3   6   6   2   7   2   8   5 
  6   4   3   4   3   4   2   7   7   6   8   1   4   6   1   8   6   5   5   2   1   7   1   8   1   2   7   2   4   1   6   6   7   3   5   1   8   2   1   5   8   4   0   6   3   7   1   5   3   5 
  8   5   7   1   2   6   4   7   8   4   2   8   3   7   1   8   4   1   3   6   1   6   7   5   1   8   5   7   8   4   2   9   5   2   9   7   2   6   9   5   5   7   8   0   3   7   1   5   6   5 
  1   3   4   2   4   7   5   3   5   1   4   6   5   3   2   2   5   7   5   8   1   8   5   3   3   1   8   3   8   6   3   5   6   4   3   6   7   2   5   8   8   5   3   9   0   1   6   4   6   3 
  6   4   8   7   9   1   3   2   1   6   6   7   4   3   3   4   7   5   2   4   8   7   8   8   3   4   7   3   9   4   4   7   7   9   3   8   2   7   2   7   6   3   1   7   7   0   5   8   2   3 
  8   6   9   6   3   8   4   4   6   8   9   8   7   3   2   7   9   6   9   9   5   5   3   8   8   8   8   9   5   9   5   8   4   8   1   8   4   9   6   7   3   3   3   3   4   3   0   3   3   9 
  9   7   9   9   9   6   6   8   9   7   5   9   7   1   9   8   2   8   2   3   7   7   2   9   1   9   9   2   1   5   4   4   8   7   4   2   4   8   5   8   9   3   9   2   2   2   2   0   3   9 
  4   6   3   2   5   6   5   7   4   6   4   6   4   8   2   1   3   8   5   4   4   3   2   5   6   2   3   2   5   5   7   1   8   8   6   7   3   1   3   6   2   6   9   2   8   8   7   5   0   2 
  8   8   4   3   1   8   9   9   2   8   5   7   5   1   4   8   5   9   4   6   3   1   9   6   1   5   1   6   7   9   2   9   1   5   1   9   4   2   3   1   3   6   2   1   5   4   5   2   1   0 
M2
  0   7   9   2   3   8   7   3   8   2   1   3   9   5   3   1   2   2   9   9   1   6   4   3   8   1   5   4   7   8   4   5   6   5   5   5   5   8   7   7   3   5   8   6   3   8   6   4   9   6 
  9   0   4   7   9   7   3   1   5   3   3   2   9   6   7   5   4   5   3   3   1   1   5   1   6   8   7   8   2   9   2   9   9   1   7   7   9   3   9   4   1   6   6   2   1   3   4   9   6   5 
  2   3   0   7   9   4   5   9   3   6   7   2   9   1   9   2   5   8   7   2   2   9   7   2   9   1   3   9   4   7   2   7   2   5   8   7   3   9   9   7   5   7   9   2   3   5   1   2   6   9 
  9   8   4   0   2   8   9   2   7   6   9   3   9   5   4   2   1   1   6   3   2   2   3   8   8   9   3   5   7   2   9   2   4   7   4   9   7   7   7   5   5   5   2   9   5   3   7   2   8   4 
  3   3   2   2   0   9   2   4   3   3   8   1   6   1   9   2   4   4   7   3   8   7   5   9   3   3   3   3   9   5   7   3   1   6   9   6   7   4   4   2   4   6   2   7   9   4   6   2   4   7 
  4   5   1   3   4   0   8   1   8   9   3   3   1   9   3   5   6   7   5   8   2   4   7   9   5   5   8   5   2   8   2   9   1   9   4   4   2   7   7   2   2   5   3   4   1   3   5   7   9   7 
  8   2   3   8   6   9   0   6   6   6   7   7   3   7   1   6   1   8   5   3   7   2   2   7   9   5   8   8   7   6   4   5   4   5   3   2   2   2   9   9   6   7   1   8   8   4   9   6   3   6 
  1   2   1   1   3   9   5   0   2   3   4   6   9   2   4   9   1   8   2   6   1   1   2   3   5   1   2   7   8   5   9   1   6   5   8   3   6   3   7   5   8   3   9   5   6   5   6   1   6   3 
  1   8   4   2   5   5   1   9   0   2   1   9   9   7   3   6   5   4   7   3   4   5   5   1   5   5   5   2   7   7   2   3   4   2   8   9   8   3   8   2   9   2   2   7   8   8   5   3   4   4 
  6   1   1   5   1   7   6   5   5   0   6   8   3   7   3   7   7   4   3   6   5   3   7   2   6   7   1   6   9   4   5   9   2   1   5   2   6   9   7   6   4   2   7   4   5   4   3   3   2   5 
  4   4   3   1   4   1   8   7   6   1   0   2   8   4   2   6   7   1   5   8   2   9   5   7   2   2   7   3   1   9   5   1   3   2   2   5   4   7   3   6   6   3   3   2   9   3   4   8   1   5 
  1   3   9   2   2   6   3   5   7   3   9   0   4   1   7   9   1   4   1   3   5   3   5   7   7   6   4   4   6   3   9   7   9   7   5   4   8   9   9   2   3   5   6   8   5   9   5   8   9   5 
  3   1   2   9   1   9   6   3   8   5   5   4   0   1   4   7   9   2   7   9   3   3   1   6   8   5   5   1   7   4   3   7   5   1   6   4   4   3   7   4   9   6   2   4   1   8   2   8   2   5 
  4   3   4   8   5   2   9   5   4   4   3   2   4   0   8   2   1   8   9   5   1   9   9   9   6   5   4   8   5   2   6   3   4   2   7   4   9   5   7   9   8   8   7   3   1   2   1   6   5   6 
  3   6   5   2   1   3   3   6   7   9   7   7   3   1   0   5   6   5   1   7   5   6   9   2   3   1   6   2   6   6   2   6   6   8   1   4   1   4   7   3   9   7   3   2   9   6   1   9   5   5 
  8   7   6   5   3   5   6   7   7   9   2   8   3   8   2   0   2   1   4   3   7   8   6   7   3   3   4   5   5   2   7   5   4   9   5   4   1   8   3   9   1   7   7   9   2   6   2   4   9   9 
  7   7   2   9   8   8   7   8   3   4   1   2   2   9   4   2   0   7   3   3   2   7   3   1   2   9   6   7   7   7   3   9   5   8   7   6   6   9   7   1   2   7   2   3   9   2   1   8   5   1 
  2   2   9   2   1   2   7   7   6   5   9   4   1   3   2   1   6   0   4   3   9   1   9   1   7   7   2   2   6   4   2   7   9   4   1   9   9   2   5   4   7   8   1   6   9   9   5   4   8   3 
  9   8   3   2   5   1   8   4   4   3   1   3   5   4   3   3   1   4   0   2   1   9   5   2   9   2   6   1   1   1   8   9   2   4   7   6   6   7   7   6   2   6   2   3   7   3   4   8   3   8 
  2   1   6   7   1   4   9   6   4   3   9   6   2   6   4   9   2   4   3   0   5   8   2   7   3   3   3   1   3   1   6   7   3   2   9   8   2   7   3   1   3   6   1   4   8   3   4   9   4   7 
  3   8   9   4   9   6   7   3   5   6   9   9   6   6   7   2   7   6   5   4   0   3   2   6   5   1   2   1   1   7   3   3   4   7   5   3   7   9   2   3   7   7   4   4   9   4   1   3   2   9 
  3   8   7   2   7   5   3   3   1   2   6   8   4   9   6   5   6   5   9   6   5   0   4   8   6   1   5   8   6   8   2   5   3   5   1   2   1   7   9   5   8   2   7   7   5   7   2   4   8   5 
  9   1   9   6   7   5   2   3   7   2   1   5   5   5   7   5   6   4   7   4   8   4   0   5   9   1   2   2   8   6   2   3   1   2   7   6   9   9   4   4   6   3   8   3   5   2   8   2   1   8 
  3   7   6   3   5   8   5   7   3   8   8   4   1   4   9   9   3   3   9   6   8   3   3   0   7   8   9   3   7   8   8   3   3   6   5   2   3   2   3   1   7   7   4   2   2   1   4   7   6   9 
  8   6   3   5   6   8   8   2   7   3   5   1   6   3   2   8   9   3   7   9   7   8   5   3   0   9   3   8   4   3   8   1   2   4   9   6   4   8   4   6   8   4   6   8   7   1   6   4   2   2 
  1   6   9   9   2   9   8   3   8   2   2   4   2   2   3   4   8   8   7   5   7   6   7   7   8   0   1   8   5   2   7   8   5   5   9   1   3   3   4   6   8   3   9   6   7   6   1   5   7   3 
  6   3   5   7   8   4   1   4   3   6   8   4   8   7   6   4   6   6   5   1   8   9   2   8   2   5   0   6   6   5   6   7   2   6   1   8   6   9   4   9   7   1   4   4   9   8   1   6   1   4 
  7   8   9   4   4   2   5   1   2   4   5   6   7   8   3   5   6   4   4   2   7   4   6   2   2   6   1   0   6   5   1   9   5   7   1   4   9   6   5   2   3   2   9   4   5   4   3   5   1   9 
  6   2   6   9   1   1   3   4   2   2   8   6   9   2   8   4   9   7   6   1   4   7   3   3   4   9   2   4   0   7   9   8   1   2   6   3   7   8   1   4   1   6   6   4   6   9   9   7   6   1 
  7   2   2   7   4   5   9   4   9   8   8   6   5   9   8   3   7   7   1   9   7   3   9   8   2   4   8   5   4   0   2   9   3   7   8   2   1   1   5   5   2   9   9   4   6   8   9   1   1   9 
  5   6   5   3   7   6   8   9   7   4   4   8   3   5   1   6   9   6   1   9   4   8   6   8   5   2   2   9   7   2   0   1   5   7   7   2   5   7   1   9   1   1   7   3   9   5   5   3   2   5 
  3   2   8   6   5   1   9   2   2   9   2   1   4   3   5   1   3   9   5   3   5   5   3   4   1   5   2   1   3   9   7   0   5   7   4   5   4   1   1   1   8   7   9   9   6   8   9   7   5   8 
  7   4   9   1   9   1   1   8   5   2   6   2   7   6   8   6   2   7   9   4   4   6   3   2   6   2   5   9   4   4   8   6   0   2   6   5   6   4   3   4   9   2   6   3   7   1   6   4   9   1 
  6   4   7   5   4   2   5   3   7   3   2   2   7   6   7   4   4   2   3   8   2   3   2   1   6   1   8   4   7   6   3   9   9   0   8   1   5   3   3   9   2   9   9   2   7   6   2   3   4   8 
  8   3   1   5   4   1   6   9   4   2   2   1   9   3   6   1   2   8   9   5   6   1   2   2   6   6   6   2   3   1   2   1   7   4   0   1   8   3   7   1   1   1   9   2   8   6   8   7   5   6 
  3   9   4   1   5   7   5   1   6   1   3   8   4   1   5   5   8   7   2   5   2   8   7   3   6   4   6   3   8   8   5   7   8   8   9   0   8   5   5   7   9   2   1   6   4   3   5   3   2   8 
  1   8   3   7   6   6   9   2   6   3   5   9   8   4   5   2   1   8   1   4   1   3   2   3   1   7   1   2   6   2   8   6   2   7   4   2   0   5   1   6   9   7   9   1   2   1   9   5   9   8 
  6   5   2   4   6   1   7   4   2   9   3   8   5   9   9   6   6   2   9   6   3   3   8   4   9   6   8   3   6   6   1   5   9   1   4   8   4   0   1   5   3   7   6   3   1   9   6   8   7   5 
  5   6   9   3   2   4   4   1   1   4   3   1   7   6   6   6   9   4   2   9   9   3   3   5   2   1   4   8   2   1   7   6   4   1   1   4   8   5   0   4   6   1   8   7   5   3   5   8   5   2 
  8   8   4   5   8   7   9   9   5   5   8   8   5   9   8   4   6   7   4   3   4   1   4   3   3   7   4   3   8   6   9   8   5   2   7   8   2   3   3   0   8   9   6   4   2   2   6   3   9   2 
  6   1   3   3   5   2   3   7   9   9   5   3   7   6   1   2   8   8   5   9   8   9   6   9   1   8   8   6   4   1   1   6   3   2   9   6   9   1   3   1   0   6   6   1   8   5   6   7   2   3 
  3   2   3   3   9   6   4   3   1   7   4   2   1   7   9   7   4   9   5   8   1   1   2   5   2   6   7   7   8   5   2   8   5   9   1   4   3   5   8   8   9   0   3   6   6   2   7   2   8   5 
  6   4   3   4   3   4   2   7   7   6   8   1   4   6   1   8   6   5   5   2   1   7   1   8   1   2   7   2   4   1   6   6   7   3   5   1   8   2   1   5   8   4   0   6   3   7   1   5   3   5 
  8   5   7   1   2   6   4   7   8   4   2   8   3   7   1   8   4   1   3   6   1   6   7   5   1   8   5   7   8   4   2   9   5   2   9   7   2   6   9   5   5   7   8   0   3   7   1   5   6   5 
  1   3   4   2   4   7   5   3   5   1   4   6   5   3   2   2   5   7   5   8   1   8   5   3   3   1   8   3   8   6   3   5   6   4   3   6   7   2   5   8   8   5   3   9   0   1   6   4   6   3 
  6   4   8   7   9   1   3   2   1   6   6   7   4   3   3   4   7   5   2   4   8   7   8   8   3   4   7   3   9   4   4   7   7   9   3   8   2   7   2   7   6   3   1   7   7   0   5   8   2   3 
  8   6   9   6   3   8   4   4   6   8   9   8   7   3   2   7   9   6   9   9   5   5   3   8   8   8   8   9   5   9   5   8   4   8   1   8   4   9   6   7   3   3   3   3   4   3   0   3   3   9 
  9   7   9   9   9   6   6   8   9   7   5   9   7   1   9   8   2   8   2   3   7   7   2   9   1   9   9   2   1   5   4   4   8   7   4   2   4   8   5   8   9   3   9   2   2   2   2   0   3   9 
  4   6   3   2   5   6   5   7   4   6   4   6   4   8   2   1   3   8   5   4   4   3   2   5   6   2   3   2   5   5   7   1   8   8   6   7   3   1   3   6   2   6   9   2   8   8   7   5   0   2 
  8   8   4   3   1   8   9   9   2   8   5   7   5   1   4   8   5   9   4   6   3   1   9   6   1   5   1   6   7   9   2   9   1   5   1   9   4   2   3   1   3   6   2   1   5   4   5   2   1   0 
M3
  0   7   9   2   3   8   7   3   8   2   1   3   9   5   3   1   2   2   9   9   1   6   4   3   8   1   5   4   7   8   4   5   6   5   5   5   5   8   7   7   3   5   8   6   3   8   6   4   9   6 
  9   0   4   7   9   7   3   1   5   3   3   2   9   6   7   5   4   5   3   3   1   1   5   1   6   8   7   8   2   9   2   9   9   1   7   7   9   3   9   4   1   6   6   2   1   3   4   9   6   5 
  2   3   0   7   9   4   5   9   3   6   7   2   9   1   9   2   5   8   7   2   2   9   7   2   9   1   3   9   4   7   2   7   2   5   8   7   3   9   9   7   5   7   9   2   3   5   1   2   6   9 
  9   8   4   0   2   8   9   2   7   6   9   3   9   5   4   2   1   1   6   3   2   2   3   8   8   9   3   5   7   2   9   2   4   7   4   9   7   7   7   5   5   5   2   9   5   3   7   2   8   4 
  3   3   2   2   0   9   2   4   3   3   8   1   6   1   9   2   4   4   7   3   8   7   5   9   3   3   3   3   9   5   7   3   1   6   9   6   7   4   4   2   4   6   2   7   9   4   6   2   4   7 
  4   5   1   3   4   0   8   1   8   9   3   3   1   9   3   5   6   7   5   8   2   4   7   9   5   5   8   5   2   8   2   9   1   9   4   4   2   7   7   2   2   5   3   4   1   3   5   7   9   7 
  8   2   3   8   6   9   0   6   6   6   7   7   3   7   1   6   1   8   5   3   7   2   2   7   9   5   8   8   7   6   4   5   4   5   3   2   2   2   9   9   6   7   1   8   8   4   9   6   3   6 
  1   2   1   1   3   9   5   0   2   3   4   6   9   2   4   9   1   8   2   6   1   1   2   3   5   1   2   7   8   5   9   1   6   5   8   3   6   3   7   5   8   3   9   5   6   5   6   1   6   3 
  1   8   4   2   5   5   1   9   0   2   1   9   9   7   3   6   5   4   7   3   4   5   5   1   5   5   5   2   7   7   2   3   4   2   8   9   8   3   8   2   9   2   2   7   8   8   5   3   4   4 
  6   1   1   5   1   7   6   5   5   0   6   8   3   7   3   7   7   4   3   6   5   3   7   2   6   7   1   6   9   4   5   9   2   1   5   2   6   9   7   6   4   2   7   4   5   4   3   3   2   5 
  4   4   3   1   4   1   8   7   6   1   0   2   8   4   2   6   7   1   5   8   2   9   5   7   2   2   7   3   1   9   5   1   3   2   2   5   4   7   3   6   6   3   3   2   9   3   4   8   1   5 
  1   3   9   2   2   6   3   5   7   3   9   0   4   1   7   9   1   4   1   3   5   3   5   7   7   6   4   4   6   3   9   7   9   7   5   4   8   9   9   2   3   5   6   8   5   9   5   8   9   5 
  3   1   2   9   1   9   6   3   8   5   5   4   0   1   4   7   9   2   7   9   3   3   1   6   8   5   5   1   7   4   3   7   5   1   6   4   4   3   7   4   9   6   2   4   1   8   2   8   2   5 
  4   3   4   8   5   2   9   5   4   4   3   2   4   0   8   2   1   8   9   5   1   9   9   9   6   5   4   8   5   2   6   3   4   2   7   4   9   5   7   9   8   8   7   3   1   2   1   6   5   6 
  3   6   5   2   1   3   3   6   7   9   7   7   3   1   0   5   6   5   1   7   5   6   9   2   3   1   6   2   6   6   2   6   6   8   1   4   1   4   7   3   9   7   3   2   9   6   1   9   5   5 
  8   7   6   5   3   5   6   7   7   9   2   8   3   8   2   0   2   1   4   3   7   8   6   7   3   3   4   5   5   2   7   5   4   9   5   4   1   8   3   9   1   7   7   9   2   6   2   4   9   9 
  7   7   2   9   8   8   7   8   3   4   1   2   2   9   4   2   0   7   3   3   2   7   3   1   2   9   6   7   7   7   3   9   5   8   7   6   6   9   7   1   2   7   2   3   9   2   1   8   5   1 
  2   2   9   2   1   2   7   7   6   5   9   4   1   3   2   1   6   0   4   3   9   1   9   1   7   7   2   2   6   4   2   7   9   4   1   9   9   2   5   4   7   8   1   6   9   9   5   4   8   3 
  9   8   3   2   5   1   8   4   4   3   1   3   5   4   3   3   1   4   0   2   1   9   5   2   9   2   6   1   1   1   8   9   2   4   7   6   6   7   7   6   2   6   2   3   7   3   4   8   3   8 
  2   1   6   7   1   4   9   6   4   3   9   6   2   6   4   9   2   4   3   0   5   8   2   7   3   3   3   1   3   1   6   7   3   2   9   8   2   7   3   1   3   6   1   4   8   3   4   9   4   7 
  3   8   9   4   9   6   7   3   5   6   9   9   6   6   7   2   7   6   5   4   0   3   2   6   5   1   2   1   1   7   3   3   4   7   5   3   7   9   2   3   7   7   4   4   9   4   1   3   2   9 
  3   8   7   2   7   5   3   3   1   2   6   8   4   9   6   5   6   5   9   6   5   0   4   8   6   1   5   8   6   8   2   5   3   5   1   2   1   7   9   5   8   2   7   7   5   7   2   4   8   5 
  9   1   9   6   7   5   2   3   7   2   1   5   5   5   7   5   6   4   7   4   8   4   0   5   9   1   2   2   8   6   2   3   1   2   7   6   9   9   4   4   6   3   8   3   5   2   8   2   1   8 
  3   7   6   3   5   8   5   7   3   8   8   4   1   4   9   9   3   3   9   6   8   3   3   0   7   8   9   3   7   8   8   3   3   6   5   2   3   2   3   1   7   7   4   2   2   1   4   7   6   9 
  8   6   3   5   6   8   8   2   7   3   5   1   6   3   2   8   9   3   7   9   7   8   5   3   0   9   3   8   4   3   8   1   2   4   9   6   4   8   4   6   8   4   6   8   7   1   6   4   2   2 
  1   6   9   9   2   9   8   3   8   2   2   4   2   2   3   4   8   8   7   5   7   6   7   7   8   0   1   8   5   2   7   8   5   5   9   1   3   3   4   6   8   3   9   6   7   6   1   5   7   3 
  6   3   5   7   8   4   1   4   3   6   8   4   8   7   6   4   6   6   5   1   8   9   2   8   2   5   0   6   6   5   6   7   2   6   1   8   6   9   4   9   7   1   4   4   9   8   1   6   1   4 
  7   8   9   4   4   2   5   1   2   4   5   6   7   8   3   5   6   4   4   2   7   4   6   2   2   6   1   0   6   5   1   9   5   7   1   4   9   6   5   2   3   2   9   4   5   4   3   5   1   9 
  6   2   6   9   1   1   3   4   2   2   8   6   9   2   8   4   9   7   6   1   4   7   3   3   4   9   2   4   0   7   9   8   1   2   6   3   7   8   1   4   1   6   6   4   6   9   9   7   6   1 
  7   2   2   7   4   5   9   4   9   8   8   6   5   9   8   3   7   7   1   9   7   3   9   8   2   4   8   5   4   0   2   9   3   7   8   2   1   1   5   5   2   9   9   4   6   8   9   1   1   9 
  5   6   5   3   7   6   8   9   7   4   4   8   3   5   1   6   9   6   1   9   4   8   6   8   5   2   2   9   7   2   0   1   5   7   7   2   5   7   1   9   1   1   7   3   9   5   5   3   2   5 
  3   2   8   6   5   1   9   2   2   9   2   1   4   3   5   1   3   9   5   3   5   5   3   4   1   5   2   1   3   9   7   0   5   7   4   5   4   1   1   1   8   7   9   9   6   8   9   7   5   8 
  7   4   9   1   9   1   1   8   5   2   6   2   7   6   8   6   2   7   9   4   4   6   3   2   6   2   5   9   4   4   8   6   0   2   6   5   6   4   3   4   9   2   6   3   7   1   6   4   9   1 
  6   4   7   5   4   2   5   3   7   3   2   2   7   6   7   4   4   2   3   8   2   3   2   1   6   1   8   4   7   6   3   9   9   0   8   1   5   3   3   9   2   9   9   2   7   6   2   3   4   8 
  8   3   1   5   4   1   6   9   4   2   2   1   9   3   6   1   2   8   9   5   6   1   2   2   6   6   6   2   3   1   2   1   7   4   0   1   8   3   7   1   1   1   9   2   8   6   8   7   5   6 
  3   9   4   1   5   7   5   1   6   1   3   8   4   1   5   5   8   7   2   5   2   8   7   3   6   4   6   3   8   8   5   7   8   8   9   0   8   5   5   7   9   2   1   6   4   3   5   3   2   8 
  1   8   3   7   6   6   9   2   6   3   5   9   8   4   5   2   1   8   1   4   1   3   2   3   1   7   1   2   6   2   8   6   2   7   4   2   0   5   1   6   9   7   9   1   2   1   9   5   9   8 
  6   5   2   4   6   1   7   4   2   9   3   8   5   9   9   6   6   2   9   6   3   3   8   4   9   6   8   3   6   6   1   5   9   1   4   8   4   0   1   5   3   7   6   3   1   9   6   8   7   5 
  5   6   9   3   2   4   4   1   1   4   3   1   7   6   6   6   9   4   2   9   9   3   3   5   2   1   4   8   2   1   7   6   4   1   1   4   8   5   0   4   6   1   8   7   5   3   5   8   5   2 
  8   8   4   5   8   7   9   9   5   5   8   8   5   9   8   4   6   7   4   3   4   1   4   3   3   7   4   3   8   6   9   8   5   2   7   8   2   3   3   0   8   9   6   4   2   2   6   3   9   2 
  6   1   3   3   5   2   3   7   9   9   5   3   7   6   1   2   8   8   5   9   8   9   6   9   1   8   8   6   4   1   1   6   3   2   9   6   9   1   3   1   0   6   6   1   8   5   6   7   2   3 
  3   2   3   3   9   6   4   3   1   7   4   2   1   7   9   7   4   9   5   8   1   1   2   5   2   6   7   7   8   5   2   8   5   9   1   4   3   5   8   8   9   0   3   6   6   2   7   2   8   5 
  6   4   3   4   3   4   2   7   7   6   8   1   4   6   1   8   6   5   5   2   1   7   1   8   1   2   7   2   4   1   6   6   7   3   5   1   8   2   1   5   8   4   0   6   3   7   1   5   3   5 
  8   5   7   1   2   6   4   7   8   4   2   8   3   7   1   8   4   1   3   6   1   6   7   5   1   8   5   7   8   4   2   9   5   2   9   7   2   6   9   5   5   7   8   0   3   7   1   5   6   5 
  1   3   4   2   4   7   5   3   5   1   4   6   5   3   2   2   5   7   5   8   1   8   5   3   3   1   8   3   8   6   3   5   6   4   3   6   7   2   5   8   8   5   3   9   0   1   6   4   6   3 
  6   4   8   7   9   1   3   2   1   6   6   7   4   3   3   4   7   5   2   4   8   7   8   8   3   4   7   3   9   4   4   7   7   9   3   8   2   7   2   7   6   3   1   7   7   0   5   8   2   3 
  8   6   9   6   3   8   4   4   6   8   9   8   7   3   2   7   9   6   9   9   5   5   3   8   8   8   8   9   5   9   5   8   4   8   1   8   4   9   6   7   3   3   3   3   4   3   0   3   3   9 
  9   7   9   9   9   6   6   8   9   7   5   9   7   1   9   8   2   8   2   3   7   7   2   9   1   9   9   2   1   5   4   4   8   7   4   2   4   8   5   8   9   3   9   2   2   2   2   0   3   9 
  4   6   3   2   5   6   5   7   4   6   4   6   4   8   2   1   3   8   5   4   4   3   2   5   6   2   3   2   5   5   7   1   8   8   6   7   3   1   3   6   2   6   9   2   8   8   7   5   0   2 
  8   8   4   3   1   8   9   9   2   8   5   7   5   1   4   8   5   9   4   6   3   1   9   6   1   5   1   6   7   9   2   9   1   5   1   9   4   2   3   1   3   6   2   1   5   4   5   2   1   0 
M4
  0   7   9   2   3   8   7   3   8   2   1   3   9   5   3   1   2   2   9   9   1   6   4   3   8   1   5   4   7   8   4   5   6   5   5   5   5   8   7   7   3   5   8   6   3   8   6   4   9   6 
  9   0   4   7   9   7   3   1   5   3   3   2   9   6   7   5   4   5   3   3   1   1   5   1   6   8   7   8   2   9   2   9   9   1   7   7   9   3   9   4   1   6   6   2   1   3   4   9   6   5 
  2   3   0   7   9   4   5   9   3   6   7   2   9   1   9   2   5   8   7   2   2   9   7   2   9   1   3   9   4   7   2   7   2   5   8   7   3   9   9   7   5   7   9   2   3   5   1   2   6   9 
  9   8   4   0   2   8   9   2   7   6   9   3   9   5   4   2   1   1   6   3   2   2   3   8   8   9   3   5   7   2   9   2   4   7   4   9   7   7   7   5   5   5   2   9   5   3   7   2   8   4 
  3   3   2   2   0   9   2   4   3   3   8   1   6   1   9   2   4   4   7   3   8   7   5   9   3   3   3   3   9   5   7   3   1   6   9   6   7   4   4   2   4   6   2   7   9   4   6   2   4   7 
  4   5   1   3   4   0   8   1   8   9   3   3   1   9   3   5   6   7   5   8   2   4   7   9   5   5   8   5   2   8   2   9   1   9   4   4   2   7   7   2   2   5   3   4   1   3   5   7   9   7 
  8   2   3   8   6   9   0   6   6   6   7   7   3   7   1   6   1   8   5   3   7   2   2   7   9   5   8   8   7   6   4   5   4   5   3   2   2   2   9   9   6   7   1   8   8   4   9   6   3   6 
  1   2   1   1   3   9   5   0   2   3   4   6   9   2   4   9   1   8   2   6   1   1   2   3   5   1   2   7   8   5   9   1   6   5   8   3   6   3   7   5   8   3   9   5   6   5   6   1   6   3 
  1   8   4   2   5   5   1   9   0   2   1   9   9   7   3   6   5   4   7   3   4   5   5   1   5   5   5   2   7   7   2   3   4   2   8   9   8   3   8   2   9   2   2   7   8   8   5   3   4   4 
  6   1   1   5   1   7   6   5   5   0   6   8   3   7   3   7   7   4   3   6   5   3   7   2   6   7   1   6   9   4   5   9   2   1   5   2   6   9   7   6   4   2   7   4   5   4   3   3   2   5 
  4   4   3   1   4   1   8   7   6   1   0   2   8   4   2   6   7   1   5   8   2   9   5   7   2   2   7   3   1   9   5   1   3   2   2   5   4   7   3   6   6   3   3   2   9   3   4   8   1   5 
  1   3   9   2   2   6   3   5   7   3   9   0   4   1   7   9   1   4   1   3   5   3   5   7   7   6   4   4   6   3   9   7   9   7   5   4   8   9   9   2   3   5   6   8   5   9   5   8   9   5 
  3   1   2   9   1   9   6   3   8   5   5   4   0   1   4   7   9   2   7   9   3   3   1   6   8   5   5   1   7   4   3   7   5   1   6   4   4   3   7   4   9   6   2   4   1   8   2   8   2   5 
  4   3   4   8   5   2   9   5   4   4   3   2   4   0   8   2   1   8   9   5   1   9   9   9   6   5   4   8   5   2   6   3   4   2   7   4   9   5   7   9   8   8   7   3   1   2   1   6   5   6 
  3   6   5   2   1   3   3   6   7   9   7   7   3   1   0   5   6   5   1   7   5   6   9   2   3   1   6   2   6   6   2   6   6   8   1   4   1   4   7   3   9   7   3   2   9   6   1   9   5   5 
  8   7   6   5   3   5   6   7   7   9   2   8   3   8   2   0   2   1   4   3   7   8   6   7   3   3   4   5   5   2   7   5   4   9   5   4   1   8   3   9   1   7   7   9   2   6   2   4   9   9 
  7   7   2   9   8   8   7   8   3   4   1   2   2   9   4   2   0   7   3   3   2   7   3   1   2   9   6   7   7   7   3   9   5   8   7   6   6   9   7   1   2   7   2   3   9   2   1   8   5   1 
  2   2   9   2   1   2   7   7   6   5   9   4   1   3   2   1   6   0   4   3   9   1   9   1   7   7   2   2   6   4   2   7   9   4   1   9   9   2   5   4   7   8   1   6   9   9   5   4   8   3 
  9   8   3   2   5   1   8   4   4   3   1   3   5   4   3   3   1   4   0   2   1   9   5   2   9   2   6   1   1   1   8   9   2   4   7   6   6   7   7   6   2   6   2   3   7   3   4   8   3   8 
  2   1   6   7   1   4   9   6   4   3   9   6   2   6   4   9   2   4   3   0   5   8   2   7   3   3   3   1   3   1   6   7   3   2   9   8   2   7   3   1   3   6   1   4   8   3   4   9   4   7 
  3   8   9   4   9   6   7   3   5   6   9   9   6   6   7   2   7   6   5   4   0   3   2   6   5   1   2   1   1   7   3   3   4   7   5   3   7   9   2   3   7   7   4   4   9   4   1   3   2   9 
  3   8   7   2   7   5   3   3   1   2   6   8   4   9   6   5   6   5   9   6   5   0   4   8   6   1   5   8   6   8   2   5   3   5   1   2   1   7   9   5   8   2   7   7   5   7   2   4   8   5 
  9   1   9   6   7   5   2   3   7   2   1   5   5   5   7   5   6   4   7   4   8   4   0   5   9   1   2   2   8   6   2   3   1   2   7   6   9   9   4   4   6   3   8   3   5   2   8   2   1   8 
  3   7   6   3   5   8   5   7   3   8   8   4   1   4   9   9   3   3   9   6   8   3   3   0   7   8   9   3   7   8   8   3   3   6   5   2   3   2   3   1   7   7   4   2   2   1   4   7   6   9 
  8   6   3   5   6   8   8   2   7   3   5   1   6   3   2   8   9   3   7   9   7   8   5   3   0   9   3   8   4   3   8   1   2   4   9   6   4   8   4   6   8   4   6   8   7   1   6   4   2   2 
  1   6   9   9   2   9   8   3   8   2   2   4   2   2   3   4   8   8   7   5   7   6   7   7   8   0   1   8   5   2   7   8   5   5   9   1   3   3   4   6   8   3   9   6   7   6   1   5   7   3 
  6   3   5   7   8   4   1   4   3   6   8   4   8   7   6   4   6   6   5   1   8   9   2   8   2   5   0   6   6   5   6   7   2   6   1   8   6   9   4   9   7   1   4   4   9   8   1   6   1   4 
  7   8   9   4   4   2   5   1   2   4   5   6   7   8   3   5   6   4   4   2   7   4   6   2   2   6   1   0   6   5   1   9   5   7   1   4   9   6   5   2   3   2   9   4   5   4   3   5   1   9 
  6   2   6   9   1   1   3   4   2   2   8   6   9   2   8   4   9   7   6   1   4   7   3   3   4   9   2   4   0   7   9   8   1   2   6   3   7   8   1   4   1   6   6   4   6   9   9   7   6   1 
  7   2   2   7   4   5   9   4   9   8   8   6   5   9   8   3   7   7   1   9   7   3   9   8   2   4   8   5   4   0   2   9   3   7   8   2   1   1   5   5   2   9   9   4   6   8   9   1   1   9 
  5   6   5   3   7   6   8   9   7   4   4   8   3   5   1   6   9   6   1   9   4   8   6   8   5   2   2   9   7   2   0   1   5   7   7   2   5   7   1   9   1   1   7   3   9   5   5   3   2   5 
  3   2   8   6   5   1   9   2   2   9   2   1   4   3   5   1   3   9   5   3   5   5   3   4   1   5   2   1   3   9   7   0   5   7   4   5   4   1   1   1   8   7   9   9   6   8   9   7   5   8 
  7   4   9   1   9   1   1   8   5   2   6   2   7   6   8   6   2   7   9   4   4   6   3   2   6   2   5   9   4   4   8   6   0   2   6   5   6   4   3   4   9   2   6   3   7   1   6   4   9   1 
  6   4   7   5   4   2   5   3   7   3   2   2   7   6   7   4   4   2   3   8   2   3   2   1   6   1   8   4   7   6   3   9   9   0   8   1   5   3   3   9   2   9   9   2   7   6   2   3   4   8 
  8   3   1   5   4   1   6   9   4   2   2   1   9   3   6   1   2   8   9   5   6   1   2   2   6   6   6   2   3   1   2   1   7   4   0   1   8   3   7   1   1   1   9   2   8   6   8   7   5   6 
  3   9   4   1   5   7   5   1   6   1   3   8   4   1   5   5   8   7   2   5   2   8   7   3   6   4   6   3   8   8   5   7   8   8   9   0   8   5   5   7   9   2   1   6   4   3   5   3   2   8 
  1   8   3   7   6   6   9   2   6   3   5   9   8   4   5   2   1   8   1   4   1   3   2   3   1   7   1   2   6   2   8   6   2   7   4   2   0   5   1   6   9   7   9   1   2   1   9   5   9   8 
  6   5   2   4   6   1   7   4   2   9   3   8   5   9   9   6   6   2   9   6   3   3   8   4   9   6   8   3   6   6   1   5   9   1   4   8   4   0   1   5   3   7   6   3   1   9   6   8   7   5 
  5   6   9   3   2   4   4   1   1   4   3   1   7   6   6   6   9   4   2   9   9   3   3   5   2   1   4   8   2   1   7   6   4   1   1   4   8   5   0   4   6   1   8   7   5   3   5   8   5   2 
  8   8   4   5   8   7   9   9   5   5   8   8   5   9   8   4   6   7   4   3   4   1   4   3   3   7   4   3   8   6   9   8   5   2   7   8   2   3   3   0   8   9   6   4   2   2   6   3   9   2 
  6   1   3   3   5   2   3   7   9   9   5   3   7   6   1   2   8   8   5   9   8   9   6   9   1   8   8   6   4   1   1   6   3   2   9   6   9   1   3   1   0   6   6   1   8   5   6   7   2   3 
  3   2   3   3   9   6   4   3   1   7   4   2   1   7   9   7   4   9   5   8   1   1   2   5   2   6   7   7   8   5   2   8   5   9   1   4   3   5   8   8   9   0   3   6   6   2   7   2   8   5 
  6   4   3   4   3   4   2   7   7   6   8   1   4   6   1   8   6   5   5   2   1   7   1   8   1   2   7   2   4   1   6   6   7   3   5   1   8   2   1   5   8   4   0   6   3   7   1   5   3   5 
  8   5   7   1   2   6   4   7   8   4   2   8   3   7   1   8   4   1   3   6   1   6   7   5   1   8   5   7   8   4   2   9   5   2   9   7   2   6   9   5   5   7   8   0   3   7   1   5   6   5 
  1   3   4   2   4   7   5   3   5   1   4   6   5   3   2   2   5   7   5   8   1   8   5   3   3   1   8   3   8   6   3   5   6   4   3   6   7   2   5   8   8   5   3   9   0   1   6   4   6   3 
  6   4   8   7   9   1   3   2   1   6   6   7   4   3   3   4   7   5   2   4   8   7   8   8   3   4   7   3   9   4   4   7   7   9   3   8   2   7   2   7   6   3   1   7   7   0   5   8   2   3 
  8   6   9   6   3   8   4   4   6   8   9   8   7   3   2   7   9   6   9   9   5   5   3   8   8   8   8   9   5   9   5   8   4   8   1   8   4   9   6   7   3   3   3   3   4   3   0   3   3   9 
  9   7   9   9   9   6   6   8   9   7   5   9   7   1   9   8   2   8   2   3   7   7   2   9   1   9   9   2   1   5   4   4   8   7   4   2   4   8   5   8   9   3   9   2   2   2   2   0   3   9 
  4   6   3   2   5   6   5   7   4   6   4   6   4   8   2   1   3   8   5   4   4   3   2   5   6   2   3   2   5   5   7   1   8   8   6   7   3   1   3   6   2   6   9   2   8   8   7   5   0   2 
  8   8   4   3   1   8   9   9   2   8   5   7   5   1   4   8   5   9   4   6   3   1   9   6   1   5   1   6   7   9   2   9   1   5   1   9   4   2   3   1   3   6   2   1   5   4   5   2   1   0 
M5
  0   7   9   2   3   8   7   3   8   2   1   3   9   5   3   1   2   2   9   9   1   6   4   3   8   1   5   4   7   8   4   5   6   5   5   5   5   8   7   7   3   5   8   6   3   8   6   4   9   6 
  9   0   4   7   9   7   3   1   5   3   3   2   9   6   7   5   4   5   3   3   1   1   5   1   6   8   7   8   2   9   2   9   9   1   7   7   9   3   9   4   1   6   6   2   1   3   4   9   6   5 
  2   3   0   7   9   4   5   9   3   6   7   2   9   1   9   2   5   8   7   2   2   9   7   2   9   1   3   9   4   7   2   7   2   5   8   7   3   9   9   7   5   7   9   2   3   5   1   2   6   9 
  9   8   4   0   2   8   9   2   7   6   9   3   9   5   4   2   1   1   6   3   2   2   3   8   8   9   3   5   7   2   9   2   4   7   4   9   7   7   7   5   5   5   2   9   5   3   7   2   8   4 
  3   3   2   2   0   9   2   4   3   3   8   1   6   1   9   2   4   4   7   3   8   7   5   9   3   3   3   3   9   5   7   3   1   6   9   6   7   4   4   2   4   6   2   7   9   4   6   2   4   7 
  4   5   1   3   4   0   8   1   8   9   3   3   1   9   3   5   6   7   5   8   2   4   7   9   5   5   8   5   2   8   2   9   1   9   4   4   2   7   7   2   2   5   3   4   1   3   5   7   9   7 
  8   2   3   8   6   9   0   6   6   6   7   7   3   7   1   6   1   8   5   3   7   2   2   7   9   5   8   8   7   6   4   5   4   5   3   2   2   2   9   9   6   7   1   8   8   4   9   6   3   6 
  1   2   1   1   3   9   5   0   2   3   4   6   9   2   4   9   1   8   2   6   1   1   2   3   5   1   2   7   8   5   9   1   6   5   8   3   6   3   7   5   8   3   9   5   6   5   6   1   6   3 
  1   8   4   2   5   5   1   9   0   2   1   9   9   7   3   6   5   4   7   3   4   5   5   1   5   5   5   2   7   7   2   3   4   2   8   9   8   3   8   2   9   2   2   7   8   8   5   3   4   4 
  6   1   1   5   1   7   6   5   5   0   6   8   3   7   3   7   7   4   3   6   5   3   7   2   6   7   1   6   9   4   5   9   2   1   5   2   6   9   7   6   4   2   7   4   5   4   3   3   2   5 
  4   4   3   1   4   1   8   7   6   1   0   2   8   4   2   6   7   1   5   8   2   9   5   7   2   2   7   3   1   9   5   1   3   2   2   5   4   7   3   6   6   3   3   2   9   3   4   8   1   5 
  1   3   9   2   2   6   3   5   7   3   9   0   4   1   7   9   1   4   1   3   5   3   5   7   7   6   4   4   6   3   9   7   9   7   5   4   8   9   9   2   3   5   6   8   5   9   5   8   9   5 
  3   1   2   9   1   9   6   3   8   5   5   4   0   1   4   7   9   2   7   9   3   3   1   6   8   5   5   1   7   4   3   7   5   1   6   4   4   3   7   4   9   6   2   4   1   8   2   8   2   5 
  4   3   4   8   5   2   9   5   4   4   3   2   4   0   8   2   1   8   9   5   1   9   9   9   6   5   4   8   5   2   6   3   4   2   7   4   9   5   7   9   8   8   7   3   1   2   1   6   5   6 
  3   6   5   2   1   3   3   6   7   9   7   7   3   1   0   5   6   5   1   7   5   6   9   2   3   1   6   2   6   6   2   6   6   8   1   4   1   4   7   3   9   7   3   2   9   6   1   9   5   5 
  8   7   6   5   3   5   6   7   7   9   2   8   3   8   2   0   2   1   4   3   7   8   6   7   3   3   4   5   5   2   7   5   4   9   5   4   1   8   3   9   1   7   7   9   2   6   2   4   9   9 
  7   7   2   9   8   8   7   8   3   4   1   2   2   9   4   2   0   7   3   3   2   7   3   1   2   9   6   7   7   7   3   9   5   8   7   6   6   9   7   1   2   7   2   3   9   2   1   8   5   1 
  2   2   9   2   1   2   7   7   6   5   9   4   1   3   2   1   6   0   4   3   9   1   9   1   7   7   2   2   6   4   2   7   9   4   1   9   9   2   5   4   7   8   1   6   9   9   5   4   8   3 
  9   8   3   2   5   1   8   4   4   3   1   3   5   4   3   3   1   4   0   2   1   9   5   2   9   2   6   1   1   1   8   9   2   4   7   6   6   7   7   6   2   6   2   3   7   3   4   8   3   8 
  2   1   6   7   1   4   9   6   4   3   9   6   2   6   4   9   2   4   3   0   5   8   2   7   3   3   3   1   3   1   6   7   3   2   9   8   2   7   3   1   3   6   1   4   8   3   4   9   4   7 
  3   8   9   4   9   6   7   3   5   6   9   9   6   6   7   2   7   6   5   4   0   3   2   6   5   1   2   1   1   7   3   3   4   7   5   3   7   9   2   3   7   7   4   4   9   4   1   3   2   9 
  3   8   7   2   7   5   3   3   1   2   6   8   4   9   6   5   6   5   9   6   5   0   4   8   6   1   5   8   6   8   2   5   3   5   1   2   1   7   9   5   8   2   7   7   5   7   2   4   8   5 
  9   1   9   6   7   5   2   3   7   2   1   5   5   5   7   5   6   4   7   4   8   4   0   5   9   1   2   2   8   6   2   3   1   2   7   6   9   9   4   4   6   3   8   3   5   2   8   2   1   8 
  3   7   6   3   5   8   5   7   3   8   8   4   1   4   9   9   3   3   9   6   8   3   3   0   7   8   9   3   7   8   8   3   3   6   5   2   3   2   3   1   7   7   4   2   2   1   4   7   6   9 
  8   6   3   5   6   8   8   2   7   3   5   1   6   3   2   8   9   3   7   9   7   8   5   3   0   9   3   8   4   3   8   1   2   4   9   6   4   8   4   6   8   4   6   8   7   1   6   4   2   2 
  1   6   9   9   2   9   8   3   8   2   2   4   2   2   3   4   8   8   7   5   7   6   7   7   8   0   1   8   5   2   7   8   5   5   9   1   3   3   4   6   8   3   9   6   7   6   1   5   7   3 
  6   3   5   7   8   4   1   4   3   6   8   4   8   7   6   4   6   6   5   1   8   9   2   8   2   5   0   6   6   5   6   7   2   6   1   8   6   9   4   9   7   1   4   4   9   8   1   6   1   4 
  7   8   9   4   4   2   5   1   2   4   5   6   7   8   3   5   6   4   4   2   7   4   6   2   2   6   1   0   6   5   1   9   5   7   1   4   9   6   5   2   3   2   9   4   5   4   3   5   1   9 
  6   2   6   9   1   1   3   4   2   2   8   6   9   2   8   4   9   7   6   1   4   7   3   3   4   9   2   4   0   7   9   8   1   2   6   3   7   8   1   4   1   6   6   4   6   9   9   7   6   1 
  7   2   2   7   4   5   9   4   9   8   8   6   5   9   8   3   7   7   1   9   7   3   9   8   2   4   8   5   4   0   2   9   3   7   8   2   1   1   5   5   2   9   9   4   6   8   9   1   1   9 
  5   6   5   3   7   6   8   9   7   4   4   8   3   5   1   6   9   6   1   9   4   8   6   8   5   2   2   9   7   2   0   1   5   7   7   2   5   7   1   9   1   1   7   3   9   5   5   3   2   5 
  3   2   8   6   5   1   9   2   2   9   2   1   4   3   5   1   3   9   5   3   5   5   3   4   1   5   2   1   3   9   7   0   5   7   4   5   4   1   1   1   8   7   9   9   6   8   9   7   5   8 
  7   4   9   1   9   1   1   8   5   2   6   2   7   6   8   6   2   7   9   4   4   6   3   2   6   2   5   9   4   4   8   6   0   2   6   5   6   4   3   4   9   2   6   3   7   1   6   4   9   1 
  6   4   7   5   4   2   5   3   7   3   2   2   7   6   7   4   4   2   3   8   2   3   2   1   6   1   8   4   7   6   3   9   9   0   8   1   5   3   3   9   2   9   9   2   7   6   2   3   4   8 
  8   3   1   5   4   1   6   9   4   2   2   1   9   3   6   1   2   8   9   5   6   1   2   2   6   6   6   2   3   1   2   1   7   4   0   1   8   3   7   1   1   1   9   2   8   6   8   7   5   6 
  3   9   4   1   5   7   5   1   6   1   3   8   4   1   5   5   8   7   2   5   2   8   7   3   6   4   6   3   8   8   5   7   8   8   9   0   8   5   5   7   9   2   1   6   4   3   5   3   2   8 
  1   8   3   7   6   6   9   2   6   3   5   9   8   4   5   2   1   8   1   4   1   3   2   3   1   7   1   2   6   2   8   6   2   7   4   2   0   5   1   6   9   7   9   1   2   1   9   5   9   8 
  6   5   2   4   6   1   7   4   2   9   3   8   5   9   9   6   6   2   9   6   3   3   8   4   9   6   8   3   6   6   1   5   9   1   4   8   4   0   1   5   3   7   6   3   1   9   6   8   7   5 
  5   6   9   3   2   4   4   1   1   4   3   1   7   6   6   6   9   4   2   9   9   3   3   5   2   1   4   8   2   1   7   6   4   1   1   4   8   5   0   4   6   1   8   7   5   3   5   8   5   2 
  8   8   4   5   8   7   9   9   5   5   8   8   5   9   8   4   6   7   4   3   4   1   4   3   3   7   4   3   8   6   9   8   5   2   7   8   2   3   3   0   8   9   6   4   2   2   6   3   9   2 
  6   1   3   3   5   2   3   7   9   9   5   3   7   6   1   2   8   8   5   9   8   9   6   9   1   8   8   6   4   1   1   6   3   2   9   6   9   1   3   1   0   6   6   1   8   5   6   7   2   3 
  3   2   3   3   9   6   4   3   1   7   4   2   1   7   9   7   4   9   5   8   1   1   2   5   2   6   7   7   8   5   2   8   5   9   1   4   3   5   8   8   9   0   3   6   6   2   7   2   8   5 
  6   4   3   4   3   4   2   7   7   6   8   1   4   6   1   8   6   5   5   2   1   7   1   8   1   2   7   2   4   1   6   6   7   3   5   1   8   2   1   5   8   4   0   6   3   7   1   5   3   5 
  8   5   7   1   2   6   4   7   8   4   2   8   3   7   1   8   4   1   3   6   1   6   7   5   1   8   5   7   8   4   2   9   5   2   9   7   2   6   9   5   5   7   8   0   3   7   1   5   6   5 
  1   3   4   2   4   7   5   3   5   1   4   6   5   3   2   2   5   7   5   8   1   8   5   3   3   1   8   3   8   6   3   5   6   4   3   6   7   2   5   8   8   5   3   9   0   1   6   4   6   3 
  6   4   8   7   9   1   3   2   1   6   6   7   4   3   3   4   7   5   2   4   8   7   8   8   3   4   7   3   9   4   4   7   7   9   3   8   2   7   2   7   6   3   1   7   7   0   5   8   2   3 
  8   6   9   6   3   8   4   4   6   8   9   8   7   3   2   7   9   6   9   9   5   5   3   8   8   8   8   9   5   9   5   8   4   8   1   8   4   9   6   7   3   3   3   3   4   3   0   3   3   9 
  9   7   9   9   9   6   6   8   9   7   5   9   7   1   9   8   2   8   2   3   7   7   2   9   1   9   9   2   1   5   4   4   8   7   4   2   4   8   5   8   9   3   9   2   2   2   2   0   3   9 
  4   6   3   2   5   6   5   7   4   6   4   6   4   8   2   1   3   8   5   4   4   3   2   5   6   2   3   2   5   5   7   1   8   8   6   7   3   1   3   6   2   6   9   2   8   8   7   5   0   2 
  8   8   4   3   1   8   9   9   2   8   5   7   5   1   4   8   5   9   4   6   3   1   9   6   1   5   1   6   7   9   2   9   1   5   1   9   4   2   3   1   3   6   2   1   5   4   5   2   1   0 
M6
  0   7   9   2   3   8   7   3   8   2   1   3   9   5   3   1   2   2   9   9   1   6   4   3   8   1   5   4   7   8   4   5   6   5   5   5   5   8   7   7   3   5   8   6   3   8   6   4   9   6 
  9   0   4   7   9   7   3   1   5   3   3   2   9   6   7   5   4   5   3   3   1   1   5   1   6   8   7   8   2   9   2   9   9   1   7   7   9   3   9   4   1   6   6   2   1   3   4   9   6   5 
  2   3   0   7   9   4   5   9   3   6   7   2   9   1   9   2   5   8   7   2   2   9   7   2   9   1   3   9   4   7   2   7   2   5   8   7   3   9   9   7   5   7   9   2   3   5   1   2   6   9 
  9   8   4   0   2   8   9   2   7   6   9   3   9   5   4   2   1   1   6   3   2   2   3   8   8   9   3   5   7   2   9   2   4   7   4   9   7   7   7   5   5   5   2   9   5   3   7   2   8   4 
  3   3   2   2   0   9   2   4   3   3   8   1   6   1   9   2   4   4   7   3   8   7   5   9   3   3   3   3   9   5   7   3   1   6   9   6   7   4   4   2   4   6   2   7   9   4   6   2   4   7 
  4   5   1   3   4   0   8   1   8   9   3   3   1   9   3   5   6   7   5   8   2   4   7   9   5   5   8   5   2   8   2   9   1   9   4   4   2   7   7   2   2   5   3   4   1   3   5   7   9   7 
  8   2   3   8   6   9   0   6   6   6   7   7   3   7   1   6   1   8   5   3   7   2   2   7   9   5   8   8   7   6   4   5   4   5   3   2   2   2   9   9   6   7   1   8   8   4   9   6   3   6 
  1   2   1   1   3   9   5   0   2   3   4   6   9   2   4   9   1   8   2   6   1   1   2   3   5   1   2   7   8   5   9   1   6   5   8   3   6   3   7   5   8   3   9   5   6   5   6   1   6   3 
  1   8   4   2   5   5   1   9   0   2   1   9   9   7   3   6   5   4   7   3   4   5   5   1   5   5   5   2   7   7   2   3   4   2   8   9   8   3   8   2   9   2   2   7   8   8   5   3   4   4 
  6   1   1   5   1   7   6   5   5   0   6   8   3   7   3   7   7   4   3   6   5   3   7   2   6   7   1   6   9   4   5   9   2   1   5   2   6   9   7   6   4   2   7   4   5   4   3   3   2   5 
  4   4   3   1   4   1   8   7   6   1   0   2   8   4   2   6   7   1   5   8   2   9   5   7   2   2   7   3   1   9   5   1   3   2   2   5   4   7   3   6   6   3   3   2   9   3   4   8   1   5 
  1   3   9   2   2   6   3   5   7   3   9   0   4   1   7   9   1   4   1   3   5   3   5   7   7   6   4   4   6   3   9   7   9   7   5   4   8   9   9   2   3   5   6   8   5   9   5   8   9   5 
  3   1   2   9   1   9   6   3   8   5   5   4   0   1   4   7   9   2   7   9   3   3   1   6   8   5   5   1   7   4   3   7   5   1   6   4   4   3   7   4   9   6   2   4   1   8   2   8   2   5 
  4   3   4   8   5   2   9   5   4   4   3   2   4   0   8   2   1   8   9   5   1   9   9   9   6   5   4   8   5   2   6   3   4   2   7   4   9   5   7   9   8   8   7   3   1   2   1   6   5   6 
  3   6   5   2   1   3   3   6   7   9   7   7   3   1   0   5   6   5   1   7   5   6   9   2   3   1   6   2   6   6   2   6   6   8   1   4   1   4   7   3   9   7   3   2   9   6   1   9   5   5 
  8   7   6   5   3   5   6   7   7   9   2   8   3   8   2   0   2   1   4   3   7   8   6   7   3   3   4   5   5   2   7   5   4   9   5   4   1   8   3   9   1   7   7   9   2   6   2   4   9   9 
  7   7   2   9   8   8   7   8   3   4   1   2   2   9   4   2   0   7   3   3   2   7   3   1   2   9   6   7   7   7   3   9   5   8   7   6   6   9   7   1   2   7   2   3   9   2   1   8   5   1 
  2   2   9   2   1   2   7   7   6   5   9   4   1   3   2   1   6   0   4   3   9   1   9   1   7   7   2   2   6   4   2   7   9   4   1   9   9   2   5   4   7   8   1   6   9   9   5   4   8   3 
  9   8   3   2   5   1   8   4   4   3   1   3   5   4   3   3   1   4   0   2   1   9   5   2   9   2   6   1   1   1   8   9   2   4   7   6   6   7   7   6   2   6   2   3   7   3   4   8   3   8 
  2   1   6   7   1   4   9   6   4   3   9   6   2   6   4   9   2   4   3   0   5   8   2   7   3   3   3   1   3   1   6   7   3   2   9   8   2   7   3   1   3   6   1   4   8   3   4   9   4   7 
  3   8   9   4   9   6   7   3   5   6   9   9   6   6   7   2   7   6   5   4   0   3   2   6   5   1   2   1   1   7   3   3   4   7   5   3   7   9   2   3   7   7   4   4   9   4   1   3   2   9 
  3   8   7   2   7   5   3   3   1   2   6   8   4   9   6   5   6   5   9   6   5   0   4   8   6   1   5   8   6   8   2   5   3   5   1   2   1   7   9   5   8   2   7   7   5   7   2   4   8   5 
  9   1   9   6   7   5   2   3   7   2   1   5   5   5   7   5   6   4   7   4   8   4   0   5   9   1   2   2   8   6   2   3   1   2   7   6   9   9   4   4   6   3   8   3   5   2   8   2   1   8 
  3   7   6   3   5   8   5   7   3   8   8   4   1   4   9   9   3   3   9   6   8   3   3   0   7   8   9   3   7   8   8   3   3   6   5   2   3   2   3   1   7   7   4   2   2   1   4   7   6   9 
  8   6   3   5   6   8   8   2   7   3   5   1   6   3   2   8   9   3   7   9   7   8   5   3   0   9   3   8   4   3   8   1   2   4   9   6   4   8   4   6   8   4   6   8   7   1   6   4   2   2 
  1   6   9   9   2   9   8   3   8   2   2   4   2   2   3   4   8   8   7   5   7   6   7   7   8   0   1   8   5   2   7   8   5   5   9   1   3   3   4   6   8   3   9   6   7   6   1   5   7   3 
  6   3   5   7   8   4   1   4   3   6   8   4   8   7   6   4   6   6   5   1   8   9   2   8   2   5   0   6   6   5   6   7   2   6   1   8   6   9   4   9   7   1   4   4   9   8   1   6   1   4 
  7   8   9   4   4   2   5   1   2   4   5   6   7   8   3   5   6   4   4   2   7   4   6   2   2   6   1   0   6   5   1   9   5   7   1   4   9   6   5   2   3   2   9   4   5   4   3   5   1   9 
  6   2   6   9   1   1   3   4   2   2   8   6   9   2   8   4   9   7   6   1   4   7   3   3   4   9   2   4   0   7   9   8   1   2   6   3   7   8   1   4   1   6   6   4   6   9   9   7   6   1 
  7   2   2   7   4   5   9   4   9   8   8   6   5   9   8   3   7   7   1   9   7   3   9   8   2   4   8   5   4   0   2   9   3   7   8   2   1   1   5   5   2   9   9   4   6   8   9   1   1   9 
  5   6   5   3   7   6   8   9   7   4   4   8   3   5   1   6   9   6   1   9   4   8   6   8   5   2   2   9   7   2   0   1   5   7   7   2   5   7   1   9   1   1   7   3   9   5   5   3   2   5 
  3   2   8   6   5   1   9   2   2   9   2   1   4   3   5   1   3   9   5   3   5   5   3   4   1   5   2   1   3   9   7   0   5   7   4   5   4   1   1   1   8   7   9   9   6   8   9   7   5   8 
  7   4   9   1   9   1   1   8   5   2   6   2   7   6   8   6   2   7   9   4   4   6   3   2   6   2   5   9   4   4   8   6   0   2   6   5   6   4   3   4   9   2   6   3   7   1   6   4   9   1 
  6   4   7   5   4   2   5   3   7   3   2   2   7   6   7   4   4   2   3   8   2   3   2   1   6   1   8   4   7   6   3   9   9   0   8   1   5   3   3   9   2   9   9   2   7   6   2   3   4   8 
  8   3   1   5   4   1   6   9   4   2   2   1   9   3   6   1   2   8   9   5   6   1   2   2   6   6   6   2   3   1   2   1   7   4   0   1   8   3   7   1   1   1   9   2   8   6   8   7   5   6 
  3   9   4   1   5   7   5   1   6   1   3   8   4   1   5   5   8   7   2   5   2   8   7   3   6   4   6   3   8   8   5   7   8   8   9   0   8   5   5   7   9   2   1   6   4   3   5   3   2   8 
  1   8   3   7   6   6   9   2   6   3   5   9   8   4   5   2   1   8   1   4   1   3   2   3   1   7   1   2   6   2   8   6   2   7   4   2   0   5   1   6   9   7   9   1   2   1   9   5   9   8 
  6   5   2   4   6   1   7   4   2   9   3   8   5   9   9   6   6   2   9   6   3   3   8   4   9   6   8   3   6   6   1   5   9   1   4   8   4   0   1   5   3   7   6   3   1   9   6   8   7   5 
  5   6   9   3   2   4   4   1   1   4   3   1   7   6   6   6   9   4   2   9   9   3   3   5   2   1   4   8   2   1   7   6   4   1   1   4   8   5   0   4   6   1   8   7   5   3   5   8   5   2 
  8   8   4   5   8   7   9   9   5   5   8   8   5   9   8   4   6   7   4   3   4   1   4   3   3   7   4   3   8   6   9   8   5   2   7   8   2   3   3   0   8   9   6   4   2   2   6   3   9   2 
  6   1   3   3   5   2   3   7   9   9   5   3   7   6   1   2   8   8   5   9   8   9   6   9   1   8   8   6   4   1   1   6   3   2   9   6   9   1   3   1   0   6   6   1   8   5   6   7   2   3 
  3   2   3   3   9   6   4   3   1   7   4   2   1   7   9   7   4   9   5   8   1   1   2   5   2   6   7   7   8   5   2   8   5   9   1   4   3   5   8   8   9   0   3   6   6   2   7   2   8   5 
  6   4   3   4   3   4   2   7   7   6   8   1   4   6   1   8   6   5   5   2   1   7   1   8   1   2   7   2   4   1   6   6   7   3   5   1   8   2   1   5   8   4   0   6   3   7   1   5   3   5 
  8   5   7   1   2   6   4   7   8   4   2   8   3   7   1   8   4   1   3   6   1   6   7   5   1   8   5   7   8   4   2   9   5   2   9   7   2   6   9   5   5   7   8   0   3   7   1   5   6   5 
  1   3   4   2   4   7   5   3   5   1   4   6   5   3   2   2   5   7   5   8   1   8   5   3   3   1   8   3   8   6   3   5   6   4   3   6   7   2   5   8   8   5   3   9   0   1   6   4   6   3 
  6   4   8   7   9   1   3   2   1   6   6   7   4   3   3   4   7   5   2   4   8   7   8   8   3   4   7   3   9   4   4   7   7   9   3   8   2   7   2   7   6   3   1   7   7   0   5   8   2   3 
  8   6   9   6   3   8   4   4   6   8   9   8   7   3   2   7   9   6   9   9   5   5   3   8   8   8   8   9   5   9   5   8   4   8   1   8   4   9   6   7   3   3   3   3   4   3   0   3   3   9 
  9   7   9   9   9   6   6   8   9   7   5   9   7   1   9   8   2   8   2   3   7   7   2   9   1   9   9   2   1   5   4   4   8   7   4   2   4   8   5   8   9   3   9   2   2   2   2   0   3   9 
  4   6   3   2   5   6   5   7   4   6   4   6   4   8   2   1   3   8   5   4   4   3   2   5   6   2   3   2   5   5   7   1   8   8   6   7   3   1   3   6   2   6   9   2   8   8   7   5   0   2 
  8   8   4   3   1   8   9   9   2   8   5   7   5   1   4   8   5   9   4   6   3   1   9   6   1   5   1   6   7   9   2   9   1   5   1   9   4   2   3   1   3   6   2   1   5   4   5   2   1   0 
M7
  0   7   9   2   3   8   7   3   8   2   1   3   9   5   3   1   2   2   9   9   1   6   4   3   8   1   5   4   7   8   4   5   6   5   5   5   5   8   7   7   3   5   8   6   3   8   6   4   9   6 
  9   0   4   7   9   7   3   1   5   3   3   2   9   6   7   5   4   5   3   3   1   1   5   1   6   8   7   8   2   9   2   9   9   1   7   7   9   3   9   4   1   6   6   2   1   3   4   9   6   5 
  2   3   0   7   9   4   5   9   3   6   7   2   9   1   9   2   5   8   7   2   2   9   7   2   9   1   3   9   4   7   2   7   2   5   8   7   3   9   9   7   5   7   9   2   3   5   1   2   6   9 
  9   8   4   0   2   8   9   2   7   6   9   3   9   5   4   2   1   1   6   3   2   2   3   8   8   9   3   5   7   2   9   2   4   7   4   9   7   7   7   5   5   5   2   9   5   3   7   2   8   4 
  3   3   2   2   0   9   2   4   3   3   8   1   6   1   9   2   4   4   7   3   8   7   5   9   3   3   3   3   9   5   7   3   1   6   9   6   7   4   4   2   4   6   2   7   9   4   6   2   4   7 
  4   5   1   3   4   0   8   1   8   9   3   3   1   9   3   5   6   7   5   8   2   4   7   9   5   5   8   5   2   8   2   9   1   9   4   4   2   7   7   2   2   5   3   4   1   3   5   7   9   7 
  8   2   3   8   6   9   0   6   6   6   7   7   3   7   1   6   1   8   5   3   7   2   2   7   9   5   8   8   7   6   4   5   4   5   3   2   2   2   9   9   6   7   1   8   8   4   9   6   3   6 
  1   2   1   1   3   9   5   0   2   3   4   6   9   2   4   9   1   8   2   6   1   1   2   3   5   1   2   7   8   5   9   1   6   5   8   3   6   3   7   5   8   3   9   5   6   5   6   1   6   3 
  1   8   4   2   5   5   1   9   0   2   1   9   9   7   3   6   5   4   7   3   4   5   5   1   5   5   5   2   7   7   2   3   4   2   8   9   8   3   8   2   9   2   2   7   8   8   5   3   4   4 
  6   1   1   5   1   7   6   5   5   0   6   8   3   7   3   7   7   4   3   6   5   3   7   2   6   7   1   6   9   4   5   9   2   1   5   2   6   9   7   6   4   2   7   4   5   4   3   3   2   5 
  4   4   3   1   4   1   8   7   6   1   0   2   8   4   2   6   7   1   5   8   2   9   5   7   2   2   7   3   1   9   5   1   3   2   2   5   4   7   3   6   6   3   3   2   9   3   4   8   1   5 
  1   3   9   2   2   6   3   5   7   3   9   0   4   1   7   9   1   4   1   3   5   3   5   7   7   6   4   4   6   3   9   7   9   7   5   4   8   9   9   2   3   5   6   8   5   9   5   8   9   5 
  3   1   2   9   1   9   6   3   8   5   5   4   0   1   4   7   9   2   7   9   3   3   1   6   8   5   5   1   7   4   3   7   5   1   6   4   4   3   7   4   9   6   2   4   1   8   2   8   2   5 
  4   3   4   8   5   2   9   5   4   4   3   2   4   0   8   2   1   8   9   5   1   9   9   9   6   5   4   8   5   2   6   3   4   2   7   4   9   5   7   9   8   8   7   3   1   2   1   6   5   6 
  3   6   5   2   1   3   3   6   7   9   7   7   3   1   0   5   6   5   1   7   5   6   9   2   3   1   6   2   6   6   2   6   6   8   1   4   1   4   7   3   9   7   3   2   9   6   1   9   5   5 
  8   7   6   5   3   5   6   7   7   9   2   8   3   8   2   0   2   1   4   3   7   8   6   7   3   3   4   5   5   2   7   5   4   9   5   4   1   8   3   9   1   7   7   9   2   6   2   4   9   9 
  7   7   2   9   8   8   7   8   3   4   1   2   2   9   4   2   0   7   3   3   2   7   3   1   2   9   6   7   7   7   3   9   5   8   7   6   6   9   7   1   2   7   2   3   9   2   1   8   5   1 
  2   2   9   2   1   2   7   7   6   5   9   4   1   3   2   1   6   0   4   3   9   1   9   1   7   7   2   2   6   4   2   7   9   4   1   9   9   2   5   4   7   8   1   6   9   9   5   4   8   3 
  9   8   3   2   5   1   8   4   4   3   1   3   5   4   3   3   1   4   0   2   1   9   5   2   9   2   6   1   1   1   8   9   2   4   7   6   6   7   7   6   2   6   2   3   7   3   4   8   3   8 
  2   1   6   7   1   4   9   6   4   3   9   6   2   6   4   9   2   4   3   0   5   8   2   7   3   3   3   1   3   1   6   7   3   2   9   8   2   7   3   1   3   6   1   4   8   3   4   9   4   7 
  3   8   9   4   9   6   7   3   5   6   9   9   6   6   7   2   7   6   5   4   0   3   2   6   5   1   2   1   1   7   3   3   4   7   5   3   7   9   2   3   7   7   4   4   9   4   1   3   2   9 
  3   8   7   2   7   5   3   3   1   2   6   8   4   9   6   5   6   5   9   6   5   0   4   8   6   1   5   8   6   8   2   5   3   5   1   2   1   7   9   5   8   2   7   7   5   7   2   4   8   5 
  9   1   9   6   7   5   2   3   7   2   1   5   5   5   7   5   6   4   7   4   8   4   0   5   9   1   2   2   8   6   2   3   1   2   7   6   9   9   4   4   6   3   8   3   5   2   8   2   1   8 
  3   7   6   3   5   8   5   7   3   8   8   4   1   4   9   9   3   3   9   6   8   3   3   0   7   8   9   3   7   8   8   3   3   6   5   2   3   2   3   1   7   7   4   2   2   1   4   7   6   9 
  8   6   3   5   6   8   8   2   7   3   5   1   6   3   2   8   9   3   7   9   7   8   5   3   0   9   3   8   4   3   8   1   2   4   9   6   4   8   4   6   8   4   6   8   7   1   6   4   2   2 
  1   6   9   9   2   9   8   3   8   2   2   4   2   2   3   4   8   8   7   5   7   6   7   7   8   0   1   8   5   2   7   8   5   5   9   1   3   3   4   6   8   3   9   6   7   6   1   5   7   3 
  6   3   5   7   8   4   1   4   3   6   8   4   8   7   6   4   6   6   5   1   8   9   2   8   2   5   0   6   6   5   6   7   2   6   1   8   6   9   4   9   7   1   4   4   9   8   1   6   1   4 
  7   8   9   4   4   2   5   1   2   4   5   6   7   8   3   5   6   4   4   2   7   4   6   2   2   6   1   0   6   5   1   9   5   7   1   4   9   6   5   2   3   2   9   4   5   4   3   5   1   9 
  6   2   6   9   1   1   3   4   2   2   8   6   9   2   8   4   9   7   6   1   4   7   3   3   4   9   2   4   0   7   9   8   1   2   6   3   7   8   1   4   1   6   6   4   6   9   9   7   6   1 
  7   2   2   7   4   5   9   4   9   8   8   6   5   9   8   3   7   7   1   9   7   3   9   8   2   4   8   5   4   0   2   9   3   7   8   2   1   1   5   5   2   9   9   4   6   8   9   1   1   9 
  5   6   5   3   7   6   8   9   7   4   4   8   3   5   1   6   9   6   1   9   4   8   6   8   5   2   2   9   7   2   0   1   5   7   7   2   5   7   1   9   1   1   7   3   9   5   5   3   2   5 
  3   2   8   6   5   1   9   2   2   9   2   1   4   3   5   1   3   9   5   3   5   5   3   4   1   5   2   1   3   9   7   0   5   7   4   5   4   1   1   1   8   7   9   9   6   8   9   7   5   8 
  7   4   9   1   9   1   1   8   5   2   6   2   7   6   8   6   2   7   9   4   4   6   3   2   6   2   5   9   4   4   8   6   0   2   6   5   6   4   3   4   9   2   6   3   7   1   6   4   9   1 
  6   4   7   5   4   2   5   3   7   3   2   2   7   6   7   4   4   2   3   8   2   3   2   1   6   1   8   4   7   6   3   9   9   0   8   1   5   3   3   9   2   9   9   2   7   6   2   3   4   8 
  8   3   1   5   4   1   6   9   4   2   2   1   9   3   6   1   2   8   9   5   6   1   2   2   6   6   6   2   3   1   2   1   7   4   0   1   8   3   7   1   1   1   9   2   8   6   8   7   5   6 
  3   9   4   1   5   7   5   1   6   1   3   8   4   1   5   5   8   7   2   5   2   8   7   3   6   4   6   3   8   8   5   7   8   8   9   0   8   5   5   7   9   2   1   6   4   3   5   3   2   8 
  1   8   3   7   6   6   9   2   6   3   5   9   8   4   5   2   1   8   1   4   1   3   2   3   1   7   1   2   6   2   8   6   2   7   4   2   0   5   1   6   9   7   9   1   2   1   9   5   9   8 
  6   5   2   4   6   1   7   4   2   9   3   8   5   9   9   6   6   2   9   6   3   3   8   4   9   6   8   3   6   6   1   5   9   1   4   8   4   0   1   5   3   7   6   3   1   9   6   8   7   5 
  5   6   9   3   2   4   4   1   1   4   3   1   7   6   6   6   9   4   2   9   9   3   3   5   2   1   4   8   2   1   7   6   4   1   1   4   8   5   0   4   6   1   8   7   5   3   5   8   5   2 
  8   8   4   5   8   7   9   9   5   5   8   8   5   9   8   4   6   7   4   3   4   1   4   3   3   7   4   3   8   6   9   8   5   2   7   8   2   3   3   0   8   9   6   4   2   2   6   3   9   2 
  6   1   3   3   5   2   3   7   9   9   5   3   7   6   1   2   8   8   5   9   8   9   6   9   1   8   8   6   4   1   1   6   3   2   9   6   9   1   3   1   0   6   6   1   8   5   6   7   2   3 
  3   2   3   3   9   6   4   3   1   7   4   2   1   7   9   7   4   9   5   8   1   1   2   5   2   6   7   7   8   5   2   8   5   9   1   4   3   5   8   8   9   0   3   6   6   2   7   2   8   5 
  6   4   3   4   3   4   2   7   7   6   8   1   4   6   1   8   6   5   5   2   1   7   1   8   1   2   7   2   4   1   6   6   7   3   5   1   8   2   1   5   8   4   0   6   3   7   1   5   3   5 
  8   5   7   1   2   6   4   7   8   4   2   8   3   7   1   8   4   1   3   6   1   6   7   5   1   8   5   7   8   4   2   9   5   2   9   7   2   6   9   5   5   7   8   0   3   7   1   5   6   5 
  1   3   4   2   4   7   5   3   5   1   4   6   5   3   2   2   5   7   5   8   1   8   5   3   3   1   8   3   8   6   3   5   6   4   3   6   7   2   5   8   8   5   3   9   0   1   6   4   6   3 
  6   4   8   7   9   1   3   2   1   6   6   7   4   3   3   4   7   5   2   4   8   7   8   8   3   4   7   3   9   4   4   7   7   9   3   8   2   7   2   7   6   3   1   7   7   0   5   8   2   3 
  8   6   9   6   3   8   4   4   6   8   9   8   7   3   2   7   9   6   9   9   5   5   3   8   8   8   8   9   5   9   5   8   4   8   1   8   4   9   6   7   3   3   3   3   4   3   0   3   3   9 
  9   7   9   9   9   6   6   8   9   7   5   9   7   1   9   8   2   8   2   3   7   7   2   9   1   9   9   2   1   5   4   4   8   7   4   2   4   8   5   8   9   3   9   2   2   2   2   0   3   9 
  4   6   3   2   5   6   5   7   4   6   4   6   4   8   2   1   3   8   5   4   4   3   2   5   6   2   3   2   5   5   7   1   8   8   6   7   3   1   3   6   2   6   9   2   8   8   7   5   0   2 
  8   8   4   3   1   8   9   9   2   8   5   7   5   1   4   8   5   9   4   6   3   1   9   6   1   5   1   6   7   9   2   9   1   5   1   9   4   2   3   1   3   6   2   1   5   4   5   2   1   0 
Reldue
  772    9    6
 1167    6    6
 1588    4    4
 1814    1    4
 1067    9    6
  951    8    3
 1549    7    9
 1749    8    1
 1785    1    2
 1810    2    9
  541    6    9
 1723    7    6
 1943    1    5
 2066    4    8
 1378    3    7
  687    2    9
 1211    8    8
  560    6    5
 1464    7    3
  924    4    3
  613    9    8
 1170    8    6
  458    8    5
 1530    4    8
  797    4    4
  621    7    9
  463    3    6
 1160    6    8
 1549    9    1
 1124    9    6
 1681    3    3
 1402    3    5
 1675    2    7
  545    9    3
 1420    1    2
 1784    4    7
  594    5    8
  386    7    6
  597    2    5
 1459    3    9
 1107    1    2
 1304    8    7
  684    4    3
 1623    5    2
  365    7    4
  813    5    4
  625    2    3
 1111    7    5
 1652    8    4
 1072    1    8
DDW
  713   831
 1102  1233
 1447  1728
 1694  1934
  961  1174
  863  1039
 1427  1672
 1597  1901
 1618  1951
 1713  1906
  504   577
 1609  1836
 1766  2120
 1934  2198
 1259  1497
  625   750
 1090  1331
  514   607
 1336  1591
  868   979
  560   666
 1055  1284
  432   484
 1410  1649
  731   862
  560   682
  439   487
 1084  1237
 1425  1673
 1067  1181
 1556  1806
 1299  1505
 1589  1761
  506   584
 1310  1529
 1681  1886
  545   643
  363   408
  556   638
 1384  1533
 1036  1178
 1230  1378
  630   739
 1484  1762
  332   398
  764   861
  578   672
 1005  1217
 1520  1785
  969  1174
