20  10
MD
  4  3  3  5  5  4  2  4  3  5
PT
 30  30  38   5  13  21  96  70  67  82  62  61  56  51   5  45  76  30  71  42 
 48  18  22  29  20  50   2   2   2  18  40   5  51  10  15  70  61  12  50  27 
 25  62  93  81  49  16  35   9  50  23  83  23  78  28  90  86  61  94   2  62 
 93  86  10  31  22  14  94  74  47  72  91  58  77   8  96  30  14  25  25  62 
 63  88  82  80  45  48  74  78  75  38  72   3  69   2  28  15  17   9  49  32 
 66  56  91   3   8  25  65  58   4  40  88   9  40  43  30  85  96   4   3  94 
 40  35  58  36  65  69   8  84  16  76  75  65  88   8  39  47  47  15  23  69 
 32  66  91  47  85  36   6  36  35  33  52  31  63  53  73  78  37  71   9  19 
 32  68  17  55  31  61  76  32  76  91  34  92   2  49   8   6  31  46  90  62 
 12  82  56  63  37  66  74  54  91  64  61  58  38  85  98  33  61   4  38  95 
SSD
M0
  0   4   3   2   4   2   6   2   5   5   6   5   3   2   5   3   6   8   3   4 
  1   0   7   4   2   9   2   9   5   8   6   7   4   7   9   8   6   8   7   1 
  6   4   0   9   5   9   3   4   8   1   7   1   3   8   3   8   8   5   6   1 
  6   8   3   0   4   6   7   7   5   6   5   5   5   6   3   4   8   8   2   7 
  6   4   1   3   0   1   3   7   9   9   9   3   2   4   4   5   7   4   4   6 
  2   6   3   3   7   0   3   2   1   5   9   6   9   1   6   3   9   5   2   3 
  4   3   3   2   3   6   0   4   2   5   2   8   5   8   3   9   2   7   2   4 
  6   7   8   3   8   1   6   0   6   9   1   9   7   9   9   6   3   5   7   2 
  5   4   7   3   1   1   4   2   0   6   8   6   9   1   3   3   5   6   8   4 
  1   8   3   6   1   4   7   9   7   0   9   9   3   1   5   6   2   1   2   7 
  5   4   1   3   2   2   3   6   8   8   0   1   1   7   5   3   2   9   6   2 
  3   5   7   2   2   4   3   4   4   4   6   0   8   2   8   5   4   6   9   8 
  8   2   3   9   9   1   2   2   5   8   4   2   0   2   6   4   1   2   8   2 
  4   9   3   5   7   1   9   7   2   2   2   5   9   0   4   6   7   7   4   5 
  8   1   7   7   6   8   4   8   3   5   2   2   8   8   0   7   2   7   1   1 
  4   4   8   1   9   9   1   1   6   8   2   5   1   2   6   0   2   9   5   5 
  9   3   7   3   8   1   4   8   5   5   5   6   4   8   7   1   0   6   5   1 
  8   2   3   9   9   9   2   1   6   2   9   7   5   2   6   5   5   0   2   5 
  1   7   9   9   1   1   8   7   6   4   2   2   6   7   5   6   1   5   0   8 
  3   8   6   9   2   6   7   6   3   8   7   7   4   6   6   6   5   2   2   0 
M1
  0   4   3   2   4   2   6   2   5   5   6   5   3   2   5   3   6   8   3   4 
  1   0   7   4   2   9   2   9   5   8   6   7   4   7   9   8   6   8   7   1 
  6   4   0   9   5   9   3   4   8   1   7   1   3   8   3   8   8   5   6   1 
  6   8   3   0   4   6   7   7   5   6   5   5   5   6   3   4   8   8   2   7 
  6   4   1   3   0   1   3   7   9   9   9   3   2   4   4   5   7   4   4   6 
  2   6   3   3   7   0   3   2   1   5   9   6   9   1   6   3   9   5   2   3 
  4   3   3   2   3   6   0   4   2   5   2   8   5   8   3   9   2   7   2   4 
  6   7   8   3   8   1   6   0   6   9   1   9   7   9   9   6   3   5   7   2 
  5   4   7   3   1   1   4   2   0   6   8   6   9   1   3   3   5   6   8   4 
  1   8   3   6   1   4   7   9   7   0   9   9   3   1   5   6   2   1   2   7 
  5   4   1   3   2   2   3   6   8   8   0   1   1   7   5   3   2   9   6   2 
  3   5   7   2   2   4   3   4   4   4   6   0   8   2   8   5   4   6   9   8 
  8   2   3   9   9   1   2   2   5   8   4   2   0   2   6   4   1   2   8   2 
  4   9   3   5   7   1   9   7   2   2   2   5   9   0   4   6   7   7   4   5 
  8   1   7   7   6   8   4   8   3   5   2   2   8   8   0   7   2   7   1   1 
  4   4   8   1   9   9   1   1   6   8   2   5   1   2   6   0   2   9   5   5 
  9   3   7   3   8   1   4   8   5   5   5   6   4   8   7   1   0   6   5   1 
  8   2   3   9   9   9   2   1   6   2   9   7   5   2   6   5   5   0   2   5 
  1   7   9   9   1   1   8   7   6   4   2   2   6   7   5   6   1   5   0   8 
  3   8   6   9   2   6   7   6   3   8   7   7   4   6   6   6   5   2   2   0 
M2
  0   4   3   2   4   2   6   2   5   5   6   5   3   2   5   3   6   8   3   4 
  1   0   7   4   2   9   2   9   5   8   6   7   4   7   9   8   6   8   7   1 
  6   4   0   9   5   9   3   4   8   1   7   1   3   8   3   8   8   5   6   1 
  6   8   3   0   4   6   7   7   5   6   5   5   5   6   3   4   8   8   2   7 
  6   4   1   3   0   1   3   7   9   9   9   3   2   4   4   5   7   4   4   6 
  2   6   3   3   7   0   3   2   1   5   9   6   9   1   6   3   9   5   2   3 
  4   3   3   2   3   6   0   4   2   5   2   8   5   8   3   9   2   7   2   4 
  6   7   8   3   8   1   6   0   6   9   1   9   7   9   9   6   3   5   7   2 
  5   4   7   3   1   1   4   2   0   6   8   6   9   1   3   3   5   6   8   4 
  1   8   3   6   1   4   7   9   7   0   9   9   3   1   5   6   2   1   2   7 
  5   4   1   3   2   2   3   6   8   8   0   1   1   7   5   3   2   9   6   2 
  3   5   7   2   2   4   3   4   4   4   6   0   8   2   8   5   4   6   9   8 
  8   2   3   9   9   1   2   2   5   8   4   2   0   2   6   4   1   2   8   2 
  4   9   3   5   7   1   9   7   2   2   2   5   9   0   4   6   7   7   4   5 
  8   1   7   7   6   8   4   8   3   5   2   2   8   8   0   7   2   7   1   1 
  4   4   8   1   9   9   1   1   6   8   2   5   1   2   6   0   2   9   5   5 
  9   3   7   3   8   1   4   8   5   5   5   6   4   8   7   1   0   6   5   1 
  8   2   3   9   9   9   2   1   6   2   9   7   5   2   6   5   5   0   2   5 
  1   7   9   9   1   1   8   7   6   4   2   2   6   7   5   6   1   5   0   8 
  3   8   6   9   2   6   7   6   3   8   7   7   4   6   6   6   5   2   2   0 
M3
  0   4   3   2   4   2   6   2   5   5   6   5   3   2   5   3   6   8   3   4 
  1   0   7   4   2   9   2   9   5   8   6   7   4   7   9   8   6   8   7   1 
  6   4   0   9   5   9   3   4   8   1   7   1   3   8   3   8   8   5   6   1 
  6   8   3   0   4   6   7   7   5   6   5   5   5   6   3   4   8   8   2   7 
  6   4   1   3   0   1   3   7   9   9   9   3   2   4   4   5   7   4   4   6 
  2   6   3   3   7   0   3   2   1   5   9   6   9   1   6   3   9   5   2   3 
  4   3   3   2   3   6   0   4   2   5   2   8   5   8   3   9   2   7   2   4 
  6   7   8   3   8   1   6   0   6   9   1   9   7   9   9   6   3   5   7   2 
  5   4   7   3   1   1   4   2   0   6   8   6   9   1   3   3   5   6   8   4 
  1   8   3   6   1   4   7   9   7   0   9   9   3   1   5   6   2   1   2   7 
  5   4   1   3   2   2   3   6   8   8   0   1   1   7   5   3   2   9   6   2 
  3   5   7   2   2   4   3   4   4   4   6   0   8   2   8   5   4   6   9   8 
  8   2   3   9   9   1   2   2   5   8   4   2   0   2   6   4   1   2   8   2 
  4   9   3   5   7   1   9   7   2   2   2   5   9   0   4   6   7   7   4   5 
  8   1   7   7   6   8   4   8   3   5   2   2   8   8   0   7   2   7   1   1 
  4   4   8   1   9   9   1   1   6   8   2   5   1   2   6   0   2   9   5   5 
  9   3   7   3   8   1   4   8   5   5   5   6   4   8   7   1   0   6   5   1 
  8   2   3   9   9   9   2   1   6   2   9   7   5   2   6   5   5   0   2   5 
  1   7   9   9   1   1   8   7   6   4   2   2   6   7   5   6   1   5   0   8 
  3   8   6   9   2   6   7   6   3   8   7   7   4   6   6   6   5   2   2   0 
M4
  0   4   3   2   4   2   6   2   5   5   6   5   3   2   5   3   6   8   3   4 
  1   0   7   4   2   9   2   9   5   8   6   7   4   7   9   8   6   8   7   1 
  6   4   0   9   5   9   3   4   8   1   7   1   3   8   3   8   8   5   6   1 
  6   8   3   0   4   6   7   7   5   6   5   5   5   6   3   4   8   8   2   7 
  6   4   1   3   0   1   3   7   9   9   9   3   2   4   4   5   7   4   4   6 
  2   6   3   3   7   0   3   2   1   5   9   6   9   1   6   3   9   5   2   3 
  4   3   3   2   3   6   0   4   2   5   2   8   5   8   3   9   2   7   2   4 
  6   7   8   3   8   1   6   0   6   9   1   9   7   9   9   6   3   5   7   2 
  5   4   7   3   1   1   4   2   0   6   8   6   9   1   3   3   5   6   8   4 
  1   8   3   6   1   4   7   9   7   0   9   9   3   1   5   6   2   1   2   7 
  5   4   1   3   2   2   3   6   8   8   0   1   1   7   5   3   2   9   6   2 
  3   5   7   2   2   4   3   4   4   4   6   0   8   2   8   5   4   6   9   8 
  8   2   3   9   9   1   2   2   5   8   4   2   0   2   6   4   1   2   8   2 
  4   9   3   5   7   1   9   7   2   2   2   5   9   0   4   6   7   7   4   5 
  8   1   7   7   6   8   4   8   3   5   2   2   8   8   0   7   2   7   1   1 
  4   4   8   1   9   9   1   1   6   8   2   5   1   2   6   0   2   9   5   5 
  9   3   7   3   8   1   4   8   5   5   5   6   4   8   7   1   0   6   5   1 
  8   2   3   9   9   9   2   1   6   2   9   7   5   2   6   5   5   0   2   5 
  1   7   9   9   1   1   8   7   6   4   2   2   6   7   5   6   1   5   0   8 
  3   8   6   9   2   6   7   6   3   8   7   7   4   6   6   6   5   2   2   0 
M5
  0   4   3   2   4   2   6   2   5   5   6   5   3   2   5   3   6   8   3   4 
  1   0   7   4   2   9   2   9   5   8   6   7   4   7   9   8   6   8   7   1 
  6   4   0   9   5   9   3   4   8   1   7   1   3   8   3   8   8   5   6   1 
  6   8   3   0   4   6   7   7   5   6   5   5   5   6   3   4   8   8   2   7 
  6   4   1   3   0   1   3   7   9   9   9   3   2   4   4   5   7   4   4   6 
  2   6   3   3   7   0   3   2   1   5   9   6   9   1   6   3   9   5   2   3 
  4   3   3   2   3   6   0   4   2   5   2   8   5   8   3   9   2   7   2   4 
  6   7   8   3   8   1   6   0   6   9   1   9   7   9   9   6   3   5   7   2 
  5   4   7   3   1   1   4   2   0   6   8   6   9   1   3   3   5   6   8   4 
  1   8   3   6   1   4   7   9   7   0   9   9   3   1   5   6   2   1   2   7 
  5   4   1   3   2   2   3   6   8   8   0   1   1   7   5   3   2   9   6   2 
  3   5   7   2   2   4   3   4   4   4   6   0   8   2   8   5   4   6   9   8 
  8   2   3   9   9   1   2   2   5   8   4   2   0   2   6   4   1   2   8   2 
  4   9   3   5   7   1   9   7   2   2   2   5   9   0   4   6   7   7   4   5 
  8   1   7   7   6   8   4   8   3   5   2   2   8   8   0   7   2   7   1   1 
  4   4   8   1   9   9   1   1   6   8   2   5   1   2   6   0   2   9   5   5 
  9   3   7   3   8   1   4   8   5   5   5   6   4   8   7   1   0   6   5   1 
  8   2   3   9   9   9   2   1   6   2   9   7   5   2   6   5   5   0   2   5 
  1   7   9   9   1   1   8   7   6   4   2   2   6   7   5   6   1   5   0   8 
  3   8   6   9   2   6   7   6   3   8   7   7   4   6   6   6   5   2   2   0 
M6
  0   4   3   2   4   2   6   2   5   5   6   5   3   2   5   3   6   8   3   4 
  1   0   7   4   2   9   2   9   5   8   6   7   4   7   9   8   6   8   7   1 
  6   4   0   9   5   9   3   4   8   1   7   1   3   8   3   8   8   5   6   1 
  6   8   3   0   4   6   7   7   5   6   5   5   5   6   3   4   8   8   2   7 
  6   4   1   3   0   1   3   7   9   9   9   3   2   4   4   5   7   4   4   6 
  2   6   3   3   7   0   3   2   1   5   9   6   9   1   6   3   9   5   2   3 
  4   3   3   2   3   6   0   4   2   5   2   8   5   8   3   9   2   7   2   4 
  6   7   8   3   8   1   6   0   6   9   1   9   7   9   9   6   3   5   7   2 
  5   4   7   3   1   1   4   2   0   6   8   6   9   1   3   3   5   6   8   4 
  1   8   3   6   1   4   7   9   7   0   9   9   3   1   5   6   2   1   2   7 
  5   4   1   3   2   2   3   6   8   8   0   1   1   7   5   3   2   9   6   2 
  3   5   7   2   2   4   3   4   4   4   6   0   8   2   8   5   4   6   9   8 
  8   2   3   9   9   1   2   2   5   8   4   2   0   2   6   4   1   2   8   2 
  4   9   3   5   7   1   9   7   2   2   2   5   9   0   4   6   7   7   4   5 
  8   1   7   7   6   8   4   8   3   5   2   2   8   8   0   7   2   7   1   1 
  4   4   8   1   9   9   1   1   6   8   2   5   1   2   6   0   2   9   5   5 
  9   3   7   3   8   1   4   8   5   5   5   6   4   8   7   1   0   6   5   1 
  8   2   3   9   9   9   2   1   6   2   9   7   5   2   6   5   5   0   2   5 
  1   7   9   9   1   1   8   7   6   4   2   2   6   7   5   6   1   5   0   8 
  3   8   6   9   2   6   7   6   3   8   7   7   4   6   6   6   5   2   2   0 
M7
  0   4   3   2   4   2   6   2   5   5   6   5   3   2   5   3   6   8   3   4 
  1   0   7   4   2   9   2   9   5   8   6   7   4   7   9   8   6   8   7   1 
  6   4   0   9   5   9   3   4   8   1   7   1   3   8   3   8   8   5   6   1 
  6   8   3   0   4   6   7   7   5   6   5   5   5   6   3   4   8   8   2   7 
  6   4   1   3   0   1   3   7   9   9   9   3   2   4   4   5   7   4   4   6 
  2   6   3   3   7   0   3   2   1   5   9   6   9   1   6   3   9   5   2   3 
  4   3   3   2   3   6   0   4   2   5   2   8   5   8   3   9   2   7   2   4 
  6   7   8   3   8   1   6   0   6   9   1   9   7   9   9   6   3   5   7   2 
  5   4   7   3   1   1   4   2   0   6   8   6   9   1   3   3   5   6   8   4 
  1   8   3   6   1   4   7   9   7   0   9   9   3   1   5   6   2   1   2   7 
  5   4   1   3   2   2   3   6   8   8   0   1   1   7   5   3   2   9   6   2 
  3   5   7   2   2   4   3   4   4   4   6   0   8   2   8   5   4   6   9   8 
  8   2   3   9   9   1   2   2   5   8   4   2   0   2   6   4   1   2   8   2 
  4   9   3   5   7   1   9   7   2   2   2   5   9   0   4   6   7   7   4   5 
  8   1   7   7   6   8   4   8   3   5   2   2   8   8   0   7   2   7   1   1 
  4   4   8   1   9   9   1   1   6   8   2   5   1   2   6   0   2   9   5   5 
  9   3   7   3   8   1   4   8   5   5   5   6   4   8   7   1   0   6   5   1 
  8   2   3   9   9   9   2   1   6   2   9   7   5   2   6   5   5   0   2   5 
  1   7   9   9   1   1   8   7   6   4   2   2   6   7   5   6   1   5   0   8 
  3   8   6   9   2   6   7   6   3   8   7   7   4   6   6   6   5   2   2   0 
M8
  0   4   3   2   4   2   6   2   5   5   6   5   3   2   5   3   6   8   3   4 
  1   0   7   4   2   9   2   9   5   8   6   7   4   7   9   8   6   8   7   1 
  6   4   0   9   5   9   3   4   8   1   7   1   3   8   3   8   8   5   6   1 
  6   8   3   0   4   6   7   7   5   6   5   5   5   6   3   4   8   8   2   7 
  6   4   1   3   0   1   3   7   9   9   9   3   2   4   4   5   7   4   4   6 
  2   6   3   3   7   0   3   2   1   5   9   6   9   1   6   3   9   5   2   3 
  4   3   3   2   3   6   0   4   2   5   2   8   5   8   3   9   2   7   2   4 
  6   7   8   3   8   1   6   0   6   9   1   9   7   9   9   6   3   5   7   2 
  5   4   7   3   1   1   4   2   0   6   8   6   9   1   3   3   5   6   8   4 
  1   8   3   6   1   4   7   9   7   0   9   9   3   1   5   6   2   1   2   7 
  5   4   1   3   2   2   3   6   8   8   0   1   1   7   5   3   2   9   6   2 
  3   5   7   2   2   4   3   4   4   4   6   0   8   2   8   5   4   6   9   8 
  8   2   3   9   9   1   2   2   5   8   4   2   0   2   6   4   1   2   8   2 
  4   9   3   5   7   1   9   7   2   2   2   5   9   0   4   6   7   7   4   5 
  8   1   7   7   6   8   4   8   3   5   2   2   8   8   0   7   2   7   1   1 
  4   4   8   1   9   9   1   1   6   8   2   5   1   2   6   0   2   9   5   5 
  9   3   7   3   8   1   4   8   5   5   5   6   4   8   7   1   0   6   5   1 
  8   2   3   9   9   9   2   1   6   2   9   7   5   2   6   5   5   0   2   5 
  1   7   9   9   1   1   8   7   6   4   2   2   6   7   5   6   1   5   0   8 
  3   8   6   9   2   6   7   6   3   8   7   7   4   6   6   6   5   2   2   0 
M9
  0   4   3   2   4   2   6   2   5   5   6   5   3   2   5   3   6   8   3   4 
  1   0   7   4   2   9   2   9   5   8   6   7   4   7   9   8   6   8   7   1 
  6   4   0   9   5   9   3   4   8   1   7   1   3   8   3   8   8   5   6   1 
  6   8   3   0   4   6   7   7   5   6   5   5   5   6   3   4   8   8   2   7 
  6   4   1   3   0   1   3   7   9   9   9   3   2   4   4   5   7   4   4   6 
  2   6   3   3   7   0   3   2   1   5   9   6   9   1   6   3   9   5   2   3 
  4   3   3   2   3   6   0   4   2   5   2   8   5   8   3   9   2   7   2   4 
  6   7   8   3   8   1   6   0   6   9   1   9   7   9   9   6   3   5   7   2 
  5   4   7   3   1   1   4   2   0   6   8   6   9   1   3   3   5   6   8   4 
  1   8   3   6   1   4   7   9   7   0   9   9   3   1   5   6   2   1   2   7 
  5   4   1   3   2   2   3   6   8   8   0   1   1   7   5   3   2   9   6   2 
  3   5   7   2   2   4   3   4   4   4   6   0   8   2   8   5   4   6   9   8 
  8   2   3   9   9   1   2   2   5   8   4   2   0   2   6   4   1   2   8   2 
  4   9   3   5   7   1   9   7   2   2   2   5   9   0   4   6   7   7   4   5 
  8   1   7   7   6   8   4   8   3   5   2   2   8   8   0   7   2   7   1   1 
  4   4   8   1   9   9   1   1   6   8   2   5   1   2   6   0   2   9   5   5 
  9   3   7   3   8   1   4   8   5   5   5   6   4   8   7   1   0   6   5   1 
  8   2   3   9   9   9   2   1   6   2   9   7   5   2   6   5   5   0   2   5 
  1   7   9   9   1   1   8   7   6   4   2   2   6   7   5   6   1   5   0   8 
  3   8   6   9   2   6   7   6   3   8   7   7   4   6   6   6   5   2   2   0 
Reldue
 1587    7    5
 2425    2    7
 1397    6    4
  854    7    6
 1242    2    3
 1401    4    3
 1450    6    8
 1032    6    1
  611    9    7
 1769    4    7
 1628    8    4
 1441    2    6
 1716    4    7
 1334    6    9
 1543    8    7
 1346    8    7
  691    3    8
 1138    9    9
 1382    8    6
  644    7    3
DDW
 1495  1679
 2202  2648
 1300  1494
  801   906
 1119  1365
 1302  1501
 1361  1538
  942  1122
  578   645
 1659  1879
 1498  1758
 1364  1519
 1590  1843
 1218  1450
 1457  1629
 1254  1439
  654   729
 1060  1217
 1270  1495
  593   694
