20   5
MD
  3  5  3  4  2
PT
  1  53  35  35  25  96  65   5  93  36   9  23  82  43  46  89   7  45  68  97 
 51  44  42  11  65  29  83  84  73  10  90  89  29  50  21  70  90  22  18  85 
 42  11  60  43  13  18  75   6  95  85  10  81  67  23  35  87  14  74  51   3 
 94  85  93  98  66  29  51  36  91  74  28  72  69  70  48  69  96  64   7  34 
 60  82  58  11  22  97  76  95  93  76  88  80  27  68  15  16  96  64  73  32 
SSD
M0
  0   2   9   9   7   5   9   5   2   3   9   6   1   8   8   8   8   9   7   8 
  2   0   3   9   5   4   7   2   9   1   9   8   5   2   9   1   9   7   9   4 
  6   6   0   7   6   5   9   1   9   4   6   5   3   9   5   5   7   5   1   2 
  5   5   9   0   4   6   5   7   8   4   1   9   8   4   6   7   5   6   4   8 
  8   1   9   9   0   8   6   3   1   5   4   3   7   3   5   2   5   2   5   9 
  8   5   7   9   8   0   7   3   8   5   7   8   3   8   4   3   9   1   5   8 
  5   5   2   8   9   1   0   9   6   7   5   2   3   4   2   3   8   2   2   6 
  6   8   4   4   1   7   4   0   6   2   5   7   4   3   2   1   8   4   9   7 
  9   5   7   1   3   1   2   8   0   9   8   9   4   5   4   8   8   7   5   8 
  6   7   6   5   4   1   1   8   5   0   3   6   4   6   6   5   8   8   9   6 
  4   1   5   4   1   5   3   8   6   3   0   6   5   2   2   5   1   3   7   3 
  1   7   1   5   8   5   1   1   6   2   1   0   6   1   1   8   5   6   6   7 
  7   9   1   1   6   1   8   8   1   2   5   4   0   2   5   8   2   1   3   1 
  9   1   8   4   5   5   2   1   9   1   3   9   2   0   8   9   8   2   6   1 
  6   5   5   2   5   8   6   5   5   8   4   7   8   5   0   1   4   8   5   8 
  4   3   5   7   2   2   4   6   6   3   3   7   4   9   2   0   1   6   3   5 
  2   5   1   1   9   5   5   7   1   2   7   4   1   5   7   7   0   4   8   7 
  8   9   7   5   8   8   7   3   4   9   4   7   3   7   4   8   6   0   8   8 
  8   7   3   5   2   3   8   9   7   9   4   7   4   5   1   4   8   3   0   6 
  8   1   7   2   7   8   2   8   1   2   1   3   9   9   1   3   6   2   3   0 
M1
  0   2   9   9   7   5   9   5   2   3   9   6   1   8   8   8   8   9   7   8 
  2   0   3   9   5   4   7   2   9   1   9   8   5   2   9   1   9   7   9   4 
  6   6   0   7   6   5   9   1   9   4   6   5   3   9   5   5   7   5   1   2 
  5   5   9   0   4   6   5   7   8   4   1   9   8   4   6   7   5   6   4   8 
  8   1   9   9   0   8   6   3   1   5   4   3   7   3   5   2   5   2   5   9 
  8   5   7   9   8   0   7   3   8   5   7   8   3   8   4   3   9   1   5   8 
  5   5   2   8   9   1   0   9   6   7   5   2   3   4   2   3   8   2   2   6 
  6   8   4   4   1   7   4   0   6   2   5   7   4   3   2   1   8   4   9   7 
  9   5   7   1   3   1   2   8   0   9   8   9   4   5   4   8   8   7   5   8 
  6   7   6   5   4   1   1   8   5   0   3   6   4   6   6   5   8   8   9   6 
  4   1   5   4   1   5   3   8   6   3   0   6   5   2   2   5   1   3   7   3 
  1   7   1   5   8   5   1   1   6   2   1   0   6   1   1   8   5   6   6   7 
  7   9   1   1   6   1   8   8   1   2   5   4   0   2   5   8   2   1   3   1 
  9   1   8   4   5   5   2   1   9   1   3   9   2   0   8   9   8   2   6   1 
  6   5   5   2   5   8   6   5   5   8   4   7   8   5   0   1   4   8   5   8 
  4   3   5   7   2   2   4   6   6   3   3   7   4   9   2   0   1   6   3   5 
  2   5   1   1   9   5   5   7   1   2   7   4   1   5   7   7   0   4   8   7 
  8   9   7   5   8   8   7   3   4   9   4   7   3   7   4   8   6   0   8   8 
  8   7   3   5   2   3   8   9   7   9   4   7   4   5   1   4   8   3   0   6 
  8   1   7   2   7   8   2   8   1   2   1   3   9   9   1   3   6   2   3   0 
M2
  0   2   9   9   7   5   9   5   2   3   9   6   1   8   8   8   8   9   7   8 
  2   0   3   9   5   4   7   2   9   1   9   8   5   2   9   1   9   7   9   4 
  6   6   0   7   6   5   9   1   9   4   6   5   3   9   5   5   7   5   1   2 
  5   5   9   0   4   6   5   7   8   4   1   9   8   4   6   7   5   6   4   8 
  8   1   9   9   0   8   6   3   1   5   4   3   7   3   5   2   5   2   5   9 
  8   5   7   9   8   0   7   3   8   5   7   8   3   8   4   3   9   1   5   8 
  5   5   2   8   9   1   0   9   6   7   5   2   3   4   2   3   8   2   2   6 
  6   8   4   4   1   7   4   0   6   2   5   7   4   3   2   1   8   4   9   7 
  9   5   7   1   3   1   2   8   0   9   8   9   4   5   4   8   8   7   5   8 
  6   7   6   5   4   1   1   8   5   0   3   6   4   6   6   5   8   8   9   6 
  4   1   5   4   1   5   3   8   6   3   0   6   5   2   2   5   1   3   7   3 
  1   7   1   5   8   5   1   1   6   2   1   0   6   1   1   8   5   6   6   7 
  7   9   1   1   6   1   8   8   1   2   5   4   0   2   5   8   2   1   3   1 
  9   1   8   4   5   5   2   1   9   1   3   9   2   0   8   9   8   2   6   1 
  6   5   5   2   5   8   6   5   5   8   4   7   8   5   0   1   4   8   5   8 
  4   3   5   7   2   2   4   6   6   3   3   7   4   9   2   0   1   6   3   5 
  2   5   1   1   9   5   5   7   1   2   7   4   1   5   7   7   0   4   8   7 
  8   9   7   5   8   8   7   3   4   9   4   7   3   7   4   8   6   0   8   8 
  8   7   3   5   2   3   8   9   7   9   4   7   4   5   1   4   8   3   0   6 
  8   1   7   2   7   8   2   8   1   2   1   3   9   9   1   3   6   2   3   0 
M3
  0   2   9   9   7   5   9   5   2   3   9   6   1   8   8   8   8   9   7   8 
  2   0   3   9   5   4   7   2   9   1   9   8   5   2   9   1   9   7   9   4 
  6   6   0   7   6   5   9   1   9   4   6   5   3   9   5   5   7   5   1   2 
  5   5   9   0   4   6   5   7   8   4   1   9   8   4   6   7   5   6   4   8 
  8   1   9   9   0   8   6   3   1   5   4   3   7   3   5   2   5   2   5   9 
  8   5   7   9   8   0   7   3   8   5   7   8   3   8   4   3   9   1   5   8 
  5   5   2   8   9   1   0   9   6   7   5   2   3   4   2   3   8   2   2   6 
  6   8   4   4   1   7   4   0   6   2   5   7   4   3   2   1   8   4   9   7 
  9   5   7   1   3   1   2   8   0   9   8   9   4   5   4   8   8   7   5   8 
  6   7   6   5   4   1   1   8   5   0   3   6   4   6   6   5   8   8   9   6 
  4   1   5   4   1   5   3   8   6   3   0   6   5   2   2   5   1   3   7   3 
  1   7   1   5   8   5   1   1   6   2   1   0   6   1   1   8   5   6   6   7 
  7   9   1   1   6   1   8   8   1   2   5   4   0   2   5   8   2   1   3   1 
  9   1   8   4   5   5   2   1   9   1   3   9   2   0   8   9   8   2   6   1 
  6   5   5   2   5   8   6   5   5   8   4   7   8   5   0   1   4   8   5   8 
  4   3   5   7   2   2   4   6   6   3   3   7   4   9   2   0   1   6   3   5 
  2   5   1   1   9   5   5   7   1   2   7   4   1   5   7   7   0   4   8   7 
  8   9   7   5   8   8   7   3   4   9   4   7   3   7   4   8   6   0   8   8 
  8   7   3   5   2   3   8   9   7   9   4   7   4   5   1   4   8   3   0   6 
  8   1   7   2   7   8   2   8   1   2   1   3   9   9   1   3   6   2   3   0 
M4
  0   2   9   9   7   5   9   5   2   3   9   6   1   8   8   8   8   9   7   8 
  2   0   3   9   5   4   7   2   9   1   9   8   5   2   9   1   9   7   9   4 
  6   6   0   7   6   5   9   1   9   4   6   5   3   9   5   5   7   5   1   2 
  5   5   9   0   4   6   5   7   8   4   1   9   8   4   6   7   5   6   4   8 
  8   1   9   9   0   8   6   3   1   5   4   3   7   3   5   2   5   2   5   9 
  8   5   7   9   8   0   7   3   8   5   7   8   3   8   4   3   9   1   5   8 
  5   5   2   8   9   1   0   9   6   7   5   2   3   4   2   3   8   2   2   6 
  6   8   4   4   1   7   4   0   6   2   5   7   4   3   2   1   8   4   9   7 
  9   5   7   1   3   1   2   8   0   9   8   9   4   5   4   8   8   7   5   8 
  6   7   6   5   4   1   1   8   5   0   3   6   4   6   6   5   8   8   9   6 
  4   1   5   4   1   5   3   8   6   3   0   6   5   2   2   5   1   3   7   3 
  1   7   1   5   8   5   1   1   6   2   1   0   6   1   1   8   5   6   6   7 
  7   9   1   1   6   1   8   8   1   2   5   4   0   2   5   8   2   1   3   1 
  9   1   8   4   5   5   2   1   9   1   3   9   2   0   8   9   8   2   6   1 
  6   5   5   2   5   8   6   5   5   8   4   7   8   5   0   1   4   8   5   8 
  4   3   5   7   2   2   4   6   6   3   3   7   4   9   2   0   1   6   3   5 
  2   5   1   1   9   5   5   7   1   2   7   4   1   5   7   7   0   4   8   7 
  8   9   7   5   8   8   7   3   4   9   4   7   3   7   4   8   6   0   8   8 
  8   7   3   5   2   3   8   9   7   9   4   7   4   5   1   4   8   3   0   6 
  8   1   7   2   7   8   2   8   1   2   1   3   9   9   1   3   6   2   3   0 
Reldue
  280    5    6
  890    6    8
  464    5    4
  268    8    9
  822    3    9
  956    7    4
 1224    5    3
  259    7    1
 1710    6    9
  476    5    7
  527    6    6
  723    2    1
  752    8    3
  450    1    1
  686    5    4
 1324    7    7
 1081    8    4
  596    3    8
  927    1    3
 1008    4    5
DDW
  258   302
  815   965
  422   505
  247   289
  772   873
  904  1008
 1102  1346
  245   273
 1601  1819
  445   507
  480   573
  660   785
  709   795
  427   473
  649   723
 1197  1451
 1023  1139
  546   646
  860   993
  929  1087
