20  10
MD
  2  2  2  2  5  5  2  5  3  2
PT
 41  99  21  51  99   8  32  10  83  46  84  48  29  92  95  19  20   2  41  70 
 46  30   3  27  62  69  56   6  89  35  25  10  54  69  80  31  24  26  71  88 
 26   4  57  16  96  44  80  43  99  79  40  86  84  40  46  59   4  26  70  58 
 66  83   5  77  68  73  69  33  76  40  41  35  45  13   9  47  97  54  20  28 
 33  81   1  71  54  35   8   3  67  96  72  68  32  99  67  32   7  50  21  46 
 73  33  55  21  44  85  53  71  58  13  17  98  83  53   4  77   8  49  38  13 
 86  76  99  79  40  15  18  13  90  79  53  93  66  88  20  56   2  79  43  21 
 36   5   7  27  72  31  89  42  53  85  31  88  49  61  24  24  41  29  10  89 
 74  54  16  95  47  32  45  63  56  77  18  48  16  78  38  48  97  59  35  85 
 20  29  23  40  27  62  33  56  15  51   6  22  51  33  82  90  82  17  90  13 
SSD
M0
  0   5   3   9   4   7   6   6   3   5   7   1   3   1   6   1   8   8   3   6 
  6   0   9   4   4   3   5   5   6   1   3   2   8   7   8   8   2   4   8   6 
  7   3   0   6   9   5   6   1   1   3   4   5   3   6   9   5   1   5   1   4 
  7   7   4   0   8   3   6   5   7   6   8   5   2   6   8   8   5   1   6   7 
  1   5   8   2   0   6   1   1   8   1   5   4   6   1   7   1   6   1   4   9 
  1   1   6   9   2   0   5   5   6   8   9   7   3   9   4   2   6   9   1   6 
  6   8   9   3   5   3   0   3   7   4   6   5   8   1   4   3   5   7   8   5 
  8   5   9   6   8   8   8   0   1   8   8   3   6   7   8   7   7   5   3   4 
  2   1   4   8   7   1   9   3   0   9   3   5   9   8   9   5   2   3   8   7 
  7   4   9   9   8   1   9   6   4   0   5   1   6   8   8   9   5   6   6   8 
  6   3   9   8   8   1   4   7   1   4   0   2   8   9   5   7   2   3   9   3 
  6   5   8   7   4   7   1   8   9   6   4   0   6   8   2   8   7   6   5   9 
  6   4   5   4   5   8   6   8   8   7   3   5   0   1   9   3   5   4   5   7 
  3   7   4   3   3   6   2   7   9   4   5   6   2   0   2   2   9   5   6   7 
  5   4   4   1   3   7   7   9   9   9   5   5   1   2   0   3   6   4   6   3 
  2   1   9   9   1   5   8   1   6   1   1   6   5   9   4   0   3   8   7   7 
  2   3   2   2   4   9   8   4   2   1   8   8   6   3   7   2   0   2   3   4 
  3   4   5   2   8   6   1   9   8   3   7   8   9   3   5   9   8   0   1   8 
  5   7   2   5   6   7   2   6   6   3   9   6   8   7   3   7   8   7   0   7 
  1   1   2   7   4   1   4   4   6   8   5   7   7   2   7   7   1   7   8   0 
M1
  0   5   3   9   4   7   6   6   3   5   7   1   3   1   6   1   8   8   3   6 
  6   0   9   4   4   3   5   5   6   1   3   2   8   7   8   8   2   4   8   6 
  7   3   0   6   9   5   6   1   1   3   4   5   3   6   9   5   1   5   1   4 
  7   7   4   0   8   3   6   5   7   6   8   5   2   6   8   8   5   1   6   7 
  1   5   8   2   0   6   1   1   8   1   5   4   6   1   7   1   6   1   4   9 
  1   1   6   9   2   0   5   5   6   8   9   7   3   9   4   2   6   9   1   6 
  6   8   9   3   5   3   0   3   7   4   6   5   8   1   4   3   5   7   8   5 
  8   5   9   6   8   8   8   0   1   8   8   3   6   7   8   7   7   5   3   4 
  2   1   4   8   7   1   9   3   0   9   3   5   9   8   9   5   2   3   8   7 
  7   4   9   9   8   1   9   6   4   0   5   1   6   8   8   9   5   6   6   8 
  6   3   9   8   8   1   4   7   1   4   0   2   8   9   5   7   2   3   9   3 
  6   5   8   7   4   7   1   8   9   6   4   0   6   8   2   8   7   6   5   9 
  6   4   5   4   5   8   6   8   8   7   3   5   0   1   9   3   5   4   5   7 
  3   7   4   3   3   6   2   7   9   4   5   6   2   0   2   2   9   5   6   7 
  5   4   4   1   3   7   7   9   9   9   5   5   1   2   0   3   6   4   6   3 
  2   1   9   9   1   5   8   1   6   1   1   6   5   9   4   0   3   8   7   7 
  2   3   2   2   4   9   8   4   2   1   8   8   6   3   7   2   0   2   3   4 
  3   4   5   2   8   6   1   9   8   3   7   8   9   3   5   9   8   0   1   8 
  5   7   2   5   6   7   2   6   6   3   9   6   8   7   3   7   8   7   0   7 
  1   1   2   7   4   1   4   4   6   8   5   7   7   2   7   7   1   7   8   0 
M2
  0   5   3   9   4   7   6   6   3   5   7   1   3   1   6   1   8   8   3   6 
  6   0   9   4   4   3   5   5   6   1   3   2   8   7   8   8   2   4   8   6 
  7   3   0   6   9   5   6   1   1   3   4   5   3   6   9   5   1   5   1   4 
  7   7   4   0   8   3   6   5   7   6   8   5   2   6   8   8   5   1   6   7 
  1   5   8   2   0   6   1   1   8   1   5   4   6   1   7   1   6   1   4   9 
  1   1   6   9   2   0   5   5   6   8   9   7   3   9   4   2   6   9   1   6 
  6   8   9   3   5   3   0   3   7   4   6   5   8   1   4   3   5   7   8   5 
  8   5   9   6   8   8   8   0   1   8   8   3   6   7   8   7   7   5   3   4 
  2   1   4   8   7   1   9   3   0   9   3   5   9   8   9   5   2   3   8   7 
  7   4   9   9   8   1   9   6   4   0   5   1   6   8   8   9   5   6   6   8 
  6   3   9   8   8   1   4   7   1   4   0   2   8   9   5   7   2   3   9   3 
  6   5   8   7   4   7   1   8   9   6   4   0   6   8   2   8   7   6   5   9 
  6   4   5   4   5   8   6   8   8   7   3   5   0   1   9   3   5   4   5   7 
  3   7   4   3   3   6   2   7   9   4   5   6   2   0   2   2   9   5   6   7 
  5   4   4   1   3   7   7   9   9   9   5   5   1   2   0   3   6   4   6   3 
  2   1   9   9   1   5   8   1   6   1   1   6   5   9   4   0   3   8   7   7 
  2   3   2   2   4   9   8   4   2   1   8   8   6   3   7   2   0   2   3   4 
  3   4   5   2   8   6   1   9   8   3   7   8   9   3   5   9   8   0   1   8 
  5   7   2   5   6   7   2   6   6   3   9   6   8   7   3   7   8   7   0   7 
  1   1   2   7   4   1   4   4   6   8   5   7   7   2   7   7   1   7   8   0 
M3
  0   5   3   9   4   7   6   6   3   5   7   1   3   1   6   1   8   8   3   6 
  6   0   9   4   4   3   5   5   6   1   3   2   8   7   8   8   2   4   8   6 
  7   3   0   6   9   5   6   1   1   3   4   5   3   6   9   5   1   5   1   4 
  7   7   4   0   8   3   6   5   7   6   8   5   2   6   8   8   5   1   6   7 
  1   5   8   2   0   6   1   1   8   1   5   4   6   1   7   1   6   1   4   9 
  1   1   6   9   2   0   5   5   6   8   9   7   3   9   4   2   6   9   1   6 
  6   8   9   3   5   3   0   3   7   4   6   5   8   1   4   3   5   7   8   5 
  8   5   9   6   8   8   8   0   1   8   8   3   6   7   8   7   7   5   3   4 
  2   1   4   8   7   1   9   3   0   9   3   5   9   8   9   5   2   3   8   7 
  7   4   9   9   8   1   9   6   4   0   5   1   6   8   8   9   5   6   6   8 
  6   3   9   8   8   1   4   7   1   4   0   2   8   9   5   7   2   3   9   3 
  6   5   8   7   4   7   1   8   9   6   4   0   6   8   2   8   7   6   5   9 
  6   4   5   4   5   8   6   8   8   7   3   5   0   1   9   3   5   4   5   7 
  3   7   4   3   3   6   2   7   9   4   5   6   2   0   2   2   9   5   6   7 
  5   4   4   1   3   7   7   9   9   9   5   5   1   2   0   3   6   4   6   3 
  2   1   9   9   1   5   8   1   6   1   1   6   5   9   4   0   3   8   7   7 
  2   3   2   2   4   9   8   4   2   1   8   8   6   3   7   2   0   2   3   4 
  3   4   5   2   8   6   1   9   8   3   7   8   9   3   5   9   8   0   1   8 
  5   7   2   5   6   7   2   6   6   3   9   6   8   7   3   7   8   7   0   7 
  1   1   2   7   4   1   4   4   6   8   5   7   7   2   7   7   1   7   8   0 
M4
  0   5   3   9   4   7   6   6   3   5   7   1   3   1   6   1   8   8   3   6 
  6   0   9   4   4   3   5   5   6   1   3   2   8   7   8   8   2   4   8   6 
  7   3   0   6   9   5   6   1   1   3   4   5   3   6   9   5   1   5   1   4 
  7   7   4   0   8   3   6   5   7   6   8   5   2   6   8   8   5   1   6   7 
  1   5   8   2   0   6   1   1   8   1   5   4   6   1   7   1   6   1   4   9 
  1   1   6   9   2   0   5   5   6   8   9   7   3   9   4   2   6   9   1   6 
  6   8   9   3   5   3   0   3   7   4   6   5   8   1   4   3   5   7   8   5 
  8   5   9   6   8   8   8   0   1   8   8   3   6   7   8   7   7   5   3   4 
  2   1   4   8   7   1   9   3   0   9   3   5   9   8   9   5   2   3   8   7 
  7   4   9   9   8   1   9   6   4   0   5   1   6   8   8   9   5   6   6   8 
  6   3   9   8   8   1   4   7   1   4   0   2   8   9   5   7   2   3   9   3 
  6   5   8   7   4   7   1   8   9   6   4   0   6   8   2   8   7   6   5   9 
  6   4   5   4   5   8   6   8   8   7   3   5   0   1   9   3   5   4   5   7 
  3   7   4   3   3   6   2   7   9   4   5   6   2   0   2   2   9   5   6   7 
  5   4   4   1   3   7   7   9   9   9   5   5   1   2   0   3   6   4   6   3 
  2   1   9   9   1   5   8   1   6   1   1   6   5   9   4   0   3   8   7   7 
  2   3   2   2   4   9   8   4   2   1   8   8   6   3   7   2   0   2   3   4 
  3   4   5   2   8   6   1   9   8   3   7   8   9   3   5   9   8   0   1   8 
  5   7   2   5   6   7   2   6   6   3   9   6   8   7   3   7   8   7   0   7 
  1   1   2   7   4   1   4   4   6   8   5   7   7   2   7   7   1   7   8   0 
M5
  0   5   3   9   4   7   6   6   3   5   7   1   3   1   6   1   8   8   3   6 
  6   0   9   4   4   3   5   5   6   1   3   2   8   7   8   8   2   4   8   6 
  7   3   0   6   9   5   6   1   1   3   4   5   3   6   9   5   1   5   1   4 
  7   7   4   0   8   3   6   5   7   6   8   5   2   6   8   8   5   1   6   7 
  1   5   8   2   0   6   1   1   8   1   5   4   6   1   7   1   6   1   4   9 
  1   1   6   9   2   0   5   5   6   8   9   7   3   9   4   2   6   9   1   6 
  6   8   9   3   5   3   0   3   7   4   6   5   8   1   4   3   5   7   8   5 
  8   5   9   6   8   8   8   0   1   8   8   3   6   7   8   7   7   5   3   4 
  2   1   4   8   7   1   9   3   0   9   3   5   9   8   9   5   2   3   8   7 
  7   4   9   9   8   1   9   6   4   0   5   1   6   8   8   9   5   6   6   8 
  6   3   9   8   8   1   4   7   1   4   0   2   8   9   5   7   2   3   9   3 
  6   5   8   7   4   7   1   8   9   6   4   0   6   8   2   8   7   6   5   9 
  6   4   5   4   5   8   6   8   8   7   3   5   0   1   9   3   5   4   5   7 
  3   7   4   3   3   6   2   7   9   4   5   6   2   0   2   2   9   5   6   7 
  5   4   4   1   3   7   7   9   9   9   5   5   1   2   0   3   6   4   6   3 
  2   1   9   9   1   5   8   1   6   1   1   6   5   9   4   0   3   8   7   7 
  2   3   2   2   4   9   8   4   2   1   8   8   6   3   7   2   0   2   3   4 
  3   4   5   2   8   6   1   9   8   3   7   8   9   3   5   9   8   0   1   8 
  5   7   2   5   6   7   2   6   6   3   9   6   8   7   3   7   8   7   0   7 
  1   1   2   7   4   1   4   4   6   8   5   7   7   2   7   7   1   7   8   0 
M6
  0   5   3   9   4   7   6   6   3   5   7   1   3   1   6   1   8   8   3   6 
  6   0   9   4   4   3   5   5   6   1   3   2   8   7   8   8   2   4   8   6 
  7   3   0   6   9   5   6   1   1   3   4   5   3   6   9   5   1   5   1   4 
  7   7   4   0   8   3   6   5   7   6   8   5   2   6   8   8   5   1   6   7 
  1   5   8   2   0   6   1   1   8   1   5   4   6   1   7   1   6   1   4   9 
  1   1   6   9   2   0   5   5   6   8   9   7   3   9   4   2   6   9   1   6 
  6   8   9   3   5   3   0   3   7   4   6   5   8   1   4   3   5   7   8   5 
  8   5   9   6   8   8   8   0   1   8   8   3   6   7   8   7   7   5   3   4 
  2   1   4   8   7   1   9   3   0   9   3   5   9   8   9   5   2   3   8   7 
  7   4   9   9   8   1   9   6   4   0   5   1   6   8   8   9   5   6   6   8 
  6   3   9   8   8   1   4   7   1   4   0   2   8   9   5   7   2   3   9   3 
  6   5   8   7   4   7   1   8   9   6   4   0   6   8   2   8   7   6   5   9 
  6   4   5   4   5   8   6   8   8   7   3   5   0   1   9   3   5   4   5   7 
  3   7   4   3   3   6   2   7   9   4   5   6   2   0   2   2   9   5   6   7 
  5   4   4   1   3   7   7   9   9   9   5   5   1   2   0   3   6   4   6   3 
  2   1   9   9   1   5   8   1   6   1   1   6   5   9   4   0   3   8   7   7 
  2   3   2   2   4   9   8   4   2   1   8   8   6   3   7   2   0   2   3   4 
  3   4   5   2   8   6   1   9   8   3   7   8   9   3   5   9   8   0   1   8 
  5   7   2   5   6   7   2   6   6   3   9   6   8   7   3   7   8   7   0   7 
  1   1   2   7   4   1   4   4   6   8   5   7   7   2   7   7   1   7   8   0 
M7
  0   5   3   9   4   7   6   6   3   5   7   1   3   1   6   1   8   8   3   6 
  6   0   9   4   4   3   5   5   6   1   3   2   8   7   8   8   2   4   8   6 
  7   3   0   6   9   5   6   1   1   3   4   5   3   6   9   5   1   5   1   4 
  7   7   4   0   8   3   6   5   7   6   8   5   2   6   8   8   5   1   6   7 
  1   5   8   2   0   6   1   1   8   1   5   4   6   1   7   1   6   1   4   9 
  1   1   6   9   2   0   5   5   6   8   9   7   3   9   4   2   6   9   1   6 
  6   8   9   3   5   3   0   3   7   4   6   5   8   1   4   3   5   7   8   5 
  8   5   9   6   8   8   8   0   1   8   8   3   6   7   8   7   7   5   3   4 
  2   1   4   8   7   1   9   3   0   9   3   5   9   8   9   5   2   3   8   7 
  7   4   9   9   8   1   9   6   4   0   5   1   6   8   8   9   5   6   6   8 
  6   3   9   8   8   1   4   7   1   4   0   2   8   9   5   7   2   3   9   3 
  6   5   8   7   4   7   1   8   9   6   4   0   6   8   2   8   7   6   5   9 
  6   4   5   4   5   8   6   8   8   7   3   5   0   1   9   3   5   4   5   7 
  3   7   4   3   3   6   2   7   9   4   5   6   2   0   2   2   9   5   6   7 
  5   4   4   1   3   7   7   9   9   9   5   5   1   2   0   3   6   4   6   3 
  2   1   9   9   1   5   8   1   6   1   1   6   5   9   4   0   3   8   7   7 
  2   3   2   2   4   9   8   4   2   1   8   8   6   3   7   2   0   2   3   4 
  3   4   5   2   8   6   1   9   8   3   7   8   9   3   5   9   8   0   1   8 
  5   7   2   5   6   7   2   6   6   3   9   6   8   7   3   7   8   7   0   7 
  1   1   2   7   4   1   4   4   6   8   5   7   7   2   7   7   1   7   8   0 
M8
  0   5   3   9   4   7   6   6   3   5   7   1   3   1   6   1   8   8   3   6 
  6   0   9   4   4   3   5   5   6   1   3   2   8   7   8   8   2   4   8   6 
  7   3   0   6   9   5   6   1   1   3   4   5   3   6   9   5   1   5   1   4 
  7   7   4   0   8   3   6   5   7   6   8   5   2   6   8   8   5   1   6   7 
  1   5   8   2   0   6   1   1   8   1   5   4   6   1   7   1   6   1   4   9 
  1   1   6   9   2   0   5   5   6   8   9   7   3   9   4   2   6   9   1   6 
  6   8   9   3   5   3   0   3   7   4   6   5   8   1   4   3   5   7   8   5 
  8   5   9   6   8   8   8   0   1   8   8   3   6   7   8   7   7   5   3   4 
  2   1   4   8   7   1   9   3   0   9   3   5   9   8   9   5   2   3   8   7 
  7   4   9   9   8   1   9   6   4   0   5   1   6   8   8   9   5   6   6   8 
  6   3   9   8   8   1   4   7   1   4   0   2   8   9   5   7   2   3   9   3 
  6   5   8   7   4   7   1   8   9   6   4   0   6   8   2   8   7   6   5   9 
  6   4   5   4   5   8   6   8   8   7   3   5   0   1   9   3   5   4   5   7 
  3   7   4   3   3   6   2   7   9   4   5   6   2   0   2   2   9   5   6   7 
  5   4   4   1   3   7   7   9   9   9   5   5   1   2   0   3   6   4   6   3 
  2   1   9   9   1   5   8   1   6   1   1   6   5   9   4   0   3   8   7   7 
  2   3   2   2   4   9   8   4   2   1   8   8   6   3   7   2   0   2   3   4 
  3   4   5   2   8   6   1   9   8   3   7   8   9   3   5   9   8   0   1   8 
  5   7   2   5   6   7   2   6   6   3   9   6   8   7   3   7   8   7   0   7 
  1   1   2   7   4   1   4   4   6   8   5   7   7   2   7   7   1   7   8   0 
M9
  0   5   3   9   4   7   6   6   3   5   7   1   3   1   6   1   8   8   3   6 
  6   0   9   4   4   3   5   5   6   1   3   2   8   7   8   8   2   4   8   6 
  7   3   0   6   9   5   6   1   1   3   4   5   3   6   9   5   1   5   1   4 
  7   7   4   0   8   3   6   5   7   6   8   5   2   6   8   8   5   1   6   7 
  1   5   8   2   0   6   1   1   8   1   5   4   6   1   7   1   6   1   4   9 
  1   1   6   9   2   0   5   5   6   8   9   7   3   9   4   2   6   9   1   6 
  6   8   9   3   5   3   0   3   7   4   6   5   8   1   4   3   5   7   8   5 
  8   5   9   6   8   8   8   0   1   8   8   3   6   7   8   7   7   5   3   4 
  2   1   4   8   7   1   9   3   0   9   3   5   9   8   9   5   2   3   8   7 
  7   4   9   9   8   1   9   6   4   0   5   1   6   8   8   9   5   6   6   8 
  6   3   9   8   8   1   4   7   1   4   0   2   8   9   5   7   2   3   9   3 
  6   5   8   7   4   7   1   8   9   6   4   0   6   8   2   8   7   6   5   9 
  6   4   5   4   5   8   6   8   8   7   3   5   0   1   9   3   5   4   5   7 
  3   7   4   3   3   6   2   7   9   4   5   6   2   0   2   2   9   5   6   7 
  5   4   4   1   3   7   7   9   9   9   5   5   1   2   0   3   6   4   6   3 
  2   1   9   9   1   5   8   1   6   1   1   6   5   9   4   0   3   8   7   7 
  2   3   2   2   4   9   8   4   2   1   8   8   6   3   7   2   0   2   3   4 
  3   4   5   2   8   6   1   9   8   3   7   8   9   3   5   9   8   0   1   8 
  5   7   2   5   6   7   2   6   6   3   9   6   8   7   3   7   8   7   0   7 
  1   1   2   7   4   1   4   4   6   8   5   7   7   2   7   7   1   7   8   0 
Reldue
 1458    8    3
 1566    2    2
 1150    7    9
 1254    1    6
 1414    1    6
 1575    2    8
 1067    1    2
 1173    7    6
 2546    8    7
 2039    1    2
  888    8    5
 1439    3    5
 1871    3    6
  954    6    4
 1890    1    1
 1352    6    3
  542    3    8
 1296    5    5
 1488    3    5
 1096    6    6
DDW
 1322  1595
 1417  1715
 1037  1262
 1153  1354
 1278  1550
 1481  1669
  975  1159
 1110  1236
 2418  2675
 1878  2200
  803   973
 1307  1572
 1694  2048
  896  1012
 1726  2053
 1226  1477
  489   595
 1168  1424
 1365  1612
  993  1200
