20  10
MD
  5  2  4  3  4  5  5  4  5  5
PT
 17  50  34  64  34   2  35  81  26  23  24  37  31  48  14   7  15  31  71  33 
 92  24  40  89  10  84  73  88  41  89  63  40  47  30  75  31  95   1  95  77 
  4  63  97  89  50  71  64  38  29  86  28  34  81  36   7  53  15   3  98  55 
 38   5  98  10  34  30  39  37  61  23  10  88  74  43  55  44  63  57  95  72 
 38  99  34  96  67  93  64  31  96  49  12  94  71   6   1  75  80  84  24  37 
 10  36  54  50  67  52  81  36  47  36   8  21  87  58  29   2  27  95  99  44 
 83   8  61  26  92  34  39  64  51  39  87  32  33  58  56  65  24   5  54  64 
 41  63  60  11  26  52  17  84  21  53   2  45   6  81  78   1  85  47  69  91 
 25   4  22  28  96   7  11  87   7  50  30   2  21  64   9  72  63  35  78  91 
 57  72  44  51  87  80  26  77  26  73  95  15  66  92  90  33  27  54  24  66 
SSD
M0
  0   8   2   1   7   8   6   7   4   4   7   6   4   5   2   9   9   4   9   1 
  1   0   1   9   9   9   9   4   2   9   7   9   8   3   6   6   8   1   6   3 
  9   5   0   8   1   2   9   7   7   4   8   5   3   4   7   6   1   8   2   7 
  8   4   4   0   7   8   3   5   7   8   1   5   3   3   2   4   9   9   7   5 
  3   6   5   9   0   7   7   5   5   9   6   9   1   5   9   7   6   7   8   5 
  3   7   2   6   3   0   5   8   5   3   7   3   4   6   2   5   3   4   2   2 
  5   1   4   5   1   5   0   9   2   2   5   9   2   9   5   3   2   4   8   2 
  7   9   7   8   5   1   2   0   1   5   8   9   6   8   3   6   9   9   8   3 
  7   9   6   3   4   5   3   5   0   6   9   3   4   3   3   5   8   3   5   7 
  3   4   9   7   9   3   2   4   8   0   9   4   9   8   1   6   9   5   7   8 
  1   9   6   3   7   3   1   2   6   9   0   9   2   1   5   3   4   1   9   1 
  9   1   7   1   2   3   7   3   6   7   6   0   1   9   4   8   6   9   7   5 
  1   6   9   3   6   2   3   8   9   1   7   4   0   9   4   3   9   2   9   7 
  8   4   7   7   5   6   6   4   4   5   8   9   4   0   9   9   9   4   8   4 
  3   9   4   7   6   1   5   2   8   7   6   8   3   1   0   8   4   7   2   3 
  6   4   9   4   9   7   7   2   1   6   1   2   2   2   5   0   9   8   9   8 
  6   7   9   4   7   3   1   3   1   5   2   7   2   4   6   7   0   2   4   5 
  8   8   6   1   5   3   9   7   6   2   3   4   6   9   6   6   1   0   6   6 
  1   3   8   3   5   1   2   3   7   8   9   1   8   4   4   5   6   7   0   4 
  9   2   4   1   9   1   2   6   8   5   1   3   9   1   6   5   8   9   8   0 
M1
  0   8   2   1   7   8   6   7   4   4   7   6   4   5   2   9   9   4   9   1 
  1   0   1   9   9   9   9   4   2   9   7   9   8   3   6   6   8   1   6   3 
  9   5   0   8   1   2   9   7   7   4   8   5   3   4   7   6   1   8   2   7 
  8   4   4   0   7   8   3   5   7   8   1   5   3   3   2   4   9   9   7   5 
  3   6   5   9   0   7   7   5   5   9   6   9   1   5   9   7   6   7   8   5 
  3   7   2   6   3   0   5   8   5   3   7   3   4   6   2   5   3   4   2   2 
  5   1   4   5   1   5   0   9   2   2   5   9   2   9   5   3   2   4   8   2 
  7   9   7   8   5   1   2   0   1   5   8   9   6   8   3   6   9   9   8   3 
  7   9   6   3   4   5   3   5   0   6   9   3   4   3   3   5   8   3   5   7 
  3   4   9   7   9   3   2   4   8   0   9   4   9   8   1   6   9   5   7   8 
  1   9   6   3   7   3   1   2   6   9   0   9   2   1   5   3   4   1   9   1 
  9   1   7   1   2   3   7   3   6   7   6   0   1   9   4   8   6   9   7   5 
  1   6   9   3   6   2   3   8   9   1   7   4   0   9   4   3   9   2   9   7 
  8   4   7   7   5   6   6   4   4   5   8   9   4   0   9   9   9   4   8   4 
  3   9   4   7   6   1   5   2   8   7   6   8   3   1   0   8   4   7   2   3 
  6   4   9   4   9   7   7   2   1   6   1   2   2   2   5   0   9   8   9   8 
  6   7   9   4   7   3   1   3   1   5   2   7   2   4   6   7   0   2   4   5 
  8   8   6   1   5   3   9   7   6   2   3   4   6   9   6   6   1   0   6   6 
  1   3   8   3   5   1   2   3   7   8   9   1   8   4   4   5   6   7   0   4 
  9   2   4   1   9   1   2   6   8   5   1   3   9   1   6   5   8   9   8   0 
M2
  0   8   2   1   7   8   6   7   4   4   7   6   4   5   2   9   9   4   9   1 
  1   0   1   9   9   9   9   4   2   9   7   9   8   3   6   6   8   1   6   3 
  9   5   0   8   1   2   9   7   7   4   8   5   3   4   7   6   1   8   2   7 
  8   4   4   0   7   8   3   5   7   8   1   5   3   3   2   4   9   9   7   5 
  3   6   5   9   0   7   7   5   5   9   6   9   1   5   9   7   6   7   8   5 
  3   7   2   6   3   0   5   8   5   3   7   3   4   6   2   5   3   4   2   2 
  5   1   4   5   1   5   0   9   2   2   5   9   2   9   5   3   2   4   8   2 
  7   9   7   8   5   1   2   0   1   5   8   9   6   8   3   6   9   9   8   3 
  7   9   6   3   4   5   3   5   0   6   9   3   4   3   3   5   8   3   5   7 
  3   4   9   7   9   3   2   4   8   0   9   4   9   8   1   6   9   5   7   8 
  1   9   6   3   7   3   1   2   6   9   0   9   2   1   5   3   4   1   9   1 
  9   1   7   1   2   3   7   3   6   7   6   0   1   9   4   8   6   9   7   5 
  1   6   9   3   6   2   3   8   9   1   7   4   0   9   4   3   9   2   9   7 
  8   4   7   7   5   6   6   4   4   5   8   9   4   0   9   9   9   4   8   4 
  3   9   4   7   6   1   5   2   8   7   6   8   3   1   0   8   4   7   2   3 
  6   4   9   4   9   7   7   2   1   6   1   2   2   2   5   0   9   8   9   8 
  6   7   9   4   7   3   1   3   1   5   2   7   2   4   6   7   0   2   4   5 
  8   8   6   1   5   3   9   7   6   2   3   4   6   9   6   6   1   0   6   6 
  1   3   8   3   5   1   2   3   7   8   9   1   8   4   4   5   6   7   0   4 
  9   2   4   1   9   1   2   6   8   5   1   3   9   1   6   5   8   9   8   0 
M3
  0   8   2   1   7   8   6   7   4   4   7   6   4   5   2   9   9   4   9   1 
  1   0   1   9   9   9   9   4   2   9   7   9   8   3   6   6   8   1   6   3 
  9   5   0   8   1   2   9   7   7   4   8   5   3   4   7   6   1   8   2   7 
  8   4   4   0   7   8   3   5   7   8   1   5   3   3   2   4   9   9   7   5 
  3   6   5   9   0   7   7   5   5   9   6   9   1   5   9   7   6   7   8   5 
  3   7   2   6   3   0   5   8   5   3   7   3   4   6   2   5   3   4   2   2 
  5   1   4   5   1   5   0   9   2   2   5   9   2   9   5   3   2   4   8   2 
  7   9   7   8   5   1   2   0   1   5   8   9   6   8   3   6   9   9   8   3 
  7   9   6   3   4   5   3   5   0   6   9   3   4   3   3   5   8   3   5   7 
  3   4   9   7   9   3   2   4   8   0   9   4   9   8   1   6   9   5   7   8 
  1   9   6   3   7   3   1   2   6   9   0   9   2   1   5   3   4   1   9   1 
  9   1   7   1   2   3   7   3   6   7   6   0   1   9   4   8   6   9   7   5 
  1   6   9   3   6   2   3   8   9   1   7   4   0   9   4   3   9   2   9   7 
  8   4   7   7   5   6   6   4   4   5   8   9   4   0   9   9   9   4   8   4 
  3   9   4   7   6   1   5   2   8   7   6   8   3   1   0   8   4   7   2   3 
  6   4   9   4   9   7   7   2   1   6   1   2   2   2   5   0   9   8   9   8 
  6   7   9   4   7   3   1   3   1   5   2   7   2   4   6   7   0   2   4   5 
  8   8   6   1   5   3   9   7   6   2   3   4   6   9   6   6   1   0   6   6 
  1   3   8   3   5   1   2   3   7   8   9   1   8   4   4   5   6   7   0   4 
  9   2   4   1   9   1   2   6   8   5   1   3   9   1   6   5   8   9   8   0 
M4
  0   8   2   1   7   8   6   7   4   4   7   6   4   5   2   9   9   4   9   1 
  1   0   1   9   9   9   9   4   2   9   7   9   8   3   6   6   8   1   6   3 
  9   5   0   8   1   2   9   7   7   4   8   5   3   4   7   6   1   8   2   7 
  8   4   4   0   7   8   3   5   7   8   1   5   3   3   2   4   9   9   7   5 
  3   6   5   9   0   7   7   5   5   9   6   9   1   5   9   7   6   7   8   5 
  3   7   2   6   3   0   5   8   5   3   7   3   4   6   2   5   3   4   2   2 
  5   1   4   5   1   5   0   9   2   2   5   9   2   9   5   3   2   4   8   2 
  7   9   7   8   5   1   2   0   1   5   8   9   6   8   3   6   9   9   8   3 
  7   9   6   3   4   5   3   5   0   6   9   3   4   3   3   5   8   3   5   7 
  3   4   9   7   9   3   2   4   8   0   9   4   9   8   1   6   9   5   7   8 
  1   9   6   3   7   3   1   2   6   9   0   9   2   1   5   3   4   1   9   1 
  9   1   7   1   2   3   7   3   6   7   6   0   1   9   4   8   6   9   7   5 
  1   6   9   3   6   2   3   8   9   1   7   4   0   9   4   3   9   2   9   7 
  8   4   7   7   5   6   6   4   4   5   8   9   4   0   9   9   9   4   8   4 
  3   9   4   7   6   1   5   2   8   7   6   8   3   1   0   8   4   7   2   3 
  6   4   9   4   9   7   7   2   1   6   1   2   2   2   5   0   9   8   9   8 
  6   7   9   4   7   3   1   3   1   5   2   7   2   4   6   7   0   2   4   5 
  8   8   6   1   5   3   9   7   6   2   3   4   6   9   6   6   1   0   6   6 
  1   3   8   3   5   1   2   3   7   8   9   1   8   4   4   5   6   7   0   4 
  9   2   4   1   9   1   2   6   8   5   1   3   9   1   6   5   8   9   8   0 
M5
  0   8   2   1   7   8   6   7   4   4   7   6   4   5   2   9   9   4   9   1 
  1   0   1   9   9   9   9   4   2   9   7   9   8   3   6   6   8   1   6   3 
  9   5   0   8   1   2   9   7   7   4   8   5   3   4   7   6   1   8   2   7 
  8   4   4   0   7   8   3   5   7   8   1   5   3   3   2   4   9   9   7   5 
  3   6   5   9   0   7   7   5   5   9   6   9   1   5   9   7   6   7   8   5 
  3   7   2   6   3   0   5   8   5   3   7   3   4   6   2   5   3   4   2   2 
  5   1   4   5   1   5   0   9   2   2   5   9   2   9   5   3   2   4   8   2 
  7   9   7   8   5   1   2   0   1   5   8   9   6   8   3   6   9   9   8   3 
  7   9   6   3   4   5   3   5   0   6   9   3   4   3   3   5   8   3   5   7 
  3   4   9   7   9   3   2   4   8   0   9   4   9   8   1   6   9   5   7   8 
  1   9   6   3   7   3   1   2   6   9   0   9   2   1   5   3   4   1   9   1 
  9   1   7   1   2   3   7   3   6   7   6   0   1   9   4   8   6   9   7   5 
  1   6   9   3   6   2   3   8   9   1   7   4   0   9   4   3   9   2   9   7 
  8   4   7   7   5   6   6   4   4   5   8   9   4   0   9   9   9   4   8   4 
  3   9   4   7   6   1   5   2   8   7   6   8   3   1   0   8   4   7   2   3 
  6   4   9   4   9   7   7   2   1   6   1   2   2   2   5   0   9   8   9   8 
  6   7   9   4   7   3   1   3   1   5   2   7   2   4   6   7   0   2   4   5 
  8   8   6   1   5   3   9   7   6   2   3   4   6   9   6   6   1   0   6   6 
  1   3   8   3   5   1   2   3   7   8   9   1   8   4   4   5   6   7   0   4 
  9   2   4   1   9   1   2   6   8   5   1   3   9   1   6   5   8   9   8   0 
M6
  0   8   2   1   7   8   6   7   4   4   7   6   4   5   2   9   9   4   9   1 
  1   0   1   9   9   9   9   4   2   9   7   9   8   3   6   6   8   1   6   3 
  9   5   0   8   1   2   9   7   7   4   8   5   3   4   7   6   1   8   2   7 
  8   4   4   0   7   8   3   5   7   8   1   5   3   3   2   4   9   9   7   5 
  3   6   5   9   0   7   7   5   5   9   6   9   1   5   9   7   6   7   8   5 
  3   7   2   6   3   0   5   8   5   3   7   3   4   6   2   5   3   4   2   2 
  5   1   4   5   1   5   0   9   2   2   5   9   2   9   5   3   2   4   8   2 
  7   9   7   8   5   1   2   0   1   5   8   9   6   8   3   6   9   9   8   3 
  7   9   6   3   4   5   3   5   0   6   9   3   4   3   3   5   8   3   5   7 
  3   4   9   7   9   3   2   4   8   0   9   4   9   8   1   6   9   5   7   8 
  1   9   6   3   7   3   1   2   6   9   0   9   2   1   5   3   4   1   9   1 
  9   1   7   1   2   3   7   3   6   7   6   0   1   9   4   8   6   9   7   5 
  1   6   9   3   6   2   3   8   9   1   7   4   0   9   4   3   9   2   9   7 
  8   4   7   7   5   6   6   4   4   5   8   9   4   0   9   9   9   4   8   4 
  3   9   4   7   6   1   5   2   8   7   6   8   3   1   0   8   4   7   2   3 
  6   4   9   4   9   7   7   2   1   6   1   2   2   2   5   0   9   8   9   8 
  6   7   9   4   7   3   1   3   1   5   2   7   2   4   6   7   0   2   4   5 
  8   8   6   1   5   3   9   7   6   2   3   4   6   9   6   6   1   0   6   6 
  1   3   8   3   5   1   2   3   7   8   9   1   8   4   4   5   6   7   0   4 
  9   2   4   1   9   1   2   6   8   5   1   3   9   1   6   5   8   9   8   0 
M7
  0   8   2   1   7   8   6   7   4   4   7   6   4   5   2   9   9   4   9   1 
  1   0   1   9   9   9   9   4   2   9   7   9   8   3   6   6   8   1   6   3 
  9   5   0   8   1   2   9   7   7   4   8   5   3   4   7   6   1   8   2   7 
  8   4   4   0   7   8   3   5   7   8   1   5   3   3   2   4   9   9   7   5 
  3   6   5   9   0   7   7   5   5   9   6   9   1   5   9   7   6   7   8   5 
  3   7   2   6   3   0   5   8   5   3   7   3   4   6   2   5   3   4   2   2 
  5   1   4   5   1   5   0   9   2   2   5   9   2   9   5   3   2   4   8   2 
  7   9   7   8   5   1   2   0   1   5   8   9   6   8   3   6   9   9   8   3 
  7   9   6   3   4   5   3   5   0   6   9   3   4   3   3   5   8   3   5   7 
  3   4   9   7   9   3   2   4   8   0   9   4   9   8   1   6   9   5   7   8 
  1   9   6   3   7   3   1   2   6   9   0   9   2   1   5   3   4   1   9   1 
  9   1   7   1   2   3   7   3   6   7   6   0   1   9   4   8   6   9   7   5 
  1   6   9   3   6   2   3   8   9   1   7   4   0   9   4   3   9   2   9   7 
  8   4   7   7   5   6   6   4   4   5   8   9   4   0   9   9   9   4   8   4 
  3   9   4   7   6   1   5   2   8   7   6   8   3   1   0   8   4   7   2   3 
  6   4   9   4   9   7   7   2   1   6   1   2   2   2   5   0   9   8   9   8 
  6   7   9   4   7   3   1   3   1   5   2   7   2   4   6   7   0   2   4   5 
  8   8   6   1   5   3   9   7   6   2   3   4   6   9   6   6   1   0   6   6 
  1   3   8   3   5   1   2   3   7   8   9   1   8   4   4   5   6   7   0   4 
  9   2   4   1   9   1   2   6   8   5   1   3   9   1   6   5   8   9   8   0 
M8
  0   8   2   1   7   8   6   7   4   4   7   6   4   5   2   9   9   4   9   1 
  1   0   1   9   9   9   9   4   2   9   7   9   8   3   6   6   8   1   6   3 
  9   5   0   8   1   2   9   7   7   4   8   5   3   4   7   6   1   8   2   7 
  8   4   4   0   7   8   3   5   7   8   1   5   3   3   2   4   9   9   7   5 
  3   6   5   9   0   7   7   5   5   9   6   9   1   5   9   7   6   7   8   5 
  3   7   2   6   3   0   5   8   5   3   7   3   4   6   2   5   3   4   2   2 
  5   1   4   5   1   5   0   9   2   2   5   9   2   9   5   3   2   4   8   2 
  7   9   7   8   5   1   2   0   1   5   8   9   6   8   3   6   9   9   8   3 
  7   9   6   3   4   5   3   5   0   6   9   3   4   3   3   5   8   3   5   7 
  3   4   9   7   9   3   2   4   8   0   9   4   9   8   1   6   9   5   7   8 
  1   9   6   3   7   3   1   2   6   9   0   9   2   1   5   3   4   1   9   1 
  9   1   7   1   2   3   7   3   6   7   6   0   1   9   4   8   6   9   7   5 
  1   6   9   3   6   2   3   8   9   1   7   4   0   9   4   3   9   2   9   7 
  8   4   7   7   5   6   6   4   4   5   8   9   4   0   9   9   9   4   8   4 
  3   9   4   7   6   1   5   2   8   7   6   8   3   1   0   8   4   7   2   3 
  6   4   9   4   9   7   7   2   1   6   1   2   2   2   5   0   9   8   9   8 
  6   7   9   4   7   3   1   3   1   5   2   7   2   4   6   7   0   2   4   5 
  8   8   6   1   5   3   9   7   6   2   3   4   6   9   6   6   1   0   6   6 
  1   3   8   3   5   1   2   3   7   8   9   1   8   4   4   5   6   7   0   4 
  9   2   4   1   9   1   2   6   8   5   1   3   9   1   6   5   8   9   8   0 
M9
  0   8   2   1   7   8   6   7   4   4   7   6   4   5   2   9   9   4   9   1 
  1   0   1   9   9   9   9   4   2   9   7   9   8   3   6   6   8   1   6   3 
  9   5   0   8   1   2   9   7   7   4   8   5   3   4   7   6   1   8   2   7 
  8   4   4   0   7   8   3   5   7   8   1   5   3   3   2   4   9   9   7   5 
  3   6   5   9   0   7   7   5   5   9   6   9   1   5   9   7   6   7   8   5 
  3   7   2   6   3   0   5   8   5   3   7   3   4   6   2   5   3   4   2   2 
  5   1   4   5   1   5   0   9   2   2   5   9   2   9   5   3   2   4   8   2 
  7   9   7   8   5   1   2   0   1   5   8   9   6   8   3   6   9   9   8   3 
  7   9   6   3   4   5   3   5   0   6   9   3   4   3   3   5   8   3   5   7 
  3   4   9   7   9   3   2   4   8   0   9   4   9   8   1   6   9   5   7   8 
  1   9   6   3   7   3   1   2   6   9   0   9   2   1   5   3   4   1   9   1 
  9   1   7   1   2   3   7   3   6   7   6   0   1   9   4   8   6   9   7   5 
  1   6   9   3   6   2   3   8   9   1   7   4   0   9   4   3   9   2   9   7 
  8   4   7   7   5   6   6   4   4   5   8   9   4   0   9   9   9   4   8   4 
  3   9   4   7   6   1   5   2   8   7   6   8   3   1   0   8   4   7   2   3 
  6   4   9   4   9   7   7   2   1   6   1   2   2   2   5   0   9   8   9   8 
  6   7   9   4   7   3   1   3   1   5   2   7   2   4   6   7   0   2   4   5 
  8   8   6   1   5   3   9   7   6   2   3   4   6   9   6   6   1   0   6   6 
  1   3   8   3   5   1   2   3   7   8   9   1   8   4   4   5   6   7   0   4 
  9   2   4   1   9   1   2   6   8   5   1   3   9   1   6   5   8   9   8   0 
Reldue
  498    2    8
  485    5    4
 2081    2    3
 1556    6    6
 1462    3    4
 1592    5    4
 1977    1    8
  923    9    4
 1592    2    5
 1718    1    8
 1545    5    8
 1771    7    9
 2116    2    8
 1770    6    6
  925    5    8
 1409    5    4
 1601    6    1
  732    9    9
 2226    3    3
 2309    9    8
DDW
  450   546
  447   522
 1903  2258
 1462  1650
 1386  1537
 1482  1702
 1806  2148
  852   994
 1500  1685
 1558  1878
 1439  1651
 1621  1921
 1915  2317
 1643  1898
  865   985
 1316  1502
 1446  1756
  686   778
 2068  2385
 2131  2487
