50   5
MD
  5  4  3  4  3
PT
 34  74  83  22  36  77  46   5  29  55  30  26  18  42  44   3  17  89  86   3  73  73  50  26  63  46  76   9   6  14  81  99  22  69  74  26   8  44  61  85  21  73  67  23  14  30  18  18   9  83 
 37  52  69  14  93  33  45  39  38  92  19  23  85  68  50  69  88  27  54  12  17  13  57  41  19  44  70  20  63  54  93  18  64  11  84  60  66  23  75  29  70  49  90  72  65  89  86  96  27  91 
 74   2  41   2  21  75  19  67  30   7  95   9  98  59  86  43  13  32  66  50  84  93  74  95  55  97  28  43  62  66  60  88  52  84  66  92  85  35  98  72  20  53  16  44  21  34  93  79  18  92 
 55   2  97  79  89  24  15  14  92  17  38  84  90  89   5  11  37  24   5  31  32  61  34  12  50  88  86  83  66  34  97  53  66  72  35  40  24  72   2  55  44  49  63  37  60  59  42  12  79  62 
 82  45  81  74  24   3  28  67  38  25  24  81   5  44  88  32  63  50  60  46   8  14  13  38  95  41  67   1  42  79  21  31  24  33  76  89  37  51  86  94  79  28  42  79  26  78  83  14  91  86 
SSD
M0
  0   8   7   7   8   9   5   9   6   9   5   5   5   7   9   7   9   2   8   2   1   7   8   4   9   3   9   2   7   1   5   7   8   3   8   2   9   7   2   9   6   7   1   8   8   7   7   4   5   2 
  3   0   1   6   5   1   7   7   2   2   8   3   3   7   4   3   2   2   9   5   7   5   8   4   3   3   6   7   9   5   1   9   1   6   4   4   1   8   7   7   9   1   6   9   2   4   4   8   6   5 
  4   1   0   7   5   2   1   6   3   5   9   8   4   8   4   2   3   2   3   6   3   4   7   3   4   7   5   5   4   1   8   9   9   2   1   2   8   5   6   8   5   8   9   2   7   7   8   3   6   9 
  3   7   2   0   1   7   3   6   5   2   8   7   8   2   6   9   9   5   2   9   2   2   9   4   5   2   1   4   7   2   8   9   5   8   6   2   2   2   7   6   6   5   4   2   4   2   8   9   9   1 
  6   1   8   7   0   4   1   9   2   4   5   6   9   5   4   3   8   7   3   6   4   4   2   7   4   2   1   2   7   4   7   3   5   3   8   8   6   7   2   3   6   8   5   2   9   5   5   5   6   1 
  3   1   3   6   8   0   4   9   7   8   2   4   7   8   6   1   4   4   8   6   7   3   6   7   5   8   9   8   6   2   7   5   3   3   3   5   4   7   1   3   5   8   9   1   7   4   2   2   9   8 
  2   7   4   8   6   6   0   8   9   2   5   6   9   4   5   8   6   7   5   4   2   9   2   9   2   3   5   4   9   7   7   1   8   6   4   8   3   9   2   1   2   1   3   1   9   6   7   3   2   1 
  5   1   6   2   4   2   8   0   4   7   9   8   3   5   7   9   3   9   4   1   5   5   4   8   3   3   9   8   5   2   3   3   3   6   1   7   5   1   6   7   8   2   2   3   1   9   6   2   8   9 
  1   3   9   2   1   3   6   3   0   3   7   3   6   7   6   2   3   5   1   4   7   5   3   8   3   1   1   5   8   9   9   6   9   7   9   3   4   3   1   8   3   7   5   4   8   8   9   9   1   1 
  3   3   6   2   3   5   7   8   8   0   4   9   6   3   3   8   5   7   9   4   6   6   2   8   1   4   7   5   6   1   9   4   2   4   2   4   3   5   7   6   5   9   5   9   5   8   3   1   2   7 
  7   8   4   3   4   8   9   8   2   2   0   2   3   2   3   8   6   7   9   4   4   8   2   4   8   5   9   6   8   6   3   6   3   1   8   8   5   8   8   4   1   1   4   7   4   3   4   8   9   7 
  8   3   7   3   7   4   9   5   3   6   2   0   2   6   5   6   4   3   2   7   4   4   6   1   1   2   9   2   4   3   4   6   1   4   5   7   8   6   2   6   8   8   8   8   2   9   4   1   6   5 
  5   8   6   6   1   3   1   6   1   1   9   7   0   9   5   8   7   9   6   1   2   8   1   6   7   1   3   3   8   6   4   5   7   6   9   3   8   6   1   7   2   2   7   2   5   8   8   1   5   5 
  7   9   7   9   4   1   7   9   3   9   5   6   3   0   3   2   6   3   9   9   4   7   9   6   2   9   5   5   1   4   8   8   5   4   1   7   1   1   6   6   2   7   7   4   9   2   6   1   6   1 
  7   2   3   3   7   3   4   8   8   6   3   1   4   4   0   8   9   1   3   5   4   8   2   3   1   3   9   5   8   5   4   2   8   1   6   6   5   9   8   7   5   6   8   1   4   3   9   5   3   9 
  7   7   2   7   3   2   5   2   4   9   2   8   7   1   8   0   7   4   7   2   7   7   7   7   8   4   9   7   5   1   2   2   6   2   9   8   7   2   1   6   9   7   4   6   5   7   9   4   4   7 
  4   7   8   9   8   1   3   6   8   4   2   8   7   6   1   7   0   5   6   2   5   5   7   9   2   2   9   3   4   3   9   2   9   1   1   5   3   2   3   3   1   2   1   6   9   3   5   7   1   3 
  9   2   1   9   2   6   1   4   2   4   2   4   1   2   9   2   6   0   8   2   6   3   7   2   8   8   7   3   7   5   4   8   9   8   5   5   5   1   4   2   3   9   3   1   8   8   6   7   3   2 
  6   3   6   8   2   7   4   4   4   6   5   4   6   2   7   2   7   4   0   5   1   6   5   7   3   9   3   2   7   4   8   3   8   5   6   5   4   6   5   4   7   7   9   9   1   7   9   1   9   1 
  2   8   2   6   2   1   4   1   1   8   1   2   5   8   2   3   6   1   3   0   1   4   1   5   5   3   4   4   5   9   4   2   5   5   1   2   7   2   8   6   8   8   1   6   3   1   5   8   3   7 
  1   9   8   2   8   5   3   6   3   4   2   6   6   4   6   5   7   2   2   6   0   4   9   2   2   4   7   1   9   9   6   6   2   6   4   3   2   9   3   5   6   1   8   7   3   6   8   3   2   9 
  3   9   1   1   6   3   5   7   9   5   5   4   6   7   4   7   3   1   8   9   7   0   6   8   4   2   3   2   8   4   8   6   2   3   1   9   8   2   3   8   7   9   9   2   1   6   8   1   2   4 
  1   3   3   8   2   3   5   6   8   4   4   5   1   4   6   5   5   4   1   6   1   2   0   8   2   9   7   8   9   5   9   2   6   7   7   6   4   4   7   7   8   1   9   8   9   7   9   7   5   8 
  9   1   8   3   2   6   7   3   5   8   2   3   1   5   2   3   4   1   7   8   3   6   6   0   1   2   7   6   3   5   6   6   6   9   5   6   2   5   2   4   7   5   7   8   8   3   4   6   2   9 
  7   8   7   8   1   1   4   7   2   7   8   1   8   5   4   4   1   5   8   4   9   9   8   5   0   6   4   5   2   9   9   3   4   9   2   1   2   4   5   6   9   9   6   5   3   7   1   5   3   7 
  4   1   3   7   9   9   6   2   9   2   7   2   8   9   7   6   6   6   7   5   5   3   2   8   5   0   6   3   2   3   9   6   1   3   4   3   1   8   1   3   5   8   1   2   5   5   6   3   4   3 
  8   7   3   8   8   7   5   6   9   8   8   2   6   1   9   6   8   5   5   3   5   8   9   9   8   9   0   3   1   4   8   1   5   9   3   8   3   6   4   5   7   8   1   7   6   9   8   2   1   1 
  8   8   4   6   3   3   4   3   1   7   1   9   7   6   3   6   6   1   4   3   5   2   1   7   5   2   9   0   7   5   7   5   7   8   4   9   8   3   5   2   4   9   2   3   1   8   1   5   3   6 
  9   2   4   1   2   9   4   7   7   5   3   4   2   8   4   3   8   5   6   5   6   1   8   3   5   6   2   2   0   9   1   2   9   9   2   3   1   6   3   1   3   7   9   6   4   8   1   1   5   4 
  9   2   4   3   1   1   9   8   7   8   4   5   5   5   6   9   5   7   7   2   2   2   1   6   2   8   4   2   4   0   4   6   1   2   1   7   3   5   6   2   4   9   7   1   2   3   1   7   5   5 
  6   5   6   3   8   6   3   4   6   5   9   1   2   4   4   6   7   4   2   3   7   1   9   4   3   7   6   3   8   7   0   5   2   5   5   9   3   3   7   5   3   6   2   9   3   3   2   9   3   8 
  3   5   2   3   9   5   3   3   7   2   7   2   5   4   6   1   3   8   2   1   3   4   8   4   9   3   4   2   5   6   7   0   5   3   7   3   6   2   8   6   3   8   5   9   9   1   6   7   5   5 
  8   2   7   7   1   9   5   9   2   5   1   4   7   3   5   6   8   3   1   4   1   5   8   7   1   6   8   2   6   3   3   2   0   6   6   2   6   9   4   9   8   7   9   9   6   5   6   7   2   4 
  5   6   2   1   5   4   2   2   7   3   2   8   3   2   1   8   1   6   9   2   5   5   8   8   6   5   1   1   6   4   3   3   7   0   8   3   6   5   5   6   1   7   4   2   1   8   5   4   3   4 
  3   8   2   6   5   9   2   4   5   6   8   7   9   8   7   8   1   1   6   6   2   4   3   2   4   4   9   1   1   9   7   6   8   8   0   7   2   7   8   1   6   4   1   8   8   5   2   4   1   3 
  9   5   6   6   5   2   6   1   9   8   1   4   9   3   7   2   7   3   1   4   1   2   3   7   9   9   9   2   8   5   1   3   6   1   1   0   5   3   3   2   8   6   3   3   8   3   3   3   7   2 
  3   8   2   8   8   3   9   9   6   4   5   4   9   4   8   6   6   6   7   3   7   8   4   6   9   5   3   7   1   6   9   6   1   5   1   4   0   8   9   1   7   1   3   4   9   7   1   5   6   3 
  3   1   8   2   3   4   4   5   5   7   2   4   8   7   4   2   2   5   3   5   8   4   8   8   3   8   4   1   2   8   3   2   7   9   4   6   6   0   7   3   2   3   7   5   1   7   8   2   9   8 
  5   3   7   2   4   6   8   9   8   8   1   8   4   4   2   4   2   7   3   9   7   7   9   9   8   6   9   1   5   5   9   1   3   1   1   1   4   9   0   8   8   6   7   3   2   5   6   2   3   3 
  6   9   4   4   6   6   3   3   2   4   2   2   3   5   3   7   5   2   1   9   8   3   8   7   1   7   1   5   1   8   2   3   1   2   9   4   4   4   7   0   1   6   5   6   6   2   5   2   7   1 
  9   4   3   3   8   5   9   9   8   6   8   9   8   2   5   6   1   7   2   8   8   6   9   9   5   7   6   4   2   5   2   4   5   4   2   9   4   1   2   8   0   1   5   3   8   7   8   7   7   7 
  6   6   8   5   4   9   5   6   3   4   9   1   9   7   2   5   1   9   6   3   9   1   7   5   8   6   1   8   8   2   8   8   2   2   3   8   5   3   8   5   1   0   8   4   8   3   3   1   1   2 
  6   4   2   2   2   6   2   2   5   1   7   2   4   2   2   8   4   8   6   1   1   4   8   7   6   8   8   6   5   6   6   2   5   7   5   6   3   7   6   2   8   1   0   4   2   7   5   4   1   4 
  4   7   3   3   9   7   4   1   2   3   6   6   3   8   5   4   5   8   2   9   2   1   1   6   5   3   5   9   8   5   6   9   6   8   9   6   1   8   6   5   6   2   1   0   1   9   5   7   5   7 
  7   2   4   8   9   1   7   6   5   9   3   4   4   5   4   7   9   5   9   1   7   1   6   7   3   6   7   3   1   4   4   3   5   4   2   1   3   6   6   4   8   1   8   6   0   7   7   4   8   2 
  1   2   9   5   4   8   1   6   7   6   3   8   6   9   3   3   3   6   8   9   4   1   7   4   4   3   6   2   2   2   2   4   8   2   2   1   1   1   1   9   4   6   8   2   3   0   7   1   7   1 
  5   7   6   1   9   7   6   6   5   6   1   4   6   2   8   8   2   3   3   3   5   3   9   5   7   9   3   9   5   3   9   9   4   1   8   2   9   1   4   1   5   8   1   3   7   4   0   5   1   7 
  9   8   9   1   5   5   1   7   3   7   5   1   4   7   7   5   2   1   6   7   9   3   2   2   5   7   5   5   1   9   9   4   8   8   6   1   3   8   8   4   9   4   4   8   3   4   7   0   5   3 
  1   9   3   1   3   9   4   9   8   8   4   1   3   1   3   7   6   4   1   9   6   5   5   2   3   2   1   7   1   6   7   3   6   5   1   8   6   6   2   4   5   1   6   9   6   4   9   4   0   1 
  2   9   3   5   4   9   2   6   4   6   9   1   7   2   1   7   5   5   2   1   9   3   9   5   7   2   8   9   4   1   4   8   8   3   4   3   3   5   6   7   2   9   9   3   4   4   7   5   5   0 
M1
  0   8   7   7   8   9   5   9   6   9   5   5   5   7   9   7   9   2   8   2   1   7   8   4   9   3   9   2   7   1   5   7   8   3   8   2   9   7   2   9   6   7   1   8   8   7   7   4   5   2 
  3   0   1   6   5   1   7   7   2   2   8   3   3   7   4   3   2   2   9   5   7   5   8   4   3   3   6   7   9   5   1   9   1   6   4   4   1   8   7   7   9   1   6   9   2   4   4   8   6   5 
  4   1   0   7   5   2   1   6   3   5   9   8   4   8   4   2   3   2   3   6   3   4   7   3   4   7   5   5   4   1   8   9   9   2   1   2   8   5   6   8   5   8   9   2   7   7   8   3   6   9 
  3   7   2   0   1   7   3   6   5   2   8   7   8   2   6   9   9   5   2   9   2   2   9   4   5   2   1   4   7   2   8   9   5   8   6   2   2   2   7   6   6   5   4   2   4   2   8   9   9   1 
  6   1   8   7   0   4   1   9   2   4   5   6   9   5   4   3   8   7   3   6   4   4   2   7   4   2   1   2   7   4   7   3   5   3   8   8   6   7   2   3   6   8   5   2   9   5   5   5   6   1 
  3   1   3   6   8   0   4   9   7   8   2   4   7   8   6   1   4   4   8   6   7   3   6   7   5   8   9   8   6   2   7   5   3   3   3   5   4   7   1   3   5   8   9   1   7   4   2   2   9   8 
  2   7   4   8   6   6   0   8   9   2   5   6   9   4   5   8   6   7   5   4   2   9   2   9   2   3   5   4   9   7   7   1   8   6   4   8   3   9   2   1   2   1   3   1   9   6   7   3   2   1 
  5   1   6   2   4   2   8   0   4   7   9   8   3   5   7   9   3   9   4   1   5   5   4   8   3   3   9   8   5   2   3   3   3   6   1   7   5   1   6   7   8   2   2   3   1   9   6   2   8   9 
  1   3   9   2   1   3   6   3   0   3   7   3   6   7   6   2   3   5   1   4   7   5   3   8   3   1   1   5   8   9   9   6   9   7   9   3   4   3   1   8   3   7   5   4   8   8   9   9   1   1 
  3   3   6   2   3   5   7   8   8   0   4   9   6   3   3   8   5   7   9   4   6   6   2   8   1   4   7   5   6   1   9   4   2   4   2   4   3   5   7   6   5   9   5   9   5   8   3   1   2   7 
  7   8   4   3   4   8   9   8   2   2   0   2   3   2   3   8   6   7   9   4   4   8   2   4   8   5   9   6   8   6   3   6   3   1   8   8   5   8   8   4   1   1   4   7   4   3   4   8   9   7 
  8   3   7   3   7   4   9   5   3   6   2   0   2   6   5   6   4   3   2   7   4   4   6   1   1   2   9   2   4   3   4   6   1   4   5   7   8   6   2   6   8   8   8   8   2   9   4   1   6   5 
  5   8   6   6   1   3   1   6   1   1   9   7   0   9   5   8   7   9   6   1   2   8   1   6   7   1   3   3   8   6   4   5   7   6   9   3   8   6   1   7   2   2   7   2   5   8   8   1   5   5 
  7   9   7   9   4   1   7   9   3   9   5   6   3   0   3   2   6   3   9   9   4   7   9   6   2   9   5   5   1   4   8   8   5   4   1   7   1   1   6   6   2   7   7   4   9   2   6   1   6   1 
  7   2   3   3   7   3   4   8   8   6   3   1   4   4   0   8   9   1   3   5   4   8   2   3   1   3   9   5   8   5   4   2   8   1   6   6   5   9   8   7   5   6   8   1   4   3   9   5   3   9 
  7   7   2   7   3   2   5   2   4   9   2   8   7   1   8   0   7   4   7   2   7   7   7   7   8   4   9   7   5   1   2   2   6   2   9   8   7   2   1   6   9   7   4   6   5   7   9   4   4   7 
  4   7   8   9   8   1   3   6   8   4   2   8   7   6   1   7   0   5   6   2   5   5   7   9   2   2   9   3   4   3   9   2   9   1   1   5   3   2   3   3   1   2   1   6   9   3   5   7   1   3 
  9   2   1   9   2   6   1   4   2   4   2   4   1   2   9   2   6   0   8   2   6   3   7   2   8   8   7   3   7   5   4   8   9   8   5   5   5   1   4   2   3   9   3   1   8   8   6   7   3   2 
  6   3   6   8   2   7   4   4   4   6   5   4   6   2   7   2   7   4   0   5   1   6   5   7   3   9   3   2   7   4   8   3   8   5   6   5   4   6   5   4   7   7   9   9   1   7   9   1   9   1 
  2   8   2   6   2   1   4   1   1   8   1   2   5   8   2   3   6   1   3   0   1   4   1   5   5   3   4   4   5   9   4   2   5   5   1   2   7   2   8   6   8   8   1   6   3   1   5   8   3   7 
  1   9   8   2   8   5   3   6   3   4   2   6   6   4   6   5   7   2   2   6   0   4   9   2   2   4   7   1   9   9   6   6   2   6   4   3   2   9   3   5   6   1   8   7   3   6   8   3   2   9 
  3   9   1   1   6   3   5   7   9   5   5   4   6   7   4   7   3   1   8   9   7   0   6   8   4   2   3   2   8   4   8   6   2   3   1   9   8   2   3   8   7   9   9   2   1   6   8   1   2   4 
  1   3   3   8   2   3   5   6   8   4   4   5   1   4   6   5   5   4   1   6   1   2   0   8   2   9   7   8   9   5   9   2   6   7   7   6   4   4   7   7   8   1   9   8   9   7   9   7   5   8 
  9   1   8   3   2   6   7   3   5   8   2   3   1   5   2   3   4   1   7   8   3   6   6   0   1   2   7   6   3   5   6   6   6   9   5   6   2   5   2   4   7   5   7   8   8   3   4   6   2   9 
  7   8   7   8   1   1   4   7   2   7   8   1   8   5   4   4   1   5   8   4   9   9   8   5   0   6   4   5   2   9   9   3   4   9   2   1   2   4   5   6   9   9   6   5   3   7   1   5   3   7 
  4   1   3   7   9   9   6   2   9   2   7   2   8   9   7   6   6   6   7   5   5   3   2   8   5   0   6   3   2   3   9   6   1   3   4   3   1   8   1   3   5   8   1   2   5   5   6   3   4   3 
  8   7   3   8   8   7   5   6   9   8   8   2   6   1   9   6   8   5   5   3   5   8   9   9   8   9   0   3   1   4   8   1   5   9   3   8   3   6   4   5   7   8   1   7   6   9   8   2   1   1 
  8   8   4   6   3   3   4   3   1   7   1   9   7   6   3   6   6   1   4   3   5   2   1   7   5   2   9   0   7   5   7   5   7   8   4   9   8   3   5   2   4   9   2   3   1   8   1   5   3   6 
  9   2   4   1   2   9   4   7   7   5   3   4   2   8   4   3   8   5   6   5   6   1   8   3   5   6   2   2   0   9   1   2   9   9   2   3   1   6   3   1   3   7   9   6   4   8   1   1   5   4 
  9   2   4   3   1   1   9   8   7   8   4   5   5   5   6   9   5   7   7   2   2   2   1   6   2   8   4   2   4   0   4   6   1   2   1   7   3   5   6   2   4   9   7   1   2   3   1   7   5   5 
  6   5   6   3   8   6   3   4   6   5   9   1   2   4   4   6   7   4   2   3   7   1   9   4   3   7   6   3   8   7   0   5   2   5   5   9   3   3   7   5   3   6   2   9   3   3   2   9   3   8 
  3   5   2   3   9   5   3   3   7   2   7   2   5   4   6   1   3   8   2   1   3   4   8   4   9   3   4   2   5   6   7   0   5   3   7   3   6   2   8   6   3   8   5   9   9   1   6   7   5   5 
  8   2   7   7   1   9   5   9   2   5   1   4   7   3   5   6   8   3   1   4   1   5   8   7   1   6   8   2   6   3   3   2   0   6   6   2   6   9   4   9   8   7   9   9   6   5   6   7   2   4 
  5   6   2   1   5   4   2   2   7   3   2   8   3   2   1   8   1   6   9   2   5   5   8   8   6   5   1   1   6   4   3   3   7   0   8   3   6   5   5   6   1   7   4   2   1   8   5   4   3   4 
  3   8   2   6   5   9   2   4   5   6   8   7   9   8   7   8   1   1   6   6   2   4   3   2   4   4   9   1   1   9   7   6   8   8   0   7   2   7   8   1   6   4   1   8   8   5   2   4   1   3 
  9   5   6   6   5   2   6   1   9   8   1   4   9   3   7   2   7   3   1   4   1   2   3   7   9   9   9   2   8   5   1   3   6   1   1   0   5   3   3   2   8   6   3   3   8   3   3   3   7   2 
  3   8   2   8   8   3   9   9   6   4   5   4   9   4   8   6   6   6   7   3   7   8   4   6   9   5   3   7   1   6   9   6   1   5   1   4   0   8   9   1   7   1   3   4   9   7   1   5   6   3 
  3   1   8   2   3   4   4   5   5   7   2   4   8   7   4   2   2   5   3   5   8   4   8   8   3   8   4   1   2   8   3   2   7   9   4   6   6   0   7   3   2   3   7   5   1   7   8   2   9   8 
  5   3   7   2   4   6   8   9   8   8   1   8   4   4   2   4   2   7   3   9   7   7   9   9   8   6   9   1   5   5   9   1   3   1   1   1   4   9   0   8   8   6   7   3   2   5   6   2   3   3 
  6   9   4   4   6   6   3   3   2   4   2   2   3   5   3   7   5   2   1   9   8   3   8   7   1   7   1   5   1   8   2   3   1   2   9   4   4   4   7   0   1   6   5   6   6   2   5   2   7   1 
  9   4   3   3   8   5   9   9   8   6   8   9   8   2   5   6   1   7   2   8   8   6   9   9   5   7   6   4   2   5   2   4   5   4   2   9   4   1   2   8   0   1   5   3   8   7   8   7   7   7 
  6   6   8   5   4   9   5   6   3   4   9   1   9   7   2   5   1   9   6   3   9   1   7   5   8   6   1   8   8   2   8   8   2   2   3   8   5   3   8   5   1   0   8   4   8   3   3   1   1   2 
  6   4   2   2   2   6   2   2   5   1   7   2   4   2   2   8   4   8   6   1   1   4   8   7   6   8   8   6   5   6   6   2   5   7   5   6   3   7   6   2   8   1   0   4   2   7   5   4   1   4 
  4   7   3   3   9   7   4   1   2   3   6   6   3   8   5   4   5   8   2   9   2   1   1   6   5   3   5   9   8   5   6   9   6   8   9   6   1   8   6   5   6   2   1   0   1   9   5   7   5   7 
  7   2   4   8   9   1   7   6   5   9   3   4   4   5   4   7   9   5   9   1   7   1   6   7   3   6   7   3   1   4   4   3   5   4   2   1   3   6   6   4   8   1   8   6   0   7   7   4   8   2 
  1   2   9   5   4   8   1   6   7   6   3   8   6   9   3   3   3   6   8   9   4   1   7   4   4   3   6   2   2   2   2   4   8   2   2   1   1   1   1   9   4   6   8   2   3   0   7   1   7   1 
  5   7   6   1   9   7   6   6   5   6   1   4   6   2   8   8   2   3   3   3   5   3   9   5   7   9   3   9   5   3   9   9   4   1   8   2   9   1   4   1   5   8   1   3   7   4   0   5   1   7 
  9   8   9   1   5   5   1   7   3   7   5   1   4   7   7   5   2   1   6   7   9   3   2   2   5   7   5   5   1   9   9   4   8   8   6   1   3   8   8   4   9   4   4   8   3   4   7   0   5   3 
  1   9   3   1   3   9   4   9   8   8   4   1   3   1   3   7   6   4   1   9   6   5   5   2   3   2   1   7   1   6   7   3   6   5   1   8   6   6   2   4   5   1   6   9   6   4   9   4   0   1 
  2   9   3   5   4   9   2   6   4   6   9   1   7   2   1   7   5   5   2   1   9   3   9   5   7   2   8   9   4   1   4   8   8   3   4   3   3   5   6   7   2   9   9   3   4   4   7   5   5   0 
M2
  0   8   7   7   8   9   5   9   6   9   5   5   5   7   9   7   9   2   8   2   1   7   8   4   9   3   9   2   7   1   5   7   8   3   8   2   9   7   2   9   6   7   1   8   8   7   7   4   5   2 
  3   0   1   6   5   1   7   7   2   2   8   3   3   7   4   3   2   2   9   5   7   5   8   4   3   3   6   7   9   5   1   9   1   6   4   4   1   8   7   7   9   1   6   9   2   4   4   8   6   5 
  4   1   0   7   5   2   1   6   3   5   9   8   4   8   4   2   3   2   3   6   3   4   7   3   4   7   5   5   4   1   8   9   9   2   1   2   8   5   6   8   5   8   9   2   7   7   8   3   6   9 
  3   7   2   0   1   7   3   6   5   2   8   7   8   2   6   9   9   5   2   9   2   2   9   4   5   2   1   4   7   2   8   9   5   8   6   2   2   2   7   6   6   5   4   2   4   2   8   9   9   1 
  6   1   8   7   0   4   1   9   2   4   5   6   9   5   4   3   8   7   3   6   4   4   2   7   4   2   1   2   7   4   7   3   5   3   8   8   6   7   2   3   6   8   5   2   9   5   5   5   6   1 
  3   1   3   6   8   0   4   9   7   8   2   4   7   8   6   1   4   4   8   6   7   3   6   7   5   8   9   8   6   2   7   5   3   3   3   5   4   7   1   3   5   8   9   1   7   4   2   2   9   8 
  2   7   4   8   6   6   0   8   9   2   5   6   9   4   5   8   6   7   5   4   2   9   2   9   2   3   5   4   9   7   7   1   8   6   4   8   3   9   2   1   2   1   3   1   9   6   7   3   2   1 
  5   1   6   2   4   2   8   0   4   7   9   8   3   5   7   9   3   9   4   1   5   5   4   8   3   3   9   8   5   2   3   3   3   6   1   7   5   1   6   7   8   2   2   3   1   9   6   2   8   9 
  1   3   9   2   1   3   6   3   0   3   7   3   6   7   6   2   3   5   1   4   7   5   3   8   3   1   1   5   8   9   9   6   9   7   9   3   4   3   1   8   3   7   5   4   8   8   9   9   1   1 
  3   3   6   2   3   5   7   8   8   0   4   9   6   3   3   8   5   7   9   4   6   6   2   8   1   4   7   5   6   1   9   4   2   4   2   4   3   5   7   6   5   9   5   9   5   8   3   1   2   7 
  7   8   4   3   4   8   9   8   2   2   0   2   3   2   3   8   6   7   9   4   4   8   2   4   8   5   9   6   8   6   3   6   3   1   8   8   5   8   8   4   1   1   4   7   4   3   4   8   9   7 
  8   3   7   3   7   4   9   5   3   6   2   0   2   6   5   6   4   3   2   7   4   4   6   1   1   2   9   2   4   3   4   6   1   4   5   7   8   6   2   6   8   8   8   8   2   9   4   1   6   5 
  5   8   6   6   1   3   1   6   1   1   9   7   0   9   5   8   7   9   6   1   2   8   1   6   7   1   3   3   8   6   4   5   7   6   9   3   8   6   1   7   2   2   7   2   5   8   8   1   5   5 
  7   9   7   9   4   1   7   9   3   9   5   6   3   0   3   2   6   3   9   9   4   7   9   6   2   9   5   5   1   4   8   8   5   4   1   7   1   1   6   6   2   7   7   4   9   2   6   1   6   1 
  7   2   3   3   7   3   4   8   8   6   3   1   4   4   0   8   9   1   3   5   4   8   2   3   1   3   9   5   8   5   4   2   8   1   6   6   5   9   8   7   5   6   8   1   4   3   9   5   3   9 
  7   7   2   7   3   2   5   2   4   9   2   8   7   1   8   0   7   4   7   2   7   7   7   7   8   4   9   7   5   1   2   2   6   2   9   8   7   2   1   6   9   7   4   6   5   7   9   4   4   7 
  4   7   8   9   8   1   3   6   8   4   2   8   7   6   1   7   0   5   6   2   5   5   7   9   2   2   9   3   4   3   9   2   9   1   1   5   3   2   3   3   1   2   1   6   9   3   5   7   1   3 
  9   2   1   9   2   6   1   4   2   4   2   4   1   2   9   2   6   0   8   2   6   3   7   2   8   8   7   3   7   5   4   8   9   8   5   5   5   1   4   2   3   9   3   1   8   8   6   7   3   2 
  6   3   6   8   2   7   4   4   4   6   5   4   6   2   7   2   7   4   0   5   1   6   5   7   3   9   3   2   7   4   8   3   8   5   6   5   4   6   5   4   7   7   9   9   1   7   9   1   9   1 
  2   8   2   6   2   1   4   1   1   8   1   2   5   8   2   3   6   1   3   0   1   4   1   5   5   3   4   4   5   9   4   2   5   5   1   2   7   2   8   6   8   8   1   6   3   1   5   8   3   7 
  1   9   8   2   8   5   3   6   3   4   2   6   6   4   6   5   7   2   2   6   0   4   9   2   2   4   7   1   9   9   6   6   2   6   4   3   2   9   3   5   6   1   8   7   3   6   8   3   2   9 
  3   9   1   1   6   3   5   7   9   5   5   4   6   7   4   7   3   1   8   9   7   0   6   8   4   2   3   2   8   4   8   6   2   3   1   9   8   2   3   8   7   9   9   2   1   6   8   1   2   4 
  1   3   3   8   2   3   5   6   8   4   4   5   1   4   6   5   5   4   1   6   1   2   0   8   2   9   7   8   9   5   9   2   6   7   7   6   4   4   7   7   8   1   9   8   9   7   9   7   5   8 
  9   1   8   3   2   6   7   3   5   8   2   3   1   5   2   3   4   1   7   8   3   6   6   0   1   2   7   6   3   5   6   6   6   9   5   6   2   5   2   4   7   5   7   8   8   3   4   6   2   9 
  7   8   7   8   1   1   4   7   2   7   8   1   8   5   4   4   1   5   8   4   9   9   8   5   0   6   4   5   2   9   9   3   4   9   2   1   2   4   5   6   9   9   6   5   3   7   1   5   3   7 
  4   1   3   7   9   9   6   2   9   2   7   2   8   9   7   6   6   6   7   5   5   3   2   8   5   0   6   3   2   3   9   6   1   3   4   3   1   8   1   3   5   8   1   2   5   5   6   3   4   3 
  8   7   3   8   8   7   5   6   9   8   8   2   6   1   9   6   8   5   5   3   5   8   9   9   8   9   0   3   1   4   8   1   5   9   3   8   3   6   4   5   7   8   1   7   6   9   8   2   1   1 
  8   8   4   6   3   3   4   3   1   7   1   9   7   6   3   6   6   1   4   3   5   2   1   7   5   2   9   0   7   5   7   5   7   8   4   9   8   3   5   2   4   9   2   3   1   8   1   5   3   6 
  9   2   4   1   2   9   4   7   7   5   3   4   2   8   4   3   8   5   6   5   6   1   8   3   5   6   2   2   0   9   1   2   9   9   2   3   1   6   3   1   3   7   9   6   4   8   1   1   5   4 
  9   2   4   3   1   1   9   8   7   8   4   5   5   5   6   9   5   7   7   2   2   2   1   6   2   8   4   2   4   0   4   6   1   2   1   7   3   5   6   2   4   9   7   1   2   3   1   7   5   5 
  6   5   6   3   8   6   3   4   6   5   9   1   2   4   4   6   7   4   2   3   7   1   9   4   3   7   6   3   8   7   0   5   2   5   5   9   3   3   7   5   3   6   2   9   3   3   2   9   3   8 
  3   5   2   3   9   5   3   3   7   2   7   2   5   4   6   1   3   8   2   1   3   4   8   4   9   3   4   2   5   6   7   0   5   3   7   3   6   2   8   6   3   8   5   9   9   1   6   7   5   5 
  8   2   7   7   1   9   5   9   2   5   1   4   7   3   5   6   8   3   1   4   1   5   8   7   1   6   8   2   6   3   3   2   0   6   6   2   6   9   4   9   8   7   9   9   6   5   6   7   2   4 
  5   6   2   1   5   4   2   2   7   3   2   8   3   2   1   8   1   6   9   2   5   5   8   8   6   5   1   1   6   4   3   3   7   0   8   3   6   5   5   6   1   7   4   2   1   8   5   4   3   4 
  3   8   2   6   5   9   2   4   5   6   8   7   9   8   7   8   1   1   6   6   2   4   3   2   4   4   9   1   1   9   7   6   8   8   0   7   2   7   8   1   6   4   1   8   8   5   2   4   1   3 
  9   5   6   6   5   2   6   1   9   8   1   4   9   3   7   2   7   3   1   4   1   2   3   7   9   9   9   2   8   5   1   3   6   1   1   0   5   3   3   2   8   6   3   3   8   3   3   3   7   2 
  3   8   2   8   8   3   9   9   6   4   5   4   9   4   8   6   6   6   7   3   7   8   4   6   9   5   3   7   1   6   9   6   1   5   1   4   0   8   9   1   7   1   3   4   9   7   1   5   6   3 
  3   1   8   2   3   4   4   5   5   7   2   4   8   7   4   2   2   5   3   5   8   4   8   8   3   8   4   1   2   8   3   2   7   9   4   6   6   0   7   3   2   3   7   5   1   7   8   2   9   8 
  5   3   7   2   4   6   8   9   8   8   1   8   4   4   2   4   2   7   3   9   7   7   9   9   8   6   9   1   5   5   9   1   3   1   1   1   4   9   0   8   8   6   7   3   2   5   6   2   3   3 
  6   9   4   4   6   6   3   3   2   4   2   2   3   5   3   7   5   2   1   9   8   3   8   7   1   7   1   5   1   8   2   3   1   2   9   4   4   4   7   0   1   6   5   6   6   2   5   2   7   1 
  9   4   3   3   8   5   9   9   8   6   8   9   8   2   5   6   1   7   2   8   8   6   9   9   5   7   6   4   2   5   2   4   5   4   2   9   4   1   2   8   0   1   5   3   8   7   8   7   7   7 
  6   6   8   5   4   9   5   6   3   4   9   1   9   7   2   5   1   9   6   3   9   1   7   5   8   6   1   8   8   2   8   8   2   2   3   8   5   3   8   5   1   0   8   4   8   3   3   1   1   2 
  6   4   2   2   2   6   2   2   5   1   7   2   4   2   2   8   4   8   6   1   1   4   8   7   6   8   8   6   5   6   6   2   5   7   5   6   3   7   6   2   8   1   0   4   2   7   5   4   1   4 
  4   7   3   3   9   7   4   1   2   3   6   6   3   8   5   4   5   8   2   9   2   1   1   6   5   3   5   9   8   5   6   9   6   8   9   6   1   8   6   5   6   2   1   0   1   9   5   7   5   7 
  7   2   4   8   9   1   7   6   5   9   3   4   4   5   4   7   9   5   9   1   7   1   6   7   3   6   7   3   1   4   4   3   5   4   2   1   3   6   6   4   8   1   8   6   0   7   7   4   8   2 
  1   2   9   5   4   8   1   6   7   6   3   8   6   9   3   3   3   6   8   9   4   1   7   4   4   3   6   2   2   2   2   4   8   2   2   1   1   1   1   9   4   6   8   2   3   0   7   1   7   1 
  5   7   6   1   9   7   6   6   5   6   1   4   6   2   8   8   2   3   3   3   5   3   9   5   7   9   3   9   5   3   9   9   4   1   8   2   9   1   4   1   5   8   1   3   7   4   0   5   1   7 
  9   8   9   1   5   5   1   7   3   7   5   1   4   7   7   5   2   1   6   7   9   3   2   2   5   7   5   5   1   9   9   4   8   8   6   1   3   8   8   4   9   4   4   8   3   4   7   0   5   3 
  1   9   3   1   3   9   4   9   8   8   4   1   3   1   3   7   6   4   1   9   6   5   5   2   3   2   1   7   1   6   7   3   6   5   1   8   6   6   2   4   5   1   6   9   6   4   9   4   0   1 
  2   9   3   5   4   9   2   6   4   6   9   1   7   2   1   7   5   5   2   1   9   3   9   5   7   2   8   9   4   1   4   8   8   3   4   3   3   5   6   7   2   9   9   3   4   4   7   5   5   0 
M3
  0   8   7   7   8   9   5   9   6   9   5   5   5   7   9   7   9   2   8   2   1   7   8   4   9   3   9   2   7   1   5   7   8   3   8   2   9   7   2   9   6   7   1   8   8   7   7   4   5   2 
  3   0   1   6   5   1   7   7   2   2   8   3   3   7   4   3   2   2   9   5   7   5   8   4   3   3   6   7   9   5   1   9   1   6   4   4   1   8   7   7   9   1   6   9   2   4   4   8   6   5 
  4   1   0   7   5   2   1   6   3   5   9   8   4   8   4   2   3   2   3   6   3   4   7   3   4   7   5   5   4   1   8   9   9   2   1   2   8   5   6   8   5   8   9   2   7   7   8   3   6   9 
  3   7   2   0   1   7   3   6   5   2   8   7   8   2   6   9   9   5   2   9   2   2   9   4   5   2   1   4   7   2   8   9   5   8   6   2   2   2   7   6   6   5   4   2   4   2   8   9   9   1 
  6   1   8   7   0   4   1   9   2   4   5   6   9   5   4   3   8   7   3   6   4   4   2   7   4   2   1   2   7   4   7   3   5   3   8   8   6   7   2   3   6   8   5   2   9   5   5   5   6   1 
  3   1   3   6   8   0   4   9   7   8   2   4   7   8   6   1   4   4   8   6   7   3   6   7   5   8   9   8   6   2   7   5   3   3   3   5   4   7   1   3   5   8   9   1   7   4   2   2   9   8 
  2   7   4   8   6   6   0   8   9   2   5   6   9   4   5   8   6   7   5   4   2   9   2   9   2   3   5   4   9   7   7   1   8   6   4   8   3   9   2   1   2   1   3   1   9   6   7   3   2   1 
  5   1   6   2   4   2   8   0   4   7   9   8   3   5   7   9   3   9   4   1   5   5   4   8   3   3   9   8   5   2   3   3   3   6   1   7   5   1   6   7   8   2   2   3   1   9   6   2   8   9 
  1   3   9   2   1   3   6   3   0   3   7   3   6   7   6   2   3   5   1   4   7   5   3   8   3   1   1   5   8   9   9   6   9   7   9   3   4   3   1   8   3   7   5   4   8   8   9   9   1   1 
  3   3   6   2   3   5   7   8   8   0   4   9   6   3   3   8   5   7   9   4   6   6   2   8   1   4   7   5   6   1   9   4   2   4   2   4   3   5   7   6   5   9   5   9   5   8   3   1   2   7 
  7   8   4   3   4   8   9   8   2   2   0   2   3   2   3   8   6   7   9   4   4   8   2   4   8   5   9   6   8   6   3   6   3   1   8   8   5   8   8   4   1   1   4   7   4   3   4   8   9   7 
  8   3   7   3   7   4   9   5   3   6   2   0   2   6   5   6   4   3   2   7   4   4   6   1   1   2   9   2   4   3   4   6   1   4   5   7   8   6   2   6   8   8   8   8   2   9   4   1   6   5 
  5   8   6   6   1   3   1   6   1   1   9   7   0   9   5   8   7   9   6   1   2   8   1   6   7   1   3   3   8   6   4   5   7   6   9   3   8   6   1   7   2   2   7   2   5   8   8   1   5   5 
  7   9   7   9   4   1   7   9   3   9   5   6   3   0   3   2   6   3   9   9   4   7   9   6   2   9   5   5   1   4   8   8   5   4   1   7   1   1   6   6   2   7   7   4   9   2   6   1   6   1 
  7   2   3   3   7   3   4   8   8   6   3   1   4   4   0   8   9   1   3   5   4   8   2   3   1   3   9   5   8   5   4   2   8   1   6   6   5   9   8   7   5   6   8   1   4   3   9   5   3   9 
  7   7   2   7   3   2   5   2   4   9   2   8   7   1   8   0   7   4   7   2   7   7   7   7   8   4   9   7   5   1   2   2   6   2   9   8   7   2   1   6   9   7   4   6   5   7   9   4   4   7 
  4   7   8   9   8   1   3   6   8   4   2   8   7   6   1   7   0   5   6   2   5   5   7   9   2   2   9   3   4   3   9   2   9   1   1   5   3   2   3   3   1   2   1   6   9   3   5   7   1   3 
  9   2   1   9   2   6   1   4   2   4   2   4   1   2   9   2   6   0   8   2   6   3   7   2   8   8   7   3   7   5   4   8   9   8   5   5   5   1   4   2   3   9   3   1   8   8   6   7   3   2 
  6   3   6   8   2   7   4   4   4   6   5   4   6   2   7   2   7   4   0   5   1   6   5   7   3   9   3   2   7   4   8   3   8   5   6   5   4   6   5   4   7   7   9   9   1   7   9   1   9   1 
  2   8   2   6   2   1   4   1   1   8   1   2   5   8   2   3   6   1   3   0   1   4   1   5   5   3   4   4   5   9   4   2   5   5   1   2   7   2   8   6   8   8   1   6   3   1   5   8   3   7 
  1   9   8   2   8   5   3   6   3   4   2   6   6   4   6   5   7   2   2   6   0   4   9   2   2   4   7   1   9   9   6   6   2   6   4   3   2   9   3   5   6   1   8   7   3   6   8   3   2   9 
  3   9   1   1   6   3   5   7   9   5   5   4   6   7   4   7   3   1   8   9   7   0   6   8   4   2   3   2   8   4   8   6   2   3   1   9   8   2   3   8   7   9   9   2   1   6   8   1   2   4 
  1   3   3   8   2   3   5   6   8   4   4   5   1   4   6   5   5   4   1   6   1   2   0   8   2   9   7   8   9   5   9   2   6   7   7   6   4   4   7   7   8   1   9   8   9   7   9   7   5   8 
  9   1   8   3   2   6   7   3   5   8   2   3   1   5   2   3   4   1   7   8   3   6   6   0   1   2   7   6   3   5   6   6   6   9   5   6   2   5   2   4   7   5   7   8   8   3   4   6   2   9 
  7   8   7   8   1   1   4   7   2   7   8   1   8   5   4   4   1   5   8   4   9   9   8   5   0   6   4   5   2   9   9   3   4   9   2   1   2   4   5   6   9   9   6   5   3   7   1   5   3   7 
  4   1   3   7   9   9   6   2   9   2   7   2   8   9   7   6   6   6   7   5   5   3   2   8   5   0   6   3   2   3   9   6   1   3   4   3   1   8   1   3   5   8   1   2   5   5   6   3   4   3 
  8   7   3   8   8   7   5   6   9   8   8   2   6   1   9   6   8   5   5   3   5   8   9   9   8   9   0   3   1   4   8   1   5   9   3   8   3   6   4   5   7   8   1   7   6   9   8   2   1   1 
  8   8   4   6   3   3   4   3   1   7   1   9   7   6   3   6   6   1   4   3   5   2   1   7   5   2   9   0   7   5   7   5   7   8   4   9   8   3   5   2   4   9   2   3   1   8   1   5   3   6 
  9   2   4   1   2   9   4   7   7   5   3   4   2   8   4   3   8   5   6   5   6   1   8   3   5   6   2   2   0   9   1   2   9   9   2   3   1   6   3   1   3   7   9   6   4   8   1   1   5   4 
  9   2   4   3   1   1   9   8   7   8   4   5   5   5   6   9   5   7   7   2   2   2   1   6   2   8   4   2   4   0   4   6   1   2   1   7   3   5   6   2   4   9   7   1   2   3   1   7   5   5 
  6   5   6   3   8   6   3   4   6   5   9   1   2   4   4   6   7   4   2   3   7   1   9   4   3   7   6   3   8   7   0   5   2   5   5   9   3   3   7   5   3   6   2   9   3   3   2   9   3   8 
  3   5   2   3   9   5   3   3   7   2   7   2   5   4   6   1   3   8   2   1   3   4   8   4   9   3   4   2   5   6   7   0   5   3   7   3   6   2   8   6   3   8   5   9   9   1   6   7   5   5 
  8   2   7   7   1   9   5   9   2   5   1   4   7   3   5   6   8   3   1   4   1   5   8   7   1   6   8   2   6   3   3   2   0   6   6   2   6   9   4   9   8   7   9   9   6   5   6   7   2   4 
  5   6   2   1   5   4   2   2   7   3   2   8   3   2   1   8   1   6   9   2   5   5   8   8   6   5   1   1   6   4   3   3   7   0   8   3   6   5   5   6   1   7   4   2   1   8   5   4   3   4 
  3   8   2   6   5   9   2   4   5   6   8   7   9   8   7   8   1   1   6   6   2   4   3   2   4   4   9   1   1   9   7   6   8   8   0   7   2   7   8   1   6   4   1   8   8   5   2   4   1   3 
  9   5   6   6   5   2   6   1   9   8   1   4   9   3   7   2   7   3   1   4   1   2   3   7   9   9   9   2   8   5   1   3   6   1   1   0   5   3   3   2   8   6   3   3   8   3   3   3   7   2 
  3   8   2   8   8   3   9   9   6   4   5   4   9   4   8   6   6   6   7   3   7   8   4   6   9   5   3   7   1   6   9   6   1   5   1   4   0   8   9   1   7   1   3   4   9   7   1   5   6   3 
  3   1   8   2   3   4   4   5   5   7   2   4   8   7   4   2   2   5   3   5   8   4   8   8   3   8   4   1   2   8   3   2   7   9   4   6   6   0   7   3   2   3   7   5   1   7   8   2   9   8 
  5   3   7   2   4   6   8   9   8   8   1   8   4   4   2   4   2   7   3   9   7   7   9   9   8   6   9   1   5   5   9   1   3   1   1   1   4   9   0   8   8   6   7   3   2   5   6   2   3   3 
  6   9   4   4   6   6   3   3   2   4   2   2   3   5   3   7   5   2   1   9   8   3   8   7   1   7   1   5   1   8   2   3   1   2   9   4   4   4   7   0   1   6   5   6   6   2   5   2   7   1 
  9   4   3   3   8   5   9   9   8   6   8   9   8   2   5   6   1   7   2   8   8   6   9   9   5   7   6   4   2   5   2   4   5   4   2   9   4   1   2   8   0   1   5   3   8   7   8   7   7   7 
  6   6   8   5   4   9   5   6   3   4   9   1   9   7   2   5   1   9   6   3   9   1   7   5   8   6   1   8   8   2   8   8   2   2   3   8   5   3   8   5   1   0   8   4   8   3   3   1   1   2 
  6   4   2   2   2   6   2   2   5   1   7   2   4   2   2   8   4   8   6   1   1   4   8   7   6   8   8   6   5   6   6   2   5   7   5   6   3   7   6   2   8   1   0   4   2   7   5   4   1   4 
  4   7   3   3   9   7   4   1   2   3   6   6   3   8   5   4   5   8   2   9   2   1   1   6   5   3   5   9   8   5   6   9   6   8   9   6   1   8   6   5   6   2   1   0   1   9   5   7   5   7 
  7   2   4   8   9   1   7   6   5   9   3   4   4   5   4   7   9   5   9   1   7   1   6   7   3   6   7   3   1   4   4   3   5   4   2   1   3   6   6   4   8   1   8   6   0   7   7   4   8   2 
  1   2   9   5   4   8   1   6   7   6   3   8   6   9   3   3   3   6   8   9   4   1   7   4   4   3   6   2   2   2   2   4   8   2   2   1   1   1   1   9   4   6   8   2   3   0   7   1   7   1 
  5   7   6   1   9   7   6   6   5   6   1   4   6   2   8   8   2   3   3   3   5   3   9   5   7   9   3   9   5   3   9   9   4   1   8   2   9   1   4   1   5   8   1   3   7   4   0   5   1   7 
  9   8   9   1   5   5   1   7   3   7   5   1   4   7   7   5   2   1   6   7   9   3   2   2   5   7   5   5   1   9   9   4   8   8   6   1   3   8   8   4   9   4   4   8   3   4   7   0   5   3 
  1   9   3   1   3   9   4   9   8   8   4   1   3   1   3   7   6   4   1   9   6   5   5   2   3   2   1   7   1   6   7   3   6   5   1   8   6   6   2   4   5   1   6   9   6   4   9   4   0   1 
  2   9   3   5   4   9   2   6   4   6   9   1   7   2   1   7   5   5   2   1   9   3   9   5   7   2   8   9   4   1   4   8   8   3   4   3   3   5   6   7   2   9   9   3   4   4   7   5   5   0 
M4
  0   8   7   7   8   9   5   9   6   9   5   5   5   7   9   7   9   2   8   2   1   7   8   4   9   3   9   2   7   1   5   7   8   3   8   2   9   7   2   9   6   7   1   8   8   7   7   4   5   2 
  3   0   1   6   5   1   7   7   2   2   8   3   3   7   4   3   2   2   9   5   7   5   8   4   3   3   6   7   9   5   1   9   1   6   4   4   1   8   7   7   9   1   6   9   2   4   4   8   6   5 
  4   1   0   7   5   2   1   6   3   5   9   8   4   8   4   2   3   2   3   6   3   4   7   3   4   7   5   5   4   1   8   9   9   2   1   2   8   5   6   8   5   8   9   2   7   7   8   3   6   9 
  3   7   2   0   1   7   3   6   5   2   8   7   8   2   6   9   9   5   2   9   2   2   9   4   5   2   1   4   7   2   8   9   5   8   6   2   2   2   7   6   6   5   4   2   4   2   8   9   9   1 
  6   1   8   7   0   4   1   9   2   4   5   6   9   5   4   3   8   7   3   6   4   4   2   7   4   2   1   2   7   4   7   3   5   3   8   8   6   7   2   3   6   8   5   2   9   5   5   5   6   1 
  3   1   3   6   8   0   4   9   7   8   2   4   7   8   6   1   4   4   8   6   7   3   6   7   5   8   9   8   6   2   7   5   3   3   3   5   4   7   1   3   5   8   9   1   7   4   2   2   9   8 
  2   7   4   8   6   6   0   8   9   2   5   6   9   4   5   8   6   7   5   4   2   9   2   9   2   3   5   4   9   7   7   1   8   6   4   8   3   9   2   1   2   1   3   1   9   6   7   3   2   1 
  5   1   6   2   4   2   8   0   4   7   9   8   3   5   7   9   3   9   4   1   5   5   4   8   3   3   9   8   5   2   3   3   3   6   1   7   5   1   6   7   8   2   2   3   1   9   6   2   8   9 
  1   3   9   2   1   3   6   3   0   3   7   3   6   7   6   2   3   5   1   4   7   5   3   8   3   1   1   5   8   9   9   6   9   7   9   3   4   3   1   8   3   7   5   4   8   8   9   9   1   1 
  3   3   6   2   3   5   7   8   8   0   4   9   6   3   3   8   5   7   9   4   6   6   2   8   1   4   7   5   6   1   9   4   2   4   2   4   3   5   7   6   5   9   5   9   5   8   3   1   2   7 
  7   8   4   3   4   8   9   8   2   2   0   2   3   2   3   8   6   7   9   4   4   8   2   4   8   5   9   6   8   6   3   6   3   1   8   8   5   8   8   4   1   1   4   7   4   3   4   8   9   7 
  8   3   7   3   7   4   9   5   3   6   2   0   2   6   5   6   4   3   2   7   4   4   6   1   1   2   9   2   4   3   4   6   1   4   5   7   8   6   2   6   8   8   8   8   2   9   4   1   6   5 
  5   8   6   6   1   3   1   6   1   1   9   7   0   9   5   8   7   9   6   1   2   8   1   6   7   1   3   3   8   6   4   5   7   6   9   3   8   6   1   7   2   2   7   2   5   8   8   1   5   5 
  7   9   7   9   4   1   7   9   3   9   5   6   3   0   3   2   6   3   9   9   4   7   9   6   2   9   5   5   1   4   8   8   5   4   1   7   1   1   6   6   2   7   7   4   9   2   6   1   6   1 
  7   2   3   3   7   3   4   8   8   6   3   1   4   4   0   8   9   1   3   5   4   8   2   3   1   3   9   5   8   5   4   2   8   1   6   6   5   9   8   7   5   6   8   1   4   3   9   5   3   9 
  7   7   2   7   3   2   5   2   4   9   2   8   7   1   8   0   7   4   7   2   7   7   7   7   8   4   9   7   5   1   2   2   6   2   9   8   7   2   1   6   9   7   4   6   5   7   9   4   4   7 
  4   7   8   9   8   1   3   6   8   4   2   8   7   6   1   7   0   5   6   2   5   5   7   9   2   2   9   3   4   3   9   2   9   1   1   5   3   2   3   3   1   2   1   6   9   3   5   7   1   3 
  9   2   1   9   2   6   1   4   2   4   2   4   1   2   9   2   6   0   8   2   6   3   7   2   8   8   7   3   7   5   4   8   9   8   5   5   5   1   4   2   3   9   3   1   8   8   6   7   3   2 
  6   3   6   8   2   7   4   4   4   6   5   4   6   2   7   2   7   4   0   5   1   6   5   7   3   9   3   2   7   4   8   3   8   5   6   5   4   6   5   4   7   7   9   9   1   7   9   1   9   1 
  2   8   2   6   2   1   4   1   1   8   1   2   5   8   2   3   6   1   3   0   1   4   1   5   5   3   4   4   5   9   4   2   5   5   1   2   7   2   8   6   8   8   1   6   3   1   5   8   3   7 
  1   9   8   2   8   5   3   6   3   4   2   6   6   4   6   5   7   2   2   6   0   4   9   2   2   4   7   1   9   9   6   6   2   6   4   3   2   9   3   5   6   1   8   7   3   6   8   3   2   9 
  3   9   1   1   6   3   5   7   9   5   5   4   6   7   4   7   3   1   8   9   7   0   6   8   4   2   3   2   8   4   8   6   2   3   1   9   8   2   3   8   7   9   9   2   1   6   8   1   2   4 
  1   3   3   8   2   3   5   6   8   4   4   5   1   4   6   5   5   4   1   6   1   2   0   8   2   9   7   8   9   5   9   2   6   7   7   6   4   4   7   7   8   1   9   8   9   7   9   7   5   8 
  9   1   8   3   2   6   7   3   5   8   2   3   1   5   2   3   4   1   7   8   3   6   6   0   1   2   7   6   3   5   6   6   6   9   5   6   2   5   2   4   7   5   7   8   8   3   4   6   2   9 
  7   8   7   8   1   1   4   7   2   7   8   1   8   5   4   4   1   5   8   4   9   9   8   5   0   6   4   5   2   9   9   3   4   9   2   1   2   4   5   6   9   9   6   5   3   7   1   5   3   7 
  4   1   3   7   9   9   6   2   9   2   7   2   8   9   7   6   6   6   7   5   5   3   2   8   5   0   6   3   2   3   9   6   1   3   4   3   1   8   1   3   5   8   1   2   5   5   6   3   4   3 
  8   7   3   8   8   7   5   6   9   8   8   2   6   1   9   6   8   5   5   3   5   8   9   9   8   9   0   3   1   4   8   1   5   9   3   8   3   6   4   5   7   8   1   7   6   9   8   2   1   1 
  8   8   4   6   3   3   4   3   1   7   1   9   7   6   3   6   6   1   4   3   5   2   1   7   5   2   9   0   7   5   7   5   7   8   4   9   8   3   5   2   4   9   2   3   1   8   1   5   3   6 
  9   2   4   1   2   9   4   7   7   5   3   4   2   8   4   3   8   5   6   5   6   1   8   3   5   6   2   2   0   9   1   2   9   9   2   3   1   6   3   1   3   7   9   6   4   8   1   1   5   4 
  9   2   4   3   1   1   9   8   7   8   4   5   5   5   6   9   5   7   7   2   2   2   1   6   2   8   4   2   4   0   4   6   1   2   1   7   3   5   6   2   4   9   7   1   2   3   1   7   5   5 
  6   5   6   3   8   6   3   4   6   5   9   1   2   4   4   6   7   4   2   3   7   1   9   4   3   7   6   3   8   7   0   5   2   5   5   9   3   3   7   5   3   6   2   9   3   3   2   9   3   8 
  3   5   2   3   9   5   3   3   7   2   7   2   5   4   6   1   3   8   2   1   3   4   8   4   9   3   4   2   5   6   7   0   5   3   7   3   6   2   8   6   3   8   5   9   9   1   6   7   5   5 
  8   2   7   7   1   9   5   9   2   5   1   4   7   3   5   6   8   3   1   4   1   5   8   7   1   6   8   2   6   3   3   2   0   6   6   2   6   9   4   9   8   7   9   9   6   5   6   7   2   4 
  5   6   2   1   5   4   2   2   7   3   2   8   3   2   1   8   1   6   9   2   5   5   8   8   6   5   1   1   6   4   3   3   7   0   8   3   6   5   5   6   1   7   4   2   1   8   5   4   3   4 
  3   8   2   6   5   9   2   4   5   6   8   7   9   8   7   8   1   1   6   6   2   4   3   2   4   4   9   1   1   9   7   6   8   8   0   7   2   7   8   1   6   4   1   8   8   5   2   4   1   3 
  9   5   6   6   5   2   6   1   9   8   1   4   9   3   7   2   7   3   1   4   1   2   3   7   9   9   9   2   8   5   1   3   6   1   1   0   5   3   3   2   8   6   3   3   8   3   3   3   7   2 
  3   8   2   8   8   3   9   9   6   4   5   4   9   4   8   6   6   6   7   3   7   8   4   6   9   5   3   7   1   6   9   6   1   5   1   4   0   8   9   1   7   1   3   4   9   7   1   5   6   3 
  3   1   8   2   3   4   4   5   5   7   2   4   8   7   4   2   2   5   3   5   8   4   8   8   3   8   4   1   2   8   3   2   7   9   4   6   6   0   7   3   2   3   7   5   1   7   8   2   9   8 
  5   3   7   2   4   6   8   9   8   8   1   8   4   4   2   4   2   7   3   9   7   7   9   9   8   6   9   1   5   5   9   1   3   1   1   1   4   9   0   8   8   6   7   3   2   5   6   2   3   3 
  6   9   4   4   6   6   3   3   2   4   2   2   3   5   3   7   5   2   1   9   8   3   8   7   1   7   1   5   1   8   2   3   1   2   9   4   4   4   7   0   1   6   5   6   6   2   5   2   7   1 
  9   4   3   3   8   5   9   9   8   6   8   9   8   2   5   6   1   7   2   8   8   6   9   9   5   7   6   4   2   5   2   4   5   4   2   9   4   1   2   8   0   1   5   3   8   7   8   7   7   7 
  6   6   8   5   4   9   5   6   3   4   9   1   9   7   2   5   1   9   6   3   9   1   7   5   8   6   1   8   8   2   8   8   2   2   3   8   5   3   8   5   1   0   8   4   8   3   3   1   1   2 
  6   4   2   2   2   6   2   2   5   1   7   2   4   2   2   8   4   8   6   1   1   4   8   7   6   8   8   6   5   6   6   2   5   7   5   6   3   7   6   2   8   1   0   4   2   7   5   4   1   4 
  4   7   3   3   9   7   4   1   2   3   6   6   3   8   5   4   5   8   2   9   2   1   1   6   5   3   5   9   8   5   6   9   6   8   9   6   1   8   6   5   6   2   1   0   1   9   5   7   5   7 
  7   2   4   8   9   1   7   6   5   9   3   4   4   5   4   7   9   5   9   1   7   1   6   7   3   6   7   3   1   4   4   3   5   4   2   1   3   6   6   4   8   1   8   6   0   7   7   4   8   2 
  1   2   9   5   4   8   1   6   7   6   3   8   6   9   3   3   3   6   8   9   4   1   7   4   4   3   6   2   2   2   2   4   8   2   2   1   1   1   1   9   4   6   8   2   3   0   7   1   7   1 
  5   7   6   1   9   7   6   6   5   6   1   4   6   2   8   8   2   3   3   3   5   3   9   5   7   9   3   9   5   3   9   9   4   1   8   2   9   1   4   1   5   8   1   3   7   4   0   5   1   7 
  9   8   9   1   5   5   1   7   3   7   5   1   4   7   7   5   2   1   6   7   9   3   2   2   5   7   5   5   1   9   9   4   8   8   6   1   3   8   8   4   9   4   4   8   3   4   7   0   5   3 
  1   9   3   1   3   9   4   9   8   8   4   1   3   1   3   7   6   4   1   9   6   5   5   2   3   2   1   7   1   6   7   3   6   5   1   8   6   6   2   4   5   1   6   9   6   4   9   4   0   1 
  2   9   3   5   4   9   2   6   4   6   9   1   7   2   1   7   5   5   2   1   9   3   9   5   7   2   8   9   4   1   4   8   8   3   4   3   3   5   6   7   2   9   9   3   4   4   7   5   5   0 
Reldue
 1086    5    1
  359    3    7
 1381    1    1
  479    9    7
  852    8    8
  301    7    4
  327    8    6
  511    1    8
  680    6    7
  540    6    3
  361    6    6
  764    4    2
  394    6    8
  572    4    7
  540    5    8
  364    7    8
  473    3    6
  970    1    7
  662    9    5
  272    1    4
  690    5    5
 1016    1    7
  864    9    1
  724    2    9
  539    6    5
  416    7    6
 1117    9    5
  572    7    9
  673    2    3
  465    7    6
  824    8    2
  973    6    5
  264    1    8
  442    5    8
  936    7    4
  679    8    9
  932    8    2
  589    1    8
 1158    8    7
 1203    6    5
  604    5    1
  815    8    8
  673    4    6
  459    5    2
  634    4    8
 1097    2    5
  717    3    7
  312    9    3
  558    7    8
 1028    2    7
DDW
  981  1192
  339   379
 1267  1495
  445   514
  774   931
  284   318
  300   355
  463   559
  642   718
  486   594
  328   393
  713   815
  371   418
  521   623
  491   590
  330   398
  428   517
  912  1029
  608   716
  256   289
  641   739
  936  1096
  786   943
  671   777
  503   574
  375   456
 1046  1189
  520   623
  623   722
  440   490
  755   894
  888  1059
  244   285
  414   470
  882   990
  638   720
  851  1013
  556   621
 1076  1241
 1113  1293
  560   649
  746   884
  636   710
  422   495
  602   666
 1009  1185
  665   769
  286   337
  513   604
  970  1087
